# target=instancias/bach.png T=240 iters=5000 K=32 seed=auto
iter	segundos	MSE
0	0.00189408	20190.2
1	0.0182474	20133.2
2	0.0342083	20132.8
3	0.0506438	20102.9
4	0.0672236	19983
5	0.0837817	19926.1
6	0.100176	19807.1
7	0.116346	19771.3
8	0.132853	19734.7
9	0.149359	19637.8
10	0.165912	19625.1
11	0.182404	19624.8
12	0.198742	19623.1
13	0.215258	19525.3
14	0.233169	19421.4
15	0.257949	19388.9
16	0.278042	19361.1
17	0.299313	19353.6
18	0.316555	19300.2
19	0.333642	19279.3
20	0.35025	19279.1
21	0.366872	19244.4
22	0.383421	19238.4
23	0.401007	19228
24	0.419666	19161.5
25	0.43772	19058.8
26	0.455825	19003.6
27	0.473158	18996.5
28	0.490222	18989.1
29	0.507092	18977.3
30	0.524425	18870.8
31	0.541565	18744.6
32	0.559059	18650.1
33	0.577453	18627.4
34	0.595025	18611.7
35	0.612859	18611.6
36	0.631379	18566.5
37	0.649444	18434
38	0.667469	18358.1
39	0.684676	18350.7
40	0.70203	18339.6
41	0.719947	18167.2
42	0.738417	18055.1
43	0.756054	18042.6
44	0.774144	18006.1
45	0.791731	17967.2
46	0.809555	17962.4
47	0.82756	17944.7
48	0.846031	17919.8
49	0.864575	17872.6
50	0.881865	17833.4
51	0.899206	17814.3
52	0.916731	17594.4
53	0.934653	17544.5
54	0.952341	17406.1
55	0.970203	17384.7
56	0.988336	17347.3
57	1.00702	17264.8
58	1.02533	17200.9
59	1.04397	17171.1
60	1.06295	17169.1
61	1.08121	17150.4
62	1.10048	17149.3
63	1.12089	17123
64	1.14031	17105.1
65	1.15835	17103
66	1.17652	17084.2
67	1.19439	17067
68	1.21327	17059.1
69	1.23192	17045.3
70	1.25074	17038.6
71	1.26972	17018.2
72	1.28971	16962.3
73	1.31171	16908.7
74	1.33196	16893.9
75	1.35276	16881.2
76	1.38129	16879
77	1.41477	16845.7
78	1.43704	16839.9
79	1.45565	16772.3
80	1.47414	16693.9
81	1.49435	16654.1
82	1.51271	16625.2
83	1.53341	16472.9
84	1.55336	16353.9
85	1.57442	16318.7
86	1.59333	16314.7
87	1.61195	16263.9
88	1.63104	16245.8
89	1.65065	16208.1
90	1.66997	16191.3
91	1.68906	16169.5
92	1.70813	16127.9
93	1.7272	16084.2
94	1.7468	15965.1
95	1.7659	15918.8
96	1.78545	15899.2
97	1.80514	15893.2
98	1.8248	15756.9
99	1.84354	15743.3
100	1.86292	15685.5
101	1.88336	15622.1
102	1.90343	15621.2
103	1.92258	15605.6
104	1.94182	15601.2
105	1.96188	15318.8
106	1.98193	15317.2
107	2.00187	15292.7
108	2.02106	15256
109	2.04034	15169
110	2.05993	15033.4
111	2.08018	15031.5
112	2.09926	15017.1
113	2.11898	15002
114	2.13854	14949.3
115	2.1579	14879.7
116	2.17734	14841
117	2.19686	14836.5
118	2.21647	14743.5
119	2.23642	14704.1
120	2.25632	14693.3
121	2.27741	14691.7
122	2.29719	14640.8
123	2.31669	14638.6
124	2.33703	14627.9
125	2.35741	14621.8
126	2.37741	14529.7
127	2.39705	14469.2
128	2.41676	14360.4
129	2.43721	14350.6
130	2.45764	14349.4
131	2.47797	14289
132	2.4979	14204.8
133	2.51906	14204.7
134	2.53932	14116.3
135	2.56009	14115.9
136	2.58061	14092
137	2.60217	14063.2
138	2.625	14044.8
139	2.64618	13981
140	2.66719	13953
141	2.68792	13937.3
142	2.70861	13917.9
143	2.72891	13796.5
144	2.74882	13787.3
145	2.76942	13782.2
146	2.7899	13782
147	2.81039	13766.8
148	2.83105	13741.4
149	2.85105	13737.3
150	2.87228	13730.4
151	2.89367	13729.1
152	2.91408	13699.9
153	2.93607	13677.6
154	2.95686	13650.7
155	2.9775	13590.2
156	2.99855	13590.1
157	3.01902	13505.8
158	3.03989	13492.9
159	3.06058	13474.3
160	3.08153	13466
161	3.1026	13430
162	3.12337	13390
163	3.14527	13229.2
164	3.16585	13197.7
165	3.18686	13168.1
166	3.20836	13164.5
167	3.22949	13137.4
168	3.25008	13077.1
169	3.27127	13076.7
170	3.29241	13056.3
171	3.31772	13053.3
172	3.34041	13052
173	3.36215	13023.1
174	3.38296	13021.5
175	3.40388	12950.3
176	3.4256	12832.9
177	3.4468	12818.5
178	3.46773	12813.1
179	3.48917	12770.9
180	3.51288	12710.2
181	3.53984	12696.5
182	3.56181	12664.7
183	3.58352	12603.8
184	3.60487	12596
185	3.62779	12528.3
186	3.64895	12502.6
187	3.67019	12500.1
188	3.69264	12494.8
189	3.71379	12475.9
190	3.73485	12445.2
191	3.75621	12440
192	3.77792	12418.7
193	3.79948	12417.8
194	3.82079	12417.7
195	3.84218	12337.3
196	3.86443	12322.3
197	3.8859	12242.5
198	3.90746	12230.4
199	3.93	12227.1
200	3.95143	12185.1
201	3.97335	12164.9
202	3.99586	12156
203	4.01735	12076.4
204	4.04247	12068.4
205	4.06934	12042.8
206	4.10027	12011.6
207	4.14273	11928.8
208	4.1909	11799
209	4.22191	11753.1
210	4.24755	11751.4
211	4.27202	11744.9
212	4.29501	11724.9
213	4.3173	11694.7
214	4.34009	11681
215	4.36177	11677.3
216	4.38529	11585.7
217	4.40831	11585.5
218	4.43182	11580.8
219	4.45397	11573
220	4.47701	11565.6
221	4.49959	11517.4
222	4.52538	11507.4
223	4.54793	11424.4
224	4.57002	11353.1
225	4.59491	11352.2
226	4.61832	11339
227	4.64085	11329
228	4.66444	11318.4
229	4.6874	11317.8
230	4.71073	11306.2
231	4.73437	11280.1
232	4.75669	11279.8
233	4.78213	11258
234	4.80877	11226.7
235	4.83394	11206.7
236	4.85664	11144.7
237	4.87991	11106.4
238	4.90259	10985.2
239	4.92624	10975.6
240	4.95199	10905.5
241	4.97518	10845.8
242	4.99828	10842.9
243	5.02071	10796.6
244	5.04358	10696.7
245	5.0671	10661.3
246	5.09039	10554.8
247	5.11471	10554.1
248	5.13855	10538.2
249	5.16243	10440.8
250	5.18611	10435
251	5.20972	10433.1
252	5.23443	10430.9
253	5.25796	10391.1
254	5.28174	10242.4
255	5.3055	10241.7
256	5.32881	10233
257	5.35213	10228.3
258	5.37538	10206.6
259	5.39903	10149
260	5.42232	10148.7
261	5.44558	10137.8
262	5.46997	10132.2
263	5.49401	10131.5
264	5.51732	10089.9
265	5.54138	10041.1
266	5.56644	10041.1
267	5.59005	10030.2
268	5.61334	9988.77
269	5.63706	9960.31
270	5.66012	9906
271	5.68383	9798.3
272	5.70756	9779.09
273	5.73121	9767.42
274	5.75505	9757.1
275	5.77862	9756.44
276	5.80244	9753.14
277	5.82594	9677.39
278	5.84967	9606.05
279	5.87311	9591.84
280	5.89718	9591.26
281	5.92101	9465.86
282	5.9445	9463.93
283	5.9684	9461.11
284	5.9923	9450.01
285	6.01615	9413.18
286	6.04027	9399.14
287	6.06922	9353.74
288	6.10249	9315.9
289	6.12708	9243.97
290	6.15151	9237.39
291	6.17588	9229.59
292	6.19965	9212.29
293	6.22462	9202.57
294	6.24869	9183.4
295	6.27302	9170.98
296	6.29743	9170.14
297	6.32128	9155.92
298	6.34503	9090.05
299	6.36943	9078.33
300	6.39426	9078.09
301	6.41811	9075.9
302	6.44246	9075.74
303	6.46642	9053.76
304	6.49004	9026.59
305	6.51326	9025.77
306	6.53671	9018.84
307	6.56039	8990.28
308	6.58429	8983.77
309	6.608	8972.77
310	6.63214	8970.81
311	6.65571	8966.28
312	6.67968	8953.09
313	6.70454	8921.88
314	6.72823	8920.79
315	6.75285	8908.9
316	6.77714	8904.23
317	6.80138	8858.22
318	6.825	8848.38
319	6.84879	8827.79
320	6.87274	8750.01
321	6.90422	8739.11
322	6.93119	8738.05
323	6.95641	8721.85
324	6.98164	8678.89
325	7.0065	8613.44
326	7.03129	8612.66
327	7.05498	8595.74
328	7.07943	8594.77
329	7.10366	8580.5
330	7.12776	8577.86
331	7.15301	8552.48
332	7.17746	8529.82
333	7.20131	8508.89
334	7.2254	8420.23
335	7.24931	8400.83
336	7.27396	8399.76
337	7.29839	8396
338	7.32292	8324.39
339	7.3472	8304.19
340	7.37149	8123.34
341	7.39613	8069.1
342	7.42101	8066.89
343	7.44612	8063.9
344	7.47067	8063.59
345	7.49563	8018.57
346	7.52075	8018.24
347	7.54543	8009.29
348	7.57024	8003.47
349	7.5957	7962.26
350	7.621	7942.9
351	7.64556	7942.41
352	7.6709	7940.7
353	7.69542	7924.38
354	7.72047	7905.75
355	7.74537	7859.35
356	7.77105	7841.32
357	7.79637	7839.67
358	7.82114	7798.71
359	7.846	7787.52
360	7.87212	7773.08
361	7.897	7772.34
362	7.92191	7730.2
363	7.9489	7727.8
364	7.9744	7718.99
365	7.99917	7718.79
366	8.02407	7714.88
367	8.04982	7652.73
368	8.07511	7629.04
369	8.10104	7613.21
370	8.12648	7603.29
371	8.1527	7553.07
372	8.17893	7531.68
373	8.20399	7531.35
374	8.22925	7453.84
375	8.25479	7453.2
376	8.2809	7440.31
377	8.30668	7428.7
378	8.33182	7379.61
379	8.35716	7357
380	8.38315	7354.65
381	8.40859	7341.21
382	8.43433	7325.01
383	8.46024	7277.65
384	8.48592	7277.05
385	8.51296	7272.68
386	8.53934	7270.12
387	8.56563	7268.32
388	8.59111	7258.26
389	8.61651	7257.92
390	8.64219	7257.58
391	8.66788	7257.41
392	8.69466	7254.2
393	8.72062	7238.42
394	8.74622	7236.71
395	8.77239	7236.7
396	8.7983	7216.83
397	8.82506	7171.52
398	8.85175	7167.64
399	8.87892	7158.49
400	8.90511	7155.69
401	8.93192	7142.28
402	8.95923	7105.93
403	8.98562	7074.22
404	9.0119	7068.62
405	9.03909	7033.79
406	9.07215	7032.51
407	9.10123	7013.74
408	9.13843	6972.14
409	9.16876	6949.49
410	9.19696	6938.59
411	9.22428	6935.64
412	9.2512	6935.53
413	9.27768	6933.43
414	9.30476	6932.69
415	9.33356	6925.36
416	9.36076	6892.45
417	9.38736	6885.03
418	9.41534	6883.84
419	9.44233	6843.58
420	9.46966	6821.36
421	9.49694	6818.54
422	9.52426	6818.45
423	9.55312	6805.78
424	9.58051	6805.75
425	9.60713	6771.05
426	9.63507	6737.02
427	9.66181	6734.01
428	9.68948	6733.03
429	9.71672	6709.53
430	9.74362	6689.14
431	9.77029	6674.29
432	9.7972	6664.75
433	9.82349	6664.52
434	9.85002	6664.41
435	9.87661	6577.12
436	9.90326	6576.74
437	9.93018	6566.99
438	9.95756	6550.35
439	9.98406	6548.62
440	10.011	6544.27
441	10.0381	6543.35
442	10.0709	6542.11
443	10.1005	6525.2
444	10.1349	6518.61
445	10.1632	6507.43
446	10.1907	6489.17
447	10.2186	6438.33
448	10.2456	6282.29
449	10.2733	6254.45
450	10.3012	6250.72
451	10.3287	6237.77
452	10.3556	6180.97
453	10.3831	6177.65
454	10.4103	6158.69
455	10.4372	6158.4
456	10.4645	6079.43
457	10.4916	6078.02
458	10.5182	6058.58
459	10.5456	6040.09
460	10.5737	6011.68
461	10.6013	5986.29
462	10.629	5985.45
463	10.6561	5984.37
464	10.6836	5955.45
465	10.7108	5954.83
466	10.7385	5939.8
467	10.7656	5939.53
468	10.7933	5923.99
469	10.8213	5923.89
470	10.8485	5918.27
471	10.8769	5890.89
472	10.9046	5890.79
473	10.9323	5888.32
474	10.9603	5871.78
475	10.989	5864.88
476	11.0164	5787.35
477	11.044	5787.18
478	11.0717	5768.5
479	11.0993	5758.44
480	11.1278	5701.1
481	11.1558	5634.77
482	11.1834	5633.86
483	11.2109	5614.43
484	11.2391	5581.45
485	11.2668	5575.39
486	11.2952	5537.14
487	11.3244	5534.47
488	11.3546	5522.9
489	11.3823	5521.58
490	11.4099	5514.98
491	11.4392	5513.16
492	11.4706	5513.09
493	11.4984	5508.47
494	11.5265	5449.15
495	11.5547	5448.9
496	11.5841	5448.06
497	11.6124	5442.53
498	11.6408	5440.05
499	11.6691	5360.29
500	11.6967	5360.22
501	11.7245	5297.86
502	11.7539	5296.26
503	11.7821	5296.25
504	11.8103	5278.77
505	11.8392	5255.39
506	11.8681	5255.37
507	11.8956	5248
508	11.9234	5216.11
509	11.9528	5189.69
510	11.9812	5138.47
511	12.0101	5035.47
512	12.0384	5034.84
513	12.0672	5031.35
514	12.0961	5029.81
515	12.1252	5009.82
516	12.1552	5009.41
517	12.1838	4987.88
518	12.2119	4985.44
519	12.2404	4977.4
520	12.2698	4976.84
521	12.298	4934.69
522	12.326	4934.44
523	12.3541	4932.26
524	12.3829	4920.77
525	12.4109	4888.01
526	12.4391	4860.71
527	12.4681	4844.19
528	12.4967	4843.17
529	12.5255	4797.77
530	12.5545	4787.19
531	12.5831	4780
532	12.612	4710.55
533	12.6414	4710.27
534	12.6703	4706.48
535	12.6995	4692.93
536	12.7284	4692.59
537	12.7579	4676.22
538	12.7876	4653.22
539	12.8171	4653.06
540	12.8457	4653.03
541	12.8744	4649.44
542	12.9035	4648.48
543	12.933	4638.43
544	12.9623	4636.12
545	12.9911	4635.56
546	13.0209	4635.5
547	13.0496	4612.72
548	13.0791	4608.32
549	13.1093	4607.82
550	13.1385	4607.55
551	13.1681	4605.61
552	13.1971	4595.43
553	13.227	4574.3
554	13.256	4572.47
555	13.2854	4551.32
556	13.3149	4550.43
557	13.3454	4483.18
558	13.3752	4480.48
559	13.4042	4472.21
560	13.4338	4412.91
561	13.4649	4393.56
562	13.4962	4393.51
563	13.5295	4378.15
564	13.5649	4318.66
565	13.6032	4303.38
566	13.6329	4301.52
567	13.6633	4281.82
568	13.6948	4281.81
569	13.7245	4279.02
570	13.754	4275.44
571	13.785	4256.57
572	13.8194	4253.71
573	13.8512	4248.58
574	13.8847	4226.21
575	13.9141	4225.06
576	13.9444	4223.28
577	13.9741	4216.36
578	14.0037	4201.65
579	14.0329	4182.37
580	14.0627	4164.79
581	14.0924	4160.32
582	14.1233	4158.35
583	14.1533	4155.67
584	14.1913	4154.77
585	14.2427	4145.12
586	14.2815	4144.88
587	14.3275	4144.11
588	14.3622	4122.2
589	14.3996	4110.14
590	14.4311	4085.96
591	14.461	4085.54
592	14.4938	4084.57
593	14.5632	4071.06
594	14.6315	4039.56
595	14.6892	3997.05
596	14.7289	3990.56
597	14.7606	3989.42
598	14.7902	3958.5
599	14.8201	3954.87
600	14.8502	3934.25
601	14.8805	3932.47
602	14.9106	3928.81
603	14.9418	3928.37
604	14.9738	3924.86
605	15.0065	3924.84
606	15.0377	3903.33
607	15.0691	3889.42
608	15.1007	3843.81
609	15.1316	3843.28
610	15.1636	3825.93
611	15.1941	3825.06
612	15.2254	3820.93
613	15.2564	3820.92
614	15.2865	3794.52
615	15.3169	3794.45
616	15.3488	3794.45
617	15.3832	3786.96
618	15.4217	3775.46
619	15.4538	3769.15
620	15.4912	3764.37
621	15.5283	3758.8
622	15.5652	3754.61
623	15.5956	3743.49
624	15.6281	3740.94
625	15.6612	3738.48
626	15.6931	3736.57
627	15.7267	3731.58
628	15.7585	3728.02
629	15.7906	3719.1
630	15.8217	3718.52
631	15.8531	3717.8
632	15.8845	3715.18
633	15.9154	3699.95
634	15.9467	3699.16
635	15.9779	3696.12
636	16.0095	3662.81
637	16.0411	3654.95
638	16.0724	3651.79
639	16.1044	3648.52
640	16.1351	3641.63
641	16.1661	3641.15
642	16.1966	3636.07
643	16.2275	3629.7
644	16.2586	3621.44
645	16.2908	3608.11
646	16.3223	3607.85
647	16.3541	3604.83
648	16.3849	3595.29
649	16.4163	3580.71
650	16.4469	3576.68
651	16.4784	3576.19
652	16.5091	3576.11
653	16.54	3555.08
654	16.571	3554.87
655	16.6019	3552.52
656	16.6332	3507.6
657	16.6645	3505.12
658	16.6956	3503.65
659	16.7275	3494.15
660	16.7593	3451.25
661	16.7909	3450.84
662	16.8219	3450.69
663	16.854	3443.15
664	16.8856	3441.72
665	16.9172	3440.25
666	16.9487	3437.22
667	16.9803	3436.43
668	17.012	3435.16
669	17.0439	3409.08
670	17.076	3397.22
671	17.1076	3396.67
672	17.1393	3393.38
673	17.1705	3388.89
674	17.2018	3388.76
675	17.2341	3381.01
676	17.2655	3378.38
677	17.2973	3343.47
678	17.3292	3337.77
679	17.3627	3335
680	17.3943	3335
681	17.4269	3334.97
682	17.4599	3334.81
683	17.4925	3320.15
684	17.5261	3318.6
685	17.5582	3316.53
686	17.5904	3309.62
687	17.6241	3307.87
688	17.6567	3231.62
689	17.6888	3219.78
690	17.7222	3215.67
691	17.7552	3209.66
692	17.7886	3208.43
693	17.8212	3203.71
694	17.8546	3196.52
695	17.8899	3195.96
696	17.9252	3154.68
697	17.9574	3154.68
698	17.99	3151.4
699	18.0221	3146.67
700	18.0554	3136.99
701	18.0883	3133.19
702	18.1209	3131.47
703	18.1526	3127.99
704	18.1851	3125.14
705	18.2175	3124.88
706	18.2497	3119.67
707	18.2827	3119.37
708	18.3152	3106.52
709	18.3474	3106.13
710	18.3797	3103.05
711	18.4133	3091.87
712	18.4466	3091.84
713	18.4804	3088.09
714	18.5138	3076.69
715	18.5478	3070.48
716	18.5923	3069.71
717	18.653	3069.66
718	18.6935	3064.63
719	18.728	3060.85
720	18.7607	3021.16
721	18.7965	2954.8
722	18.8315	2954.77
723	18.8657	2953.77
724	18.8984	2931.1
725	18.9306	2929.43
726	18.9637	2920.56
727	18.9971	2920.56
728	19.0301	2918.55
729	19.064	2917.12
730	19.0973	2914.65
731	19.13	2913.77
732	19.1645	2912.24
733	19.1973	2909.93
734	19.2305	2901.08
735	19.2643	2900.56
736	19.2985	2897.89
737	19.331	2891.12
738	19.3644	2886.73
739	19.3992	2878.21
740	19.4328	2878.12
741	19.4658	2873.62
742	19.5001	2873.49
743	19.5325	2873.19
744	19.5655	2867.24
745	19.5989	2863.45
746	19.633	2863.06
747	19.6664	2861.55
748	19.7026	2834.08
749	19.7396	2831.81
750	19.7794	2826.94
751	19.8121	2760.91
752	19.8451	2759.31
753	19.8786	2758.05
754	19.9127	2756.43
755	19.9461	2755.59
756	19.9796	2755.46
757	20.0134	2752.75
758	20.0574	2747.85
759	20.1006	2747.58
760	20.1377	2746.64
761	20.1712	2745.37
762	20.2043	2744.49
763	20.239	2744.01
764	20.2735	2739.06
765	20.3074	2734.46
766	20.3405	2732.01
767	20.3738	2711.9
768	20.4081	2711.86
769	20.442	2675.36
770	20.4753	2668.96
771	20.5085	2666.63
772	20.5418	2665.15
773	20.5751	2664.94
774	20.6091	2662.81
775	20.6428	2657.3
776	20.6763	2653.55
777	20.7104	2651.45
778	20.7441	2642.85
779	20.7775	2642.85
780	20.8114	2642.74
781	20.8455	2639.67
782	20.8795	2638.61
783	20.9129	2634.21
784	20.9461	2633.14
785	20.9799	2632.97
786	21.0136	2632.87
787	21.0476	2631.95
788	21.0814	2631.45
789	21.1341	2631.06
790	21.1936	2631.03
791	21.231	2630.93
793	21.301	2627.86
794	21.3347	2619.18
795	21.3698	2617.32
796	21.4043	2612.31
797	21.4377	2607.34
798	21.4718	2600.82
799	21.506	2598.8
800	21.5393	2597.98
801	21.5738	2577.52
802	21.6077	2577.31
803	21.6417	2569.86
804	21.6768	2529.95
805	21.712	2528.5
806	21.746	2528.45
807	21.78	2522.9
808	21.8146	2522.62
809	21.8487	2521.24
810	21.8831	2521.2
811	21.9185	2517.87
812	21.9532	2516.38
813	21.9882	2513.96
814	22.0223	2510.54
815	22.0571	2508.61
816	22.0917	2507.09
817	22.1263	2501.81
818	22.1603	2500.49
819	22.1958	2499.18
820	22.2305	2490.86
821	22.2653	2488.99
822	22.3021	2487.53
823	22.3382	2483.78
824	22.374	2483.55
825	22.4086	2480.57
826	22.4439	2480.31
827	22.4784	2479.88
828	22.5133	2470.9
829	22.5483	2462.95
830	22.5837	2448.53
831	22.6191	2448.46
832	22.6547	2448.21
833	22.6947	2446.58
834	22.7296	2445.39
835	22.7645	2407.71
836	22.799	2407.03
837	22.8345	2406.96
838	22.8699	2391.89
839	22.905	2390.97
840	22.94	2390.8
841	22.9751	2390.18
842	23.0099	2386.18
843	23.0465	2386.1
844	23.0819	2384.52
845	23.1181	2384.38
846	23.1532	2383.37
847	23.1885	2382.96
848	23.2253	2368.9
849	23.2614	2368.61
850	23.2972	2359.59
851	23.3324	2356.11
852	23.3685	2351.04
853	23.404	2350.95
854	23.4388	2321.87
855	23.4741	2321.82
856	23.5102	2321.53
857	23.5452	2320.94
858	23.5817	2315.08
859	23.6171	2314.61
860	23.6526	2313.64
861	23.6893	2311.51
862	23.7246	2310.46
863	23.76	2308.97
864	23.7959	2308.79
865	23.831	2308.54
866	23.8665	2305.72
867	23.9014	2298.92
868	23.9367	2289.69
869	23.9723	2277.74
870	24.0085	2277.38
871	24.0449	2275.68
872	24.0812	2273.84
873	24.1163	2265.62
874	24.1521	2262.75
875	24.1887	2262.72
876	24.2245	2225.1
877	24.2598	2213.64
878	24.2957	2211.41
880	24.3673	2210.85
882	24.4399	2210.32
883	24.4769	2205.89
884	24.5135	2204.02
885	24.5499	2195.6
886	24.5867	2195.34
887	24.6222	2192.25
888	24.6601	2180.73
889	24.6959	2180.08
890	24.7321	2176.63
891	24.7681	2176.19
892	24.8044	2175.97
893	24.8412	2174.96
894	24.8776	2174.88
895	24.9132	2173.3
896	24.9494	2169.63
897	24.9851	2169.51
898	25.021	2169.1
899	25.057	2161.44
900	25.0928	2138.12
901	25.1288	2138.09
902	25.1649	2138.01
903	25.2013	2136.65
904	25.2379	2136.65
905	25.2748	2135.23
906	25.311	2130.03
907	25.3466	2128.27
908	25.3827	2127.05
909	25.4186	2125.46
910	25.4548	2120.67
911	25.4907	2118.75
912	25.5269	2118.65
913	25.5625	2118.15
914	25.6006	2118.14
915	25.6371	2117.91
916	25.6733	2117.13
917	25.7094	2115.58
918	25.7451	2112.85
919	25.7812	2111.07
920	25.8178	2109.89
921	25.8535	2109.21
922	25.89	2108.36
923	25.9266	2103.87
924	25.9627	2103.57
926	26.0354	2102.84
927	26.0712	2075.21
928	26.1077	2004.32
929	26.1448	2003.72
930	26.1818	2002.57
931	26.2183	1992.58
932	26.2557	1990.3
933	26.2918	1990.03
934	26.3285	1989.7
935	26.3651	1989.54
936	26.4012	1963.5
937	26.4377	1963.48
938	26.4743	1958.59
939	26.5104	1950.84
940	26.5473	1949.45
941	26.584	1948.4
942	26.62	1948.3
943	26.658	1947.37
944	26.6956	1944.33
945	26.7326	1944.08
946	26.7691	1941.08
947	26.8059	1940.57
948	26.8422	1939.68
949	26.8787	1939.56
950	26.9151	1938.05
951	26.9521	1936.83
952	26.9891	1936.58
953	27.0261	1930.53
954	27.0647	1926.64
955	27.1023	1921.81
956	27.1412	1921.4
957	27.1786	1920.87
958	27.2162	1915.97
959	27.253	1912.71
960	27.2896	1870.38
961	27.3264	1748.53
962	27.363	1748.5
963	27.3995	1747.78
964	27.4366	1744.47
965	27.4734	1742.23
966	27.5104	1741.29
967	27.5477	1741.26
968	27.5845	1739.75
969	27.621	1739.19
970	27.6584	1735.87
971	27.6954	1735.76
972	27.7321	1735.68
973	27.7689	1733.22
974	27.8058	1729.79
975	27.8425	1729.76
976	27.8797	1727.91
977	27.9169	1727.22
978	27.9538	1726.32
979	27.9914	1715.35
980	28.0284	1715.34
981	28.0656	1713.59
982	28.1026	1711.38
983	28.1406	1711.26
984	28.1777	1702.64
985	28.216	1702.41
986	28.2537	1702.12
987	28.2906	1701.45
988	28.3284	1675.9
989	28.3673	1674.6
990	28.4051	1674.57
991	28.4424	1637.01
992	28.4797	1635.76
993	28.5176	1635.44
994	28.5548	1635.17
995	28.5925	1634.99
996	28.6308	1634.96
997	28.6687	1634.45
998	28.7061	1632.77
999	28.744	1630.07
1000	28.781	1629.55
1001	28.8185	1629.17
1002	28.857	1628.4
1003	28.895	1628.19
1004	28.9322	1627.08
1005	28.9697	1626.98
1006	29.0069	1620.55
1007	29.0441	1616.01
1008	29.0817	1615.53
1009	29.1193	1602.03
1010	29.1568	1601.85
1011	29.1945	1600.37
1012	29.2321	1599.27
1013	29.2695	1599.23
1014	29.3069	1598.66
1015	29.3447	1598.43
1016	29.3822	1597.54
1017	29.4198	1596.18
1018	29.4578	1588.28
1019	29.4954	1588.28
1021	29.5713	1587.81
1022	29.6089	1587.75
1023	29.6468	1587.05
1024	29.6844	1586.6
1025	29.7226	1586.59
1026	29.7607	1586.45
1027	29.7986	1586.33
1028	29.8395	1586.14
1029	29.8825	1586.07
1030	29.9217	1586.06
1031	29.9597	1585.98
1032	29.998	1585.94
1033	30.037	1582.96
1034	30.0751	1566.33
1035	30.1134	1562.12
1036	30.1511	1561.79
1037	30.19	1559.3
1038	30.2287	1558.14
1039	30.267	1557.76
1040	30.3048	1554.71
1041	30.3433	1553.77
1042	30.3816	1553.69
1043	30.4199	1548.45
1044	30.4586	1501.57
1045	30.497	1501.24
1046	30.5353	1501.17
1047	30.5734	1498.77
1048	30.6115	1496.84
1049	30.6497	1496.66
1050	30.6879	1496.66
1051	30.7263	1494.58
1052	30.7645	1493.06
1053	30.8034	1492.84
1054	30.8418	1492.07
1055	30.8801	1491.7
1056	30.9184	1491.58
1057	30.9571	1491.13
1058	30.9951	1489.01
1059	31.0344	1488.86
1061	31.1126	1488.27
1062	31.151	1488.05
1063	31.1897	1486.59
1064	31.2281	1486.5
1065	31.2663	1485.41
1066	31.3048	1485.36
1067	31.3437	1485.01
1068	31.383	1480.59
1069	31.4215	1470.04
1070	31.4602	1465.92
1071	31.4986	1465.9
1072	31.5375	1465.58
1073	31.5757	1464.79
1074	31.6145	1464.78
1075	31.6535	1463.2
1076	31.6928	1462.84
1077	31.7317	1462.81
1078	31.7708	1457.64
1079	31.8102	1456.25
1080	31.8488	1455.83
1081	31.8877	1455.75
1082	31.9266	1455.74
1083	31.966	1455.57
1084	32.0047	1455.07
1085	32.0438	1455.03
1086	32.083	1454.43
1087	32.1218	1454.19
1088	32.1611	1453.98
1089	32.2013	1453.05
1090	32.2401	1448.15
1092	32.3195	1443.7
1093	32.3589	1443.7
1094	32.3979	1441.84
1095	32.437	1441.01
1096	32.4762	1440.82
1097	32.515	1438.47
1098	32.5538	1438.22
1099	32.5927	1437.8
1100	32.6317	1437.72
1101	32.6704	1437.24
1102	32.71	1436.34
1103	32.749	1433.72
1104	32.7878	1433.51
1105	32.8269	1432.97
1106	32.8655	1429.5
1107	32.9051	1429.43
1109	32.9825	1427.58
1110	33.0219	1427.37
1111	33.0608	1425.42
1112	33.0995	1425.02
1113	33.1389	1423.7
1114	33.1786	1421.29
1115	33.2189	1421.26
1116	33.2596	1371.53
1117	33.2993	1370.01
1118	33.338	1366.84
1119	33.3773	1363.81
1120	33.416	1363.78
1121	33.4554	1363.18
1122	33.4942	1362.7
1123	33.533	1359.64
1124	33.572	1359.19
1125	33.611	1358.42
1126	33.6497	1358.01
1127	33.6889	1358
1128	33.7278	1351.56
1129	33.7672	1351.05
1130	33.8063	1350.48
1131	33.8456	1349.9
1132	33.8849	1349.86
1133	33.9244	1348.47
1134	33.9643	1348.46
1135	34.0038	1348.07
1136	34.0434	1347.06
1137	34.0822	1346.06
1138	34.1214	1345.74
1139	34.1611	1343.97
1140	34.2002	1331.98
1141	34.2413	1331.96
1142	34.2845	1331.95
1143	34.3236	1331.38
1144	34.3629	1330.74
1145	34.4022	1328.79
1146	34.4419	1328.27
1147	34.4811	1328.14
1148	34.5209	1327.84
1149	34.5614	1321.78
1150	34.6008	1320.26
1151	34.64	1319.83
1152	34.6795	1319.78
1153	34.7192	1319.59
1154	34.7589	1319.57
1155	34.7983	1319.55
1156	34.8461	1318.45
1157	34.8885	1317.74
1158	34.9306	1317.48
1159	34.9744	1316.02
1160	35.019	1315.98
1161	35.0638	1315.77
1162	35.1036	1315.42
1163	35.1432	1314.36
1164	35.183	1312.63
1165	35.2229	1312.42
1166	35.263	1311.67
1167	35.3035	1289.61
1168	35.3433	1271.66
1169	35.3829	1270.71
1170	35.4491	1267.79
1171	35.496	1260.14
1172	35.5442	1259.74
1173	35.5844	1258.59
1174	35.6241	1258.58
1175	35.6662	1258.38
1176	35.7061	1221.78
1177	35.7457	1221.76
1178	35.7866	1221.49
1179	35.8269	1216.31
1180	35.8675	1214.86
1181	35.9075	1214.19
1182	35.9475	1214.14
1183	35.9875	1214
1184	36.028	1212.05
1185	36.0682	1211.76
1186	36.1088	1209.62
1187	36.1497	1209.39
1188	36.1901	1209.39
1189	36.2304	1209.18
1190	36.2704	1209.16
1191	36.3104	1208.8
1192	36.3503	1208.49
1193	36.3904	1203.29
1194	36.4305	1203.01
1195	36.4703	1200.1
1196	36.5114	1194.31
1197	36.5519	1192.48
1198	36.5923	1189.52
1199	36.6324	1188.25
1200	36.6733	1185.26
1201	36.7129	1147.43
1202	36.7531	1147.43
1203	36.7931	1147.29
1204	36.8328	1147.05
1205	36.8735	1146.17
1206	36.9131	1145.99
1207	36.9536	1145.95
1208	36.9937	1144.56
1209	37.0341	1144.48
1210	37.0742	1141.36
1211	37.1145	1141.26
1212	37.1544	1141.14
1213	37.1942	1141.09
1214	37.2341	1140.65
1215	37.2743	1140.59
1216	37.315	1140.45
1217	37.3554	1140.26
1218	37.3953	1139.7
1219	37.4354	1137.9
1220	37.4754	1137.9
1221	37.5155	1119.43
1222	37.5553	1118.95
1223	37.5957	1118.93
1224	37.6356	1118.31
1225	37.6762	1118.21
1226	37.7177	1118.2
1227	37.7579	1117.41
1228	37.799	1052.78
1229	37.8399	1052.72
1230	37.8811	1052.7
1231	37.9218	1042.17
1232	37.9621	1041.88
1233	38.0031	1041.78
1234	38.0442	1041.53
1235	38.0848	1041.52
1236	38.1251	1041.51
1237	38.1655	1041.48
1238	38.2057	1040.4
1239	38.2468	1040.27
1240	38.2876	1040.24
1241	38.3284	1039.91
1242	38.3685	1039.91
1243	38.409	1039.74
1244	38.4493	1039.55
1245	38.4899	1039.07
1246	38.5297	1029.29
1247	38.5694	1025.91
1249	38.6498	1018.36
1250	38.6989	1018.32
1251	38.7396	1017.16
1252	38.7795	1016.93
1253	38.8196	1016.93
1254	38.8596	1016.36
1255	38.8997	1016.16
1256	38.9402	1015.9
1257	38.9799	1014.43
1258	39.02	1012.5
1259	39.0594	1012.46
1261	39.1387	1012.06
1263	39.2181	1012
1264	39.2574	1011.69
1265	39.2971	1011.68
1266	39.3375	1011.01
1267	39.3775	1010.94
1268	39.4176	1010.22
1269	39.458	1010.18
1270	39.4977	1010.18
1271	39.5374	1010.17
1272	39.5771	1010.17
1273	39.6169	1010.02
1274	39.6567	1008.53
1276	39.7362	1008.52
1277	39.7761	1006.9
1278	39.8161	1006.61
1279	39.8586	1006.27
1280	39.8997	1005.37
1281	39.9401	1005.09
1282	39.9807	1005.09
1283	40.0204	1004.63
1284	40.061	970.932
1285	40.1012	970.753
1286	40.1419	970.731
1287	40.1818	970.082
1288	40.2228	968.808
1289	40.2634	968.756
1290	40.3045	968.026
1291	40.3446	967.996
1292	40.3851	966.342
1293	40.4256	966.241
1294	40.4659	965.914
1295	40.5063	965.835
1296	40.5465	965.8
1297	40.5867	965.416
1298	40.6275	964.988
1299	40.6676	964.95
1300	40.7081	964.613
1302	40.7899	964.506
1304	40.8702	964.49
1305	40.9111	964.17
1306	40.9523	964.165
1307	40.9928	964.138
1308	41.0332	961.619
1309	41.0735	957.251
1310	41.1147	954
1311	41.1557	953.996
1312	41.1963	953.968
1313	41.2366	953.62
1314	41.277	953.618
1315	41.3181	952.677
1317	41.3998	952.446
1318	41.4401	949.267
1319	41.4804	948.565
1320	41.5212	947.881
1321	41.5627	947.859
1322	41.6036	947.398
1323	41.6444	946.783
1324	41.6853	946.476
1325	41.7261	946.012
1326	41.767	945.986
1327	41.8077	945.078
1328	41.849	938.668
1329	41.8907	937.573
1330	41.9314	937.544
1331	41.9722	935.557
1332	42.0149	932.08
1333	42.0564	932.077
1334	42.0981	931.978
1335	42.1418	931.758
1336	42.1829	931.378
1337	42.2241	930.902
1338	42.2665	930.837
1340	42.3493	930.777
1341	42.39	930.759
1342	42.4312	930.751
1343	42.4722	930.392
1344	42.5137	930.281
1345	42.555	930.028
1346	42.5958	929.975
1347	42.6367	929.082
1348	42.6783	928.782
1349	42.7196	928.017
1350	42.7609	928.01
1351	42.8028	927.061
1352	42.8449	926.728
1353	42.8887	925.773
1354	42.9312	925.145
1356	43.0157	886.715
1357	43.0577	886.507
1358	43.0993	885.637
1360	43.1826	885.593
1361	43.2247	885.131
1362	43.2663	884.983
1363	43.3092	882.184
1364	43.3508	881.841
1365	43.3931	881.679
1366	43.4362	881.282
1367	43.4788	881.271
1368	43.5215	859.701
1369	43.5633	859.552
1370	43.6058	859.542
1371	43.6485	859.239
1372	43.6907	859.225
1373	43.7327	858.938
1374	43.774	858.93
1375	43.8156	858.775
1376	43.8578	858.756
1377	43.8995	858.384
1378	43.942	858.363
1379	43.9842	857.575
1380	44.0259	854.648
1381	44.0676	854.614
1383	44.1523	854.41
1384	44.1956	854.279
1385	44.2378	853.436
1386	44.2796	853.34
1387	44.3228	853.312
1388	44.3646	853.112
1389	44.4072	852.768
1390	44.4489	850.935
1391	44.4917	850.775
1392	44.534	850.768
1393	44.5771	850.418
1394	44.6192	850.405
1395	44.6619	850.37
1396	44.7061	849.648
1397	44.7488	849.038
1398	44.7914	848.752
1399	44.8342	848.27
1401	44.9192	847.555
1402	44.9613	847.522
1403	45.0037	846.837
1404	45.0464	846.773
1405	45.0894	845.589
1406	45.1321	845.529
1407	45.1739	845.176
1408	45.2163	810.337
1411	45.3443	807.057
1412	45.3867	806.739
1413	45.4294	806.699
1414	45.4724	806.69
1415	45.5149	806.623
1416	45.5574	775.243
1417	45.5999	775.241
1418	45.6429	775.231
1419	45.6857	774.323
1420	45.7278	773.682
1421	45.77	773.654
1422	45.8129	773.631
1423	45.8554	773.119
1424	45.8981	772.844
1425	45.9408	771.962
1426	45.9834	770.842
1427	46.0269	770.594
1428	46.0701	770.574
1429	46.1129	770.572
1430	46.1558	770.363
1431	46.1993	770.334
1432	46.2416	769.564
1433	46.2849	765.868
1434	46.3294	765.731
1435	46.3734	763.464
1436	46.416	756.147
1437	46.4584	756.134
1438	46.5019	750.899
1439	46.5454	750.178
1440	46.5884	740.117
1441	46.6317	688.9
1442	46.674	688.894
1443	46.7166	688.798
1444	46.7598	688.509
1445	46.8028	688.41
1446	46.847	688.376
1447	46.8896	688.369
1448	46.9328	688.091
1449	46.9762	687.427
1450	47.0184	685.776
1451	47.0626	685.656
1452	47.1054	685.652
1453	47.1503	685.647
1454	47.1933	685.504
1455	47.236	685.462
1456	47.2784	685.229
1457	47.3215	685.226
1458	47.3645	684.864
1459	47.4071	683.627
1460	47.4495	683.626
1461	47.492	681.737
1462	47.536	681.414
1463	47.5822	681.412
1464	47.6252	681.368
1465	47.6682	680.918
1466	47.711	680.917
1467	47.754	679.402
1468	47.797	678.924
1469	47.8404	678.708
1470	47.8827	678.631
1471	47.9261	668.411
1472	47.9687	668.384
1473	48.012	668.271
1474	48.0552	667.316
1475	48.099	667.312
1476	48.142	667.302
1477	48.1852	667.259
1478	48.2287	665.652
1479	48.2714	665.619
1480	48.315	665.601
1481	48.3582	665.59
1482	48.4014	665.51
1483	48.4468	665.424
1484	48.4968	665.421
1485	48.568	665.207
1486	48.6205	662.611
1487	48.666	660.158
1488	48.709	660.04
1489	48.752	653.682
1491	48.8395	652.863
1492	48.8828	652.749
1493	48.9271	652.734
1494	48.9707	652.533
1495	49.0165	652.475
1496	49.0598	651.828
1497	49.1037	650.899
1498	49.1474	649.788
1499	49.1905	649.739
1500	49.2346	649.738
1501	49.2786	649.341
1503	49.3654	649.339
1504	49.4095	648.892
1505	49.4527	648.871
1506	49.4956	648.692
1507	49.5394	648.677
1508	49.5833	648.628
1510	49.6706	648.624
1511	49.7141	648.623
1512	49.7591	648.309
1513	49.8079	648.254
1515	49.8961	647.578
1516	49.9403	647.576
1517	49.9844	647.067
1518	50.0284	646.865
1519	50.0726	646.836
1520	50.1169	644.367
1521	50.1602	644.181
1522	50.2036	644.177
1523	50.2487	644.073
1524	50.3035	612.87
1525	50.3503	609.996
1526	50.3956	609.944
1527	50.4406	609.712
1528	50.4843	608.136
1529	50.529	608.095
1530	50.5732	608.001
1531	50.617	607.873
1532	50.662	607.145
1533	50.7056	607.096
1534	50.7515	607.082
1535	50.7956	606.967
1536	50.8388	606.929
1537	50.8828	606.815
1538	50.9268	606.661
1539	50.9708	606.65
1540	51.0151	606.059
1541	51.0589	605.968
1542	51.1034	605.824
1544	51.191	605.708
1545	51.2344	605.641
1547	51.3226	605.441
1548	51.3661	599.004
1549	51.4101	597.035
1550	51.4541	596.107
1551	51.4976	596.104
1552	51.5413	595.998
1553	51.5847	595.834
1554	51.629	595.834
1555	51.6732	595.056
1556	51.717	595.036
1557	51.7601	595.021
1558	51.8034	593.986
1559	51.8469	593.745
1560	51.8907	593.15
1561	51.9343	593.087
1562	51.9781	592.804
1563	52.0222	592.478
1565	52.1117	592.405
1566	52.1553	592.34
1567	52.2065	592.103
1568	52.293	591.87
1569	52.3679	591.637
1570	52.4159	591.546
1572	52.5129	591.439
1573	52.5599	591.439
1574	52.6062	591.367
1575	52.6537	591.228
1576	52.7055	591.171
1577	52.768	590.845
1578	52.814	590.756
1580	52.9047	590.754
1581	52.9496	590.743
1582	52.9946	590.083
1585	53.1284	589.547
1586	53.1742	588.646
1587	53.2194	588.626
1588	53.2672	586.7
1589	53.3148	586.468
1590	53.3583	586.462
1591	53.4032	585.362
1592	53.4475	585.307
1593	53.4923	585.265
1594	53.538	584.884
1596	53.6285	584.768
1597	53.6748	584.257
1598	53.7196	583.733
1600	53.8087	583.706
1601	53.8519	583.348
1602	53.8963	583.254
1603	53.9396	579.647
1604	53.9834	579.526
1605	54.0269	579.518
1606	54.0704	579.418
1607	54.1138	579.384
1608	54.1578	568.581
1609	54.2019	568.363
1610	54.2458	568.359
1611	54.2899	568.233
1612	54.3338	568.223
1613	54.3774	567.902
1614	54.4247	567.895
1615	54.4739	567.71
1616	54.5266	567.708
1617	54.576	567.539
1618	54.6253	567.536
1619	54.6699	566.956
1620	54.7134	565.187
1621	54.7578	565.157
1623	54.8451	565.091
1624	54.8924	564.802
1625	54.9405	564.421
1626	54.9851	564.381
1627	55.0292	564.353
1629	55.1383	564.338
1630	55.2115	564.032
1631	55.2991	563.249
1632	55.343	563.244
1633	55.3875	563.107
1634	55.4319	563.061
1635	55.4764	563.047
1636	55.521	562.675
1637	55.5664	562.474
1638	55.6108	562.472
1639	55.6549	562.399
1641	55.7431	562.397
1642	55.7891	562.253
1643	55.8346	562.187
1644	55.8787	561.496
1645	55.9228	561.487
1646	55.9682	561.444
1647	56.0127	561.212
1648	56.0576	558.868
1649	56.1032	558.662
1651	56.2046	556.499
1652	56.2501	556.101
1653	56.2952	556.031
1654	56.3401	555.787
1655	56.3847	555.742
1656	56.429	513.512
1657	56.4749	513.453
1658	56.5193	513.414
1659	56.5639	512.091
1660	56.6093	511.657
1661	56.6548	511.597
1662	56.699	511.589
1664	56.7894	509.447
1665	56.8342	509.413
1666	56.8808	509.237
1667	56.9258	509.235
1668	56.9707	509.228
1671	57.1066	509.222
1672	57.1513	508.579
1674	57.2436	508.543
1675	57.2888	507.5
1676	57.3366	505.489
1677	57.3832	505.407
1678	57.4326	504.084
1679	57.4779	503.485
1680	57.5235	484.257
1681	57.569	470.52
1682	57.6141	470.519
1683	57.6595	470.445
1684	57.7046	470.398
1685	57.7493	470.386
1686	57.7945	470.38
1687	57.8392	470.379
1688	57.8844	470.361
1689	57.9299	470.338
1690	57.9752	468.087
1691	58.0202	467.873
1692	58.065	467.781
1693	58.1099	467.731
1695	58.2012	467.726
1696	58.2469	467.725
1697	58.2915	467.72
1698	58.3365	467.65
1699	58.3806	464.758
1701	58.4706	464.488
1702	58.5151	464.324
1703	58.5601	464.324
1704	58.605	464.299
1705	58.6494	464.269
1706	58.694	464.262
1707	58.7396	464.004
1708	58.7852	461.124
1709	58.8296	461.117
1710	58.8748	461.079
1711	58.9195	460.097
1712	58.9643	460.073
1713	59.0095	459.988
1714	59.0551	459.597
1715	59.1002	459.594
1716	59.145	459.574
1717	59.1897	459.567
1718	59.2344	459.496
1719	59.2795	459.484
1720	59.3242	458.977
1721	59.3689	458.756
1722	59.4137	458.723
1723	59.4591	458.629
1724	59.5044	458.627
1725	59.5517	458.613
1726	59.5967	457.345
1727	59.6418	456.996
1728	59.6889	456.976
1729	59.7474	456.675
1731	59.8386	456.172
1732	59.8844	456.16
1733	59.9292	456.142
1734	59.9744	456.139
1736	60.0655	455.835
1737	60.1107	455.656
1738	60.1567	454.695
1739	60.2015	454.575
1741	60.294	454.286
1742	60.3427	453.995
1743	60.3892	453.972
1744	60.4351	453.204
1745	60.4895	453.187
1746	60.5398	453.111
1747	60.5849	453.109
1748	60.6293	452.961
1749	60.6744	452.948
1750	60.7189	452.941
1752	60.8091	452.923
1753	60.8538	452.882
1755	60.9439	452.788
1756	60.9888	452.788
1757	61.0346	452.64
1758	61.0803	452.633
1759	61.1258	452.566
1760	61.1709	451.035
1761	61.2163	450.965
1763	61.3076	450.596
1764	61.353	440.337
1765	61.3975	440.238
1766	61.4426	440.063
1767	61.4878	439.749
1770	61.622	439.617
1771	61.6673	439.581
1772	61.7151	439.517
1773	61.7616	439.514
1774	61.8067	439.514
1775	61.853	439.4
1776	61.8995	439.367
1777	61.9445	439.273
1780	62.0846	439
1782	62.1743	438.838
1784	62.2645	438.831
1785	62.3096	438.686
1786	62.3549	438.684
1787	62.4006	438.629
1788	62.4471	438.574
1789	62.4932	438.1
1790	62.5392	437.315
1791	62.589	437.309
1792	62.6349	437.123
1793	62.6821	437.075
1794	62.7278	437.066
1795	62.7733	436.79
1796	62.8189	436.784
1798	62.9128	436.765
1799	62.9585	436.527
1800	63.0044	432.835
1801	63.0501	432.834
1802	63.0975	432.818
1803	63.143	432.757
1804	63.1894	432.674
1805	63.2345	432.396
1806	63.2818	432.383
1808	63.3734	431.994
1809	63.4194	431.944
1811	63.5107	431.021
1812	63.5564	430.982
1813	63.6036	430.982
1814	63.6487	430.973
1815	63.6949	430.761
1817	63.7856	430.479
1818	63.8308	430.469
1821	63.9699	430.451
1822	64.0149	430.365
1823	64.0611	430.142
1825	64.1531	429.667
1826	64.1987	429.521
1827	64.2582	429.514
1828	64.3042	429.513
1829	64.3498	429.434
1830	64.3951	429.423
1831	64.4406	429.278
1832	64.4863	429.239
1833	64.5315	428.87
1834	64.5769	428.856
1836	64.6671	426.328
1837	64.7123	426.081
1838	64.7589	425.78
1839	64.8062	425.718
1840	64.853	425.062
1841	64.9	424.814
1842	64.9467	424.576
1843	64.9932	421.582
1844	65.0402	421.563
1845	65.0943	421.55
1846	65.141	421.455
1847	65.1864	421.429
1848	65.232	421.016
1849	65.2784	420.989
1851	65.3694	420.497
1853	65.4611	420.491
1854	65.5067	420.49
1855	65.553	420.486
1856	65.5987	420.447
1857	65.6444	420.439
1859	65.736	419.902
1860	65.7819	418.781
1861	65.8285	418.765
1863	65.9212	418.74
1864	65.9682	418.726
1865	66.0143	418.71
1866	66.0604	418.709
1867	66.1088	418.709
1868	66.1555	418.696
1872	66.3406	418.691
1873	66.3863	418.547
1875	66.4783	418.538
1876	66.525	418.425
1877	66.5716	418.351
1879	66.6634	418.334
1881	66.7556	418.229
1883	66.849	418.22
1884	66.8946	418.124
1885	66.9412	418.055
1886	66.9872	418.054
1887	67.0343	417.946
1888	67.0804	416.841
1889	67.1271	416.824
1891	67.2191	416.728
1892	67.2656	416.678
1893	67.311	416.666
1894	67.3771	416.193
1895	67.465	416.191
1896	67.512	405.045
1897	67.559	405.009
1898	67.6043	404.991
1899	67.651	404.216
1900	67.697	403.784
1902	67.788	403.768
1903	67.834	403.721
1904	67.8802	402.797
1905	67.9263	402.765
1906	67.9723	402.734
1907	68.0175	402.706
1909	68.1091	402.701
1912	68.2468	402.557
1914	68.3401	402.453
1915	68.3862	400.368
1916	68.4326	397.955
1917	68.4792	397.54
1918	68.5256	396.728
1919	68.5716	396.676
1920	68.6173	391.836
1921	68.6633	389.292
1922	68.71	389.291
1923	68.7558	389.254
1924	68.8014	389.19
1925	68.8469	389.17
1926	68.8926	389.164
1927	68.9387	389.161
1928	68.9849	389.133
1929	69.0303	389.113
1930	69.076	387.907
1931	69.1217	387.232
1933	69.2137	387.151
1934	69.2596	385.451
1935	69.3052	385.447
1936	69.3506	385.303
1937	69.396	385.295
1939	69.4965	382.543
1940	69.5428	382.541
1941	69.5885	382.494
1942	69.6346	382.271
1943	69.6803	382.241
1944	69.7266	382.236
1945	69.7721	382.16
1946	69.8186	382.16
1947	69.8657	382.153
1948	69.9117	382.016
1949	69.9589	382.012
1951	70.051	381.947
1952	70.0967	381.941
1953	70.1426	381.89
1954	70.1901	380.592
1955	70.2364	380.59
1956	70.2823	380.458
1958	70.3741	380.413
1959	70.4209	380.379
1960	70.467	380.313
1961	70.5162	380.236
1963	70.6085	379.726
1964	70.6541	379.726
1966	70.7467	378.704
1967	70.7927	378.139
1968	70.8392	378.124
1969	70.8858	378.017
1971	70.9788	377.95
1972	71.025	377.944
1973	71.0724	377.943
1974	71.1188	377.933
1975	71.1665	377.358
1977	71.2601	377.243
1978	71.3061	376.571
1980	71.3981	376.571
1981	71.4449	376.488
1982	71.4909	376.42
1983	71.5357	376.407
1984	71.5812	376.054
1985	71.6266	375.963
1986	71.6714	375.937
1987	71.7169	375.935
1988	71.7625	375.933
1989	71.8077	375.867
1990	71.8525	375.862
1992	71.9417	375.704
1993	71.9865	375.69
1995	72.0768	375.505
1996	72.1217	375.504
1997	72.1674	375.368
1998	72.2133	375.223
1999	72.2589	375.219
2000	72.3042	374.219
2001	72.3492	374.07
2003	72.4397	373.687
2004	72.4848	373.377
2005	72.5299	373.284
2006	72.5748	373.255
2007	72.6204	373.151
2008	72.6684	373.017
2010	72.7601	372.895
2011	72.8063	372.876
2012	72.8518	372.841
2013	72.8969	372.825
2014	72.9429	372.821
2015	72.9883	372.805
2016	73.0345	372.797
2017	73.0803	372.682
2019	73.1714	372.672
2020	73.217	371.823
2022	73.3077	371.748
2023	73.3537	371.659
2024	73.3992	371.652
2025	73.4443	371.512
2026	73.4897	371.511
2027	73.5351	371.419
2028	73.5806	371.217
2029	73.6266	368.5
2030	73.6729	368.125
2032	73.764	367.634
2034	73.8554	367.626
2035	73.9013	367.466
2037	73.9922	367.417
2039	74.0836	367.326
2040	74.1294	366.344
2041	74.175	366.342
2043	74.2667	366.311
2045	74.3593	366.274
2046	74.4047	366.262
2048	74.497	366.097
2050	74.5884	366.059
2053	74.7421	366.058
2055	74.836	365.617
2057	74.9281	365.526
2059	75.0213	365.292
2060	75.0676	365.276
2061	75.1143	365.265
2062	75.1598	365.249
2064	75.2517	364.993
2065	75.2976	364.871
2066	75.3436	364.772
2069	75.4828	364.77
2070	75.5288	364.741
2071	75.5751	364.734
2073	75.668	363.675
2074	75.7223	363.569
2076	75.8319	362.127
2077	75.8853	361.992
2078	75.9309	361.502
2081	76.0784	361.417
2083	76.1712	360.537
2084	76.2185	360.522
2085	76.2655	360.512
2086	76.3119	360.454
2087	76.3581	360.442
2088	76.4048	360.181
2089	76.4516	360.158
2091	76.5447	359.915
2092	76.5914	359.915
2093	76.6385	359.899
2094	76.685	359.896
2095	76.731	359.846
2098	76.8701	359.844
2099	76.9192	359.585
2100	76.9714	357.606
2101	77.0216	357.489
2103	77.1211	357.482
2104	77.1674	357.476
2105	77.2142	357.471
2106	77.2602	357.466
2107	77.3061	357.464
2108	77.3528	357.444
2109	77.3988	357.439
2111	77.5045	357.192
2112	77.5503	357.173
2113	77.5973	357.04
2114	77.655	357.027
2115	77.704	357.016
2116	77.7517	356.663
2117	77.7978	356.647
2118	77.8451	356.634
2119	77.8911	356.618
2121	77.9841	356.366
2123	78.0845	356.364
2125	78.2007	356.178
2127	78.2948	355.918
2128	78.3413	355.659
2130	78.4341	355.645
2131	78.4805	355.525
2132	78.5271	355.497
2134	78.621	355.229
2135	78.6679	355.228
2136	78.7154	352.751
2137	78.7629	352.749
2138	78.8094	352.739
2139	78.8557	352.425
2140	78.9017	352.117
2142	79.0068	352.116
2143	79.0612	351.981
2145	79.1733	351.946
2146	79.2226	351.924
2147	79.2696	351.911
2148	79.3159	351.906
2149	79.3623	351.829
2152	79.5011	351.714
2154	79.5958	351.642
2155	79.6438	349.997
2156	79.6911	348.204
2157	79.7378	348.016
2158	79.7848	345.637
2159	79.8313	345.194
2160	79.878	344.971
2161	79.9244	344.023
2162	79.9715	344.006
2163	80.0182	344.004
2164	80.0654	343.997
2165	80.113	343.994
2167	80.2085	343.947
2168	80.2552	343.945
2170	80.3498	343.933
2171	80.4022	343.852
2172	80.4505	343.85
2173	80.4969	343.836
2175	80.5931	343.793
2176	80.6417	343.558
2177	80.6888	343.548
2179	80.7829	342.977
2180	80.8293	342.976
2181	80.8775	342.969
2182	80.9255	342.963
2183	80.9728	342.959
2184	81.0201	342.952
2186	81.1151	342.949
2187	81.1668	342.942
2188	81.2168	342.647
2189	81.2647	342.647
2190	81.3131	342.646
2191	81.3604	342.637
2193	81.4535	342.619
2194	81.5003	342.406
2195	81.5468	342.405
2196	81.5944	342.12
2198	81.6893	342.115
2199	81.7367	341.929
2200	81.784	341.89
2201	81.8303	341.878
2203	81.9251	341.764
2204	81.9714	341.763
2206	82.0642	341.506
2207	82.1114	341.36
2208	82.1581	341.357
2209	82.2048	341.349
2210	82.2515	340.789
2211	82.2981	340.741
2212	82.3443	340.732
2213	82.391	340.732
2214	82.4372	340.728
2215	82.4843	340.661
2217	82.5777	340.535
2218	82.6246	338.603
2220	82.7179	338.602
2221	82.7653	338.598
2222	82.8131	338.56
2223	82.8603	338.555
2224	82.9068	338.366
2225	82.9546	338.336
2226	83.0016	338.333
2227	83.048	338.333
2228	83.0949	338.308
2229	83.1421	338.275
2230	83.1894	338.273
2231	83.2364	338.271
2232	83.2828	338.267
2233	83.3291	338.259
2234	83.3763	337.667
2236	83.4716	337.667
2237	83.5199	337.262
2238	83.5664	337.237
2239	83.613	337.233
2240	83.6591	337.228
2241	83.7058	337.137
2242	83.7527	337.136
2243	83.7999	336.811
2244	83.8462	336.643
2245	83.8925	335.562
2246	83.939	335.539
2247	83.9857	335.368
2249	84.0788	335.277
2250	84.1255	335.21
2251	84.1724	335.21
2252	84.219	335.112
2254	84.3132	335.087
2255	84.36	335.033
2256	84.4068	335.019
2257	84.4535	334.784
2258	84.4997	334.745
2260	84.593	334.625
2262	84.6859	334.501
2263	84.7323	334.084
2264	84.78	334.081
2265	84.8281	334.068
2266	84.8766	334.068
2267	84.9239	334.042
2268	84.9746	333.319
2269	85.0384	333.088
2270	85.0859	332.557
2271	85.1333	332.557
2272	85.1804	332.18
2275	85.3231	332.113
2277	85.4185	332.069
2279	85.514	331.91
2280	85.5609	331.87
2281	85.6082	331.856
2282	85.6571	331.743
2283	85.7048	331.674
2285	85.8003	331.657
2287	85.8941	331.639
2288	85.9415	331.447
2290	86.0366	331.439
2293	86.1785	331.438
2295	86.2727	330.706
2296	86.3196	330.705
2297	86.3665	330.427
2298	86.4136	330.426
2299	86.4609	330.362
2300	86.5077	330.307
2301	86.5549	330.298
2302	86.6029	330.292
2303	86.6511	330.261
2304	86.6983	330.029
2305	86.7458	329.941
2306	86.7925	329.907
2310	86.9814	329.9
2311	87.0285	329.891
2313	87.1232	329.394
2316	87.2642	329.279
2317	87.3112	329.241
2318	87.3599	329.026
2322	87.5487	329.017
2323	87.5953	327.583
2324	87.6431	327.577
2325	87.6908	327.568
2326	87.7374	327.525
2327	87.7846	327.522
2328	87.8316	327.045
2329	87.881	327.041
2331	87.9763	327.006
2332	88.024	326.997
2333	88.0714	326.961
2334	88.1183	326.958
2335	88.165	326.933
2338	88.3072	326.924
2339	88.3547	326.904
2340	88.4017	326.745
2341	88.4483	326.636
2344	88.5904	326.632
2345	88.638	326.555
2347	88.7333	326.553
2348	88.7813	326.48
2351	88.9225	326.288
2352	88.9686	326.247
2353	89.0154	326.049
2354	89.063	326.018
2356	89.1593	325.862
2357	89.2069	325.793
2358	89.2563	325.79
2359	89.3045	325.781
2361	89.3995	325.451
2362	89.4471	325.451
2363	89.4947	325.45
2365	89.591	325.277
2367	89.6866	324.924
2368	89.7355	324.648
2369	89.7845	324.566
2370	89.8334	324.561
2371	89.8817	324.535
2372	89.9311	324.534
2374	90.0282	324.466
2375	90.0773	324.464
2376	90.1254	324.357
2377	90.1912	324.355
2379	90.2887	324.301
2380	90.3394	324.073
2382	90.4369	324.072
2383	90.4844	323.703
2387	90.6756	323.699
2389	90.7707	323.682
2392	90.9165	323.628
2394	91.0145	323.586
2395	91.0615	322.877
2396	91.11	322.187
2397	91.159	322.18
2398	91.2064	321.658
2399	91.2551	321.502
2400	91.3029	321.315
2401	91.3527	321.211
2402	91.4015	321.179
2403	91.4496	321.177
2404	91.4988	321.176
2405	91.5465	321.176
2407	91.6408	321.151
2408	91.6886	321.135
2409	91.7364	320.72
2410	91.7845	320.712
2411	91.8323	320.683
2412	91.8794	320.648
2413	91.9278	320.647
2414	91.9752	320.554
2415	92.0226	320.55
2416	92.0707	320.544
2417	92.1182	320.541
2419	92.213	320.331
2420	92.2635	320.331
2421	92.3113	320.308
2422	92.3603	320.289
2423	92.4083	320.288
2424	92.4556	320.27
2426	92.5526	320.269
2427	92.604	320.262
2428	92.6529	320.252
2429	92.7024	320.251
2430	92.7502	320.251
2431	92.7987	320.235
2433	92.8948	320.195
2434	92.9423	319.953
2435	92.9901	319.952
2436	93.0378	319.951
2438	93.1351	319.94
2439	93.1838	319.927
2440	93.2317	319.806
2441	93.2798	319.802
2443	93.3758	319.694
2446	93.522	319.668
2448	93.6188	319.661
2449	93.6665	319.609
2450	93.7148	319.591
2451	93.7632	319.537
2452	93.8108	319.519
2453	93.8596	319.518
2454	93.9074	319.509
2455	93.9554	319.496
2457	94.051	319.432
2458	94.0995	318.645
2460	94.1964	318.644
2461	94.245	318.642
2462	94.294	318.637
2463	94.3415	318.627
2464	94.3899	318.5
2465	94.4395	318.497
2466	94.4903	318.34
2467	94.5376	318.339
2469	94.6344	318.331
2470	94.6841	318.331
2471	94.7335	318.33
2473	94.8304	318.32
2474	94.8784	318.145
2476	94.9738	318.144
2477	95.0224	318.069
2479	95.1183	318.059
2480	95.1666	317.982
2481	95.2145	317.979
2483	95.3103	317.717
2484	95.358	317.589
2485	95.4075	317.573
2486	95.4578	317.554
2487	95.5058	317.488
2489	95.6018	317.413
2490	95.6504	317.369
2491	95.698	317.366
2492	95.7465	317.344
2495	95.8901	317.293
2496	95.9382	317.149
2497	95.9868	316.821
2498	96.0341	316.815
2499	96.0823	316.81
2500	96.1305	316.594
2502	96.2266	316.504
2503	96.276	316.399
2504	96.3235	316.374
2505	96.3805	316.374
2506	96.4321	316.374
2507	96.4875	316.333
2508	96.5374	316.289
2509	96.5893	316.033
2510	96.64	315.754
2511	96.6883	315.753
2512	96.7367	315.72
2514	96.8341	315.715
2515	96.8829	315.679
2517	96.977	315.57
2518	97.0255	315.497
2519	97.0723	315.372
2520	97.1276	315.36
2521	97.181	315.356
2523	97.2762	315.165
2524	97.3239	314.902
2527	97.4649	314.791
2529	97.5588	314.789
2530	97.6058	314.779
2533	97.7468	314.777
2534	97.7946	314.773
2535	97.8415	314.615
2537	97.9361	314.543
2538	97.9835	314.535
2539	98.0306	314.456
2541	98.1252	314.441
2544	98.2668	313.422
2545	98.3144	313.403
2546	98.3626	313.371
2549	98.5158	313.369
2550	98.5625	313.36
2551	98.6098	313.353
2553	98.7037	312.986
2556	98.8468	312.954
2557	98.8949	312.932
2558	98.9418	312.832
2561	99.0862	312.831
2562	99.1341	312.831
2563	99.1817	311.685
2566	99.3261	311.661
2567	99.3759	311.653
2568	99.429	311.473
2569	99.4765	311.472
2570	99.5243	311.457
2571	99.5716	311.424
2572	99.6187	311.416
2574	99.7131	311.414
2580	99.9991	311.345
2581	100.046	310.93
2583	100.142	310.93
2584	100.19	310.929
2585	100.237	310.821
2586	100.284	310.819
2587	100.331	310.81
2588	100.379	310.686
2590	100.474	310.675
2591	100.522	310.501
2592	100.569	310.491
2593	100.617	310.44
2594	100.664	310.412
2596	100.76	310.186
2598	100.856	310.165
2599	100.904	310.158
2601	100.999	310.07
2603	101.098	310.07
2608	101.337	310.045
2610	101.431	310.001
2611	101.479	309.992
2612	101.528	309.987
2614	101.624	309.952
2615	101.671	309.951
2616	101.719	309.918
2617	101.766	309.888
2618	101.815	309.874
2619	101.863	306.249
2620	101.91	306.054
2622	102.005	306.036
2623	102.052	305.934
2625	102.146	305.933
2627	102.241	305.933
2628	102.288	305.932
2629	102.336	305.899
2632	102.48	305.851
2635	102.622	304.974
2636	102.67	304.474
2638	102.765	304.107
2639	102.812	304.096
2640	102.859	304.028
2641	102.907	303.955
2642	102.954	303.954
2643	103.002	303.953
2644	103.05	303.917
2645	103.097	303.913
2647	103.195	303.912
2648	103.247	303.911
2649	103.296	303.812
2650	103.343	303.806
2652	103.439	303.708
2653	103.487	303.698
2655	103.58	303.694
2657	103.674	303.692
2658	103.72	303.668
2659	103.768	303.652
2661	103.863	303.648
2662	103.909	303.645
2663	103.956	303.644
2664	104.003	303.64
2666	104.097	303.639
2667	104.143	303.631
2668	104.191	303.627
2669	104.238	303.619
2670	104.285	303.613
2671	104.332	303.581
2673	104.426	303.509
2674	104.473	303.318
2675	104.521	303.314
2676	104.568	303.053
2679	104.708	303.052
2680	104.779	303.034
2681	104.826	303.027
2683	104.921	302.947
2684	104.968	302.946
2686	105.062	302.835
2687	105.109	302.759
2688	105.157	302.755
2690	105.25	302.747
2691	105.298	302.715
2692	105.345	302.71
2693	105.396	302.71
2694	105.443	302.699
2695	105.491	302.693
2696	105.538	302.683
2697	105.586	302.552
2698	105.632	302.025
2700	105.728	302.023
2701	105.776	302.011
2703	105.869	302.01
2704	105.917	301.753
2705	105.963	301.75
2706	106.01	301.643
2707	106.057	301.641
2708	106.106	301.245
2709	106.154	301.219
2710	106.201	301.218
2711	106.249	301.218
2712	106.297	301.211
2713	106.345	301.201
2714	106.392	301.161
2716	106.486	301.16
2717	106.532	301.12
2720	106.674	301.114
2721	106.721	301.111
2722	106.768	301.11
2723	106.816	300.875
2724	106.863	300.365
2725	106.911	300.353
2726	106.958	300.341
2729	107.101	300.305
2730	107.148	300.261
2731	107.197	300.261
2732	107.245	300.229
2735	107.386	300.207
2736	107.433	298.507
2737	107.481	298.503
2738	107.534	298.482
2740	107.628	298.169
2742	107.724	298.101
2743	107.77	298.068
2745	107.866	297.932
2746	107.913	297.931
2747	107.96	297.908
2748	108.008	297.897
2749	108.055	297.653
2750	108.102	297.596
2752	108.199	297.59
2755	108.34	297.578
2757	108.435	297.577
2758	108.482	297.453
2759	108.531	297.328
2760	108.578	297.317
2761	108.625	297.307
2763	108.72	297.275
2766	108.862	297.207
2767	108.91	297.202
2768	108.957	297.173
2769	109.004	297.143
2771	109.099	297.084
2773	109.194	297.083
2774	109.242	297.082
2775	109.291	296.981
2776	109.338	296.961
2777	109.385	296.5
2778	109.433	296.483
2780	109.529	296.431
2782	109.624	296.431
2783	109.673	296.022
2784	109.724	295.942
2785	109.772	295.932
2786	109.82	295.917
2787	109.868	295.909
2789	109.964	295.907
2790	110.011	295.906
2791	110.058	295.904
2792	110.107	295.885
2793	110.154	295.827
2796	110.297	295.775
2797	110.346	295.771
2798	110.393	295.381
2799	110.442	295.314
2801	110.538	295.306
2802	110.586	295.292
2803	110.634	294.931
2804	110.683	294.923
2805	110.732	294.922
2806	110.78	294.879
2807	110.829	294.874
2809	110.924	294.862
2810	110.972	294.855
2811	111.02	294.779
2812	111.068	294.776
2814	111.163	294.775
2819	111.4	294.716
2820	111.448	294.639
2821	111.497	294.6
2824	111.64	294.6
2829	111.895	294.593
2831	111.993	294.535
2832	112.041	294.534
2834	112.138	294.518
2836	112.234	294.332
2837	112.281	294.313
2838	112.33	294.177
2841	112.473	294.02
2843	112.569	294.014
2844	112.617	293.876
2845	112.665	289.948
2848	112.809	289.943
2849	112.857	289.911
2851	112.952	289.885
2852	113.001	289.88
2854	113.098	289.863
2856	113.193	289.788
2857	113.241	289.777
2858	113.289	289.754
2859	113.337	289.244
2860	113.385	289.164
2862	113.483	289.158
2863	113.532	289.156
2869	113.821	289.127
2872	113.966	289.119
2875	114.115	288.661
2876	114.164	286.451
2878	114.261	286.139
2881	114.406	286.025
2883	114.503	286.014
2884	114.551	286.013
2885	114.599	286.011
2887	114.696	285.835
2888	114.744	285.834
2889	114.792	285.83
2890	114.841	285.828
2891	114.889	285.785
2893	114.987	285.783
2894	115.037	285.493
2895	115.086	285.49
2896	115.137	285.477
2897	115.185	285.475
2898	115.234	285.438
2899	115.282	285.422
2900	115.331	285.422
2901	115.38	285.419
2902	115.429	285.388
2903	115.478	285.387
2904	115.528	285.387
2905	115.579	285.382
2906	115.628	285.38
2907	115.677	285.379
2908	115.727	285.375
2909	115.778	285.373
2910	115.826	285.371
2911	115.875	285.346
2912	115.925	285.251
2913	115.979	285.202
2914	116.029	285.014
2915	116.08	285.013
2916	116.128	285.012
2919	116.276	284.981
2920	116.325	284.959
2921	116.383	284.953
2923	116.495	284.89
2924	116.547	284.889
2926	116.645	284.877
2927	116.694	284.679
2928	116.742	284.678
2929	116.79	284.653
2930	116.839	284.575
2932	116.938	284.574
2933	116.988	284.571
2934	117.036	284.571
2935	117.085	284.494
2936	117.134	284.461
2937	117.183	284.4
2938	117.231	283.739
2940	117.337	283.736
2941	117.407	283.713
2943	117.515	283.709
2944	117.564	283.588
2946	117.662	283.588
2947	117.711	283.587
2948	117.76	283.555
2949	117.809	283.533
2950	117.858	283.533
2951	117.906	283.532
2952	117.955	283.523
2953	118.003	283.515
2954	118.053	283.452
2956	118.15	283.451
2957	118.198	283.443
2960	118.344	283.417
2961	118.393	283.415
2962	118.444	283.414
2963	118.494	283.164
2964	118.543	283.131
2965	118.592	283.119
2966	118.641	283.109
2967	118.69	283.002
2969	118.788	282.985
2970	118.838	282.968
2972	118.935	282.899
2974	119.032	282.898
2975	119.08	282.85
2976	119.129	282.78
2977	119.178	282.778
2978	119.227	282.761
2980	119.324	282.57
2982	119.423	282.535
2983	119.471	282.53
2984	119.52	282.523
2985	119.568	282.484
2986	119.617	282.484
2987	119.666	282.392
2989	119.763	282.213
2990	119.811	282.054
2994	120.004	282.052
2995	120.054	282.035
2999	120.249	282.029
3000	120.297	281.458
3001	120.345	280.802
3003	120.447	280.772
3004	120.496	280.683
3005	120.545	280.674
3006	120.594	280.649
3008	120.696	280.626
3009	120.744	280.608
3013	120.939	280.607
3015	121.036	280.576
3016	121.084	280.468
3017	121.133	280.378
3018	121.181	280.355
3020	121.279	280.344
3024	121.473	280.282
3025	121.522	280.237
3026	121.57	280.224
3027	121.619	280.217
3028	121.669	280.215
3029	121.717	280.213
3030	121.766	280.213
3031	121.815	280.204
3033	121.913	280.153
3035	122.013	280.134
3036	122.062	280.09
3038	122.16	279.893
3042	122.355	279.889
3043	122.404	279.877
3050	122.745	279.874
3051	122.793	279.795
3052	122.843	279.794
3054	122.943	279.792
3055	122.993	279.739
3057	123.089	279.739
3061	123.284	279.67
3064	123.429	279.668
3067	123.575	279.667
3068	123.625	279.665
3071	123.771	279.608
3074	123.919	279.592
3075	123.968	279.591
3076	124.017	279.473
3077	124.067	279.465
3078	124.116	279.309
3081	124.263	279.223
3083	124.361	279.217
3084	124.41	279.157
3085	124.459	278.231
3088	124.607	278.226
3089	124.659	278.207
3090	124.708	278.18
3091	124.761	278.155
3092	124.809	278.151
3099	125.157	277.886
3100	125.206	277.783
3101	125.255	277.781
3108	125.596	277.78
3109	125.645	277.771
3112	125.792	277.696
3115	125.94	277.504
3116	125.99	277.271
3117	126.038	277.238
3118	126.087	276.786
3120	126.184	276.736
3121	126.233	276.663
3123	126.33	276.654
3125	126.427	276.653
3127	126.524	276.638
3128	126.573	276.638
3129	126.622	276.621
3130	126.67	276.619
3131	126.719	276.573
3133	126.817	276.563
3134	126.865	276.473
3135	126.915	276.47
3137	127.012	276.47
3138	127.061	276.446
3139	127.11	276.444
3140	127.16	276.443
3141	127.21	276.441
3142	127.26	276.44
3143	127.308	276.435
3144	127.357	276.43
3146	127.454	276.43
3147	127.503	276.421
3148	127.552	276.419
3151	127.699	276.408
3153	127.797	276.371
3154	127.846	276.191
3155	127.894	276.191
3156	127.943	276.189
3159	128.089	276.161
3160	128.137	276.148
3161	128.186	276.109
3163	128.283	276.022
3164	128.332	276.022
3167	128.479	276.011
3169	128.577	275.923
3170	128.626	275.854
3172	128.723	275.852
3173	128.772	275.852
3174	128.822	275.851
3175	128.87	275.806
3177	128.967	275.759
3178	129.015	275.301
3181	129.182	275.297
3183	129.279	275.295
3184	129.327	275.183
3185	129.376	275.179
3186	129.427	275.094
3188	129.525	275.064
3190	129.622	275.063
3191	129.67	275.06
3192	129.719	275.053
3193	129.767	275.047
3194	129.816	275.047
3196	129.912	275.047
3197	129.961	274.977
3199	130.059	274.975
3200	130.107	274.903
3201	130.156	274.901
3202	130.205	274.9
3203	130.254	274.582
3204	130.302	274.567
3205	130.351	274.556
3206	130.399	274.488
3207	130.449	274.098
3209	130.545	274.083
3211	130.642	274.079
3212	130.69	274.07
3215	130.836	274.014
3216	130.885	273.953
3220	131.079	273.693
3222	131.177	273.661
3225	131.322	273.484
3226	131.371	273.484
3227	131.42	273.432
3229	131.516	273.204
3230	131.565	273.173
3234	131.761	273.172
3235	131.809	273.165
3237	131.906	273.163
3239	132.003	273.157
3240	132.051	272.203
3241	132.1	272.14
3243	132.197	272.095
3245	132.294	272.09
3246	132.343	272.026
3247	132.391	272.02
3253	132.681	272.019
3255	132.777	271.996
3256	132.826	271.949
3257	132.875	271.891
3259	132.971	271.891
3264	133.213	271.833
3265	133.262	271.663
3266	133.311	271.654
3269	133.458	271.651
3270	133.506	271.651
3271	133.555	271.649
3272	133.604	271.63
3273	133.652	271.585
3274	133.702	271.575
3276	133.801	271.573
3278	133.899	271.472
3283	134.141	271.351
3284	134.189	271.346
3287	134.337	271.343
3289	134.439	271.337
3290	134.488	271.33
3293	134.633	271.304
3294	134.681	271.304
3302	135.069	271.3
3304	135.167	271.3
3307	135.313	271.298
3308	135.361	271.246
3311	135.506	271.202
3314	135.648	271.192
3316	135.744	271.119
3317	135.791	271.114
3318	135.839	271.063
3321	135.984	270.971
3323	136.081	270.964
3324	136.13	270.857
3325	136.18	270.75
3328	136.353	270.745
3329	136.406	270.623
3330	136.456	270.589
3331	136.505	270.572
3334	136.647	270.554
3336	136.744	270.516
3337	136.792	270.479
3338	136.84	270.471
3339	136.888	269.766
3340	136.936	269.553
3341	136.984	269.543
3342	137.032	269.541
3347	137.272	269.539
3348	137.32	269.539
3349	137.368	269.538
3352	137.512	269.536
3355	137.655	268.434
3356	137.703	268.263
3357	137.751	268.257
3358	137.799	267.754
3359	137.849	267.731
3360	137.902	267.501
3361	137.952	267.437
3362	138	267.436
3363	138.048	267.427
3364	138.096	267.425
3365	138.147	267.425
3367	138.244	267.423
3368	138.292	267.422
3369	138.34	267.409
3371	138.436	267.148
3372	138.485	267.146
3374	138.581	267.121
3376	138.677	266.959
3382	138.966	266.956
3383	139.014	266.953
3384	139.062	266.951
3386	139.159	266.95
3387	139.207	266.95
3388	139.256	266.943
3390	139.351	266.943
3391	139.399	266.937
3392	139.448	266.915
3393	139.495	266.903
3394	139.543	266.702
3396	139.64	266.7
3398	139.735	266.681
3399	139.784	266.677
3400	139.833	266.642
3401	139.881	266.635
3403	139.977	266.54
3404	140.025	266.539
3407	140.169	266.473
3409	140.266	266.431
3410	140.316	266.409
3411	140.365	266.22
3413	140.463	266.22
3415	140.56	266.138
3416	140.609	266.134
3417	140.657	266.083
3418	140.706	265.546
3420	140.803	265.544
3421	140.852	265.536
3424	140.997	265.516
3425	141.046	265.514
3426	141.095	265.465
3427	141.143	265.465
3428	141.192	265.457
3429	141.241	265.441
3430	141.291	265.44
3431	141.339	265.439
3432	141.388	265.432
3433	141.437	265.431
3434	141.485	265.349
3435	141.533	265.306
3436	141.581	265.306
3437	141.63	265.293
3438	141.679	265.25
3440	141.775	265.247
3441	141.823	265.245
3442	141.872	265.244
3443	141.92	264.973
3446	142.065	264.961
3447	142.114	264.911
3448	142.162	264.887
3449	142.211	264.878
3452	142.355	264.838
3454	142.455	264.837
3455	142.503	264.822
3456	142.553	264.768
3460	142.745	264.345
3462	142.842	264.317
3463	142.891	264.305
3465	142.987	264.233
3466	143.036	264.233
3467	143.084	264.005
3468	143.134	264.001
3469	143.182	263.8
3471	143.28	263.8
3473	143.377	263.764
3474	143.425	263.763
3475	143.474	263.755
3479	143.668	263.715
3480	143.716	263.672
3483	143.864	263.644
3485	143.961	263.642
3487	144.06	263.641
3493	144.355	263.64
3494	144.403	263.637
3500	144.699	263.637
3504	144.894	262.228
3505	144.943	262.184
3506	144.993	262.143
3507	145.042	262.134
3509	145.14	262.133
3511	145.237	262.13
3513	145.335	262.08
3514	145.384	262.08
3518	145.632	262.055
3522	145.826	262.053
3523	145.875	261.321
3526	146.021	261.319
3534	146.412	261.313
3535	146.461	261.153
3538	146.607	261.153
3541	146.756	261.143
3542	146.807	261.122
3548	147.103	261.115
3550	147.201	261.092
3552	147.298	261.085
3555	147.444	261.084
3556	147.492	261.057
3557	147.542	261.054
3558	147.591	261.021
3561	147.737	260.989
3563	147.834	260.987
3565	147.933	260.961
3569	148.129	260.868
3571	148.227	260.854
3572	148.276	260.853
3574	148.374	260.842
3575	148.424	260.842
3578	148.57	260.796
3579	148.619	260.652
3580	148.668	260.537
3582	148.767	260.533
3583	148.817	260.507
3585	148.917	260.506
3587	149.016	260.503
3588	149.066	260.495
3589	149.115	260.493
3592	149.261	260.429
3595	149.408	260.174
3596	149.457	259.982
3597	149.506	259.959
3598	149.556	259.296
3599	149.605	259.293
3601	149.703	259.237
3603	149.802	259.236
3604	149.851	259.233
3605	149.9	259.232
3607	149.998	259.232
3608	150.047	259.226
3609	150.096	259.21
3610	150.145	259.208
3611	150.194	259.153
3613	150.291	259.152
3615	150.39	259.151
3616	150.439	259.151
3618	150.537	259.126
3620	150.636	259.126
3621	150.684	259.124
3624	150.831	259.123
3626	150.929	259.123
3627	150.978	259.123
3628	151.027	259.12
3631	151.18	259.108
3633	151.278	259.089
3634	151.327	259.049
3635	151.376	259.048
3636	151.425	259.047
3638	151.524	259.041
3639	151.573	259.027
3640	151.621	259.004
3641	151.673	259.001
3643	151.776	258.926
3644	151.825	258.926
3646	151.923	258.923
3648	152.02	258.923
3649	152.069	258.918
3650	152.118	258.891
3653	152.265	258.89
3657	152.461	258.876
3658	152.51	258.416
3661	152.657	258.411
3664	152.806	258.403
3666	152.904	258.387
3669	153.052	258.377
3670	153.101	258.377
3671	153.15	258.376
3673	153.249	258.374
3675	153.349	258.181
3676	153.398	258.18
3677	153.447	258.173
3678	153.496	258.168
3680	153.595	258.167
3681	153.644	258.167
3683	153.742	257.904
3685	153.84	257.896
3686	153.889	257.778
3687	153.939	257.59
3691	154.135	257.588
3692	154.185	257.578
3694	154.284	257.574
3695	154.333	257.564
3696	154.383	257.502
3699	154.532	257.497
3700	154.581	257.373
3702	154.68	257.368
3703	154.73	257.365
3705	154.829	257.261
3706	154.878	257.26
3707	154.928	257.221
3709	155.027	255.815
3710	155.077	255.719
3711	155.126	255.719
3714	155.275	255.716
3717	155.424	255.713
3718	155.474	255.615
3720	155.576	255.603
3721	155.626	255.594
3723	155.726	255.569
3724	155.775	255.567
3727	155.923	255.521
3735	156.383	255.52
3737	156.493	255.47
3741	156.699	255.468
3744	156.851	255.429
3745	156.902	255.38
3746	156.954	255.357
3750	157.155	255.352
3751	157.204	255.351
3753	157.304	255.01
3755	157.404	255.002
3762	157.764	255
3763	157.813	254.627
3764	157.864	254.626
3769	158.115	254.624
3770	158.165	254.624
3773	158.315	254.572
3774	158.366	254.571
3775	158.415	254.556
3778	158.566	254.554
3781	158.715	254.554
3784	158.866	254.554
3788	159.067	254.544
3792	159.266	254.539
3794	159.385	254.525
3796	159.498	254.508
3798	159.599	254.45
3799	159.649	254.447
3801	159.75	254.44
3803	159.852	254.437
3804	159.905	254.406
3805	159.959	254.322
3808	160.118	254.319
3811	160.268	254.312
3812	160.318	254.305
3814	160.417	254.265
3819	160.665	254.192
3820	160.714	254.085
3827	161.061	254.084
3828	161.111	254.073
3832	161.308	254.057
3835	161.457	253.765
3836	161.507	253.663
3838	161.607	253.396
3839	161.657	253.393
3840	161.706	253.387
3841	161.755	253.357
3844	161.904	253.354
3848	162.105	253.353
3849	162.156	253.351
3850	162.206	253.348
3851	162.255	253.304
3854	162.404	253.301
3855	162.454	253.299
3856	162.503	253.288
3859	162.652	253.285
3861	162.752	253.284
3862	162.802	253.278
3864	162.901	253.271
3865	162.952	253.269
3866	163.002	253.268
3868	163.1	253.267
3872	163.3	253.248
3873	163.349	253.237
3874	163.399	253.123
3875	163.449	253.122
3876	163.499	253.122
3879	163.649	253.105
3880	163.698	253.095
3881	163.748	253.067
3882	163.797	253.059
3883	163.847	253.002
3884	163.897	253.002
3886	163.998	252.996
3888	164.096	252.992
3890	164.196	252.95
3892	164.296	252.948
3893	164.346	252.948
3894	164.396	252.948
3895	164.446	252.926
3897	164.555	252.662
3898	164.605	252.29
3901	164.757	252.284
3903	164.858	252.282
3906	165.006	252.247
3910	165.208	252.247
3911	165.258	252.246
3913	165.358	252.243
3916	165.507	252.243
3917	165.557	252.243
3918	165.607	252.059
3920	165.707	252.058
3921	165.757	252.057
3922	165.807	252.057
3923	165.856	251.815
3925	165.956	251.662
3926	166.006	251.616
3929	166.156	251.611
3931	166.257	251.611
3932	166.307	251.599
3936	166.511	251.562
3938	166.615	251.558
3939	166.672	251.554
3940	166.724	251.457
3942	166.827	251.455
3943	166.876	251.414
3949	167.175	250.278
3954	167.425	250.276
3959	167.672	250.269
3960	167.722	250.255
3961	167.772	250.243
3962	167.822	250.232
3963	167.872	250.214
3967	168.07	249.918
3970	168.222	249.855
3973	168.371	249.855
3974	168.421	249.853
3975	168.471	249.807
3978	168.617	249.806
3980	168.718	249.797
3981	168.766	249.758
3983	168.864	249.754
3984	168.913	249.727
3985	168.961	249.694
3986	169.01	249.67
3987	169.058	249.665
3989	169.155	249.664
3990	169.205	249.664
3993	169.35	249.485
3994	169.4	249.471
3998	169.593	249.449
4000	169.69	249.449
4002	169.787	249.44
4003	169.836	248.906
4007	170.03	248.905
4009	170.127	248.886
4012	170.273	248.879
4013	170.322	248.82
4014	170.371	248.819
4015	170.42	248.8
4019	170.618	248.791
4022	170.764	248.785
4023	170.813	248.781
4024	170.863	248.781
4026	170.962	248.78
4028	171.059	248.774
4032	171.255	248.765
4037	171.5	248.734
4038	171.549	248.623
4043	171.793	248.62
4049	172.086	248.549
4051	172.184	248.473
4052	172.233	248.47
4054	172.331	248.453
4055	172.379	248.453
4059	172.576	248.304
4060	172.625	248.25
4072	173.216	248.249
4074	173.317	248.244
4075	173.366	248.096
4076	173.415	247.979
4078	173.514	247.783
4081	173.663	247.734
4082	173.712	247.733
4083	173.763	247.732
4085	173.86	247.731
4087	173.959	247.73
4088	174.007	247.73
4089	174.057	247.726
4091	174.154	247.618
4093	174.254	247.613
4094	174.303	247.599
4095	174.352	247.598
4099	174.55	247.597
4100	174.6	247.597
4101	174.649	247.597
4103	174.748	247.595
4104	174.798	247.593
4106	174.896	247.593
4108	174.995	247.593
4109	175.044	247.591
4111	175.145	247.59
4113	175.244	247.573
4114	175.293	247.465
4116	175.392	247.464
4118	175.49	247.453
4119	175.54	247.426
4120	175.591	247.409
4121	175.64	247.346
4123	175.743	247.298
4124	175.792	247.295
4128	175.989	247.28
4130	176.089	247.25
4132	176.19	247.249
4134	176.291	247.243
4136	176.391	247.239
4137	176.443	247.21
4138	176.499	246.861
4141	176.648	246.857
4145	176.846	246.855
4147	176.944	246.855
4150	177.094	246.854
4151	177.143	246.853
4152	177.192	246.852
4153	177.242	246.852
4156	177.391	246.851
4157	177.441	246.849
4158	177.49	246.814
4160	177.59	246.813
4161	177.639	246.813
4163	177.737	246.57
4165	177.837	246.565
4166	177.888	246.551
4169	178.035	246.268
4171	178.136	246.265
4172	178.187	246.262
4176	178.387	246.235
4178	178.487	246.232
4179	178.537	246.229
4180	178.588	246.176
4182	178.688	246.175
4184	178.786	246.173
4186	178.885	246.173
4187	178.935	246.158
4189	179.034	245.188
4190	179.084	244.903
4191	179.133	244.902
4193	179.233	244.901
4194	179.283	244.899
4197	179.431	244.891
4200	179.581	244.888
4203	179.729	244.865
4204	179.778	244.864
4207	179.928	244.56
4209	180.026	244.559
4211	180.127	244.548
4213	180.227	244.547
4214	180.277	244.545
4215	180.326	244.511
4216	180.376	244.507
4217	180.425	244.499
4219	180.534	244.495
4221	180.634	244.481
4224	180.783	244.465
4225	180.833	244.435
4226	180.882	244.417
4229	181.038	244.416
4230	181.096	244.407
4231	181.152	244.405
4232	181.201	244.403
4233	181.251	243.552
4234	181.3	243.521
4243	181.753	243.006
4246	181.948	242.998
4247	181.999	242.997
4249	182.101	242.99
4253	182.3	242.977
4254	182.349	242.975
4255	182.398	242.905
4258	182.546	242.905
4259	182.596	242.84
4264	182.861	242.84
4266	182.989	242.815
4268	183.095	242.795
4270	183.196	242.789
4272	183.295	242.788
4276	183.493	242.787
4278	183.593	242.707
4283	183.842	242.706
4284	183.895	242.699
4285	183.945	242.69
4291	184.243	242.686
4295	184.442	242.686
4297	184.543	242.678
4298	184.593	242.671
4299	184.642	242.557
4305	184.956	242.547
4307	185.055	242.547
4312	185.304	242.52
4314	185.404	242.496
4315	185.456	242.218
4316	185.505	242.151
4318	185.606	242.015
4319	185.657	241.991
4320	185.706	241.987
4321	185.756	241.933
4322	185.806	241.932
4324	185.904	241.932
4325	185.955	241.932
4329	186.158	241.917
4330	186.207	241.916
4331	186.257	241.907
4333	186.357	241.9
4335	186.456	241.9
4336	186.505	241.899
4337	186.555	241.898
4341	186.783	241.897
4343	186.887	241.891
4345	186.988	241.882
4346	187.038	241.881
4347	187.089	241.881
4348	187.139	241.88
4353	187.387	241.872
4354	187.437	241.811
4356	187.536	241.81
4358	187.635	241.809
4359	187.685	241.804
4360	187.735	241.79
4361	187.784	241.786
4363	187.883	241.75
4364	187.934	241.749
4367	188.093	241.747
4368	188.143	241.741
4369	188.193	241.738
4370	188.246	241.707
4372	188.348	241.706
4373	188.399	241.706
4374	188.449	241.705
4375	188.499	241.683
4377	188.599	241.673
4378	188.648	241.321
4381	188.797	241.318
4382	188.847	241.311
4384	188.947	241.309
4387	189.097	241.309
4389	189.198	241.307
4390	189.248	241.306
4393	189.398	241.305
4396	189.55	241.305
4397	189.6	241.302
4398	189.649	241.294
4402	189.853	241.293
4403	189.902	241.112
4405	190.002	241.107
4406	190.052	241.084
4409	190.201	241.067
4410	190.251	241.067
4411	190.301	241.065
4412	190.352	241.051
4416	190.556	241.023
4419	190.706	241.02
4422	190.855	241.02
4424	190.955	241.014
4426	191.055	241.014
4429	191.207	240.179
4431	191.309	240.178
4433	191.409	240.163
4434	191.459	240.162
4440	191.758	240.158
4443	191.907	240.139
4444	191.956	240.13
4445	192.006	240.129
4450	192.256	240.123
4451	192.306	240.075
4455	192.509	240.069
4456	192.558	240.067
4457	192.609	240.044
4464	192.961	240.028
4465	193.01	239.942
4466	193.062	239.826
4469	193.233	239.826
4470	193.285	239.825
4471	193.334	239.824
4472	193.385	239.771
4475	193.535	239.763
4483	193.955	239.347
4486	194.105	239.347
4489	194.254	239.345
4494	194.504	239.344
4500	194.802	239.344
4502	194.905	239.334
4504	195.009	239.333
4508	195.209	239.326
4515	195.568	239.326
4516	195.618	239.308
4518	195.72	239.263
4519	195.769	239.261
4520	195.82	239.075
4522	195.92	239.039
4523	195.97	239.038
4524	196.022	239.014
4528	196.223	239.012
4532	196.425	239.011
4538	196.786	239.002
4539	196.836	238.977
4540	196.886	238.926
4545	197.149	238.907
4555	197.733	238.839
4556	197.785	238.776
4558	197.886	238.699
4559	197.936	238.694
4561	198.036	238.673
4563	198.142	238.672
4564	198.201	238.671
4565	198.252	238.671
4568	198.402	238.671
4569	198.453	238.667
4570	198.503	238.666
4571	198.554	238.648
4572	198.605	238.606
4573	198.656	238.602
4574	198.707	238.597
4576	198.808	238.596
4581	199.072	238.595
4582	199.122	238.593
4583	199.173	238.592
4585	199.277	238.348
4586	199.327	238.348
4587	199.378	238.347
4589	199.479	238.347
4593	199.68	238.325
4594	199.73	238.241
4595	199.779	238.241
4596	199.829	238.24
4599	199.98	238.236
4600	200.03	238.226
4601	200.08	238.223
4603	200.18	238.188
4604	200.231	238.187
4607	200.38	238.184
4608	200.429	238.175
4610	200.528	238.157
4612	200.627	238.155
4614	200.724	238.153
4615	200.773	238.129
4617	200.871	238.115
4618	200.92	237.833
4622	201.119	237.826
4624	201.218	237.814
4626	201.333	237.81
4627	201.384	237.809
4629	201.484	237.804
4630	201.536	237.803
4632	201.636	237.791
4633	201.686	237.789
4636	201.834	237.789
4640	202.031	237.787
4642	202.131	237.786
4643	202.181	237.592
4645	202.279	237.588
4646	202.328	237.579
4647	202.377	237.558
4650	202.525	237.553
4651	202.575	237.552
4653	202.673	237.551
4654	202.723	237.548
4656	202.822	237.538
4658	202.92	237.535
4662	203.115	237.535
4665	203.261	237.215
4667	203.358	237.201
4669	203.457	236.521
4671	203.558	236.521
4673	203.657	236.51
4674	203.707	236.51
4676	203.813	236.502
4680	204.012	236.456
4681	204.061	236.446
4683	204.159	236.423
4684	204.208	236.413
4685	204.256	236.411
4688	204.403	236.398
4690	204.501	236.395
4696	204.797	236.389
4697	204.847	236.371
4700	204.994	236.361
4701	205.044	236.336
4704	205.192	236.332
4705	205.241	236.27
4706	205.291	236.255
4710	205.488	236.237
4711	205.537	236.236
4712	205.588	236.178
4713	205.637	236.128
4714	205.689	236.128
4719	205.936	236.12
4723	206.164	235.619
4730	206.52	235.618
4742	207.151	235.565
4743	207.201	235.564
4744	207.251	235.564
4748	207.449	235.559
4750	207.548	235.535
4752	207.646	235.531
4755	207.794	235.525
4756	207.845	235.5
4758	207.944	235.465
4759	207.993	235.464
4761	208.092	235.464
4762	208.142	235.432
4763	208.192	235.427
4764	208.241	235.42
4768	208.438	235.418
4769	208.487	235.409
4770	208.537	235.391
4778	208.931	235.372
4780	209.03	235.337
4785	209.278	235.322
4787	209.376	235.322
4795	209.77	235.266
4796	209.82	235.207
4797	209.869	235.188
4798	209.919	235.04
4799	209.969	235.028
4800	210.02	235.015
4801	210.069	234.989
4803	210.168	234.984
4804	210.217	234.981
4805	210.268	234.981
4808	210.419	234.98
4809	210.468	234.971
4810	210.518	234.97
4811	210.567	234.969
4814	210.716	234.965
4815	210.765	234.964
4817	210.864	234.964
4819	210.964	234.963
4822	211.113	234.957
4823	211.162	234.956
4824	211.213	234.95
4825	211.263	234.948
4826	211.314	234.948
4828	211.413	234.948
4833	211.66	234.913
4834	211.71	234.852
4837	211.859	234.586
4839	211.959	234.57
4840	212.009	234.565
4841	212.064	234.562
4843	212.164	234.533
4844	212.215	234.532
4850	212.52	234.492
4852	212.623	234.492
4855	212.772	234.396
4858	212.933	234.161
4864	213.237	234.149
4865	213.287	234.148
4867	213.386	234.147
4868	213.437	234.139
4869	213.487	234.135
4870	213.537	234.135
4871	213.588	234.134
4872	213.639	234.132
4876	213.838	234.132
4877	213.888	234.125
4878	213.937	234.1
4880	214.037	234.099
4882	214.144	234.099
4883	214.197	233.946
4885	214.299	233.943
4886	214.351	233.93
4888	214.454	233.928
4892	214.656	233.66
4894	214.756	233.657
4896	214.856	233.619
4897	214.905	233.617
4903	215.203	232.769
4904	215.252	232.767
4908	215.451	232.761
4909	215.5	232.123
4913	215.699	232.11
4914	215.749	232.108
4917	215.9	232.105
4920	216.051	232.092
4921	216.101	232.09
4923	216.201	232.079
4930	216.551	232.079
4931	216.602	232.068
4933	216.71	232.068
4935	216.872	232.045
4941	217.194	232.037
4944	217.361	232.033
4945	217.421	232.013
4946	217.474	231.999
4950	217.677	231.999
4951	217.727	231.995
4952	217.777	231.959
4953	217.827	231.915
4961	218.236	231.91
4963	218.369	231.542
4967	218.571	231.542
4970	218.722	231.542
4977	219.076	231.542
4978	219.126	231.541
4979	219.176	231.54
4980	219.226	231.28
4983	219.375	231.28
4992	219.845	231.276
4998	220.154	231.268
5000	220.256	231.268
# FIN	220.256	231.268

