# target=instancias/bach.png T=240 iters=5000 K=32 seed=auto
iter	segundos	MSE
0	0.00192584	19374
1	0.0206429	19251.3
2	0.0392088	19174.7
3	0.0574979	19168.6
4	0.0762186	19136.9
5	0.0951173	19128.4
6	0.113574	19062.2
7	0.132523	19011.7
8	0.151421	18989.7
9	0.170242	18927.9
10	0.188881	18842.9
11	0.207538	18718.5
12	0.226233	18712.9
13	0.245751	18691.7
14	0.26473	18628.8
15	0.284013	18540.3
16	0.303337	18538.3
17	0.322269	18455.5
18	0.341187	18417
19	0.360184	18343.2
20	0.379333	18343
21	0.398309	18266.9
22	0.417542	18128.2
23	0.436619	18116.8
24	0.455658	17983.2
25	0.474737	17933.9
26	0.494562	17856.8
27	0.51407	17687
28	0.533703	17622.9
29	0.553086	17588.3
30	0.572805	17578.7
31	0.592521	17559.4
32	0.612339	17524
33	0.631973	17518.3
34	0.651432	17451.9
35	0.6715	17405.5
36	0.691076	17405.1
37	0.710589	17395.6
38	0.730031	17374.4
39	0.749765	17363.7
40	0.769326	17355
41	0.788907	17284.7
42	0.809134	17278.4
43	0.829263	17245.3
44	0.849649	17209.2
45	0.869898	17166.1
46	0.890122	17163.4
47	0.909811	17134.9
48	0.92959	17097.4
49	0.950808	17095.5
50	0.972801	17054.3
51	0.993463	16997
52	1.01476	16951.3
53	1.0354	16883.1
54	1.05645	16878.2
55	1.07753	16818.1
56	1.09872	16756
57	1.11933	16670.7
58	1.14006	16629.1
59	1.1609	16495.7
60	1.18216	16494.6
61	1.20222	16454.1
62	1.22282	16402
63	1.24297	16349.6
64	1.263	16345.9
65	1.28329	16332.3
66	1.30438	16304.5
67	1.32437	16304.2
68	1.34443	16249.7
69	1.36469	16243.9
70	1.38506	16237.1
71	1.4057	16173.3
72	1.4259	16077
73	1.44659	16074.9
74	1.46716	16074.7
75	1.48774	16070.7
76	1.50852	16056.4
77	1.52922	16041.7
78	1.54956	16034.9
79	1.56997	15996
80	1.59057	15870
81	1.61181	15831.8
82	1.63281	15784.4
83	1.65368	15746
84	1.67438	15738.6
85	1.69509	15629.3
86	1.71586	15573.4
87	1.73674	15556
88	1.75733	15539.5
89	1.77794	15464.5
90	1.79897	15464.3
91	1.82032	15455.5
92	1.84104	15398.7
93	1.86232	15393.5
94	1.88358	15392.7
95	1.90482	15392.3
96	1.92576	15388.6
97	1.947	15386.7
98	1.96825	15327.7
99	1.98916	15311.8
100	2.01027	15209.2
101	2.0328	15169.5
102	2.05565	15144.8
103	2.07731	15016.1
104	2.09951	14931.7
105	2.12141	14806.9
106	2.1438	14795.1
107	2.16582	14704.5
108	2.20819	14704.5
109	2.23425	14591.1
110	2.2583	14576.3
111	2.27965	14556.4
112	2.3015	14435.5
113	2.32305	14428.6
114	2.34476	14366.7
115	2.367	14294.4
116	2.38841	14133
117	2.40972	13955
118	2.43107	13954.1
119	2.45255	13947.5
120	2.47408	13912.5
121	2.496	13904.1
122	2.51753	13893.3
123	2.53917	13848.7
124	2.56099	13843.3
125	2.5825	13834.2
126	2.60405	13761
127	2.6261	13734.2
128	2.64858	13726
129	2.67083	13579
130	2.69267	13515.2
131	2.7147	13387.5
132	2.73722	13386.7
133	2.75919	13348.6
134	2.78146	13263.1
135	2.80351	13248.3
136	2.82579	13226.6
137	2.8485	13226.2
138	2.87081	13213.5
139	2.89283	13212.8
140	2.91512	13211.9
141	2.9373	13211.8
142	2.95925	13158.3
143	2.98139	13076.1
144	3.00382	13022.9
145	3.02621	13004.2
146	3.04847	12999.9
147	3.07084	12979.2
148	3.09345	12953.6
149	3.11688	12820.2
150	3.14049	12740.1
151	3.16375	12732.4
152	3.18629	12726.9
153	3.20871	12691.6
154	3.23114	12677.7
155	3.25414	12677.6
156	3.27714	12565.8
157	3.29994	12555.2
158	3.32244	12542.3
159	3.34542	12520.8
160	3.36815	12501.9
161	3.3906	12459.4
162	3.41341	12434.6
163	3.4362	12433.7
164	3.45977	12316.3
165	3.4824	12306.5
166	3.50512	12287.6
167	3.5279	12280.3
168	3.55123	12266.8
169	3.57501	12225.5
170	3.59817	12206.1
171	3.62137	12204.2
172	3.64455	12200.5
173	3.66847	12199.9
174	3.69157	12145.8
175	3.71479	12104.9
176	3.73861	12102
177	3.76206	12101.1
178	3.78519	12071.1
179	3.80851	12066
180	3.83245	12042.2
181	3.85609	12039.3
182	3.87961	12015.2
183	3.90315	12004.3
184	3.92643	11978.8
185	3.94996	11978
186	3.97326	11945.8
187	3.99652	11918.1
188	4.0202	11854.1
189	4.04455	11799.2
190	4.06844	11796
191	4.09217	11790.8
193	4.13895	11774.1
194	4.16237	11773.4
195	4.18602	11772.4
196	4.20985	11772.4
197	4.23358	11724.4
198	4.25715	11724.2
199	4.28081	11598.5
200	4.30481	11573.6
201	4.32854	11570.4
202	4.35224	11505
203	4.376	11503.3
204	4.39969	11468.7
205	4.42399	11429.8
206	4.44799	11400.6
207	4.47168	11337.3
208	4.4956	11337.3
209	4.51977	11239
210	4.54492	11168.1
211	4.56871	11150.6
212	4.59273	11124
213	4.61666	11080.3
214	4.6409	11041.3
215	4.66535	11032.3
216	4.68942	11023.5
217	4.71346	11013.3
218	4.73779	11013
219	4.76242	10989.4
220	4.78655	10989
221	4.81055	10936.2
222	4.83502	10866.6
223	4.85989	10770.6
224	4.88452	10745.1
225	4.90862	10717.7
226	4.9329	10716.9
227	4.95696	10692.1
228	4.98164	10691
229	5.00595	10689.9
230	5.0302	10689.8
231	5.05465	10673.6
232	5.07897	10672.1
233	5.10336	10671.3
234	5.12839	10563.8
235	5.15292	10547.4
236	5.17718	10512.2
237	5.20154	10481.4
238	5.22619	10435.7
239	5.25101	10432.2
240	5.27539	10370.9
241	5.30083	10337.4
242	5.32617	10263.3
243	5.35168	10259.1
244	5.37627	10257.9
245	5.40096	10253.2
246	5.42551	10226.5
247	5.45113	10182.2
248	5.47595	10166.3
249	5.50062	10149.4
250	5.52537	10131.8
251	5.55012	10072.9
252	5.57526	10071.8
253	5.6003	10056.9
254	5.62511	9982.25
255	5.65015	9923.34
256	5.67497	9922.31
257	5.69989	9900.61
258	5.72459	9891.49
259	5.74974	9880.45
260	5.77484	9880.29
261	5.79954	9777.89
262	5.8245	9585.46
263	5.84969	9584.54
264	5.87467	9544.29
265	5.90001	9527.31
266	5.92506	9463.14
267	5.95034	9420.75
268	5.97629	9377.47
269	6.00172	9364.61
270	6.0269	9364.22
271	6.0522	9362.2
272	6.07737	9321.38
273	6.10302	9317.23
274	6.12876	9230.77
275	6.15416	9211.11
276	6.17927	9210.88
277	6.20509	9193.02
278	6.23091	9189.78
279	6.25726	9167.49
280	6.28317	9166.06
281	6.30899	9143.55
283	6.36046	9095.16
284	6.38585	9092.88
285	6.41159	9077
286	6.43794	9068.15
287	6.46338	9049.15
288	6.48901	9031.39
289	6.5148	9029.78
290	6.54083	9015.17
291	6.5666	8967.74
292	6.59273	8947.79
293	6.61854	8937.54
294	6.64467	8935.98
295	6.67046	8926.81
296	6.69626	8887.85
297	6.72227	8847.17
299	6.77399	8753.95
300	6.79991	8753.65
301	6.82616	8727.65
302	6.85231	8645.88
303	6.87903	8622.62
304	6.90534	8607.34
305	6.93154	8607.32
306	6.95793	8606.33
307	6.98441	8604.15
308	7.01079	8578.64
309	7.0372	8568.32
310	7.06378	8565.01
311	7.08979	8561.44
312	7.11576	8551.13
313	7.14219	8549.68
315	7.19743	8547.43
316	7.22355	8543.32
317	7.24992	8538.63
318	7.27633	8524.36
319	7.30287	8393.3
320	7.32949	8321.35
321	7.35571	8310.34
322	7.3826	8295.04
323	7.40978	8240.37
324	7.43637	8238.44
325	7.46371	8169.15
326	7.49087	8135.4
327	7.5189	8128.09
328	7.54675	8119.85
329	7.57375	8092.76
330	7.60058	8090.55
331	7.62762	8088.57
332	7.6548	8036.97
333	7.68174	8034.58
334	7.70841	8023.73
335	7.73526	8023.7
336	7.76222	8001.81
337	7.78925	8001.64
338	7.81704	7974.64
339	7.84391	7971.45
340	7.87082	7911.71
341	7.89816	7869.77
342	7.92532	7847.89
343	7.95281	7748.41
344	7.98081	7729.75
345	8.00818	7600.23
346	8.03555	7576.05
347	8.06261	7574.36
348	8.08988	7574.35
349	8.11741	7511.22
350	8.14461	7511.16
351	8.17179	7511.16
352	8.20046	7433.66
353	8.22752	7432.85
354	8.255	7422.49
355	8.28214	7422.36
356	8.30943	7335.95
357	8.33681	7301.11
358	8.36392	7299.64
359	8.3915	7299.43
360	8.4187	7285.18
361	8.44591	7279.2
362	8.47305	7262.99
363	8.50053	7238.02
364	8.52885	7237.3
365	8.55612	7233.45
366	8.58413	7222.72
367	8.61136	7216.74
368	8.63877	7214.79
369	8.66684	7166.34
370	8.69412	7154.62
371	8.72205	7116.24
372	8.74962	7115.96
373	8.77704	7113.49
374	8.8049	7050.7
375	8.83245	7038.86
376	8.86041	7015.88
377	8.8884	7015.39
378	8.91604	7001.82
379	8.94345	7001.81
380	8.97141	6999.45
381	8.99887	6999.42
382	9.0262	6909.92
383	9.05375	6834.15
384	9.0819	6782.82
385	9.10961	6763.58
386	9.13727	6762.5
387	9.16508	6758.82
388	9.19331	6708.91
389	9.2209	6698.21
390	9.24861	6664.25
391	9.27711	6651.51
392	9.30507	6650.14
393	9.33287	6622.27
394	9.36068	6620.04
395	9.3886	6608.13
396	9.41689	6571.68
397	9.44519	6540.07
398	9.47315	6529.33
399	9.50106	6521.82
400	9.52922	6511.64
401	9.55779	6495.07
402	9.5864	6491.7
403	9.61497	6491.56
404	9.64303	6446.68
405	9.6716	6445.91
406	9.70038	6408.52
407	9.72975	6405.89
408	9.75847	6400.72
409	9.78706	6353.67
410	9.8152	6353.39
411	9.84384	6348.55
412	9.87238	6347.86
413	9.9009	6346.45
414	9.92928	6325.21
415	9.95774	6293.51
416	9.98617	6291.02
417	10.0152	6291.02
418	10.0436	6264.82
419	10.0727	6264.14
420	10.1009	6261.03
421	10.1291	6260.56
422	10.1579	6258.44
423	10.1866	6257.46
424	10.215	6225.83
425	10.2438	6225.76
426	10.2738	6209.86
427	10.3032	6208.51
428	10.3335	6159.34
429	10.3619	6157.52
430	10.3908	6154.13
432	10.4511	6154.05
433	10.485	6140.45
434	10.5159	6135.41
435	10.5453	6134.08
436	10.5754	6134.07
437	10.6049	6105.03
438	10.6353	6086.18
439	10.6651	6038.66
440	10.6942	6031.38
441	10.7267	6029.8
442	10.7598	5977.72
443	10.7889	5975.56
444	10.8223	5946.76
445	10.8796	5944.53
446	10.9135	5943.44
447	10.9431	5927.79
448	10.9718	5927.76
449	11.0003	5912.17
450	11.0288	5908.44
451	11.0581	5888.6
452	11.0875	5877.6
453	11.1169	5855.14
454	11.1459	5826.3
455	11.175	5821.74
456	11.2043	5802.01
457	11.2343	5796.98
458	11.2641	5788.2
459	11.2934	5784.5
460	11.3228	5781.12
461	11.3522	5741.36
462	11.3816	5676.85
463	11.4108	5579.65
464	11.4398	5565.79
465	11.4689	5553.36
466	11.4984	5549.79
467	11.5276	5528.27
468	11.5572	5526.17
469	11.5868	5525.81
470	11.6163	5525.36
471	11.6463	5505.83
472	11.676	5505.66
473	11.7059	5505.6
474	11.7355	5467.35
475	11.7648	5465.48
476	11.7945	5433.08
477	11.8243	5427.24
478	11.8541	5424.3
479	11.8852	5424.2
480	11.9163	5418.75
481	11.9464	5398.92
482	11.9763	5383.23
483	12.0061	5377.38
484	12.036	5374.54
485	12.0658	5374.31
486	12.0959	5369.92
487	12.1257	5366.53
488	12.1557	5365.56
489	12.1864	5362.68
490	12.217	5338.71
491	12.2476	5327.25
492	12.2783	5326.87
493	12.3085	5323.78
494	12.3386	5318.64
495	12.3689	5309.45
496	12.3997	5303.47
497	12.4305	5290.55
498	12.4608	5282.89
499	12.4911	5266.44
500	12.5222	5266.43
501	12.5526	5262.12
502	12.5831	5218.93
503	12.6141	5218.17
504	12.6449	5197.46
505	12.6754	5190.54
506	12.7063	5163.62
507	12.737	5103.42
508	12.7676	5100.08
509	12.7984	5098.18
510	12.829	5097.13
511	12.8608	5095.85
512	12.8918	5092.32
513	12.9226	5091.3
514	12.9543	5056.63
515	12.9851	5051.21
516	13.0163	5043.68
517	13.0471	5040.09
518	13.0783	5038.28
519	13.1094	5027.19
520	13.1407	5027.11
521	13.1723	5026.33
522	13.2031	5025.36
523	13.2342	5023.76
524	13.2652	5023.42
525	13.2967	5023.41
526	13.3278	5023.27
527	13.3591	5009.66
528	13.3916	5008.12
529	13.4232	5007.93
530	13.4551	4998.16
531	13.4871	4959.41
532	13.5196	4958.95
533	13.5511	4957.26
534	13.5824	4955.52
535	13.6145	4954.26
536	13.6461	4949.77
537	13.6774	4936.93
538	13.709	4934.96
539	13.7406	4892.11
540	13.7724	4891.79
541	13.8038	4878.96
542	13.8353	4778.02
543	13.8664	4776.28
544	13.8978	4767.21
545	13.9294	4767.17
546	13.9608	4766.09
547	13.9922	4765.89
548	14.0235	4764.34
549	14.0559	4761.07
550	14.0896	4760.9
551	14.1219	4757.77
552	14.1536	4745.09
553	14.1849	4740.38
554	14.2171	4736.84
555	14.2487	4718.23
556	14.281	4716.05
557	14.3125	4715.28
558	14.3441	4708.57
559	14.3768	4676.74
560	14.4085	4623.81
561	14.4403	4619.39
562	14.4721	4608.34
563	14.5041	4588.78
564	14.5358	4588.63
565	14.5676	4524.52
566	14.5997	4496.79
567	14.6321	4496.03
568	14.6644	4493.15
569	14.6968	4488.8
570	14.7286	4484.84
571	14.7605	4484.8
572	14.7931	4387.32
573	14.8252	4384.56
574	14.8574	4377.81
575	14.8894	4377.42
576	14.9218	4375.08
577	14.9537	4372.99
578	14.9865	4338.9
579	15.0188	4338.84
580	15.0509	4233.8
581	15.0831	4232.37
582	15.1153	4232.17
583	15.1479	4177.35
584	15.1799	4176.69
585	15.2119	4072.03
586	15.2443	4064.92
587	15.2771	3984.88
588	15.3094	3984.83
589	15.3416	3894.84
590	15.3738	3894.72
591	15.4057	3894.72
592	15.438	3831.04
593	15.4705	3828.94
594	15.5032	3821.49
595	15.5361	3817.58
596	15.5681	3805.69
597	15.6006	3805.08
598	15.6326	3804.8
599	15.6648	3800.84
600	15.6971	3800.67
601	15.7293	3798.97
602	15.7622	3796.81
603	15.7947	3784.61
604	15.8269	3784.3
605	15.859	3781.05
606	15.8924	3774.85
607	15.9251	3774.17
608	15.9575	3769.8
609	15.9905	3767.65
610	16.0233	3735.02
611	16.0557	3734.01
612	16.0882	3734
613	16.1211	3732.28
614	16.1539	3689.28
615	16.1864	3681.44
616	16.2198	3681.22
617	16.2535	3679.66
618	16.288	3677.71
619	16.321	3677.71
620	16.3542	3668.43
621	16.3869	3668.17
622	16.4198	3587.99
623	16.453	3568.04
624	16.4863	3566.65
625	16.5193	3493.04
626	16.5522	3491.88
627	16.5849	3480.24
628	16.6183	3472.25
629	16.6514	3462.55
630	16.685	3455.03
631	16.7183	3443.87
632	16.7512	3443.32
633	16.7846	3437.94
634	16.8182	3437.28
635	16.851	3435.93
636	16.8841	3413.3
637	16.9174	3408.84
638	16.9506	3408.09
639	16.9839	3404.14
640	17.017	3398.92
641	17.0511	3396.13
642	17.0852	3391.99
643	17.1194	3391.97
644	17.1525	3287.75
645	17.1855	3287.33
646	17.2193	3268.82
647	17.2528	3267.4
648	17.2873	3262.65
649	17.3212	3228.47
650	17.3545	3226.72
651	17.388	3226.01
652	17.4211	3225.92
653	17.4546	3225.07
654	17.4882	3219.82
655	17.5225	3219.54
656	17.5563	3219.11
657	17.5903	3219.09
658	17.6237	3183.81
659	17.6572	3183.42
660	17.6911	3172.37
661	17.7246	3172.01
662	17.758	3171.46
663	17.7914	3142.43
664	17.825	3125.95
665	17.8587	3118.82
666	17.8925	3115.33
667	17.9263	3111.86
668	17.9597	3100.35
669	17.9933	3100.2
670	18.0272	3100.02
671	18.0609	3099.44
672	18.0949	3099.16
673	18.1283	3094.99
674	18.1622	3089.72
675	18.1957	3088.71
676	18.2296	3088.33
677	18.263	3016.57
678	18.2967	3016.5
679	18.3311	2975.82
680	18.3648	2970.22
681	18.3987	2969.59
682	18.433	2950.74
683	18.4686	2950.36
684	18.503	2938.12
686	18.5702	2937.38
687	18.6041	2937.31
688	18.6382	2937.28
689	18.6727	2904.18
690	18.7079	2899.68
691	18.7421	2889.13
692	18.7763	2876.65
693	18.8103	2875.39
694	18.8444	2866.32
695	18.8781	2862.24
696	18.9122	2862.22
697	18.9461	2859.96
698	18.9807	2858.16
699	19.0149	2851.77
700	19.0499	2851.14
701	19.0845	2850.62
702	19.1192	2810.71
703	19.1535	2803.8
704	19.1876	2787.69
705	19.222	2755.44
706	19.2566	2752.3
707	19.2912	2749.8
708	19.3253	2735.27
709	19.3597	2735.2
710	19.3939	2735.08
711	19.4281	2732.68
712	19.4621	2732.02
713	19.4967	2731.91
714	19.5315	2713.67
715	19.5659	2709.74
716	19.6002	2707.12
717	19.6345	2707.03
718	19.6692	2706.5
719	19.7039	2706.44
720	19.7386	2703.22
721	19.7729	2700.46
722	19.8076	2653.64
723	19.842	2652.7
724	19.8765	2651.34
725	19.9108	2651.14
726	19.9461	2650.69
727	19.9813	2649.47
728	20.0158	2648.87
729	20.0502	2626.19
730	20.0847	2607.57
731	20.119	2575.26
732	20.1533	2575.25
733	20.1881	2572.53
734	20.2229	2571.09
735	20.2573	2559.42
736	20.2926	2556.08
737	20.3283	2553.46
738	20.3635	2550.79
739	20.3987	2550.1
740	20.4336	2550.09
741	20.4681	2548.65
742	20.5033	2544.73
743	20.5382	2544.64
744	20.5731	2544.61
745	20.6079	2541.78
746	20.6437	2539.74
747	20.6783	2531.5
748	20.7135	2531.33
749	20.748	2531.27
750	20.783	2531.26
751	20.8182	2530.31
752	20.8529	2524.23
753	20.8878	2523.57
754	20.9231	2490.01
755	20.9579	2488.56
756	20.9934	2483.21
757	21.0284	2481.98
758	21.0635	2481.81
759	21.0981	2474.44
760	21.1327	2474.22
761	21.1678	2471.95
762	21.2024	2471
763	21.2377	2463.47
764	21.2732	2461.95
765	21.3081	2461.91
766	21.343	2461.69
767	21.3789	2460.78
768	21.4145	2460.05
769	21.4495	2459.59
770	21.4852	2453.11
771	21.5201	2440.32
772	21.556	2440.01
773	21.5914	2438.41
774	21.6263	2438.07
775	21.6612	2436.77
776	21.6963	2436.37
777	21.7312	2410.98
778	21.7663	2409.34
779	21.8015	2389.58
780	21.8371	2389.46
781	21.8729	2382.61
782	21.9086	2358.2
783	21.9437	2358.19
784	21.9788	2357.58
785	22.014	2357.5
786	22.05	2356.7
787	22.0854	2356.68
788	22.1216	2356.5
789	22.1567	2351.56
790	22.1919	2351.31
791	22.2274	2343.02
792	22.2633	2335.65
793	22.2987	2333.65
794	22.3342	2332.4
795	22.3698	2332.33
796	22.4054	2331.31
797	22.4407	2330.99
798	22.4764	2326.38
799	22.5117	2286.89
800	22.5476	2279.02
801	22.5842	2277.55
802	22.62	2275.01
803	22.6565	2263.68
804	22.6919	2263.6
805	22.7286	2217.19
806	22.7647	2196.24
807	22.8012	2192.01
808	22.8392	2190.66
809	22.8749	2185.46
810	22.9105	2185.25
811	22.9469	2185.19
812	22.9825	2184.21
813	23.0184	2183.05
814	23.0541	2182.89
816	23.127	2180.96
817	23.1626	2180.79
818	23.1985	2174.63
819	23.2349	2174.55
820	23.2712	2126.49
821	23.3071	2126.43
822	23.3435	2123.68
823	23.38	2101.47
824	23.4159	2101.25
825	23.4512	2091.9
826	23.4868	2088.07
827	23.522	2037.64
828	23.5576	2037.64
829	23.5931	2010.48
830	23.6282	2010.41
832	23.6987	1975.25
833	23.7339	1974.79
834	23.7693	1959.78
835	23.8045	1958.74
836	23.8397	1955.41
837	23.876	1955.23
838	23.9118	1955.16
839	23.9476	1955.06
840	23.9827	1954.74
841	24.018	1948.82
842	24.0541	1945.53
843	24.0901	1939.93
844	24.1262	1939.26
845	24.1619	1938.9
846	24.1975	1929.44
847	24.2328	1929.01
848	24.2685	1928.08
849	24.3044	1927.35
850	24.3405	1923.74
851	24.3761	1923.4
852	24.4119	1923.15
853	24.4483	1920.48
854	24.484	1917.57
856	24.5555	1916.24
857	24.5924	1915.86
858	24.6285	1914.14
859	24.6644	1914.13
860	24.7007	1913.51
861	24.737	1911.45
862	24.7735	1908.43
863	24.8094	1889.1
864	24.846	1873.51
865	24.8821	1814.49
866	24.9182	1814.25
867	24.955	1813.44
868	24.9923	1809.16
869	25.0285	1804.32
870	25.0643	1800.55
871	25.101	1796.09
872	25.137	1794.92
873	25.1731	1793.59
874	25.2102	1793.51
875	25.2463	1793.38
876	25.2825	1751.38
877	25.3188	1749.64
878	25.3554	1749.37
879	25.3925	1747.98
880	25.4289	1736.32
882	25.5018	1735.54
883	25.5385	1735.54
884	25.5752	1730.04
885	25.6119	1730
886	25.6485	1729.26
887	25.6845	1728.71
888	25.7209	1727.8
889	25.7575	1694.62
890	25.7938	1691.46
891	25.8302	1691.45
892	25.8668	1691.33
893	25.9034	1690.88
894	25.9397	1688.6
895	25.9764	1688.44
896	26.0131	1685.31
897	26.0506	1685.16
898	26.0873	1681.42
899	26.1244	1681.41
900	26.1611	1679.98
901	26.1978	1679.86
902	26.2345	1679.37
903	26.2718	1664.13
904	26.3083	1663.12
905	26.3449	1661.84
906	26.3822	1661.05
907	26.4188	1660.53
908	26.456	1657.41
909	26.4929	1657.05
910	26.5298	1655.29
911	26.567	1655.23
912	26.604	1655.21
913	26.6408	1654.32
914	26.6785	1652.48
915	26.7153	1652.31
916	26.7533	1651.88
917	26.7906	1624.39
918	26.8278	1622.43
919	26.8652	1602.49
920	26.9025	1601.82
921	26.9395	1600.76
922	26.9763	1599.7
923	27.0133	1598.74
924	27.0502	1587.76
925	27.0879	1586.73
926	27.1261	1585.2
927	27.1638	1585.18
928	27.2015	1585.15
929	27.2386	1584.78
930	27.2758	1584.1
931	27.313	1579.69
932	27.3509	1578.51
933	27.3881	1577.21
934	27.4254	1575.18
935	27.4622	1573.85
936	27.4996	1573.84
937	27.5366	1571.55
938	27.5736	1569.6
939	27.6108	1569.51
940	27.6493	1569.48
941	27.6862	1569.44
942	27.7233	1567.77
943	27.7603	1532.68
944	27.7979	1523.37
945	27.8349	1510.42
946	27.8723	1510.25
947	27.9103	1510.01
948	27.9474	1505.98
949	27.9844	1505.93
950	28.0213	1505.88
951	28.0585	1504.55
952	28.0954	1503.57
953	28.1334	1503.53
954	28.1704	1490.39
955	28.208	1489.86
956	28.2456	1486.91
957	28.2827	1486.18
958	28.3198	1485.81
959	28.3574	1485.76
960	28.3949	1485.69
961	28.4322	1484.94
962	28.4697	1483.85
963	28.5071	1482.57
964	28.5443	1482.11
965	28.5818	1481.27
966	28.6191	1481.26
967	28.6572	1480.63
968	28.6946	1478.98
969	28.7321	1464.39
970	28.7696	1463.89
971	28.8072	1457.31
972	28.8452	1456.94
973	28.8831	1454.92
974	28.9209	1454.57
975	28.9592	1446.87
976	28.9971	1446.71
977	29.0348	1444.12
978	29.0727	1443.7
979	29.1105	1443.25
981	29.1859	1442.71
982	29.2235	1442.63
983	29.2635	1441.25
984	29.3032	1441.22
985	29.3416	1440.83
986	29.3808	1436.65
987	29.4193	1429.7
988	29.4573	1429.34
989	29.4953	1429.15
990	29.5333	1428.45
991	29.5713	1428.23
992	29.61	1428.21
993	29.6479	1428.15
994	29.6866	1407.01
995	29.7248	1406.31
996	29.7629	1406.13
997	29.801	1405.44
998	29.8396	1405.25
999	29.8775	1403.35
1000	29.9166	1403.26
1001	29.9545	1402.02
1002	29.9928	1401.13
1003	30.0311	1400.53
1004	30.0698	1400.07
1005	30.11	1400.06
1006	30.1489	1400.04
1007	30.1874	1399.39
1008	30.2256	1396.2
1009	30.264	1395.68
1010	30.3021	1393.09
1011	30.3404	1374.95
1012	30.3792	1374.89
1013	30.4178	1373.59
1014	30.4558	1373.58
1015	30.4945	1372.32
1016	30.5328	1371.24
1017	30.5709	1369.53
1018	30.6092	1367.93
1019	30.6479	1367.1
1020	30.6921	1366.9
1021	30.7332	1358.84
1022	30.7721	1347.62
1024	30.8563	1346.47
1025	30.8989	1346.22
1026	30.937	1346.04
1027	30.9784	1346.03
1028	31.0359	1345.67
1029	31.0935	1345.05
1030	31.1326	1345.02
1031	31.1766	1342.68
1032	31.215	1334.83
1033	31.254	1334.78
1034	31.2922	1334.17
1035	31.3312	1334.13
1036	31.3699	1333.75
1037	31.4088	1333.43
1038	31.4499	1330.52
1039	31.4898	1329.62
1040	31.5285	1327.4
1041	31.5671	1327.29
1042	31.6061	1323.15
1043	31.6444	1313.86
1044	31.6828	1313.78
1045	31.721	1258.15
1046	31.7592	1246.91
1047	31.7975	1246.43
1048	31.8356	1246.41
1049	31.8745	1244.92
1050	31.9129	1244.87
1051	31.9515	1244.16
1052	31.9902	1243.8
1053	32.0289	1242.85
1054	32.0671	1242.34
1055	32.1062	1242.32
1056	32.1444	1242.09
1057	32.1828	1242.04
1058	32.2218	1239.89
1059	32.2619	1238.55
1060	32.301	1222.87
1061	32.3404	1222.77
1062	32.379	1222.53
1063	32.4185	1219.06
1064	32.4573	1218.9
1065	32.4966	1203.02
1066	32.5358	1202.76
1067	32.5748	1194.35
1068	32.6143	1194.3
1069	32.654	1190.12
1070	32.6931	1190.09
1071	32.732	1190.08
1072	32.7714	1181.06
1073	32.8106	1179.82
1074	32.8495	1177.38
1075	32.8894	1176.05
1076	32.9288	1175.88
1077	32.9682	1175.53
1078	33.0082	1175.53
1079	33.048	1175.5
1080	33.087	1175.38
1081	33.1261	1174.79
1082	33.1656	1172.43
1083	33.2044	1170.72
1084	33.244	1169.52
1085	33.2835	1168.61
1086	33.3232	1155.89
1087	33.3624	1154.55
1088	33.4016	1153.92
1089	33.441	1153.91
1090	33.48	1142.32
1091	33.5195	1141.43
1092	33.5589	1140.62
1093	33.5984	1140.11
1094	33.6389	1139.47
1095	33.6784	1139.17
1096	33.7186	1137.02
1097	33.7583	1136.49
1098	33.7976	1128.5
1099	33.8369	1128.5
1100	33.8766	1126.6
1101	33.9161	1126.52
1102	33.9556	1122.77
1103	33.9952	1110.05
1104	34.0352	1108.91
1105	34.0751	1068.43
1106	34.1155	1068.37
1107	34.1551	1068.13
1108	34.1963	1065.85
1109	34.2362	1065.2
1110	34.2759	1062.65
1111	34.3154	1062.03
1112	34.3549	1061.97
1113	34.3945	1061.83
1114	34.4342	1061.82
1116	34.5136	1057
1117	34.5532	1056.93
1118	34.5933	1056.33
1119	34.6331	1052.19
1120	34.6726	1049.78
1122	34.753	1046.23
1123	34.7929	1046.22
1124	34.8329	1044.74
1125	34.8733	1044.69
1126	34.9176	1044.04
1127	34.9594	1043.85
1128	35.0016	1042.39
1129	35.0417	1021.56
1130	35.0814	1021.44
1131	35.1219	1021.35
1132	35.1621	1021.29
1134	35.2413	1019.16
1135	35.2814	1015.79
1136	35.3212	1015.22
1137	35.3609	1014.64
1138	35.4007	1013.88
1139	35.4421	1013.88
1141	35.5216	1013.87
1142	35.5612	1012.58
1143	35.6009	1003.77
1144	35.6408	1003.62
1145	35.6805	1002.72
1146	35.7207	1001.87
1147	35.7606	1001.48
1148	35.8022	1000.98
1149	35.843	991.234
1150	35.8831	991.033
1151	35.9232	991.02
1152	35.9635	990.859
1153	36.0036	990.286
1154	36.0441	990.105
1155	36.0841	990.009
1156	36.1244	989.739
1157	36.1653	979.329
1158	36.2051	979.305
1159	36.2453	976.864
1160	36.286	976.584
1161	36.3261	976.529
1162	36.3662	975.871
1163	36.4069	974.719
1164	36.4476	965.956
1165	36.4883	965.687
1166	36.5284	963.722
1168	36.6091	963.592
1169	36.6497	960.604
1170	36.69	960.578
1171	36.73	959.151
1172	36.7705	957.524
1174	36.851	956.466
1175	36.8914	956.448
1176	36.9328	956.446
1177	36.9735	955.485
1178	37.0141	955.476
1179	37.0547	955.424
1180	37.0947	955.133
1181	37.1358	954.057
1182	37.1761	952.697
1183	37.2171	952.093
1184	37.2575	948.559
1185	37.298	936.08
1186	37.3388	936.022
1187	37.3792	935.676
1188	37.4208	935.345
1189	37.4617	935.191
1190	37.5022	935.17
1191	37.5436	934.553
1192	37.5853	934.313
1193	37.6264	933.979
1194	37.6677	930.918
1195	37.7092	929.698
1196	37.7503	928.905
1197	37.791	921.332
1198	37.8317	921.283
1199	37.8724	921.267
1200	37.9137	921.005
1201	37.9557	920.007
1202	37.9983	918.058
1203	38.0395	917.551
1204	38.0801	916.982
1205	38.1216	916.896
1206	38.1629	916.834
1207	38.2035	916.457
1208	38.2453	916.024
1209	38.2871	914.004
1210	38.3282	913.469
1211	38.369	912.626
1212	38.4107	912.609
1213	38.4521	909.744
1214	38.4931	909.454
1215	38.534	907.293
1216	38.575	907.107
1217	38.6158	907.069
1218	38.6573	906.954
1219	38.6982	906.551
1220	38.7394	906.478
1221	38.7998	906.213
1222	38.8783	903.582
1223	38.9217	902.758
1224	38.9636	902.748
1225	39.0059	902.482
1226	39.0474	901.165
1227	39.0889	898.931
1228	39.1298	898.92
1229	39.1717	898.1
1230	39.213	897.681
1231	39.2544	897.577
1233	39.3379	896.561
1234	39.3791	888.519
1235	39.4209	886.935
1236	39.463	878.873
1237	39.5044	878.491
1238	39.5462	878.294
1239	39.5881	877.716
1240	39.6295	877.661
1241	39.6708	877.62
1242	39.7133	877.576
1243	39.7548	877.552
1244	39.7964	877.541
1245	39.838	877.442
1246	39.8799	877.385
1247	39.9215	877.302
1248	39.9631	876.146
1249	40.0054	875.921
1250	40.0474	875.065
1251	40.0897	873.22
1252	40.1336	873.215
1253	40.1756	872.734
1254	40.2175	872.692
1255	40.2592	872.015
1256	40.3007	871.981
1257	40.3429	867.59
1258	40.3847	865.553
1259	40.4268	864.41
1260	40.4685	863.875
1261	40.5104	863.866
1262	40.5515	859.685
1264	40.6347	858.739
1265	40.6769	858.363
1266	40.7184	858.197
1267	40.7599	858.187
1268	40.8015	858.174
1269	40.8434	856.188
1270	40.885	856.141
1271	40.9271	854.424
1272	40.969	848.895
1273	41.0107	848.016
1274	41.0531	848.01
1275	41.0954	848.003
1276	41.137	847.955
1277	41.1786	847.301
1278	41.2205	846.296
1279	41.2629	845.71
1280	41.3047	845.327
1281	41.3469	844.73
1282	41.3891	844.072
1283	41.431	842.928
1284	41.4734	842.814
1285	41.5159	817.175
1286	41.5584	804.829
1287	41.6009	804.804
1288	41.643	804.799
1289	41.686	804.108
1290	41.7282	803.861
1291	41.77	803.753
1292	41.813	802.55
1293	41.8554	802.167
1294	41.8972	802.048
1295	41.9391	801.649
1296	41.9816	801.213
1297	42.0239	801.169
1298	42.0661	800.095
1299	42.1081	800.058
1300	42.1501	791.162
1301	42.1921	791.134
1302	42.2343	790.944
1303	42.2765	790.734
1304	42.3198	790.698
1305	42.3628	784.487
1306	42.4053	783.149
1307	42.4486	782.642
1308	42.4906	782.605
1309	42.5331	781.615
1310	42.5753	781.604
1311	42.6177	781.603
1312	42.6599	781.368
1313	42.7022	781.213
1314	42.7442	779.407
1315	42.7875	778.731
1316	42.8303	778.556
1317	42.8728	778.492
1318	42.9159	778.402
1319	42.9587	778.008
1320	43.0021	778.007
1321	43.0453	777.766
1322	43.0876	775.778
1323	43.13	768.986
1324	43.1725	768.947
1325	43.2147	768.823
1326	43.2578	757.202
1327	43.3006	757.182
1328	43.343	757.093
1329	43.3858	757.066
1330	43.4291	745.857
1332	43.5139	745.852
1333	43.5568	745.714
1335	43.6417	745.509
1336	43.685	745.47
1337	43.7274	744.961
1338	43.7702	744.272
1339	43.8128	744.268
1340	43.8559	743.954
1341	43.8996	743.709
1342	43.9425	743.142
1343	43.9851	741.06
1344	44.0282	740.998
1345	44.0709	723.314
1346	44.1134	722.539
1347	44.1561	722.374
1348	44.1986	718.808
1350	44.2853	718.705
1351	44.3283	718.67
1352	44.3716	718.631
1353	44.4149	718.538
1354	44.458	718.49
1355	44.5024	718.484
1356	44.5469	718.401
1357	44.5899	718.342
1358	44.6342	718.221
1359	44.6771	718.045
1360	44.7207	716.929
1362	44.8063	716.139
1363	44.8489	716.135
1364	44.8931	715.174
1365	44.9363	715.115
1366	44.9792	714.72
1367	45.0219	714.104
1368	45.0658	713.935
1369	45.1096	710
1370	45.1527	709.966
1371	45.1955	709.953
1372	45.2387	709.934
1374	45.3253	709.585
1375	45.3681	707.095
1376	45.4112	707.054
1377	45.4555	706.001
1378	45.4986	705.759
1379	45.5427	704.774
1382	45.672	703.958
1383	45.7153	703.929
1384	45.7583	703.849
1385	45.8017	702.042
1386	45.8446	701.383
1387	45.8883	700.756
1388	45.9315	700.531
1390	46.0178	700.163
1393	46.1478	700.071
1394	46.1914	699.941
1395	46.2349	699.9
1396	46.2785	699.59
1397	46.3216	690.32
1398	46.365	690.31
1399	46.4084	683.458
1400	46.4517	683.342
1402	46.5395	683.254
1403	46.5826	683.007
1404	46.6259	676.44
1405	46.6695	675.934
1406	46.7147	675.512
1408	46.8012	675.418
1409	46.8446	675.408
1410	46.8886	675.392
1411	46.9327	671.758
1412	46.9763	671.417
1414	47.1094	670.851
1415	47.1551	670.836
1416	47.1989	670.575
1417	47.2422	670.066
1418	47.286	670.057
1420	47.3726	669.885
1421	47.4168	669.786
1422	47.4599	669.512
1423	47.5034	659.275
1424	47.5467	659.254
1425	47.5902	634.035
1426	47.6333	633.994
1427	47.6763	632.371
1428	47.7214	631.317
1429	47.7685	630.504
1430	47.8269	630.463
1431	47.8715	630.275
1432	47.9156	630.208
1433	47.959	626.192
1434	48.0023	625.354
1435	48.0468	625.147
1436	48.0914	624.295
1437	48.1356	623.05
1438	48.1789	623.029
1440	48.2665	622.883
1441	48.3101	622.344
1442	48.3541	621.432
1443	48.399	621.262
1444	48.4434	620.952
1445	48.4884	620.725
1446	48.5328	620.7
1447	48.5768	620.623
1448	48.6213	620.584
1449	48.6654	618.223
1450	48.709	614.024
1451	48.7531	613.718
1452	48.7968	613.713
1453	48.8411	613.67
1454	48.8874	613.583
1456	48.9744	613.492
1457	49.0182	613.479
1458	49.0625	613.472
1459	49.1063	613.212
1460	49.15	613.173
1461	49.194	613.003
1462	49.2377	612.669
1463	49.2817	612.567
1464	49.326	612.564
1465	49.3697	612.353
1466	49.4137	612.104
1467	49.4577	611.146
1468	49.5016	611.079
1469	49.5463	611.067
1470	49.5912	610.756
1471	49.6351	610.678
1473	49.7241	610.662
1474	49.7683	610.259
1475	49.8125	610.09
1476	49.857	610.008
1477	49.9013	609.812
1478	49.9457	609.647
1479	49.9903	609.498
1480	50.0351	609.392
1482	50.1232	608.64
1483	50.1678	608.627
1484	50.2119	608.612
1485	50.2558	608.27
1486	50.3006	608.269
1487	50.3454	608.177
1488	50.3899	607.943
1489	50.4338	607.787
1490	50.4779	606.77
1491	50.522	600.326
1492	50.5667	600.315
1493	50.6107	600.284
1494	50.6548	600.255
1495	50.6994	599.819
1497	50.7873	599.515
1498	50.8314	598.23
1499	50.8755	598.143
1500	50.9193	598.087
1501	50.9637	598.085
1502	51.0074	591.979
1504	51.1093	591.217
1505	51.1555	590.768
1506	51.2013	590.425
1507	51.2472	590.421
1508	51.295	590.416
1509	51.3492	590.348
1510	51.4154	590.345
1511	51.4686	585.525
1512	51.5145	582.789
1513	51.5597	582.245
1515	51.6577	581.307
1516	51.7041	581.258
1517	51.7523	581.249
1518	51.7968	581.147
1520	51.8856	580.884
1521	51.9301	580.879
1522	51.9745	580.474
1524	52.0633	580.427
1525	52.1074	537.737
1526	52.1519	524.909
1527	52.1962	524.198
1528	52.2406	524.151
1529	52.2853	523.59
1530	52.3295	523.426
1531	52.3743	523.271
1533	52.464	523.223
1534	52.5085	522.994
1535	52.5531	522.927
1536	52.5973	522.899
1537	52.6422	522.866
1538	52.6876	522.333
1539	52.7322	522.154
1540	52.777	518.934
1541	52.8215	518.889
1542	52.8661	516.576
1543	52.9128	516.557
1544	52.9577	516.536
1545	53.0026	507.652
1546	53.0472	507.607
1547	53.0921	507.235
1549	53.1817	506.785
1550	53.2271	506.781
1551	53.2756	506.78
1552	53.3201	506.631
1553	53.3651	506.027
1554	53.41	505.043
1556	53.4995	504.983
1557	53.5441	504.919
1558	53.5892	504.876
1559	53.6343	504.608
1560	53.6791	504.607
1561	53.7239	504.479
1562	53.7688	503.305
1563	53.8135	502.409
1564	53.8586	502.381
1565	53.9047	502.262
1566	53.9505	501.802
1567	53.9964	501.792
1568	54.0413	501.703
1569	54.0863	501.67
1570	54.1315	499.693
1571	54.1765	499.671
1572	54.2213	499.612
1573	54.2663	499.493
1575	54.3563	499.085
1576	54.4014	498.956
1577	54.4472	498.76
1578	54.4924	498.494
1579	54.5389	498.489
1580	54.5844	498.482
1581	54.6292	497.924
1582	54.6746	497.564
1583	54.7199	497.503
1584	54.7652	497.48
1585	54.8102	497.248
1586	54.8554	496.591
1587	54.9006	496.167
1588	54.9459	495.802
1589	54.991	495.581
1590	55.0369	495.463
1591	55.0835	495.447
1592	55.1289	495.435
1593	55.175	495.331
1594	55.2201	495.187
1595	55.266	495.186
1596	55.3112	495.184
1597	55.3566	495.151
1598	55.4021	495.134
1599	55.4478	495.11
1600	55.4926	494.966
1602	55.5825	494.686
1603	55.6272	494.675
1604	55.6719	494.022
1605	55.7163	493.979
1606	55.7609	493.867
1608	55.8501	493.575
1609	55.8948	486.815
1612	56.0292	486.167
1614	56.1182	485.919
1615	56.1626	484.592
1616	56.2071	484.584
1618	56.2966	484.531
1619	56.3412	484.326
1620	56.3857	484.267
1621	56.4305	484.212
1623	56.5198	482.984
1624	56.5655	482.952
1625	56.6101	482.73
1626	56.6555	482.123
1627	56.7005	481.456
1628	56.746	481.259
1630	56.8363	480.944
1632	56.9261	480.899
1633	56.9708	480.462
1634	57.0156	479.968
1635	57.0609	479.807
1636	57.1058	479.534
1637	57.151	474.767
1638	57.1964	474.758
1639	57.2418	471.926
1640	57.287	471.771
1642	57.3777	471.767
1643	57.4244	471.236
1644	57.4702	467.964
1645	57.5155	467.62
1646	57.5607	467.361
1648	57.6527	467.357
1649	57.6977	467.295
1650	57.7434	467.259
1651	57.7887	467.147
1652	57.8342	466.562
1654	57.9244	465.036
1657	58.0595	464.055
1658	58.1042	464.046
1659	58.1497	464.043
1660	58.1945	464.042
1662	58.2849	463.84
1663	58.3299	463.666
1664	58.375	463.119
1665	58.4209	457.211
1666	58.4664	457.178
1667	58.5124	457.022
1668	58.5579	456.579
1669	58.6029	456.548
1670	58.6485	456.53
1671	58.6937	456.301
1672	58.7393	456.122
1674	58.8297	455.649
1675	58.8753	455.124
1676	58.9206	454.698
1677	58.9658	454.34
1678	59.0111	454.324
1680	59.1014	454.303
1681	59.1474	454.208
1682	59.1929	454.126
1683	59.2388	453.962
1684	59.2837	453.42
1685	59.3297	453.316
1686	59.3747	453.297
1687	59.4201	453.258
1688	59.4661	453.219
1689	59.5118	449.852
1690	59.5575	449.525
1691	59.6031	449.293
1692	59.6487	449.287
1693	59.695	449.262
1694	59.7428	449.233
1695	59.7892	447.927
1696	59.8355	446.989
1697	59.8821	446.928
1698	59.9277	446.866
1699	59.9736	446.607
1700	60.0196	446.567
1701	60.066	446.461
1702	60.1117	446.426
1703	60.1575	446.31
1704	60.2032	446.296
1705	60.2498	446.199
1706	60.2963	445.682
1707	60.3421	445.492
1708	60.388	445.477
1709	60.4341	445.46
1710	60.4802	445.408
1711	60.5269	445.368
1713	60.6191	445.303
1714	60.6653	445.121
1715	60.7122	444.996
1716	60.7592	444.976
1717	60.8061	444.461
1718	60.8528	444.275
1719	60.8992	444.265
1720	60.9458	444.145
1722	61.0388	444.107
1723	61.0853	444.096
1724	61.1316	444.093
1725	61.1777	443.746
1726	61.2237	443.724
1727	61.2701	443.717
1728	61.3164	443.662
1729	61.3628	443.611
1730	61.4091	438.328
1731	61.4551	438.286
1732	61.5016	438.279
1733	61.5482	438.269
1734	61.5951	438.225
1735	61.6412	437.58
1736	61.6875	437.522
1737	61.7337	437.506
1738	61.7801	436.735
1739	61.8264	436.448
1740	61.8732	436.366
1742	61.9679	434.11
1744	62.0615	433.756
1745	62.1077	433.408
1746	62.1541	433.397
1747	62.2004	433.382
1749	62.2936	433.23
1750	62.3397	433.227
1751	62.386	432.157
1752	62.4329	430.756
1753	62.4795	430.753
1756	62.6193	430.65
1757	62.6659	430.582
1758	62.7124	429.663
1759	62.7592	429.65
1760	62.8054	429.365
1762	62.8987	429.102
1763	62.9451	429.057
1764	62.992	429.037
1765	63.0382	428.098
1766	63.0846	421.653
1767	63.1312	421.622
1768	63.1775	421.575
1769	63.2244	421.547
1770	63.271	421.29
1771	63.3182	421.268
1773	63.4114	421.251
1774	63.459	421.243
1775	63.5056	421.222
1776	63.5523	421.211
1777	63.5992	421.205
1778	63.6456	421.171
1779	63.6929	421.043
1780	63.7395	417.7
1781	63.7865	417.691
1782	63.8329	416.915
1783	63.8797	416.669
1784	63.9272	416.666
1786	64.0207	416.615
1787	64.0678	416.453
1788	64.1175	416.416
1789	64.1642	416.292
1790	64.2111	416.268
1791	64.2587	416.267
1792	64.3057	416.252
1793	64.3521	416.088
1794	64.3987	416.008
1795	64.4455	415.805
1796	64.4924	415.748
1797	64.5398	415.509
1798	64.5865	415.227
1800	64.6816	415.225
1802	64.7755	414.096
1803	64.8228	412.31
1805	64.917	412.284
1806	64.9641	412.128
1807	65.0112	412.123
1808	65.0588	412.114
1809	65.1056	412.096
1810	65.1541	410.84
1812	65.2478	410.839
1813	65.2958	410.818
1815	65.3897	410.587
1816	65.4366	410.564
1817	65.4834	410.363
1818	65.5306	410.326
1819	65.5776	410.318
1820	65.6255	410.304
1821	65.6733	410.096
1823	65.7687	410.093
1824	65.8164	410.088
1826	65.9103	409.785
1827	65.9577	409.735
1828	66.0047	409.459
1829	66.0525	409.441
1830	66.0998	409.17
1831	66.1473	409.137
1832	66.1945	409.127
1833	66.2417	409.04
1834	66.2911	409.025
1835	66.3392	409.021
1836	66.3872	409.007
1837	66.4346	408.98
1838	66.4814	408.977
1839	66.5288	408.938
1840	66.576	408.9
1841	66.6242	408.822
1842	66.6716	408.643
1844	66.7692	408.523
1845	66.8166	408.497
1846	66.8637	408.402
1847	66.9116	408.002
1848	66.9596	407.847
1849	67.0075	406.57
1852	67.1508	406.549
1853	67.1979	406.541
1854	67.2456	406.24
1855	67.293	405.826
1856	67.3407	405.825
1858	67.4353	405.736
1859	67.4838	405.637
1860	67.5311	405.6
1861	67.5789	405.585
1862	67.6261	405.579
1863	67.6737	405.47
1864	67.7225	405.4
1865	67.7699	405.366
1866	67.8176	405.119
1867	67.8649	404.654
1868	67.9129	404.112
1869	67.9604	404.042
1870	68.0082	403.881
1873	68.1512	403.751
1874	68.1985	403.694
1875	68.246	403.684
1876	68.2936	403.5
1877	68.3411	403.061
1878	68.3887	403.049
1879	68.4368	401.357
1880	68.4862	401.176
1882	68.5814	400.344
1883	68.6295	400.223
1884	68.6769	399.913
1885	68.725	398.984
1886	68.7725	398.759
1888	68.8679	398.732
1890	68.9633	398.716
1891	69.0109	398.648
1892	69.0598	397.427
1894	69.1587	397.268
1897	69.3018	396.113
1898	69.35	396.084
1899	69.3974	396.079
1901	69.4931	396.068
1902	69.5408	395.988
1903	69.5891	395.953
1904	69.6368	394.848
1905	69.6847	392.636
1906	69.733	392.59
1907	69.7805	392.574
1908	69.8287	392.538
1909	69.8762	392.513
1910	69.9239	392.493
1911	69.9717	392.393
1914	70.1145	392.107
1915	70.1628	392.033
1916	70.2102	391.978
1917	70.2583	391.63
1918	70.3071	391.624
1920	70.4035	391.437
1921	70.4518	391.416
1922	70.4994	391.093
1923	70.5475	391
1924	70.5953	390.654
1925	70.6442	390.6
1926	70.6939	390.591
1927	70.7418	390.584
1928	70.7907	389.806
1929	70.8419	388.997
1930	70.8987	388.878
1931	70.9493	388.841
1932	70.9972	388.813
1933	71.046	388.797
1934	71.0936	388.775
1935	71.1412	382.377
1936	71.189	382.376
1937	71.2369	382.37
1938	71.2847	382.326
1939	71.3325	380.968
1940	71.3933	380.916
1942	71.5116	380.848
1943	71.5642	380.784
1944	71.6163	380.781
1945	71.6666	380.09
1946	71.7204	379.77
1947	71.7719	379.265
1948	71.8243	379.247
1949	71.8822	379.229
1950	71.937	379.202
1951	71.9856	379.158
1953	72.085	379.136
1954	72.1331	379.067
1955	72.1817	378.832
1956	72.23	378.817
1957	72.2781	378.554
1958	72.3261	378.182
1959	72.3739	378.127
1960	72.4218	378.118
1961	72.4698	378.112
1962	72.5181	378.077
1963	72.5662	378.076
1964	72.6142	378.071
1965	72.6621	378.064
1966	72.7102	378.062
1967	72.7582	378.021
1969	72.8567	377.97
1970	72.9052	377.073
1971	72.9535	377.069
1972	73.0028	377.049
1973	73.051	377.048
1975	73.1482	376.527
1976	73.1964	376.515
1977	73.245	376.472
1978	73.2931	375.479
1979	73.3417	375.331
1980	73.3905	375.29
1981	73.4392	375.268
1982	73.4881	374.649
1984	73.585	374.386
1985	73.6333	374.169
1986	73.6819	374.151
1987	73.7304	373.82
1988	73.7791	373.82
1989	73.8275	373.794
1990	73.8759	373.794
1991	73.9239	373.731
1992	73.9727	372.54
1993	74.0207	372.535
1996	74.1655	372.52
1997	74.2136	372.437
1998	74.2632	372.046
1999	74.3117	372.024
2000	74.36	371.988
2001	74.4088	371.957
2002	74.4575	371.161
2003	74.5057	371.124
2004	74.554	371.122
2005	74.6025	370.654
2006	74.651	369.142
2008	74.7482	369.096
2009	74.7969	369.071
2010	74.845	369.064
2011	74.8934	369.024
2012	74.9417	366.746
2013	74.9902	366.677
2014	75.0413	366.668
2015	75.0903	366.641
2016	75.1386	366.637
2017	75.1868	366.63
2018	75.235	366.623
2019	75.2834	366.555
2021	75.3802	366.513
2022	75.428	366.268
2023	75.4765	366.253
2024	75.5244	366.253
2025	75.5732	366.133
2027	75.6699	366.05
2028	75.7187	366.047
2029	75.7671	365.998
2030	75.8164	365.995
2031	75.8647	365.994
2033	75.9628	365.935
2034	76.0115	365.869
2035	76.0602	365.85
2036	76.1087	365.713
2037	76.1574	365.67
2038	76.2054	365.499
2039	76.2541	365.475
2040	76.3033	365.475
2042	76.4005	364.41
2043	76.4501	363.776
2045	76.5478	363.77
2046	76.5963	363.766
2048	76.6938	363.758
2050	76.7914	362.895
2052	76.89	362.86
2053	76.9384	362.852
2054	76.9873	362.798
2056	77.0842	362.667
2057	77.1329	362.429
2058	77.1822	362.372
2059	77.2339	362.365
2060	77.2828	362.35
2061	77.3329	362.303
2063	77.4314	362.286
2064	77.4803	362.282
2065	77.5286	362.241
2066	77.5771	362.231
2067	77.6263	362.079
2068	77.6764	361.27
2069	77.7254	361.226
2070	77.7745	360.638
2071	77.8232	360.583
2072	77.8725	360.581
2073	77.9217	360.515
2074	77.9703	360.41
2076	78.0693	360.367
2077	78.1183	360.346
2078	78.168	360.343
2080	78.2657	360.088
2081	78.3145	360.054
2082	78.3631	359.893
2084	78.4605	359.851
2085	78.51	359.846
2086	78.5597	359.846
2087	78.6085	359.822
2088	78.6574	359.248
2089	78.7065	357.673
2090	78.7551	357.672
2092	78.853	357.669
2093	78.9021	357.645
2094	78.9511	357.58
2095	78.9998	356.607
2098	79.1483	356.589
2099	79.198	356.474
2100	79.2472	356.412
2102	79.345	356.406
2103	79.3966	356.387
2104	79.4454	356.061
2105	79.4952	356.052
2106	79.5445	356.018
2107	79.5934	355.745
2108	79.6428	355.489
2110	79.7408	355.437
2111	79.7901	355.233
2112	79.8392	355.225
2113	79.8908	355.07
2115	79.9886	355.042
2116	80.0379	353.666
2117	80.0866	351.728
2119	80.1847	350.882
2120	80.234	350.491
2122	80.3328	350.439
2123	80.3824	350.361
2124	80.4322	350.286
2126	80.5306	350.221
2129	80.6781	350.055
2130	80.7273	350.05
2131	80.776	349.941
2132	80.8254	349.794
2134	80.9239	349.771
2137	81.0724	347.165
2138	81.1227	347.152
2139	81.1715	347.145
2143	81.3687	347.115
2144	81.4179	346.949
2145	81.4674	343.917
2146	81.5171	343.679
2147	81.5668	343.3
2149	81.6662	343.261
2150	81.7158	343.251
2154	81.9127	343.191
2155	81.9622	343.049
2158	82.109	343.041
2160	82.2076	342.596
2161	82.2573	342.595
2162	82.3073	342.575
2163	82.3572	342.565
2164	82.4065	342.261
2165	82.4557	342.189
2166	82.505	342.187
2167	82.5541	342.185
2168	82.6037	342.086
2169	82.6527	341.351
2170	82.7019	341.223
2171	82.7511	341.22
2172	82.8002	341.211
2173	82.8498	341.208
2174	82.8988	341.204
2176	82.9982	341.195
2177	83.0477	341.194
2178	83.0968	341.152
2179	83.1465	340.921
2180	83.1956	340.906
2181	83.2465	340.893
2182	83.2961	340.822
2183	83.3456	340.765
2184	83.3951	340.757
2185	83.4446	340.671
2186	83.494	340.528
2187	83.5438	340.509
2188	83.5926	340.508
2189	83.642	340.466
2190	83.6915	340.013
2191	83.7417	340.008
2194	83.8918	339.978
2195	83.9422	339.94
2196	83.9913	339.934
2197	84.0407	339.832
2198	84.0905	339.804
2199	84.1398	339.802
2200	84.189	339.413
2201	84.239	339.374
2202	84.2883	339.352
2203	84.3379	339.349
2204	84.3887	339.346
2205	84.4428	339.236
2206	84.498	339.222
2207	84.548	339.213
2208	84.598	338.939
2209	84.6479	338.866
2210	84.6977	338.491
2211	84.7473	338.49
2212	84.7969	338.488
2213	84.8465	338.483
2215	84.946	338.468
2216	84.9961	336.936
2217	85.0471	336.931
2218	85.0983	334.648
2219	85.148	334.315
2220	85.1978	334.18
2221	85.2474	334.177
2222	85.2985	333.641
2224	85.3976	333.487
2225	85.4483	333.229
2226	85.4978	333.22
2227	85.5483	333.215
2228	85.5984	333.215
2229	85.6487	333.198
2230	85.6982	333.19
2231	85.7482	332.96
2232	85.7985	332.387
2233	85.8483	332.378
2235	85.9501	332.305
2236	86.001	332.303
2237	86.0503	331.999
2238	86.1002	331.885
2242	86.2989	331.815
2243	86.3484	331.786
2244	86.3981	331.78
2245	86.4475	331.607
2246	86.4981	331.386
2247	86.5482	331.38
2248	86.5978	331.33
2249	86.6472	331.259
2250	86.6971	331.089
2251	86.747	331.086
2252	86.7969	331.085
2253	86.8473	331.076
2254	86.8967	331.033
2255	86.9462	331.016
2256	86.9958	331.007
2257	87.0458	331.006
2258	87.0955	330.984
2259	87.145	330.891
2261	87.2441	330.885
2262	87.2935	329.767
2263	87.343	329.764
2264	87.3929	329.762
2268	87.5876	329.754
2269	87.6362	329.75
2270	87.6847	329.714
2271	87.7335	329.714
2272	87.7818	329.701
2273	87.8302	329.691
2274	87.8786	329.651
2275	87.9278	329.641
2276	87.9761	329.541
2277	88.025	329.517
2278	88.0741	329.471
2279	88.1245	329.411
2280	88.1732	329.411
2282	88.2717	328.333
2283	88.3212	327.858
2285	88.4187	327.843
2286	88.4671	327.83
2287	88.5161	327.005
2288	88.5648	327.002
2289	88.6137	327
2290	88.663	326.518
2291	88.7121	326.51
2294	88.8593	326.067
2296	88.9572	325.988
2297	89.0059	325.899
2298	89.0547	325.87
2299	89.1045	325.862
2300	89.1539	325.858
2301	89.2032	325.847
2305	89.3998	325.822
2306	89.4496	325.795
2308	89.5478	325.576
2310	89.6475	325.262
2311	89.6964	325.259
2312	89.7455	325.255
2313	89.7958	325.159
2314	89.8446	325.126
2316	89.9424	325.124
2318	90.0412	325.12
2320	90.1395	324.852
2322	90.2385	324.796
2323	90.2897	324.702
2326	90.4371	324.676
2327	90.4869	324.666
2328	90.5364	324.279
2329	90.5859	322.62
2330	90.6346	322.618
2333	90.7827	322.616
2334	90.8323	322.609
2335	90.8812	322.526
2338	91.0297	322.392
2339	91.08	322.344
2341	91.1785	322.343
2343	91.2776	322.312
2346	91.426	322.202
2347	91.4751	322.056
2348	91.5241	321.867
2350	91.6298	321.844
2351	91.6816	321.671
2352	91.7312	321.659
2353	91.7854	321.513
2355	91.8938	321.478
2356	91.9478	321.315
2357	92.0012	320.306
2358	92.052	320.306
2359	92.102	319.94
2361	92.2086	319.895
2362	92.2642	319.485
2363	92.3175	319.407
2364	92.367	319.335
2366	92.4688	319.325
2370	92.6669	319.317
2371	92.7159	319.29
2372	92.7655	319.196
2373	92.8158	319.123
2377	93.0144	318.894
2378	93.0635	318.893
2379	93.1131	318.892
2382	93.2641	318.873
2383	93.3178	318.866
2384	93.369	318.811
2385	93.4277	317.389
2389	93.6305	317.356
2390	93.6822	317.345
2394	93.8821	317.178
2395	93.9318	316.949
2396	93.9825	316.763
2400	94.1832	316.633
2401	94.2326	316.629
2402	94.2826	316.609
2403	94.3328	316.597
2404	94.3831	316.331
2405	94.4331	316.309
2406	94.4834	316.307
2408	94.5846	315.988
2409	94.6349	315.415
2411	94.7344	315.414
2412	94.7839	315.413
2413	94.834	315.349
2414	94.8841	315.346
2415	94.9419	315.346
2416	94.9941	315.336
2417	95.0473	315.329
2418	95.0983	315.312
2419	95.1498	315.292
2420	95.2001	315.265
2421	95.2499	315.264
2422	95.2998	315.236
2423	95.3515	315.152
2424	95.4025	315.15
2426	95.5024	315.058
2427	95.5527	315.056
2428	95.6023	315.053
2430	95.7073	314.927
2431	95.7762	314.921
2432	95.8334	314.916
2433	95.8851	314.86
2434	95.9357	314.856
2435	95.9862	314.828
2436	96.0389	314.77
2437	96.0888	314.747
2438	96.1394	314.694
2440	96.2406	314.689
2442	96.3414	314.673
2443	96.3918	314.672
2444	96.4423	314.665
2445	96.4917	314.624
2446	96.5415	314.622
2447	96.5911	314.614
2448	96.6461	314.589
2449	96.7143	314.537
2450	96.7667	314.112
2451	96.8166	314.111
2452	96.8667	314.1
2453	96.9177	314.099
2454	96.9713	314.097
2455	97.0246	314.081
2457	97.1274	314.078
2458	97.1773	313.606
2459	97.2268	313.429
2462	97.3767	313.299
2464	97.4767	313.168
2465	97.5272	313.075
2466	97.5769	313.06
2469	97.7273	313.057
2470	97.7771	313.055
2471	97.8276	312.919
2472	97.8782	312.77
2473	97.9284	312.76
2477	98.1318	312.749
2478	98.1831	312.708
2480	98.2845	312.624
2481	98.3361	312.618
2484	98.5278	312.613
2485	98.5894	312.459
2486	98.641	312.091
2487	98.6936	312.029
2488	98.7486	311.992
2489	98.7998	311.987
2490	98.8503	310.895
2491	98.9027	310.886
2495	99.1096	310.865
2497	99.2115	310.863
2498	99.2632	310.861
2499	99.315	310.785
2500	99.366	310.702
2501	99.4166	310.689
2502	99.468	310.504
2503	99.5198	310.493
2507	99.7249	310.481
2508	99.7766	310.474
2510	99.8774	310.463
2512	99.9798	310.449
2513	100.032	310.436
2514	100.086	310.395
2516	100.197	310.34
2517	100.249	310.315
2519	100.351	310.314
2521	100.452	310.278
2522	100.503	309.381
2523	100.554	308.876
2526	100.707	308.869
2528	100.808	308.863
2530	100.91	308.442
2531	100.961	308.44
2534	101.118	308.432
2535	101.17	308.425
2537	101.272	308.322
2538	101.323	308.312
2539	101.375	308.306
2540	101.426	308.302
2541	101.482	308.279
2543	101.584	308.236
2545	101.687	308.151
2547	101.79	308.14
2548	101.842	308.085
2549	101.894	308.079
2550	101.946	307.711
2551	101.996	307.704
2553	102.1	307.594
2555	102.209	307.586
2556	102.272	307.578
2558	102.41	307.573
2559	102.464	307.565
2560	102.515	307.305
2562	102.618	307.304
2563	102.668	307.303
2566	102.82	307.291
2567	102.872	307.188
2568	102.923	306.876
2569	102.975	305.51
2570	103.027	305.507
2572	103.132	305.485
2574	103.234	305.473
2575	103.287	305.442
2578	103.444	305.407
2579	103.495	305.4
2580	103.548	305.367
2581	103.601	305.304
2582	103.653	305.301
2583	103.707	305.3
2587	103.959	305.021
2588	104.012	304.26
2592	104.216	304.212
2593	104.267	304.161
2594	104.319	304.119
2595	104.37	304.114
2596	104.421	304.007
2597	104.472	302.807
2598	104.524	302.803
2601	104.677	302.777
2602	104.728	301.904
2603	104.779	301.564
2604	104.83	301.499
2606	104.932	301.448
2610	105.137	301.443
2612	105.239	301.362
2615	105.393	301.355
2617	105.497	301.152
2618	105.548	301.15
2619	105.601	301.15
2622	105.753	301.075
2623	105.804	301.062
2624	105.855	300.72
2625	105.906	300.004
2626	105.956	299.97
2627	106.008	299.956
2629	106.111	299.936
2630	106.163	299.913
2634	106.367	299.771
2640	106.673	298.811
2641	106.725	298.797
2642	106.776	298.793
2643	106.827	298.775
2644	106.877	298.635
2645	106.929	298.608
2646	106.98	298.596
2648	107.083	298.424
2649	107.133	297.84
2650	107.184	297.834
2651	107.236	297.832
2652	107.287	297.831
2653	107.338	297.737
2654	107.389	297.736
2656	107.491	297.707
2657	107.543	297.7
2658	107.593	297.674
2659	107.646	297.533
2660	107.699	297.481
2661	107.75	297.477
2662	107.801	297.46
2663	107.853	297.375
2664	107.903	297.37
2665	107.956	297.287
2666	108.007	297.248
2667	108.058	297.234
2668	108.11	297.229
2670	108.213	297.114
2671	108.265	297.107
2672	108.317	297.104
2674	108.419	297.089
2675	108.471	297.064
2676	108.523	297.062
2678	108.625	297.04
2679	108.677	297.038
2681	108.779	297.016
2682	108.83	296.982
2683	108.88	296.982
2684	108.932	296.981
2686	109.034	296.98
2687	109.085	296.978
2688	109.137	296.843
2689	109.188	296.813
2690	109.24	296.781
2691	109.291	296.684
2692	109.343	296.683
2693	109.395	296.681
2695	109.53	296.528
2696	109.581	296.519
2697	109.632	296.501
2698	109.684	296.183
2699	109.734	296.162
2701	109.839	296.156
2702	109.892	296.13
2705	110.046	296.078
2706	110.097	296.069
2707	110.149	296.062
2708	110.2	296.061
2710	110.302	296.06
2711	110.353	296.044
2712	110.404	294.966
2713	110.455	294.964
2716	110.609	294.948
2717	110.661	294.926
2718	110.712	294.794
2721	110.866	294.792
2722	110.918	294.432
2723	110.97	294.418
2725	111.073	294.349
2726	111.124	294.217
2727	111.175	294.142
2728	111.227	294.113
2729	111.277	294.106
2730	111.329	293.788
2731	111.38	293.731
2732	111.432	293.556
2733	111.484	293.535
2735	111.587	293.512
2736	111.639	293.512
2737	111.69	293.507
2738	111.741	293.503
2739	111.792	293.443
2740	111.846	293.437
2742	111.954	293.267
2743	112.01	293.265
2744	112.067	293.264
2745	112.123	292.903
2746	112.177	292.835
2747	112.231	292.833
2748	112.286	292.833
2749	112.344	292.823
2750	112.403	292.786
2751	112.468	292.786
2756	112.75	292.718
2757	112.801	292.704
2761	113.006	292.635
2762	113.057	291.829
2763	113.108	291.799
2766	113.261	291.785
2768	113.365	291.782
2770	113.468	291.46
2771	113.52	291.459
2773	113.622	291.458
2774	113.673	291.43
2775	113.724	291.314
2777	113.827	291.292
2778	113.879	291.282
2779	113.929	291.277
2780	113.981	291.276
2783	114.135	291.251
2784	114.187	291.244
2788	114.394	290.653
2789	114.445	290.55
2790	114.496	290.359
2791	114.547	290.353
2794	114.701	290.339
2796	114.803	290.331
2798	114.905	290.331
2799	114.956	290.31
2800	115.007	290.084
2801	115.058	290.065
2802	115.11	290.05
2803	115.162	290.049
2806	115.317	290.033
2807	115.369	289.816
2808	115.421	289.606
2809	115.472	288.34
2810	115.524	288.337
2812	115.627	288.33
2819	115.984	288.326
2820	116.037	288.321
2822	116.139	288.314
2823	116.191	288.25
2825	116.293	288.243
2826	116.345	288.229
2827	116.397	288.088
2828	116.45	287.31
2830	116.555	286.962
2832	116.658	286.947
2834	116.762	286.901
2836	116.864	286.818
2837	116.915	286.584
2838	116.967	286.582
2842	117.172	286.173
2844	117.276	286.115
2846	117.379	286.109
2849	117.535	286.025
2850	117.586	286.021
2851	117.637	285.998
2852	117.689	285.992
2854	117.792	285.952
2859	118.048	285.948
2862	118.203	285.856
2865	118.358	285.453
2866	118.41	285.362
2869	118.565	285.342
2870	118.619	285.336
2874	118.825	285.276
2875	118.876	285.163
2880	119.134	284.644
2881	119.185	284.637
2882	119.237	284.637
2883	119.289	284.621
2884	119.34	284.569
2885	119.392	284.558
2886	119.442	284.557
2888	119.543	284.508
2889	119.594	284.078
2890	119.645	283.837
2893	119.797	283.791
2897	120	283.791
2898	120.051	283.791
2899	120.103	283.748
2900	120.153	283.646
2901	120.204	283.618
2902	120.254	283.607
2903	120.305	283.552
2904	120.357	283.549
2905	120.407	283.536
2907	120.508	283.534
2908	120.559	283.533
2909	120.61	283.491
2910	120.661	283.26
2911	120.712	283.253
2914	120.868	283.222
2915	120.919	283.159
2916	120.971	283.157
2917	121.021	283.12
2918	121.072	283.103
2919	121.123	283.102
2921	121.225	283.044
2922	121.276	283.026
2923	121.327	283.019
2924	121.378	283.012
2925	121.429	282.99
2927	121.531	282.984
2928	121.582	282.962
2929	121.633	282.913
2930	121.684	282.905
2931	121.735	282.871
2932	121.786	282.87
2933	121.838	282.869
2934	121.889	282.868
2935	121.941	282.86
2936	121.992	282.86
2937	122.043	282.858
2938	122.093	282.565
2939	122.144	282.54
2942	122.297	282.366
2944	122.399	282.338
2945	122.45	282.303
2946	122.502	282.298
2947	122.553	282.295
2948	122.604	282.294
2949	122.656	282.285
2950	122.707	282.284
2951	122.758	282.193
2952	122.81	282.102
2953	122.866	282.1
2957	123.109	282.092
2958	123.168	281.996
2961	123.341	281.995
2962	123.4	281.985
2964	123.504	281.916
2965	123.559	281.749
2966	123.615	281.745
2967	123.668	281.666
2968	123.727	281.65
2970	123.834	281.624
2971	123.886	281.619
2972	123.942	281.612
2973	123.996	281.583
2975	124.103	281.562
2976	124.155	281.559
2977	124.21	281.553
2978	124.263	281.55
2979	124.316	281.482
2980	124.369	281.471
2982	124.474	281.336
2983	124.527	281.334
2984	124.58	281.328
2985	124.644	281.124
2986	124.715	281.082
2988	124.873	281.081
2989	124.927	281.08
2990	124.979	281.079
2991	125.034	281.078
2993	125.155	281.048
2994	125.211	281.039
2995	125.266	281.037
2996	125.319	280.986
2997	125.373	280.978
2998	125.426	280.976
2999	125.482	280.971
3000	125.536	280.971
3002	125.643	280.313
3003	125.715	280.077
3005	125.831	280.074
3006	125.889	280.016
3008	126	280.016
3009	126.059	280.013
3010	126.119	279.744
3011	126.172	279.743
3013	126.281	279.739
3014	126.336	279.738
3019	126.601	279.734
3020	126.653	279.734
3021	126.706	279.673
3023	126.813	279.665
3024	126.865	279.656
3028	127.076	279.433
3029	127.129	279.367
3030	127.181	279.261
3031	127.234	279.257
3034	127.398	279.246
3035	127.45	279.233
3036	127.505	279.225
3038	127.611	279.222
3039	127.663	279.209
3040	127.716	279.012
3041	127.768	278.965
3042	127.823	278.962
3043	127.875	278.955
3048	128.141	278.882
3049	128.196	277.773
3050	128.248	277.772
3051	128.301	277.764
3052	128.355	277.76
3054	128.461	277.742
3055	128.514	277.738
3058	128.674	277.594
3059	128.727	277.589
3060	128.779	277.58
3065	129.058	277.563
3067	129.164	277.375
3068	129.216	276.516
3069	129.27	276.511
3070	129.324	276.473
3072	129.433	276.462
3074	129.542	276.458
3076	129.647	276.277
3077	129.7	276.018
3078	129.753	276.016
3084	130.091	275.963
3086	130.209	275.962
3090	130.428	275.953
3091	130.48	275.944
3095	130.688	275.944
3099	130.895	275.941
3101	130.998	275.928
3105	131.206	275.507
3106	131.257	275.433
3109	131.413	275.404
3110	131.465	275.389
3114	131.674	275.334
3116	131.779	275.206
3121	132.037	275.192
3122	132.089	275.19
3123	132.141	275.172
3125	132.245	275.164
3126	132.297	275.163
3128	132.401	275.141
3129	132.453	274.781
3130	132.505	274.53
3131	132.557	274.511
3133	132.668	274.428
3134	132.725	274.428
3137	132.923	274.427
3138	132.98	274.426
3139	133.033	274.414
3140	133.087	274.412
3141	133.145	274.405
3142	133.199	274.394
3143	133.254	274.351
3144	133.307	274.35
3145	133.359	274.342
3147	133.463	274.333
3148	133.515	274.332
3150	133.619	274.238
3151	133.672	274.238
3153	133.777	273.891
3155	133.884	273.882
3156	133.937	273.881
3157	133.989	273.874
3158	134.041	273.858
3159	134.093	273.858
3161	134.198	273.847
3162	134.25	273.819
3163	134.302	273.817
3164	134.354	273.815
3165	134.406	273.81
3166	134.458	273.809
3167	134.509	273.805
3168	134.561	273.789
3169	134.614	273.771
3170	134.666	273.749
3171	134.719	273.731
3172	134.771	273.728
3173	134.823	273.724
3174	134.875	273.721
3175	134.927	273.706
3177	135.03	273.699
3178	135.082	273.519
3179	135.134	273.519
3181	135.238	273.51
3185	135.446	273.483
3186	135.499	273.483
3187	135.551	273.475
3188	135.603	273.475
3191	135.759	273.399
3193	135.862	273.396
3198	136.126	273.251
3199	136.178	273.241
3201	136.282	273.176
3202	136.335	273.161
3204	136.44	273.159
3205	136.492	273.1
3207	136.596	273.032
3208	136.648	273.023
3209	136.7	273.02
3210	136.752	273.004
3212	136.856	272.549
3213	136.908	272.495
3215	137.012	272.478
3217	137.116	272.475
3218	137.168	272.465
3219	137.22	272.395
3220	137.272	272.342
3222	137.376	272.237
3223	137.43	272.235
3226	137.586	272.179
3228	137.69	272.177
3229	137.742	272.112
3230	137.794	272.111
3231	137.846	272.11
3236	138.108	272.031
3237	138.161	271.986
3242	138.425	271.239
3248	138.738	271.239
3249	138.791	271.234
3250	138.843	271.052
3251	138.895	271.043
3252	138.948	271.04
3253	139	271.037
3254	139.053	271.008
3257	139.209	270.979
3258	139.262	270.978
3259	139.315	270.974
3260	139.367	270.971
3261	139.419	270.967
3263	139.524	270.966
3264	139.576	270.963
3265	139.628	270.962
3268	139.785	270.625
3269	139.838	270.53
3270	139.891	270.435
3271	139.943	270.433
3275	140.153	270.398
3276	140.206	270.393
3280	140.418	270.198
3282	140.524	270.191
3285	140.682	270.19
3288	140.839	269.992
3289	140.891	269.004
3290	140.943	269.003
3292	141.05	268.998
3294	141.154	268.997
3299	141.416	268.981
3302	141.574	268.98
3305	141.731	268.98
3307	141.837	268.946
3308	141.889	268.26
3314	142.203	268.251
3315	142.256	268.244
3316	142.308	268.173
3320	142.518	268.139
3323	142.677	268.132
3324	142.73	268.094
3331	143.097	267.975
3335	143.308	267.974
3338	143.465	267.973
3339	143.517	267.973
3341	143.622	267.949
3346	143.883	267.878
3349	144.041	267.844
3350	144.093	267.835
3361	144.669	267.832
3362	144.722	267.831
3365	144.881	267.81
3368	145.038	267.799
3369	145.091	267.413
3370	145.143	267.377
3371	145.196	267.372
3372	145.249	267.371
3373	145.301	267.306
3374	145.354	267.302
3377	145.511	267.301
3378	145.564	267.3
3379	145.616	267.296
3380	145.668	267.278
3382	145.773	267.273
3383	145.826	267.249
3387	146.034	267.244
3388	146.087	267.243
3389	146.14	267.242
3390	146.193	267.148
3394	146.403	267.148
3395	146.456	267.094
3396	146.508	267.091
3397	146.56	267.075
3398	146.613	267.065
3399	146.665	267.064
3401	146.772	267.053
3402	146.824	267.029
3403	146.877	267.028
3404	146.931	267.028
3405	146.983	267.028
3407	147.088	267.027
3408	147.141	267.021
3409	147.193	267.01
3410	147.245	266.98
3412	147.35	266.978
3413	147.402	266.978
3415	147.508	266.97
3418	147.665	266.81
3421	147.821	266.799
3426	148.082	266.661
3427	148.134	266.653
3428	148.188	266.652
3431	148.344	266.622
3432	148.397	266.154
3433	148.449	266.149
3436	148.607	266.146
3437	148.659	266.14
3438	148.712	266.09
3442	148.923	266.053
3444	149.028	266.05
3445	149.081	265.896
3446	149.135	264.404
3447	149.188	264.33
3448	149.241	264.323
3449	149.294	264.323
3450	149.346	264.307
3451	149.399	264.302
3452	149.452	264.268
3453	149.505	264.245
3455	149.61	264.23
3457	149.715	264.23
3459	149.82	264.21
3460	149.872	264.21
3461	149.924	264.203
3462	149.98	264.152
3466	150.202	264.136
3468	150.307	264.134
3469	150.36	264.133
3470	150.413	264.131
3473	150.569	264.1
3474	150.622	264.099
3476	150.726	264.054
3478	150.83	264.053
3479	150.883	264.029
3481	150.988	263.994
3482	151.04	263.403
3486	151.25	263.388
3488	151.358	263.381
3489	151.411	263.366
3490	151.463	263.208
3491	151.516	263.207
3494	151.673	263.174
3495	151.732	263.169
3497	151.893	263.066
3498	151.945	263.063
3499	151.998	263.058
3500	152.05	263.058
3501	152.102	263.041
3502	152.155	263.022
3504	152.26	263.004
3505	152.314	262.993
3506	152.367	262.986
3507	152.418	262.955
3508	152.471	262.86
3509	152.523	262.809
3510	152.575	262.783
3511	152.626	262.78
3515	152.831	262.73
3518	152.985	262.729
3520	153.095	262.553
3522	153.202	262.548
3523	153.259	262.547
3524	153.313	262.546
3528	153.542	262.022
3529	153.595	261.112
3532	153.756	261.111
3535	153.911	261.075
3537	154.016	261.074
3540	154.173	260.979
3545	154.433	260.977
3547	154.537	260.969
3548	154.589	260.479
3549	154.642	260.448
3552	154.796	260.445
3553	154.848	260.404
3554	154.9	260.378
3555	154.957	260.356
3556	155.013	260.302
3563	155.379	260.291
3564	155.43	260.248
3568	155.641	260.247
3571	155.797	260.132
3573	155.902	260.103
3574	155.955	260.085
3578	156.169	260.079
3579	156.222	260.075
3581	156.328	260.067
3585	156.535	259.545
3586	156.587	259.508
3589	156.743	259.481
3590	156.796	259.471
3591	156.848	259.467
3593	156.952	259.447
3594	157.004	259.145
3595	157.056	259.056
3601	157.368	259.053
3602	157.42	259.053
3603	157.473	259.052
3605	157.576	258.998
3606	157.629	258.997
3608	157.733	258.988
3609	157.786	258.628
3610	157.84	258.625
3611	157.892	258.623
3612	157.944	258.619
3613	157.996	258.588
3616	158.153	258.557
3617	158.205	258.556
3618	158.258	258.556
3619	158.31	258.549
3620	158.363	258.512
3621	158.416	258.435
3622	158.468	258.419
3623	158.52	258.386
3626	158.677	258.35
3628	158.781	258.338
3629	158.834	258.336
3630	158.886	258.313
3632	158.991	258.053
3633	159.044	258.024
3634	159.097	258.022
3635	159.149	258.003
3636	159.201	258.002
3637	159.254	257.979
3639	159.358	257.979
3640	159.41	257.929
3641	159.464	257.928
3642	159.516	257.92
3643	159.568	257.919
3644	159.62	257.919
3645	159.673	257.918
3647	159.777	257.916
3650	159.935	257.662
3651	159.992	257.66
3652	160.045	257.655
3653	160.099	257.654
3655	160.203	257.634
3658	160.36	257.49
3659	160.413	257.486
3661	160.519	257.47
3662	160.571	257.416
3666	160.782	257.415
3671	161.043	257.396
3676	161.306	257.383
3678	161.41	257.36
3682	161.62	257.346
3684	161.725	257.344
3686	161.83	256.333
3687	161.883	256.277
3688	161.936	256.276
3689	161.988	256.274
3690	162.041	256.268
3691	162.094	256.258
3692	162.148	256.232
3693	162.202	256.219
3695	162.307	256.198
3696	162.36	256.194
3697	162.412	256.192
3699	162.518	256.151
3701	162.623	256.15
3702	162.675	256.066
3703	162.729	256.065
3704	162.781	256.064
3708	163.023	256.062
3710	163.128	256.028
3712	163.232	256.02
3713	163.285	255.975
3716	163.444	255.92
3719	163.602	255.896
3720	163.654	255.895
3722	163.76	255.349
3723	163.812	255.346
3726	163.97	255.336
3728	164.077	255.335
3730	164.182	255.113
3735	164.447	255.106
3737	164.552	255.091
3739	164.657	255.087
3740	164.709	255.086
3741	164.762	255.072
3742	164.814	255.054
3744	164.919	255.053
3745	164.972	255.051
3748	165.13	254.707
3750	165.235	254.66
3751	165.287	254.656
3753	165.392	254.592
3754	165.445	254.317
3755	165.498	254.239
3759	165.707	254.23
3760	165.76	254.115
3761	165.812	254.093
3763	165.917	254.09
3765	166.022	254.088
3768	166.18	253.977
3769	166.234	252.993
3770	166.286	252.993
3775	166.552	252.977
3779	166.761	252.974
3780	166.814	252.902
3785	167.078	252.9
3792	167.446	252.89
3794	167.552	252.868
3795	167.605	252.851
3796	167.658	252.836
3801	167.92	252.83
3803	168.026	252.788
3804	168.079	252.758
3805	168.132	252.744
3806	168.185	252.739
3807	168.239	252.708
3808	168.291	252.683
3811	168.45	252.267
3814	168.608	252.217
3817	168.769	252.213
3818	168.822	252.205
3819	168.874	252.193
3826	169.245	252.163
3829	169.402	252.145
3830	169.456	252.123
3833	169.614	252.114
3834	169.667	252.09
3835	169.721	251.94
3841	170.039	251.939
3842	170.093	251.934
3843	170.145	251.613
3844	170.198	251.598
3845	170.251	251.556
3846	170.304	251.556
3849	170.462	251.278
3850	170.515	251.248
3852	170.62	251.248
3853	170.673	251.218
3857	170.887	251.216
3858	170.94	251.216
3859	170.993	251.209
3860	171.046	251.207
3862	171.152	251.177
3863	171.205	251.143
3864	171.258	251.138
3868	171.47	251.134
3869	171.523	251.117
3870	171.577	251.096
3872	171.682	251.008
3873	171.736	250.91
3874	171.788	250.908
3876	171.893	250.906
3877	171.946	250.864
3878	171.999	250.847
3879	172.052	250.846
3880	172.105	250.641
3882	172.211	250.629
3884	172.317	250.629
3886	172.424	250.627
3888	172.529	250.622
3890	172.635	250.613
3891	172.688	250.612
3892	172.741	250.611
3893	172.794	250.611
3895	172.9	250.595
3897	173.006	250.593
3898	173.061	250.51
3900	173.167	250.502
3901	173.22	250.491
3902	173.282	250.346
3905	173.452	250.344
3906	173.51	250.338
3908	173.624	250.337
3909	173.678	250.312
3911	173.79	250.273
3912	173.843	250.243
3913	173.895	250.243
3914	173.948	250.243
3916	174.055	250.226
3918	174.161	250.192
3920	174.267	250.162
3926	174.584	250.137
3927	174.637	250.092
3928	174.69	250.084
3930	174.796	250.075
3931	174.849	250.075
3932	174.902	250.073
3933	174.955	250.068
3934	175.008	250.068
3935	175.061	250.049
3937	175.168	250.046
3939	175.276	250.022
3940	175.329	249.993
3942	175.436	249.927
3943	175.488	249.923
3946	175.648	249.906
3948	175.754	249.906
3950	175.859	249.902
3957	176.23	249.886
3959	176.336	249.82
3960	176.389	249.82
3962	176.494	249.296
3965	176.653	249.294
3968	176.811	249.293
3970	176.916	246.948
3977	177.288	246.93
3979	177.394	246.927
3981	177.503	246.914
3988	177.874	246.75
3990	177.98	246.744
3991	178.033	246.741
3993	178.138	246.719
3994	178.191	246.682
3995	178.244	245.996
4000	178.509	245.888
4001	178.563	245.653
4002	178.616	245.64
4003	178.669	245.639
4005	178.776	245.639
4008	178.935	245.56
4009	178.988	244.834
4012	179.146	244.796
4015	179.306	244.753
4019	179.518	244.749
4023	179.731	244.6
4025	179.837	244.588
4027	179.943	244.547
4032	180.211	244.544
4034	180.352	244.532
4035	180.405	244.525
4036	180.459	244.519
4040	180.67	243.777
4044	180.883	243.74
4045	180.936	243.714
4046	180.989	243.713
4047	181.042	243.672
4048	181.096	243.665
4051	181.254	243.576
4058	181.623	243.568
4059	181.676	243.53
4066	182.049	243.528
4067	182.102	243.526
4069	182.208	243.509
4070	182.262	243.499
4073	182.42	243.359
4074	182.474	242.827
4075	182.526	242.81
4081	182.842	242.809
4082	182.896	242.801
4083	182.948	242.702
4084	183.002	242.699
4085	183.056	242.616
4086	183.11	242.616
4089	183.269	242.408
4090	183.323	242.374
4092	183.428	242.371
4093	183.482	242.337
4097	183.695	242.337
4098	183.749	242.336
4099	183.803	242.327
4101	183.909	242.325
4102	183.963	242.321
4103	184.019	242.293
4104	184.072	242.29
4107	184.232	242.282
4108	184.285	242.277
4110	184.391	242.274
4111	184.444	242.273
4112	184.496	242.245
4113	184.549	241.997
4114	184.601	241.996
4115	184.653	241.995
4116	184.705	241.994
4118	184.818	241.953
4120	184.967	241.903
4122	185.072	241.854
4126	185.281	241.854
4128	185.386	241.849
4129	185.438	241.848
4130	185.49	241.81
4131	185.542	241.803
4132	185.594	241.799
4134	185.7	241.798
4135	185.752	241.778
4137	185.856	241.776
4138	185.909	241.647
4140	186.013	241.614
4141	186.065	241.612
4142	186.119	241.454
4143	186.173	241.306
4144	186.225	241.298
4145	186.277	241.296
4146	186.33	241.296
4148	186.434	241.295
4149	186.487	241.268
4151	186.592	241.256
4154	186.748	241.252
4156	186.853	241.245
4158	186.959	241.178
4162	187.168	241.172
4163	187.22	241.163
4164	187.272	241.163
4166	187.378	241.146
4167	187.43	241.116
4168	187.482	241.1
4169	187.535	241.067
4170	187.587	241.063
4173	187.745	241.059
4175	187.849	240.91
4177	187.954	240.909
4179	188.059	240.895
4181	188.163	240.878
4182	188.216	240.837
4183	188.269	240.837
4186	188.426	240.832
4188	188.531	240.829
4190	188.637	240.825
4193	188.796	240.806
4194	188.849	240.803
4195	188.902	240.8
4197	189.007	240.755
4200	189.165	240.754
4202	189.27	240.369
4203	189.323	240.213
4208	189.586	240.212
4209	189.638	240.197
4210	189.691	238.908
4213	189.85	238.907
4215	189.956	238.895
4219	190.167	238.891
4221	190.273	238.879
4222	190.325	238.871
4224	190.432	238.87
4228	190.645	238.784
4229	190.699	238.772
4230	190.752	238.77
4231	190.805	238.767
4233	190.911	238.759
4235	191.016	238.678
4237	191.124	238.668
4239	191.229	238.665
4240	191.281	238.571
4241	191.334	238.331
4242	191.387	238.33
4245	191.546	238.328
4249	191.758	237.742
4251	191.864	237.74
4254	192.023	237.702
4256	192.128	237.7
4259	192.286	237.689
4265	192.604	237.687
4270	192.871	237.683
4272	192.978	237.675
4276	193.19	237.66
4280	193.402	237.659
4284	193.614	237.631
4285	193.667	237.628
4287	193.773	237.62
4288	193.827	237.613
4294	194.147	237.603
4298	194.359	237.595
4303	194.625	237.588
4306	194.785	237.566
4309	194.947	237.552
4310	194.999	237.546
4313	195.159	237.529
4315	195.265	237.515
4321	195.584	237.513
4322	195.637	237.508
4323	195.69	237.499
4325	195.797	237.467
4326	195.85	237.467
4329	196.01	237.3
4330	196.063	237.279
4331	196.117	237.27
4333	196.225	237.247
4335	196.332	236.783
4336	196.385	236.781
4337	196.438	236.781
4338	196.491	236.781
4339	196.545	236.775
4340	196.599	236.771
4342	196.706	236.763
4343	196.758	236.733
4344	196.811	236.731
4347	196.973	236.728
4348	197.027	236.726
4350	197.133	236.725
4351	197.186	236.723
4352	197.24	236.713
4353	197.294	236.434
4354	197.348	236.424
4355	197.401	236.423
4356	197.454	236.423
4358	197.56	236.144
4360	197.666	236.126
4361	197.719	236.114
4362	197.772	235.971
4365	197.932	235.971
4366	197.985	235.968
4367	198.038	235.965
4368	198.091	235.961
4370	198.197	235.911
4373	198.357	235.911
4374	198.41	235.911
4375	198.463	235.892
4376	198.517	235.891
4377	198.57	235.888
4378	198.623	235.756
4380	198.729	235.751
4381	198.783	235.593
4382	198.835	235.562
4384	198.943	235.527
4385	198.996	235.51
4386	199.049	235.506
4387	199.102	235.504
4388	199.157	235.503
4389	199.212	235.481
4391	199.319	235.446
4392	199.373	235.131
4393	199.426	235.131
4394	199.479	235.128
4396	199.587	235.124
4398	199.693	235.091
4400	199.799	235.085
4402	199.906	235.067
4404	200.013	235.066
4407	200.173	234.991
4408	200.226	234.978
4409	200.279	234.977
4410	200.332	234.972
4412	200.438	234.969
4413	200.492	234.966
4414	200.545	234.964
4415	200.599	234.832
4417	200.705	234.828
4419	200.811	234.808
4420	200.865	234.778
4421	200.918	234.768
4422	200.971	234.745
4426	201.184	234.71
4428	201.291	234.71
4430	201.4	234.707
4432	201.508	234.683
4433	201.561	234.645
4435	201.668	234.554
4437	201.775	234.536
4440	201.934	234.534
4441	201.988	234.528
4442	202.042	234.211
4448	202.36	234.21
4449	202.413	234.201
4450	202.466	233.824
4451	202.52	233.823
4455	202.733	233.814
4457	202.84	233.813
4458	202.893	233.801
4459	202.947	233.8
4461	203.054	233.799
4466	203.323	233.663
4467	203.377	233.657
4468	203.43	233.596
4469	203.484	233.582
4470	203.54	233.562
4471	203.594	233.548
4473	203.701	233.545
4477	203.914	233.537
4478	203.968	233.535
4479	204.021	233.533
4480	204.075	233.464
4481	204.129	233.41
4482	204.183	233.41
4483	204.236	233.409
4489	204.558	232.805
4499	205.093	232.796
4500	205.148	232.733
4505	205.417	232.729
4512	205.814	232.726
4516	206.03	232.72
4521	206.33	232.719
4524	206.506	232.692
4526	206.614	232.688
4527	206.668	232.687
4528	206.725	232.687
4530	206.834	232.672
4532	206.943	232.64
4533	206.997	232.564
4543	207.553	232.549
4544	207.608	232.208
4546	207.718	232.204
4549	207.882	232.192
4552	208.044	232.009
4553	208.098	231.996
4561	208.527	231.995
4563	208.637	231.987
4565	208.745	231.967
4566	208.8	231.967
4567	208.854	231.966
4569	208.962	231.87
4570	209.016	231.861
4571	209.07	231.859
4572	209.123	231.854
4573	209.176	231.843
4576	209.337	231.835
4577	209.391	231.835
4578	209.445	231.834
4579	209.501	231.831
4580	209.554	231.826
4581	209.607	231.824
4582	209.662	231.823
4583	209.716	231.806
4584	209.77	231.805
4585	209.823	231.792
4587	209.932	231.79
4588	209.986	231.789
4589	210.042	231.785
4590	210.1	231.782
4591	210.155	231.781
4592	210.208	231.773
4593	210.264	231.579
4594	210.331	231.567
4595	210.385	231.562
4596	210.439	231.558
4597	210.493	231.55
4598	210.548	231.387
4600	210.658	231.349
4601	210.713	231.342
4602	210.767	231.335
4603	210.823	231.334
4607	211.041	231.334
4608	211.095	231.307
4609	211.148	231.297
4610	211.202	231.295
4612	211.31	231.294
4613	211.364	231.293
4615	211.472	231.283
4616	211.526	231.281
4617	211.579	231.278
4618	211.633	231.197
4621	211.794	231.193
4622	211.847	231.064
4624	211.954	230.991
4628	212.169	230.991
4629	212.223	230.958
4631	212.335	230.892
4632	212.389	230.839
4633	212.444	230.838
4634	212.498	230.833
4638	212.713	230.773
4639	212.767	230.709
4640	212.82	230.7
4643	212.982	230.697
4644	213.035	230.696
4647	213.197	230.691
4648	213.251	230.687
4650	213.358	230.683
4651	213.412	230.674
4652	213.466	230.662
4653	213.52	230.648
4655	213.628	230.596
4657	213.735	230.595
4659	213.843	230.593
4661	213.95	230.575
4662	214.003	230.567
4663	214.057	230.566
4664	214.111	230.566
4666	214.218	230.561
4668	214.325	230.56
4670	214.433	230.559
4672	214.543	230.549
4675	214.707	230.549
4677	214.814	230.448
4681	215.031	230.444
4682	215.084	230.158
4686	215.298	230.113
4689	215.458	230.112
4690	215.512	229.749
4691	215.566	229.748
4694	215.728	229.74
4695	215.783	229.666
4696	215.836	229.66
4697	215.89	229.607
4698	215.944	229.602
4699	215.998	229.6
4701	216.107	229.596
4702	216.161	229.594
4707	216.43	229.56
4708	216.482	229.434
4709	216.535	229.428
4711	216.642	229.426
4713	216.748	229.423
4719	217.065	229.421
4720	217.119	229.37
4722	217.225	229.365
4723	217.277	229.363
4724	217.33	229.358
4729	217.594	228.848
4731	217.701	228.833
4732	217.753	228.829
4735	217.911	228.81
4736	217.964	228.809
4739	218.121	228.799
4745	218.438	228.797
4747	218.543	228.792
4749	218.649	228.77
4750	218.703	228.74
4761	219.29	228.738
4762	219.344	228.735
4763	219.396	228.702
4764	219.449	228.677
4765	219.502	228.677
4766	219.556	228.671
4767	219.609	228.665
4770	219.769	228.664
4773	219.93	228.601
4778	220.204	228.6
4781	220.364	228.599
4783	220.471	228.594
4785	220.626	228.257
4786	220.678	228.254
4787	220.732	228.249
4789	220.839	228.238
4795	221.163	228.215
4798	221.323	228.209
4802	221.536	228.208
4803	221.59	228.198
4804	221.643	228.183
4805	221.697	228.152
4806	221.751	228.151
4807	221.804	228.15
4809	221.912	227.985
4810	221.966	227.97
4811	222.02	227.968
4812	222.073	227.962
4813	222.127	227.952
4814	222.18	227.951
4817	222.341	227.951
4819	222.448	227.95
4820	222.501	227.939
4822	222.608	227.925
4823	222.662	227.919
4825	222.769	227.897
4828	222.929	227.896
4830	223.037	227.894
4831	223.09	227.894
4832	223.147	227.863
4834	223.255	227.859
4835	223.309	227.856
4838	223.468	227.751
4840	223.575	227.72
4841	223.628	227.703
4842	223.681	227.697
4843	223.735	227.696
4845	223.841	227.688
4848	224.002	227.683
4849	224.056	227.679
4850	224.109	227.676
4851	224.163	227.676
4852	224.217	227.674
4853	224.271	227.673
4855	224.378	227.661
4858	224.538	227.597
4861	224.7	227.589
4862	224.754	227.371
4863	224.808	227.363
4869	225.129	227.334
4871	225.236	227.182
4872	225.29	227.152
4874	225.4	227.016
4878	225.616	227.002
4880	225.723	226.991
4882	225.83	226.985
4884	225.937	226.982
4887	226.099	226.975
4890	226.259	226.975
4893	226.42	226.95
4894	226.473	226.95
4895	226.528	226.913
4896	226.581	226.908
4897	226.634	226.907
4900	226.795	226.859
4902	226.902	226.859
4903	226.955	226.859
4906	227.117	226.858
4910	227.332	226.857
4916	227.656	226.816
4917	227.71	226.814
4920	227.87	226.81
4922	227.977	226.549
4929	228.352	226.548
4930	228.405	226.228
4931	228.459	226.227
4932	228.512	226.226
4933	228.566	226.225
4935	228.673	226.185
4936	228.726	226.178
4938	228.833	226.173
4939	228.887	226.172
4941	228.996	226.172
4943	229.103	226.17
4947	229.318	226.133
4948	229.371	226.094
4949	229.425	226.09
4950	229.479	226.087
4951	229.533	226.085
4953	229.642	226.069
4954	229.698	226.059
4960	230.02	226.019
4961	230.073	226.017
4962	230.127	226.009
4963	230.181	226.005
4964	230.236	225.988
4969	230.505	225.51
4971	230.612	225.508
4976	230.88	225.505
4977	230.934	225.505
4980	231.096	224.742
4982	231.205	224.741
4985	231.367	224.74
4987	231.474	224.726
4990	231.635	224.725
4996	231.966	224.722
5000	232.181	224.722
# FIN	232.181	224.722

