# target=instancias/bach.png T=240 iters=5000 K=32 seed=auto
iter	segundos	MSE
0	0.0019158	18727.9
1	0.0207499	18642.9
2	0.0391206	18561
3	0.0581482	18560.7
4	0.077291	18559.4
5	0.095738	18555.5
6	0.114371	18494.4
7	0.133259	18453.8
8	0.15242	18451.2
9	0.171338	18422.7
10	0.190694	18316.7
11	0.20944	18307.2
12	0.228859	18187.3
13	0.248434	18147.2
14	0.267331	18065.1
15	0.286176	18058.7
16	0.305177	18041.5
17	0.325131	17934.1
18	0.344254	17925.1
19	0.362931	17911.3
20	0.381629	17876.7
21	0.400546	17800.5
22	0.4199	17800.5
23	0.438782	17745.7
24	0.457881	17732.5
25	0.476789	17729.4
26	0.496185	17651
27	0.515407	17650.6
28	0.534556	17584.8
29	0.553741	17495.2
30	0.573062	17407.7
31	0.593392	17269.4
32	0.614328	17268.7
33	0.641219	17215.5
34	0.665338	17161.3
35	0.686984	17133.2
36	0.706139	17126.1
37	0.72549	17078
38	0.745661	17016.7
39	0.76528	16983.8
40	0.784605	16900.9
41	0.803775	16875.3
42	0.822943	16814.5
43	0.84482	16734.6
44	0.864591	16714.5
45	0.884268	16696.1
46	0.903527	16606.5
47	0.923198	16504.4
48	0.942699	16490.2
49	0.963081	16429.7
50	0.982875	16344.8
51	1.003	16319
52	1.02307	16298.5
53	1.04352	16297.8
54	1.06434	16237.6
55	1.08431	16235.8
56	1.10426	16218.4
57	1.12563	16173
58	1.1474	16172.3
59	1.16905	16172.3
60	1.18971	16170.3
61	1.20994	16149.3
62	1.23117	16132.5
63	1.251	16064
64	1.27106	16036.4
65	1.29053	16009.7
66	1.31023	15967.2
67	1.33052	15895.3
68	1.35004	15859.5
69	1.36973	15818.8
70	1.38955	15755.8
71	1.41007	15662.1
72	1.43	15499.3
73	1.4501	15446.4
74	1.47027	15413
75	1.49099	15385.5
76	1.51106	15277.1
77	1.53186	15204.6
78	1.55288	15144.2
79	1.57343	15117.8
80	1.59433	15098.4
81	1.61576	14978.5
82	1.64102	14916.3
83	1.66339	14884.7
84	1.68666	14883.1
85	1.7084	14791.7
86	1.72904	14692.3
87	1.74929	14688.8
88	1.77009	14659.8
89	1.79186	14630.2
90	1.81391	14553.8
91	1.83727	14449.8
92	1.8585	14438.4
93	1.87979	14357.2
94	1.90161	14321.6
95	1.92231	14302.7
96	1.943	14241.6
97	1.96388	14071.2
98	1.98611	14054.4
99	2.00701	14015.3
100	2.02818	14004
101	2.0488	13986
102	2.07033	13985.8
103	2.09124	13943.6
104	2.11214	13922.8
105	2.13304	13855.3
106	2.15398	13808.1
107	2.17515	13804.5
108	2.19625	13789.7
109	2.21738	13746.4
110	2.23889	13745.4
111	2.26019	13738.4
112	2.28184	13701.5
113	2.3031	13493
114	2.3242	13464.6
115	2.34528	13449.1
116	2.36663	13430.2
117	2.38852	13420.4
118	2.41039	13322.9
119	2.43203	13320.5
120	2.45377	13264.9
121	2.47538	13241.9
122	2.49692	13241.9
123	2.52008	13171.9
124	2.54545	13113
125	2.57758	13056.8
126	2.62153	13055.6
127	2.6744	13038.2
128	2.71649	12934
129	2.74238	12839.1
130	2.76674	12834.8
131	2.79165	12781.7
132	2.81368	12769
133	2.83548	12764
134	2.85732	12742.5
135	2.87935	12703.3
136	2.90164	12702.5
137	2.92456	12664.1
138	2.94671	12575.6
139	2.96839	12537.3
140	2.99114	12521.1
141	3.01352	12517.8
142	3.03583	12358
143	3.05835	12223.3
144	3.0801	12218.6
145	3.10202	12218
146	3.12502	12199
147	3.14744	12141.3
148	3.16938	12093.5
149	3.19124	11978.6
150	3.21342	11932.9
151	3.23637	11932.2
152	3.26015	11902.7
153	3.28253	11902.4
154	3.30465	11786.2
155	3.32823	11761
156	3.35452	11721.1
157	3.38134	11687.6
158	3.40786	11686.9
159	3.43503	11595.4
160	3.46571	11569.9
161	3.49325	11562.1
162	3.52268	11561.3
163	3.54536	11541.5
164	3.56824	11541.3
165	3.59139	11485.4
166	3.61409	11436
167	3.63695	11427.2
168	3.65941	11374.7
169	3.68224	11305.2
170	3.70553	11302.9
171	3.72885	11223.5
172	3.75187	11222
173	3.77503	11179.2
174	3.79832	11164.1
175	3.82125	11155.7
176	3.84434	11148.7
177	3.86737	11066.1
178	3.89062	11057.1
179	3.91451	11039
180	3.93763	11036.8
181	3.96174	11024.9
182	3.98919	11004.4
183	4.02279	10937.3
184	4.05702	10898.9
185	4.0812	10876.4
186	4.10606	10875.3
187	4.13005	10871.8
188	4.15347	10777.1
189	4.17777	10741.6
190	4.20136	10723.6
191	4.22457	10714.2
192	4.24858	10674.2
193	4.27212	10671.5
194	4.29548	10601.7
195	4.3196	10564.6
196	4.34301	10457.3
197	4.36658	10448.7
198	4.38981	10448.2
199	4.41331	10435.9
200	4.43638	10433.9
201	4.45968	10361.8
202	4.48251	10355.2
203	4.50589	10337.7
204	4.5296	10246.9
205	4.55329	10244.2
206	4.57651	10237.8
207	4.59951	10210
208	4.62315	10208.5
209	4.64721	10181.6
210	4.6719	10175
211	4.70561	10169.3
212	4.74237	10149.2
213	4.77301	10131.5
214	4.80237	10131.1
215	4.82985	10057.7
216	4.85564	9997
217	4.88124	9963.33
218	4.90704	9962.07
219	4.93046	9942.82
220	4.95476	9942.22
221	4.97833	9911.97
222	5.00345	9877.31
223	5.02785	9789.99
224	5.05246	9789.48
225	5.07635	9789.43
226	5.09964	9785.38
227	5.12439	9746.27
228	5.1477	9674.13
229	5.17127	9571.75
230	5.19435	9571.25
231	5.21789	9540.93
232	5.24153	9518.15
233	5.26535	9513.42
234	5.28892	9512.8
235	5.31252	9497.26
236	5.33666	9475.52
237	5.36031	9446.24
238	5.38388	9445.91
239	5.40753	9436.34
240	5.43224	9419.35
241	5.45638	9416.72
242	5.48067	9362.83
243	5.50513	9361.47
244	5.52938	9351.32
245	5.55391	9345.66
246	5.57865	9330.11
247	5.60233	9323.97
248	5.62631	9314.92
249	5.6502	9268.47
250	5.6748	9251.71
251	5.6989	9250.22
252	5.72323	9237.68
253	5.74743	9178.17
254	5.77142	9147.07
255	5.79604	9143.47
256	5.82082	9141.3
257	5.84651	9104.17
258	5.87247	9102.96
259	5.89858	9102.42
260	5.92616	9098.26
261	5.95448	9073.72
262	5.98123	9073.59
263	6.0067	9018.09
264	6.03155	8903.6
265	6.05665	8899.91
266	6.08101	8868.08
267	6.10631	8861.96
268	6.13076	8754.94
269	6.15557	8673.3
270	6.18089	8669.36
271	6.2079	8654.99
272	6.23553	8654.57
273	6.26008	8641.89
274	6.28464	8610.67
275	6.30921	8602.11
276	6.33412	8601.17
277	6.35873	8601.07
278	6.38332	8518.68
279	6.40784	8473.74
280	6.43237	8424.48
281	6.45708	8394.15
282	6.48205	8359.04
283	6.50723	8270.63
284	6.53293	8263.91
285	6.55759	8263.41
286	6.58313	8222.89
287	6.60847	8176.71
288	6.63343	8161.25
289	6.65848	8151.49
290	6.68356	8110.6
291	6.70856	8108.41
292	6.73435	8108.4
293	6.76018	8107.48
294	6.78533	8086.59
295	6.81018	8085.24
296	6.83538	8064.03
297	6.86051	8004.74
298	6.88595	8001.29
299	6.91089	8001.1
300	6.93589	8000.73
301	6.96192	7988.84
302	6.98694	7988.79
303	7.01217	7976.09
304	7.03888	7964.74
305	7.06438	7963.77
306	7.08972	7938.99
307	7.11525	7911.12
308	7.14183	7884.28
309	7.16701	7879.17
310	7.19257	7831.74
311	7.21795	7819.57
312	7.2445	7792.13
313	7.27123	7719.61
314	7.29653	7709.16
315	7.33187	7706.39
316	7.36124	7703.81
317	7.388	7673.85
318	7.41366	7670.6
319	7.43929	7661.04
320	7.46476	7605.12
321	7.49103	7562.42
322	7.51663	7537.65
323	7.54225	7520.42
324	7.5681	7517.04
325	7.59405	7493.49
326	7.61982	7430.11
327	7.6457	7421.27
328	7.67241	7392.74
329	7.69802	7391.15
330	7.7238	7371.55
331	7.75012	7356.02
332	7.77634	7332.47
333	7.80232	7247.96
334	7.82849	7223.77
335	7.85456	7216.65
336	7.88058	7189.34
337	7.90641	7104.64
338	7.93291	7012.56
339	7.95903	7009.8
340	7.98629	7009.26
341	8.01465	7008.49
343	8.06808	6991.53
344	8.09513	6985.96
345	8.12257	6973.91
346	8.15043	6954.77
347	8.17862	6954.01
348	8.2073	6947.31
349	8.23593	6880.57
350	8.26239	6879.89
351	8.28869	6878.27
352	8.3156	6813.25
353	8.34335	6633.92
354	8.37092	6619.22
355	8.39851	6585.52
356	8.42553	6583.55
357	8.453	6576.52
358	8.48	6544.2
359	8.5114	6543.65
360	8.53952	6509.52
361	8.56958	6414.44
362	8.60183	6414.3
363	8.64035	6401.3
364	8.6702	6396.75
365	8.69877	6367.09
366	8.72652	6365.27
367	8.75342	6364.99
368	8.78072	6277.31
369	8.80962	6264.29
370	8.83751	6239.5
371	8.86488	6221.63
372	8.89257	6218.07
373	8.92034	6215.46
374	8.94712	6183.18
375	8.97625	6158.93
376	9.01105	6157.84
377	9.03883	6149.92
378	9.0671	6056.04
379	9.09453	6053.24
380	9.12214	6049.77
381	9.14953	6047.89
382	9.17771	6042.12
383	9.20478	6025.17
384	9.23188	6008.44
385	9.26004	6008.36
386	9.28827	5991.62
387	9.31557	5973.64
388	9.34296	5918.74
389	9.3706	5874.46
390	9.39842	5856.81
391	9.426	5856.2
392	9.45374	5814.81
393	9.48082	5814.73
394	9.50838	5787.6
395	9.5357	5786.66
396	9.56262	5780.38
397	9.58972	5762.57
398	9.61731	5743.98
399	9.6451	5690.74
400	9.67326	5681.35
401	9.70037	5679.72
402	9.72796	5678.68
403	9.75579	5662.86
404	9.78285	5662.71
405	9.814	5628.61
406	9.85122	5616.14
407	9.88224	5611.84
408	9.9143	5603.98
409	9.9424	5583.11
410	9.97125	5578.73
411	9.99871	5569.76
412	10.0264	5567.54
413	10.0679	5531.24
414	10.0968	5521.02
415	10.1246	5515.02
416	10.1532	5513.77
417	10.181	5477.47
418	10.2084	5473.61
419	10.237	5470.37
420	10.2654	5469.86
421	10.2939	5464.5
422	10.322	5454.85
423	10.3496	5428.65
424	10.3771	5381.59
425	10.4046	5381.3
426	10.433	5381.26
427	10.461	5380.32
428	10.4896	5371.06
429	10.5196	5370.97
430	10.5498	5333.66
431	10.5781	5330.86
432	10.6059	5323.16
433	10.6337	5320.6
434	10.6622	5248.72
435	10.6899	5247.09
436	10.7182	5231.73
437	10.747	5225.55
438	10.7755	5223.28
439	10.8032	5218.45
440	10.8318	5216.92
441	10.8601	5191.02
442	10.8879	5171.85
443	10.9158	5160.74
444	10.944	5097.02
445	10.9722	5096.06
446	11.0005	5094.25
447	11.0285	5093.18
448	11.057	5092.75
449	11.0853	5075.85
450	11.1143	5069.09
451	11.1426	5061.62
452	11.1711	5059.06
453	11.1994	5058.4
454	11.2282	5058.35
455	11.2568	5052.76
456	11.2856	5023.66
457	11.3143	5008.59
458	11.3436	5005.88
459	11.3721	4982.2
460	11.4008	4982.15
461	11.4294	4973.36
462	11.4579	4934.43
463	11.487	4890.48
464	11.5155	4889.14
465	11.5446	4889.03
466	11.5734	4888.21
467	11.6025	4869.18
468	11.6314	4840.65
469	11.66	4815.02
470	11.6887	4813.86
471	11.7171	4806.99
472	11.7457	4776.61
473	11.7748	4763.24
474	11.804	4760.23
475	11.8332	4754.24
476	11.8626	4754.09
477	11.8916	4752.29
478	11.9204	4751.9
479	11.9495	4748.93
480	11.9789	4742.83
481	12.0085	4713.5
482	12.0374	4705.37
483	12.0662	4705.23
484	12.0955	4704.56
485	12.1248	4703.48
486	12.1546	4702.44
487	12.1844	4700
488	12.2133	4698.3
489	12.2429	4691.93
490	12.2721	4684.05
491	12.3014	4684.03
492	12.3307	4674.2
493	12.3598	4651.36
494	12.3898	4650.26
495	12.4201	4649.73
496	12.4697	4648.2
497	12.5051	4645.24
498	12.5403	4645
499	12.571	4644.27
500	12.6015	4643.89
501	12.6376	4641.13
502	12.6743	4640.75
503	12.7063	4634.19
504	12.7367	4614.47
505	12.7667	4612.17
506	12.7969	4604.59
507	12.8376	4591.1
508	12.8965	4533.22
509	12.9443	4510.59
510	12.9805	4504.6
511	13.0192	4502.49
512	13.062	4502.2
513	13.1185	4496.54
514	13.169	4496.3
515	13.2017	4474.59
516	13.2343	4474.1
517	13.2684	4473.63
518	13.3013	4406.54
519	13.3342	4403.01
520	13.3697	4397.87
521	13.4012	4393.99
522	13.4329	4358
523	13.4639	4325.78
524	13.5011	4324.01
525	13.5362	4311.2
526	13.5719	4311.08
527	13.6036	4305.22
528	13.6416	4290.98
529	13.6841	4289.34
530	13.7431	4272.06
531	13.7954	4266.61
532	13.8331	4221.75
533	13.8697	4221.63
534	13.9039	4220.05
535	13.9388	4217.62
536	13.9722	4216.57
537	14.0037	4197.3
538	14.0348	4193.07
539	14.0671	4190.49
540	14.099	4190.48
541	14.131	4188.56
542	14.1671	4187.52
543	14.2016	4187.5
544	14.2325	4185.4
545	14.2668	4185.09
546	14.3022	4159.69
547	14.3346	4101.33
548	14.3663	4100.77
549	14.3981	4082.77
550	14.4311	4074.9
551	14.4628	4073.3
552	14.4949	4062.8
553	14.5291	4032.57
554	14.5603	4031.24
555	14.5918	4030.57
556	14.6235	4010.65
557	14.6567	3989.84
558	14.6876	3983.9
559	14.7197	3983.86
560	14.7514	3981.62
561	14.7826	3977.44
562	14.814	3937.48
563	14.8492	3910.9
564	14.8842	3906.41
565	14.9163	3903.13
566	14.9486	3852.36
567	14.9803	3841.95
568	15.0123	3836.74
569	15.0444	3832.51
570	15.0762	3829.35
571	15.1079	3795.45
572	15.1397	3795.44
573	15.1706	3754.96
574	15.2036	3688.31
575	15.2352	3687.02
576	15.267	3684.35
577	15.2993	3628.67
578	15.331	3624.36
579	15.363	3623.19
580	15.3972	3621.57
581	15.4295	3620.82
582	15.461	3620.81
583	15.493	3605.99
584	15.5251	3605.4
585	15.5566	3603.16
586	15.5886	3594.69
587	15.6201	3594.04
588	15.6516	3571.23
589	15.6842	3538.98
590	15.7163	3530.09
591	15.7485	3528.86
592	15.7809	3522.65
593	15.813	3508.6
594	15.8453	3506.42
595	15.8774	3481
596	15.911	3480.9
597	15.943	3479.05
598	15.9749	3472.22
599	16.0074	3471.89
600	16.0402	3470.78
601	16.0729	3417.42
602	16.1048	3417.39
603	16.1366	3405.83
604	16.1685	3405.06
605	16.2005	3386.8
606	16.2325	3385.36
607	16.2641	3385.26
608	16.2966	3361.43
609	16.3287	3360.78
610	16.3693	3348.74
611	16.4028	3341.69
612	16.4368	3339.14
613	16.4734	3338.89
614	16.5063	3332.5
615	16.5402	3257.08
616	16.5754	3256.95
617	16.6097	3255.32
618	16.6439	3191.08
619	16.6817	3189.27
620	16.7223	3188.77
621	16.7551	3188.33
622	16.7902	3187.36
623	16.8252	3184.31
624	16.8584	3182.95
625	16.8915	3182.75
626	16.9241	3177.03
627	16.9575	3175.52
628	16.9909	3138.2
629	17.0232	3135.41
630	17.0598	3134.9
631	17.0941	3134.41
632	17.1274	3107.82
633	17.1617	3107.74
634	17.1947	3088.36
635	17.2283	3087.02
636	17.2612	3086.35
637	17.2947	3073.9
638	17.329	3073.83
639	17.3617	3068.26
640	17.3946	3061.34
641	17.4285	3060.42
642	17.4613	3060.02
643	17.4939	3058.93
644	17.5276	3058.91
645	17.562	3053.93
646	17.5966	3050.2
647	17.6311	3049.73
648	17.6656	3049.15
649	17.7002	3043.54
650	17.7328	3036.72
651	17.7669	3034.3
652	17.8003	3034.26
653	17.8331	2956.16
654	17.8662	2953.96
655	17.8991	2953.14
656	17.9327	2949.78
657	17.9656	2949.48
658	17.9987	2948.76
659	18.0316	2948.42
660	18.0691	2948.12
661	18.1059	2945.6
662	18.1417	2944.8
663	18.1754	2918.32
664	18.2088	2887.14
665	18.2422	2881.76
666	18.2754	2881.68
667	18.3086	2880.51
668	18.3426	2879.63
669	18.3764	2879.59
670	18.4096	2870.59
671	18.4429	2869.51
672	18.4763	2863.56
673	18.5096	2862.37
674	18.5429	2741.9
675	18.5771	2741.59
676	18.6111	2739.57
677	18.649	2733.55
678	18.6853	2732.54
679	18.7193	2731.59
680	18.7538	2731.5
681	18.7875	2728.19
682	18.822	2723.61
683	18.8559	2723.31
684	18.8897	2667.66
685	18.9236	2662.13
686	18.9576	2661.65
687	18.9911	2657.76
688	19.0253	2657.71
689	19.0595	2650.4
690	19.0941	2650.17
691	19.128	2642.28
692	19.1621	2641.62
693	19.1964	2641.49
694	19.2327	2641.41
695	19.27	2619.35
696	19.3038	2607.34
697	19.3382	2606.05
698	19.3721	2603.46
699	19.4064	2599.58
700	19.4408	2599.54
701	19.4745	2598.82
702	19.5083	2595.26
703	19.5429	2588.21
704	19.5768	2587.98
705	19.6112	2584.75
706	19.6533	2584.11
707	19.6929	2526.33
708	19.7525	2507.59
709	19.8027	2459.93
710	19.84	2456.76
711	19.8757	2455.51
712	19.9122	2447.59
713	19.9486	2445.83
714	19.9913	2445.28
715	20.0259	2444.67
717	20.094	2444.55
718	20.1283	2444.3
720	20.1976	2414.84
721	20.2323	2413.02
722	20.2678	2411.57
723	20.3022	2408.46
724	20.3371	2407.26
725	20.3718	2406.92
726	20.4072	2406.13
727	20.4421	2385.34
728	20.477	2372.49
729	20.5113	2370.14
730	20.5467	2370.11
731	20.5814	2370.06
732	20.6163	2367.79
733	20.6512	2367.68
734	20.6858	2366.54
735	20.7299	2366.54
736	20.7651	2365.63
737	20.7999	2364.61
738	20.8351	2364.3
739	20.8698	2364.15
740	20.9044	2363.9
741	20.9409	2360.29
742	20.9763	2360.28
743	21.0108	2355.5
744	21.0462	2336.41
745	21.0808	2335.61
746	21.1159	2294.01
747	21.1505	2293.72
748	21.1855	2251.34
749	21.2202	2233.7
750	21.255	2229.85
751	21.2908	2220.71
752	21.3262	2220.71
753	21.3618	2218.71
754	21.3965	2218.65
755	21.4319	2207.91
756	21.4686	2207.68
757	21.5292	2207.68
758	21.584	2194.08
759	21.6437	2190.79
760	21.683	2187.84
761	21.7198	2187.4
762	21.755	2184.87
763	21.7904	2164.41
764	21.8259	2162.94
765	21.8611	2161.55
766	21.8959	2160.73
767	21.9307	2160.56
768	21.9658	2156.99
769	22.0008	2156.49
770	22.0463	2152.8
771	22.0838	2151.56
772	22.1197	2151.21
773	22.155	2150.87
774	22.1906	2150.09
775	22.2267	2148.47
776	22.2619	2147.39
777	22.2978	2141.48
778	22.3337	2140.63
779	22.3691	2140.15
780	22.4053	2140.15
781	22.441	2139.45
782	22.4761	2137.24
783	22.5116	2137.16
784	22.547	2136.07
785	22.5823	2135.87
786	22.6178	2135.67
787	22.6541	2128.75
788	22.6904	2126.85
789	22.726	2125.24
790	22.7622	2124.74
791	22.7977	2124.74
793	22.8687	2109.82
794	22.9044	2107.95
795	22.9398	2107.44
796	22.9754	2104.9
797	23.0119	2104.16
798	23.0477	2103.67
799	23.0837	2103.51
800	23.1189	2103.38
801	23.1544	2100.72
802	23.1917	2067.67
803	23.2318	2059.72
804	23.2774	2055.72
805	23.3202	2051.59
806	23.3582	2049.85
807	23.3937	2047.31
808	23.4289	2043.71
809	23.4652	2043.41
810	23.5006	2041.45
811	23.5363	2011.96
812	23.5721	2011.11
813	23.6079	1990.1
814	23.6442	1969.2
815	23.6803	1967.98
816	23.7172	1967.86
817	23.7546	1879.67
818	23.7919	1879.19
819	23.8283	1878.57
820	23.8644	1877.68
821	23.9033	1877.16
823	23.9767	1876.91
824	24.0128	1876.77
825	24.0487	1876.42
826	24.0856	1875.6
827	24.1215	1875.58
828	24.1579	1869.78
829	24.1951	1859.28
830	24.2315	1859.23
831	24.2686	1856.06
832	24.3048	1854.25
833	24.3413	1852.08
834	24.3783	1852.07
835	24.4148	1852
836	24.4523	1850.7
837	24.4894	1848.22
838	24.5259	1845.87
839	24.5628	1845.71
840	24.5989	1844.31
841	24.635	1808.57
842	24.6719	1808.55
843	24.7084	1802.53
844	24.7457	1802.49
845	24.7832	1801.97
846	24.8197	1801.93
847	24.8563	1801.81
848	24.8931	1783.26
849	24.9298	1782.92
850	24.9667	1782.71
851	25.0037	1780.94
852	25.0405	1780.94
853	25.0775	1780.93
854	25.1139	1780.6
855	25.151	1772.91
856	25.1882	1772.32
857	25.2256	1771.83
858	25.2629	1712.37
859	25.2994	1711.69
860	25.3358	1711.45
861	25.3745	1711.21
863	25.4485	1710.79
864	25.4857	1704.05
865	25.5232	1703.89
866	25.5604	1702.68
867	25.5981	1702.62
868	25.6345	1671.26
869	25.6787	1670.08
871	25.7563	1669.92
872	25.7937	1669.75
873	25.8303	1669.44
874	25.8674	1666.77
875	25.9072	1665.64
876	25.9449	1665.06
877	25.9819	1662.98
879	26.056	1660.81
880	26.0945	1660.46
881	26.1319	1660.45
882	26.1694	1660.35
883	26.2072	1660.3
884	26.2468	1660.28
885	26.2887	1650.11
886	26.3299	1650.05
887	26.368	1649.31
888	26.4062	1648.73
889	26.4439	1648.31
890	26.4813	1642.14
891	26.5187	1639.14
892	26.5554	1638.93
893	26.5939	1637.01
894	26.6314	1636.65
896	26.7066	1635.43
897	26.7435	1635.14
898	26.7828	1634.55
899	26.8205	1634.54
900	26.8575	1634.44
901	26.8956	1633.05
902	26.9333	1632.11
903	26.9712	1621.09
904	27.0084	1595.49
905	27.0453	1595
906	27.0838	1594.87
907	27.1208	1593.09
908	27.1579	1590.88
909	27.1957	1590.83
910	27.2325	1589.48
911	27.2779	1589.47
912	27.3184	1589.44
913	27.3558	1588.42
914	27.3936	1516.25
915	27.4308	1516.03
916	27.4684	1515.72
917	27.506	1515.55
918	27.5431	1515.54
920	27.6182	1510.51
921	27.6555	1510.5
922	27.6925	1507.73
923	27.7299	1505.55
924	27.7676	1503.13
925	27.8053	1493.56
926	27.8424	1493.09
927	27.8796	1491.65
928	27.9173	1491.61
929	27.9549	1491.6
930	27.9923	1491.49
931	28.0301	1490.52
932	28.0703	1489.77
933	28.11	1489.71
934	28.1473	1489.71
935	28.1851	1488.3
936	28.2233	1481.72
937	28.2642	1481
938	28.3074	1480.33
939	28.3465	1478.85
940	28.3866	1478.56
941	28.4264	1478.22
942	28.4644	1477.33
943	28.5024	1474.23
944	28.5402	1471.4
945	28.5782	1471.19
946	28.6159	1468.76
947	28.6535	1452.2
948	28.6923	1452.01
949	28.7307	1451.34
950	28.7682	1450.81
951	28.8068	1450.64
952	28.8459	1443.8
953	28.8841	1442.88
954	28.9221	1442.52
955	28.9599	1442.19
956	28.9993	1440.85
958	29.0857	1440.42
960	29.1618	1436.84
961	29.1994	1435.16
962	29.2383	1430.98
963	29.2764	1430.83
964	29.3146	1430.68
965	29.354	1430.66
966	29.3919	1430.51
967	29.4297	1426.89
968	29.4681	1425.74
969	29.5067	1423.44
970	29.5452	1423.38
971	29.5868	1423.35
972	29.6528	1423.07
973	29.6976	1423.03
974	29.7359	1422.89
975	29.7744	1422.89
976	29.8134	1422.63
977	29.8515	1422.4
978	29.89	1421.98
979	29.9285	1421.84
980	29.9666	1418.12
982	30.0439	1418.12
983	30.0827	1417.41
984	30.1227	1408.15
985	30.1619	1404.68
986	30.2003	1399.47
987	30.2392	1399.35
988	30.2802	1373.69
989	30.3197	1342.18
990	30.3585	1342.06
991	30.3974	1340.38
992	30.437	1340.38
993	30.4756	1339.41
994	30.5146	1339.36
995	30.5609	1330.48
996	30.602	1330.32
997	30.6414	1330.32
998	30.6796	1328.28
999	30.7179	1328.26
1000	30.7573	1328.26
1001	30.7962	1327.8
1002	30.8363	1326.62
1003	30.8762	1314.13
1004	30.9154	1312.65
1005	30.955	1312.46
1006	30.995	1312.22
1007	31.0338	1312.02
1008	31.0732	1309.92
1009	31.1133	1309.23
1010	31.1525	1308.72
1011	31.1917	1307.97
1013	31.2706	1307.56
1014	31.3095	1307.48
1015	31.3485	1307.33
1016	31.3873	1306.92
1019	31.5047	1306.89
1020	31.5453	1306.89
1021	31.5855	1306.65
1022	31.6262	1306.56
1023	31.6658	1306.48
1024	31.7054	1306.41
1025	31.7448	1306.32
1026	31.7836	1306.14
1027	31.8225	1298.66
1028	31.8663	1298.1
1029	31.9123	1297.7
1030	31.9552	1297.53
1033	32.0739	1261.32
1034	32.1131	1260.75
1036	32.1916	1260.58
1037	32.2311	1260.43
1038	32.2704	1260.2
1039	32.3098	1260.16
1040	32.3501	1260.15
1041	32.3895	1260.11
1042	32.4303	1258.16
1043	32.4715	1257.04
1044	32.5122	1256.64
1045	32.5533	1254.61
1046	32.5925	1254.25
1047	32.633	1254.18
1048	32.6729	1253.31
1049	32.7128	1250.3
1050	32.7552	1250.28
1051	32.8008	1246.25
1052	32.8431	1246.25
1053	32.8826	1174.1
1054	32.9221	1172.64
1055	32.9613	1172.41
1056	33.0012	1172.36
1057	33.0411	1166.91
1058	33.0811	1166.79
1059	33.1213	1166.75
1060	33.1683	1166.12
1061	33.2261	1165.56
1062	33.2735	1165.53
1063	33.3136	1165.34
1064	33.3535	1165.28
1065	33.3932	1163.89
1066	33.4339	1163.33
1067	33.4732	1162.78
1068	33.5134	1162.37
1069	33.5537	1154.56
1071	33.6351	1153.9
1073	33.7236	1148.79
1074	33.7633	1148.75
1075	33.8029	1148.75
1076	33.8422	1148.33
1077	33.8818	1146.86
1078	33.9215	1146.72
1079	33.9617	1146.7
1080	34.0022	1143.39
1081	34.0425	1122.42
1082	34.0827	1122.41
1083	34.1231	1120.85
1084	34.1635	1120.81
1085	34.2042	1120.57
1086	34.2439	1119.59
1087	34.2841	1119.38
1088	34.3254	1118.27
1089	34.3665	1118.05
1090	34.4075	1117.98
1091	34.4488	1114.96
1093	34.5366	1114.89
1094	34.5775	1112.78
1095	34.619	1109.32
1096	34.6616	1106.23
1097	34.7022	1106.17
1098	34.7421	1027.09
1099	34.7826	1026.83
1101	34.8628	1026.8
1103	34.9442	1026.64
1104	34.9844	1025.18
1105	35.0243	1024.65
1106	35.0645	1023.45
1107	35.1049	1023.38
1108	35.1478	1021.67
1109	35.1889	1019.72
1110	35.2294	1019.66
1111	35.2697	1019.53
1112	35.3101	1019.46
1113	35.3508	1019.42
1114	35.3913	1019.01
1115	35.4316	1017.98
1116	35.4725	1017.96
1117	35.5127	1017.57
1119	35.5938	1016.15
1120	35.6341	1013.73
1121	35.6748	1013.73
1122	35.7169	1013.62
1123	35.7572	1013.53
1124	35.7979	1013.5
1125	35.838	1006.75
1126	35.8791	1005.96
1127	35.9201	1005.42
1128	35.9601	1005.39
1129	36.0013	1004.91
1130	36.0421	1003.03
1131	36.0826	1002.37
1132	36.1229	1001.87
1133	36.1657	1001.58
1134	36.2106	1001.39
1135	36.2537	1001.24
1136	36.2951	1000.81
1137	36.3357	1000.36
1138	36.3764	998.939
1139	36.4167	998.78
1140	36.4575	998.769
1141	36.4985	998.661
1142	36.5397	998.395
1143	36.585	993.479
1144	36.6291	972.276
1145	36.6698	970.604
1146	36.7104	970.583
1147	36.7511	970.448
1148	36.7917	967.078
1149	36.8334	967.015
1150	36.8751	965.169
1152	36.9578	964.952
1153	36.9988	964.377
1154	37.0401	943.797
1155	37.0808	943.754
1156	37.1217	943.724
1157	37.1624	943.464
1158	37.2036	943.445
1159	37.2451	943.406
1160	37.2858	941.611
1161	37.3268	941.043
1162	37.3699	940.119
1163	37.4182	940.018
1164	37.4594	929.485
1165	37.4992	929.338
1166	37.5394	929.302
1167	37.5795	928.149
1168	37.6211	928.12
1169	37.6613	928.089
1170	37.7012	928.046
1171	37.7409	927.771
1172	37.7811	927.648
1173	37.8217	927.55
1174	37.8616	927.348
1175	37.9026	926.195
1176	37.9424	917.32
1177	37.9823	917.021
1178	38.0225	916.491
1179	38.0621	916.22
1180	38.1022	916.079
1181	38.145	915.989
1182	38.1903	915.899
1183	38.2328	915.208
1184	38.2737	914.603
1185	38.3158	914.475
1186	38.3568	914.463
1187	38.3967	913.555
1188	38.4374	913.459
1189	38.4775	912.854
1190	38.5175	912.617
1191	38.5583	912.472
1192	38.5989	911.112
1193	38.6394	910.962
1194	38.6801	910.855
1195	38.7213	910.668
1196	38.7618	910.375
1199	38.8838	909.732
1200	38.9243	901.644
1201	38.966	901.047
1202	39.0095	900.169
1203	39.0501	899.744
1204	39.0912	899.713
1205	39.1332	899.211
1206	39.1745	899.176
1207	39.216	897.905
1208	39.2567	897.08
1209	39.2975	896.185
1210	39.3377	896.184
1211	39.3785	896.169
1212	39.4228	896.13
1213	39.4767	896.112
1214	39.5268	895.881
1216	39.6086	895.566
1217	39.6503	895.449
1218	39.6914	895.405
1219	39.7328	895.397
1220	39.7737	895.259
1222	39.8547	895.257
1223	39.8951	894.978
1224	39.9369	888.888
1225	39.9775	888.587
1226	40.0189	880.783
1227	40.0601	880.764
1228	40.111	840.775
1229	40.161	809.487
1230	40.2021	807.842
1231	40.2436	801.352
1232	40.2847	801.335
1233	40.3265	798.829
1234	40.3679	798.826
1235	40.4091	789.779
1236	40.4506	789.737
1237	40.4914	788.831
1238	40.5322	788.522
1239	40.573	788.13
1240	40.6151	788.024
1241	40.6626	787.867
1242	40.7091	786.285
1243	40.7518	786.132
1244	40.7927	786.094
1245	40.8354	785.998
1246	40.8774	785.896
1247	40.9186	785.574
1248	40.9605	785.127
1249	41.002	785.113
1250	41.0434	784.708
1251	41.0846	784.569
1252	41.1276	784.288
1253	41.1713	783.862
1254	41.2158	783.809
1255	41.2635	783.716
1256	41.3071	783.61
1257	41.3488	783.201
1258	41.3913	783.081
1259	41.433	782.732
1260	41.4752	782.727
1261	41.5182	782.661
1262	41.5619	782.656
1263	41.6045	782.541
1264	41.6464	782.474
1265	41.689	782.473
1266	41.7325	782.286
1267	41.7805	775.691
1268	41.8273	775.617
1269	41.8689	775.176
1270	41.9121	775.137
1272	41.9979	775.031
1273	42.0402	767.679
1274	42.083	767.515
1275	42.1247	765.233
1276	42.1683	765.182
1278	42.2523	765.083
1280	42.3379	765.046
1281	42.3884	765.035
1282	42.4337	764.682
1283	42.4767	764.098
1284	42.5189	764.081
1285	42.562	762.861
1286	42.6048	762.738
1287	42.647	762.619
1288	42.6898	762.277
1289	42.7324	762.01
1290	42.7752	761.815
1291	42.8173	761.806
1292	42.8596	761.75
1293	42.9025	761.453
1294	42.9452	761.14
1295	42.9876	761.109
1296	43.0393	761.083
1297	43.1117	759.776
1298	43.1556	759.768
1299	43.1989	759.591
1300	43.242	759.548
1302	43.3337	759.381
1303	43.3764	759.019
1304	43.4194	758.901
1306	43.5052	758.774
1307	43.5477	758.625
1308	43.6027	758.185
1309	43.6842	745.333
1310	43.74	745.227
1311	43.8175	744.814
1313	43.9215	743.869
1314	43.9644	743.832
1315	44.0069	743.814
1316	44.0635	743.392
1318	44.1653	743.382
1319	44.2077	743.305
1320	44.2501	743.141
1321	44.2934	717.665
1322	44.3364	717.66
1323	44.379	713.909
1324	44.4287	713.804
1325	44.475	713.659
1326	44.5182	713.533
1327	44.5621	713.448
1328	44.6049	713.071
1329	44.6482	712.851
1330	44.6912	712.823
1331	44.7344	711.363
1333	44.8198	711.245
1334	44.8628	710.591
1335	44.906	709.93
1336	44.9507	706.722
1337	45.0011	706.71
1338	45.0474	706.061
1339	45.0917	705.976
1340	45.1356	705.864
1341	45.1794	705.831
1343	45.2652	705.377
1344	45.3081	705.172
1345	45.3511	705.167
1346	45.3939	704.572
1347	45.4371	704.536
1348	45.494	704.245
1349	45.5427	704.113
1350	45.5867	703.953
1351	45.6305	703.939
1352	45.6747	703.87
1353	45.7184	703.864
1354	45.7618	703.8
1355	45.806	703.106
1357	45.894	702.762
1359	45.9815	702.236
1360	46.0247	701.361
1361	46.0688	701.294
1362	46.1123	701.174
1363	46.1554	701.153
1364	46.1991	701.072
1365	46.2436	699.917
1366	46.2875	699.684
1367	46.3308	699.628
1368	46.3747	699.552
1369	46.419	699.27
1370	46.4622	698.946
1371	46.5055	698.589
1372	46.5495	697.937
1373	46.5969	697.76
1374	46.6434	697.729
1375	46.6878	697.713
1376	46.732	697.365
1377	46.7759	697.029
1378	46.82	696.735
1379	46.8633	696.715
1380	46.9063	696.711
1381	46.9501	696.62
1382	46.995	694.068
1383	47.0445	683.619
1384	47.0943	681.111
1385	47.1379	675.367
1388	47.2699	674.835
1389	47.3145	674.683
1390	47.3598	674.095
1392	47.4492	673.61
1393	47.4946	673.466
1394	47.538	649.443
1397	47.6698	648.861
1398	47.7225	648.844
1399	47.77	648.833
1400	47.8139	648.663
1401	47.8572	646.784
1403	47.9444	646.608
1404	47.9879	623.586
1405	48.0319	623.405
1406	48.0762	623.388
1407	48.1192	622.531
1408	48.1628	622.459
1410	48.2494	622.432
1411	48.2935	622.313
1412	48.3622	622.169
1413	48.4088	620.595
1414	48.4537	620.593
1415	48.4972	619.677
1416	48.5408	619.209
1418	48.6283	618.76
1419	48.6715	618.753
1420	48.7153	618.693
1421	48.7591	618.478
1422	48.8025	618.469
1425	48.9449	618.367
1427	49.0321	617.657
1428	49.0769	617.629
1429	49.1208	617.482
1430	49.165	617.447
1431	49.2095	617.35
1432	49.2531	616.479
1433	49.2971	616.348
1434	49.3416	616.264
1435	49.3908	616.065
1436	49.4385	615.334
1438	49.5268	615.14
1439	49.5707	614.988
1440	49.614	601.95
1441	49.6575	601.947
1442	49.7008	601.46
1443	49.7443	601.427
1444	49.7887	601.423
1445	49.8328	601.154
1446	49.8774	601.148
1448	49.972	600.335
1449	50.0196	600.296
1450	50.0642	600.217
1451	50.1085	600.211
1452	50.1532	600.199
1453	50.1968	600.186
1454	50.2405	600.051
1455	50.2847	600.05
1456	50.3284	599.943
1457	50.3786	599.814
1458	50.4265	599.769
1459	50.4713	599.734
1460	50.5149	599.218
1461	50.5593	598.135
1462	50.6034	598.135
1463	50.6478	597.404
1464	50.6929	591.299
1465	50.7371	591.279
1466	50.7809	591.039
1467	50.8249	590.503
1468	50.8779	590.24
1469	50.9251	565.927
1470	50.9709	565.848
1471	51.0146	565.603
1472	51.0585	565.602
1473	51.1033	565.156
1474	51.1482	565.144
1475	51.1921	552.887
1476	51.237	552.83
1477	51.2809	551.086
1478	51.3252	550.749
1479	51.3694	550.71
1480	51.4139	550.696
1481	51.4584	550.665
1482	51.5112	550.393
1483	51.575	549.976
1484	51.6194	549.975
1485	51.6639	549.937
1486	51.7081	549.181
1487	51.7523	549.016
1488	51.7971	548.384
1489	51.8415	548.358
1491	51.9296	548.221
1492	51.9745	548.213
1493	52.0205	548.071
1494	52.0666	548.043
1495	52.1121	548.04
1498	52.2488	547.37
1499	52.2932	547.363
1500	52.3378	547.363
1501	52.3826	547.332
1502	52.427	547.323
1503	52.4721	547.258
1504	52.5213	547.188
1505	52.5708	547.164
1506	52.6165	546.438
1507	52.6612	544.774
1508	52.7065	544.55
1509	52.7514	544.494
1510	52.7966	544.475
1512	52.8856	544.461
1513	52.9298	541.917
1514	52.9756	541.829
1515	53.0204	541.532
1516	53.0656	541.504
1517	53.1105	541.092
1518	53.1554	540.909
1519	53.2001	540.725
1520	53.2474	540.438
1521	53.3006	540.37
1522	53.346	539.85
1523	53.3912	539.684
1524	53.4356	539.04
1525	53.4807	538.416
1526	53.5271	538.306
1527	53.5718	538.275
1528	53.6162	537.946
1529	53.661	537.831
1530	53.7055	537.588
1532	53.7953	537.571
1533	53.8405	537.472
1534	53.8862	537.148
1535	53.9316	536.551
1536	53.9841	536.516
1537	54.0326	535.81
1538	54.0785	535.57
1539	54.1231	535.434
1540	54.1698	535.235
1542	54.2629	535.211
1543	54.3109	534.313
1544	54.3559	534.204
1546	54.4471	533.773
1547	54.493	533.769
1548	54.5442	533.623
1549	54.5922	528.079
1551	54.6863	527.635
1553	54.7763	527.543
1554	54.821	527.533
1555	54.8671	527.474
1556	54.9119	527.46
1557	54.9569	527.253
1558	55.0033	527.224
1559	55.0484	527.154
1560	55.0954	525.863
1561	55.1401	524.47
1562	55.1869	524.464
1563	55.2331	519.167
1564	55.2788	519.085
1565	55.3255	518.928
1566	55.3768	518.922
1567	55.4283	518.85
1568	55.4739	518.682
1569	55.5189	518.504
1570	55.5642	518.373
1571	55.6094	517.826
1573	55.7007	517.806
1574	55.7453	517.415
1576	55.837	515.427
1577	55.883	515.424
1578	55.9291	515.054
1579	55.9755	515.016
1580	56.0208	515.012
1581	56.0668	515.009
1583	56.1586	514.998
1584	56.2054	514.759
1585	56.2503	514.759
1586	56.297	514.186
1587	56.3438	514.176
1588	56.3897	514.113
1589	56.4367	514.077
1591	56.529	514.066
1592	56.5846	514.057
1593	56.632	514.047
1594	56.6779	514.042
1595	56.7228	513.451
1596	56.7683	513.292
1597	56.8147	512.861
1599	56.905	512.792
1600	56.9501	511.404
1601	56.9961	511.398
1602	57.0426	511.37
1603	57.0897	511.353
1604	57.135	511.282
1605	57.1823	509.819
1606	57.2287	509.595
1608	57.3349	509.592
1609	57.3985	509.445
1610	57.4445	509.242
1611	57.4903	508.298
1612	57.5358	506.892
1613	57.5815	506.826
1614	57.6276	506.804
1615	57.6728	506.593
1616	57.7182	506.235
1618	57.8104	506.021
1619	57.8571	506.013
1621	57.9537	504.985
1622	58.0049	503.556
1623	58.0513	498.187
1624	58.0971	497.583
1625	58.1427	495.948
1626	58.1887	495.947
1627	58.2345	495.916
1628	58.2807	494.903
1629	58.3263	494.856
1630	58.3717	493.91
1632	58.4638	493.906
1633	58.5101	493.386
1634	58.5583	492.358
1636	58.6638	492.34
1637	58.7091	492.268
1638	58.7555	492.259
1641	58.8951	491.658
1642	58.9413	490.336
1643	58.9879	489.484
1644	59.0342	489.459
1645	59.0799	489.392
1646	59.1311	489.39
1647	59.1809	489.289
1648	59.2285	489.278
1650	59.3195	489.178
1651	59.3661	489.119
1652	59.4119	489.108
1654	59.5037	489.103
1655	59.5494	488.374
1656	59.5956	488.322
1658	59.6885	487.614
1659	59.7342	487.597
1660	59.7886	487.486
1661	59.8396	487.369
1662	59.8858	487.358
1663	59.9322	487.357
1665	60.0249	487.346
1667	60.117	487.041
1669	60.2101	486.609
1670	60.2559	486.575
1671	60.3021	486.531
1672	60.3489	486.475
1673	60.4011	486.368
1674	60.4531	486.361
1675	60.4997	486.281
1678	60.6388	485.941
1680	60.7323	470.886
1681	60.7795	470.482
1682	60.8267	470.084
1683	60.8759	469.765
1684	60.9223	469.7
1685	60.9702	469.515
1686	61.0164	469.505
1687	61.063	469.39
1688	61.1094	469.102
1689	61.1559	469.058
1690	61.2067	469.057
1691	61.2561	469.043
1692	61.3252	469.04
1693	61.373	468.849
1694	61.4194	468.66
1696	61.5139	468.583
1697	61.5602	468.511
1698	61.6068	468.458
1699	61.6537	468.457
1700	61.6999	468.421
1701	61.7469	467.863
1703	61.845	467.674
1704	61.8917	462.257
1705	61.9388	462.252
1706	61.9865	461.461
1707	62.034	461.418
1708	62.081	461.319
1709	62.1291	457.57
1710	62.1865	457.556
1711	62.2383	456.777
1712	62.2872	456.776
1713	62.3378	456.211
1714	62.3852	456.21
1715	62.4332	454.31
1718	62.5721	454.288
1719	62.6194	453.972
1721	62.7125	453.963
1722	62.76	453.633
1723	62.8075	451.395
1724	62.8615	451.375
1725	62.9112	451.329
1726	62.9586	450.784
1727	63.0049	450.74
1728	63.0544	450.272
1730	63.1478	450.014
1731	63.1953	450.006
1732	63.2424	450.001
1733	63.2887	449.953
1734	63.336	449.947
1735	63.3828	449.942
1736	63.4298	449.911
1737	63.4766	449.898
1738	63.5242	449.828
1739	63.5726	449.827
1740	63.6199	449.825
1741	63.6674	449.724
1742	63.7145	449.724
1743	63.7609	449.692
1744	63.8085	449.461
1747	63.9492	449.324
1748	63.9962	449.27
1749	64.0434	449.183
1750	64.0952	449.178
1752	64.1971	449.104
1754	64.2943	449.008
1755	64.3416	448.706
1756	64.3881	448.693
1757	64.4358	447.633
1758	64.4823	447.232
1759	64.5287	447.117
1760	64.575	447.05
1761	64.6212	446.822
1762	64.6675	446.725
1764	64.7597	446.379
1766	64.8529	446.294
1767	64.8995	446.261
1768	64.9463	446.012
1769	64.9965	445.994
1770	65.0823	445.984
1771	65.1445	445.937
1772	65.1936	445.937
1773	65.2422	445.706
1774	65.2888	445.547
1775	65.3353	445.514
1776	65.3823	445.456
1777	65.429	445.189
1778	65.4755	445.039
1779	65.522	444.997
1780	65.5685	444.792
1783	65.7077	444.723
1786	65.8474	444.485
1787	65.8938	444.478
1788	65.9413	444.36
1789	65.9875	441.159
1790	66.035	441.114
1791	66.0815	440.789
1792	66.1282	440.783
1793	66.1755	440.76
1794	66.2225	440.757
1795	66.269	440.698
1796	66.3158	440.531
1797	66.3628	439.956
1798	66.4092	439.908
1799	66.457	439.88
1800	66.5043	439.465
1801	66.5509	439.46
1802	66.5976	439.455
1803	66.644	439.314
1804	66.691	439.285
1805	66.7373	439.258
1806	66.784	439.193
1807	66.8307	439.142
1808	66.8774	439.097
1809	66.9238	439.068
1810	66.971	438.984
1811	67.0177	438.746
1814	67.1586	438.474
1816	67.2523	438.065
1817	67.2989	438.058
1818	67.3455	438.032
1819	67.3928	437.945
1820	67.4424	437.889
1821	67.4889	437.888
1823	67.5827	437.748
1824	67.6295	437.704
1825	67.6769	437.701
1826	67.7237	437.276
1827	67.7713	437.27
1828	67.8184	437.218
1831	67.9958	437.203
1832	68.0429	437.195
1833	68.0896	437.151
1834	68.1362	437.133
1835	68.1832	436.587
1836	68.2298	436.525
1837	68.2765	436.149
1838	68.3238	435.96
1839	68.3702	435.841
1840	68.4179	433.999
1841	68.4648	433.989
1842	68.5115	433.969
1843	68.5589	433.959
1844	68.6058	433.935
1845	68.6524	432.266
1848	68.7936	432.257
1849	68.8402	432.076
1850	68.8874	432.016
1851	68.9348	431.778
1852	68.9815	431.75
1854	69.0752	431.741
1856	69.169	431.56
1857	69.2172	431.498
1858	69.2646	431.398
1859	69.312	431.371
1861	69.4061	430.03
1862	69.4531	429.19
1864	69.5447	429.054
1865	69.5925	426.568
1866	69.6396	426.56
1867	69.6864	426.469
1868	69.7343	425.913
1869	69.7836	425.909
1870	69.8295	424.091
1873	69.9716	424.038
1876	70.1124	424.022
1877	70.1616	423.914
1878	70.2088	423.878
1880	70.3064	423.709
1881	70.3532	423.158
1882	70.401	423.075
1883	70.4486	422.967
1884	70.4953	422.967
1885	70.5423	422.935
1886	70.59	422.922
1888	70.6832	422.887
1890	70.7762	422.748
1891	70.8223	422.742
1892	70.8691	422.73
1894	70.9619	422.728
1895	71.0095	422.02
1898	71.1486	421.51
1899	71.1957	421.244
1900	71.2417	420.993
1901	71.288	420.919
1903	71.3822	420.911
1905	71.4757	420.862
1906	71.522	420.86
1907	71.5681	420.823
1908	71.6147	420.819
1910	71.7069	420.802
1911	71.7543	420.693
1913	71.848	420.665
1914	71.895	420.603
1915	71.9443	420.582
1917	72.0456	420.478
1918	72.0931	420.449
1919	72.1403	420.295
1920	72.188	415.33
1921	72.2368	414.987
1922	72.285	414.362
1923	72.3352	414.162
1924	72.3828	414.15
1925	72.4327	414.005
1926	72.4805	413.999
1927	72.5287	413.993
1928	72.5772	413.799
1929	72.6239	413.769
1933	72.8137	413.741
1934	72.8606	413.728
1936	72.9553	413.658
1937	73.0034	413.654
1939	73.1011	413.646
1940	73.1484	413.595
1941	73.1962	413.524
1942	73.2433	413.522
1943	73.2904	413.383
1944	73.3382	412.103
1945	73.3847	411.672
1946	73.4318	411.659
1947	73.4795	411.519
1948	73.5279	411.508
1949	73.5745	404.462
1951	73.6703	404.089
1953	73.7657	403.451
1954	73.8135	403.449
1955	73.8611	392.36
1956	73.9089	392.239
1958	74.0085	392.16
1959	74.0931	392.134
1960	74.146	391.872
1961	74.1942	391.871
1962	74.243	391.863
1963	74.2902	391.413
1964	74.338	391.3
1965	74.3855	391.3
1966	74.4343	391.289
1967	74.4816	391.287
1968	74.531	390.884
1970	74.6274	390.795
1971	74.6755	390.759
1972	74.7241	390.755
1973	74.7726	390.716
1974	74.82	390.711
1975	74.8678	390.708
1976	74.9167	390.697
1977	74.965	390.669
1979	75.0619	390.669
1981	75.1617	390.657
1982	75.2092	390.657
1983	75.258	390.643
1984	75.3067	390.583
1985	75.3547	390.582
1986	75.4023	390.463
1987	75.4505	390.414
1988	75.5	390.393
1989	75.5479	390.305
1990	75.5949	390.303
1992	75.6912	389.61
1993	75.739	388.144
1994	75.7878	388.12
1995	75.8356	388.031
1996	75.8834	388.026
1997	75.9314	387.737
1998	75.9795	387.697
1999	76.0272	387.538
2000	76.0753	387.534
2001	76.1241	387.215
2002	76.172	387.211
2004	76.2665	387.211
2005	76.3147	387.037
2006	76.3633	387.021
2007	76.4106	387.011
2008	76.4582	386.907
2009	76.5056	386.892
2010	76.5531	386.888
2011	76.601	386.77
2012	76.6489	386.766
2013	76.6968	386.67
2014	76.7442	385.993
2015	76.7912	385.94
2016	76.8398	385.902
2018	76.9349	385.878
2019	76.9826	385.861
2020	77.0302	385.746
2023	77.1745	385.634
2024	77.2215	385.625
2026	77.3172	385.616
2028	77.4114	385.361
2029	77.459	383.906
2030	77.5065	383.9
2031	77.5542	382.975
2033	77.6484	382.964
2034	77.6959	382.964
2035	77.7438	382.933
2036	77.7912	382.898
2037	77.8392	382.6
2039	77.9334	382.59
2041	78.0293	382.53
2042	78.0771	382.53
2043	78.1245	382.463
2044	78.1721	382.459
2045	78.2193	382.373
2046	78.2678	382.326
2047	78.3165	382.295
2048	78.3641	382.289
2049	78.412	382.275
2050	78.4595	381.056
2051	78.5078	380.736
2053	78.6046	380.728
2054	78.6516	380.595
2055	78.6989	376.724
2056	78.7472	376.611
2057	78.7948	376.606
2058	78.843	376.599
2059	78.8906	376.487
2061	78.9862	376.48
2063	79.0811	376.428
2066	79.2231	375.96
2067	79.2717	375.953
2068	79.3194	375.914
2069	79.3677	375.907
2071	79.4642	375.904
2072	79.5115	375.892
2073	79.559	375.873
2074	79.6064	375.866
2075	79.6538	375.621
2076	79.702	375.284
2077	79.7499	374.604
2078	79.7984	374.516
2079	79.8463	374.498
2080	79.8936	374.291
2081	79.9412	374.279
2082	79.9891	374.268
2083	80.037	374.261
2084	80.0851	374.23
2085	80.1325	372.865
2088	80.2768	372.863
2089	80.3256	372.74
2092	80.4726	372.71
2093	80.5207	372.709
2094	80.5682	372.709
2095	80.6166	372.623
2096	80.6645	372.479
2098	80.76	372.419
2099	80.8077	372.416
2101	80.904	371.656
2102	80.9522	371.015
2104	81.0518	370.998
2105	81.0995	370.578
2107	81.1967	370.501
2108	81.2447	370.26
2109	81.294	370.247
2110	81.3419	366.206
2113	81.4861	366.165
2116	81.6309	366.151
2117	81.6786	366.099
2118	81.7264	366.003
2119	81.7757	365.762
2120	81.8285	365.549
2121	81.8837	365.093
2122	81.9363	365.079
2124	82.034	365.072
2125	82.0821	365.048
2126	82.131	365.039
2127	82.1792	365.035
2128	82.2276	365.03
2130	82.3232	364.968
2134	82.5255	364.967
2135	82.5926	364.671
2138	82.7396	364.156
2140	82.8361	364.095
2141	82.8845	364.094
2142	82.9323	364.09
2143	82.9814	364.073
2146	83.1382	364.016
2147	83.1874	363.971
2148	83.2363	363.969
2149	83.2867	363.91
2150	83.3356	363.906
2151	83.3849	363.781
2152	83.434	363.762
2153	83.4857	363.723
2154	83.5434	363.7
2155	83.5946	363.695
2159	83.7893	363.695
2160	83.8374	363.403
2161	83.8858	363.348
2162	83.9344	362.859
2163	83.9835	362.799
2164	84.0318	362.795
2165	84.0819	362.649
2166	84.1312	362.639
2167	84.1805	362.634
2168	84.2293	362.378
2169	84.2851	362.377
2171	84.4295	362.376
2172	84.51	362.373
2173	84.5621	362.356
2174	84.6105	362.345
2175	84.6598	362.345
2176	84.7082	362.164
2179	84.8564	362.154
2180	84.905	362.088
2181	84.9539	361.93
2183	85.053	361.73
2184	85.102	360.738
2185	85.1512	360.731
2186	85.1998	360.71
2187	85.2496	360.54
2188	85.2996	360.535
2189	85.3481	360.075
2191	85.4465	360.004
2192	85.5077	360.003
2193	85.561	359.949
2194	85.6095	359.943
2195	85.6582	359.705
2196	85.7068	359.703
2199	85.8522	359.688
2201	85.9489	359.683
2202	85.9978	359.679
2203	86.0463	358.997
2204	86.0973	358.992
2205	86.1526	358.986
2208	86.3075	357.761
2210	86.4294	357.756
2211	86.4813	357.731
2212	86.5322	357.728
2214	86.6317	357.727
2215	86.6816	356.98
2216	86.7318	356.973
2217	86.7808	356.962
2219	86.8802	356.959
2221	86.9813	356.835
2222	87.0321	356.834
2223	87.0815	356.834
2224	87.1304	356.801
2226	87.2284	356.384
2227	87.2768	356.314
2228	87.3252	356.24
2229	87.3735	356.236
2230	87.4233	356.235
2232	87.5203	356.2
2234	87.6169	356.195
2235	87.6657	356.195
2236	87.7139	356.187
2237	87.762	355.943
2238	87.8105	355.896
2239	87.859	354.232
2240	87.908	354.199
2241	87.9559	354.19
2243	88.0539	354.175
2244	88.1025	353.955
2245	88.1524	353.81
2246	88.2018	353.806
2247	88.2501	353.796
2248	88.2993	353.715
2249	88.3489	353.709
2250	88.3974	353.69
2251	88.4456	353.612
2252	88.4941	353.535
2253	88.5426	353.491
2254	88.5917	353.439
2256	88.6899	353.436
2258	88.7862	353.432
2259	88.8345	353.423
2260	88.883	353.278
2262	88.98	353.273
2263	89.0286	353.17
2264	89.077	353.169
2265	89.1253	353.104
2266	89.1746	353.103
2268	89.2726	352.925
2269	89.3214	351.743
2270	89.3695	351.731
2271	89.418	351.081
2273	89.516	351.08
2274	89.5641	351.08
2275	89.6127	351.071
2276	89.6616	350.841
2277	89.7108	350.526
2278	89.7601	350.519
2279	89.8085	350.518
2282	89.9551	350.508
2283	90.0034	350.488
2284	90.053	350.475
2285	90.1025	350.465
2287	90.1994	350.383
2288	90.2481	350.38
2289	90.2978	350.354
2290	90.3468	350.35
2291	90.395	350.293
2292	90.4434	350.224
2293	90.492	349.387
2294	90.5402	349.305
2295	90.5894	348.902
2297	90.6863	348.896
2298	90.7348	348.896
2299	90.7829	348.863
2301	90.8795	348.86
2305	91.0743	348.858
2306	91.1229	348.455
2307	91.1718	348.453
2308	91.2212	348.396
2309	91.2708	348.354
2311	91.3696	348.354
2312	91.4185	348.349
2314	91.518	348.345
2315	91.566	348.151
2316	91.6142	348.051
2317	91.6625	344.279
2318	91.7111	344.276
2319	91.7602	344.275
2320	91.8117	344.181
2321	91.8628	344.176
2324	92.0291	344.152
2325	92.0803	343.001
2328	92.24	342.998
2329	92.2884	342.926
2331	92.3861	342.924
2332	92.4356	342.499
2334	92.5335	342.494
2335	92.582	342.447
2336	92.6393	342.259
2338	92.7427	342.232
2339	92.7924	342.221
2340	92.8417	342.051
2341	92.8913	341.542
2342	92.9411	341.111
2344	93.0396	341.086
2345	93.0899	340.774
2346	93.1387	340.748
2347	93.1897	340.689
2348	93.2448	340.616
2349	93.3027	340.607
2350	93.3541	337.2
2353	93.5041	337.166
2356	93.6858	337.161
2357	93.7399	337.157
2358	93.7893	337.02
2359	93.8388	336.728
2361	93.9371	336.497
2362	93.987	336.445
2364	94.0905	336.445
2366	94.1901	336.44
2370	94.3881	336.4
2371	94.4369	336.393
2375	94.6338	336.146
2378	94.7802	335.707
2382	94.9752	335.701
2383	95.024	335.686
2384	95.0729	335.381
2385	95.1225	335.36
2388	95.2693	335.301
2389	95.3181	335.19
2390	95.3672	335.18
2393	95.5129	335.168
2394	95.5617	335.158
2395	95.6105	335.154
2398	95.7588	335.151
2400	95.8571	334.918
2401	95.9059	334.916
2402	95.9547	334.279
2403	96.0031	334.217
2404	96.052	334.216
2405	96.1016	334.124
2406	96.1501	334.122
2407	96.1998	334.121
2408	96.2495	334.036
2409	96.2987	334.035
2411	96.4094	334.033
2413	96.5071	333.944
2414	96.5557	333.943
2416	96.653	333.88
2419	96.8	333.88
2420	96.8484	333.841
2421	96.8973	333.659
2422	96.9462	333.656
2423	96.9948	333.606
2424	97.044	332.916
2425	97.0932	332.626
2426	97.1421	332.605
2427	97.1914	332.068
2428	97.2403	332.067
2429	97.2896	331.705
2431	97.3878	331.699
2432	97.4368	331.699
2433	97.4863	331.246
2434	97.5359	331.244
2436	97.634	331.222
2438	97.7319	331.201
2439	97.7808	330.931
2441	97.8783	330.896
2444	98.028	330.84
2445	98.0769	330.84
2448	98.2252	330.624
2449	98.2748	330.55
2450	98.3243	330.546
2452	98.4237	330.54
2454	98.5222	330.535
2455	98.5716	330.383
2456	98.6206	330.379
2457	98.6698	330.136
2459	98.7673	330.076
2460	98.8161	330.055
2461	98.8651	329.987
2462	98.9141	329.985
2464	99.0118	329.972
2466	99.1097	329.904
2467	99.1588	329.859
2468	99.2072	329.802
2469	99.2567	329.79
2470	99.3055	329.786
2472	99.4039	329.094
2474	99.5036	329.084
2478	99.6995	329.017
2479	99.7487	328.926
2480	99.7983	328.925
2481	99.8483	328.619
2482	99.8977	328.618
2483	99.9469	328.559
2484	99.9969	328.555
2487	100.179	328.553
2488	100.233	328.451
2489	100.284	328.43
2491	100.389	328.369
2492	100.439	328.146
2493	100.489	328.145
2494	100.538	328.143
2495	100.588	328.142
2496	100.637	328.138
2498	100.735	328.134
2499	100.785	328.129
2500	100.834	327.826
2503	100.995	327.688
2504	101.044	327.676
2508	101.244	326.812
2509	101.298	326.636
2510	101.351	326.614
2511	101.401	326.568
2512	101.45	326.545
2513	101.498	326.539
2514	101.547	326.538
2515	101.596	326.534
2517	101.692	326.288
2518	101.742	326.277
2519	101.798	326.164
2521	101.895	326.156
2522	101.943	326.148
2525	102.086	326.145
2527	102.182	325.854
2529	102.288	325.848
2531	102.389	325.199
2533	102.485	325.156
2536	102.63	325.153
2537	102.691	325.15
2538	102.746	325.142
2539	102.797	325.132
2543	102.993	325.113
2544	103.041	324.997
2546	103.143	324.779
2547	103.195	324.778
2551	103.392	324.775
2552	103.441	324.765
2553	103.49	324.76
2554	103.539	324.756
2555	103.589	324.558
2556	103.637	324.558
2557	103.697	319.394
2560	103.848	318.965
2561	103.897	318.952
2562	103.945	318.945
2564	104.042	318.919
2565	104.095	318.006
2566	104.151	317.963
2568	104.249	317.957
2569	104.297	317.743
2572	104.443	317.314
2573	104.503	317.31
2574	104.578	317.299
2575	104.644	317.27
2576	104.698	317.068
2577	104.747	317.067
2579	104.846	317.051
2580	104.896	317.046
2581	104.945	316.975
2582	104.994	316.604
2585	105.145	316.283
2586	105.218	316.282
2587	105.276	316.252
2588	105.333	315.902
2589	105.383	315.901
2590	105.434	309.828
2591	105.483	309.825
2592	105.533	309.808
2593	105.582	309.796
2594	105.632	309.796
2596	105.73	309.793
2597	105.779	309.782
2598	105.828	309.772
2599	105.878	309.649
2602	106.025	309.54
2604	106.125	309.529
2605	106.174	309.512
2606	106.225	309.501
2608	106.334	309.494
2611	106.483	309.489
2614	106.642	309.489
2617	106.792	309.479
2618	106.841	309.177
2623	107.123	309.146
2625	107.224	309.129
2627	107.343	309.125
2628	107.394	308.996
2634	107.705	308.99
2635	107.759	308.989
2639	107.959	308.988
2640	108.009	308.781
2641	108.058	308.78
2642	108.108	308.622
2643	108.156	308.572
2644	108.206	308.569
2645	108.255	308.462
2646	108.304	308.46
2647	108.354	308.459
2648	108.403	308.399
2649	108.453	308.397
2651	108.552	308.393
2653	108.651	308.333
2654	108.7	308.332
2655	108.749	308.33
2656	108.798	308.295
2657	108.85	308.293
2659	108.95	308.281
2661	109.048	308.161
2663	109.146	308.15
2664	109.195	307.673
2665	109.245	307.661
2666	109.294	307.621
2667	109.343	307.602
2669	109.442	305.258
2671	109.541	305.166
2672	109.59	305.165
2673	109.639	304.706
2674	109.688	304.703
2675	109.737	304.649
2676	109.787	304.643
2678	109.887	304.641
2679	109.943	304.595
2681	110.047	304.568
2684	110.195	304.536
2685	110.245	304.536
2687	110.343	304.525
2688	110.393	304.371
2689	110.442	304.059
2690	110.492	304.053
2691	110.542	304.017
2692	110.591	304.014
2694	110.69	304.014
2695	110.74	303.89
2696	110.79	303.889
2697	110.839	303.264
2698	110.889	303.262
2699	110.938	303.258
2701	111.04	303.243
2704	111.188	303.241
2705	111.238	303.24
2706	111.287	303.214
2707	111.337	303.198
2708	111.386	302.908
2709	111.436	302.876
2710	111.486	302.875
2712	111.587	302.862
2714	111.685	302.846
2716	111.785	302.845
2717	111.835	302.836
2718	111.884	302.611
2719	111.935	302.591
2720	111.984	302.588
2721	112.034	302.583
2722	112.085	302.582
2724	112.184	302.57
2729	112.442	302.521
2731	112.542	302.048
2732	112.593	302.023
2733	112.643	302.02
2735	112.743	302.018
2736	112.793	302.017
2738	112.893	302.014
2739	112.943	302.011
2740	112.994	301.9
2742	113.095	301.899
2743	113.145	301.797
2744	113.197	301.776
2748	113.406	301.533
2749	113.456	301.332
2751	113.556	301.298
2753	113.655	301.29
2754	113.705	301.289
2755	113.756	301.243
2756	113.817	301.224
2757	113.878	301.147
2758	113.93	301.146
2759	113.981	301.143
2761	114.084	301.136
2762	114.133	301.135
2767	114.386	301.099
2771	114.594	301.087
2773	114.696	300.91
2774	114.747	300.905
2775	114.797	298.692
2776	114.848	298.671
2777	114.898	298.669
2778	114.949	298.662
2783	115.198	298.654
2785	115.297	298.653
2786	115.348	298.469
2787	115.398	298.467
2788	115.448	298.361
2789	115.5	298.36
2791	115.623	298.359
2792	115.678	298.353
2795	115.83	298.35
2800	116.084	298.078
2801	116.135	298.078
2802	116.187	298.066
2803	116.237	298.066
2804	116.287	298.053
2805	116.337	297.529
2806	116.387	297.446
2808	116.486	297.437
2812	116.686	297.386
2813	116.736	297.385
2814	116.786	297.376
2815	116.836	297.167
2817	116.936	297.161
2819	117.035	297.139
2822	117.185	296.84
2825	117.335	296.602
2827	117.435	296.581
2828	117.485	296.399
2829	117.537	296.389
2830	117.594	293.427
2831	117.647	293.384
2832	117.698	293.365
2836	117.897	293.364
2837	117.946	293.358
2839	118.047	293.311
2844	118.295	293.298
2845	118.346	293.277
2846	118.395	293.276
2847	118.445	293.232
2848	118.495	293.228
2851	118.644	292.874
2852	118.695	292.789
2854	118.794	292.786
2855	118.843	292.701
2856	118.894	292.697
2857	118.943	292.696
2858	118.993	292.409
2863	119.242	292.258
2864	119.292	292.178
2865	119.342	292.16
2867	119.441	292.144
2868	119.491	292.136
2869	119.541	292.131
2870	119.59	292.13
2873	119.741	292.117
2879	120.04	292.115
2880	120.09	291.997
2881	120.14	291.976
2882	120.19	291.85
2883	120.24	291.819
2884	120.29	291.819
2885	120.34	291.74
2886	120.389	291.739
2887	120.439	291.686
2889	120.539	291.684
2891	120.64	291.681
2892	120.69	291.677
2893	120.739	291.667
2894	120.789	291.666
2896	120.89	291.623
2899	121.041	291.608
2900	121.091	291.601
2901	121.141	291.282
2903	121.24	291.276
2904	121.29	291.085
2905	121.339	291.077
2906	121.39	291.054
2907	121.44	291.029
2908	121.49	291.009
2909	121.54	288.861
2911	121.641	288.483
2912	121.691	288.481
2913	121.741	288.184
2914	121.792	288.182
2916	121.891	288.181
2917	121.944	288.18
2918	121.995	288.179
2919	122.045	287.985
2921	122.155	287.982
2923	122.263	287.978
2924	122.325	287.975
2925	122.376	287.974
2926	122.428	287.968
2927	122.478	287.962
2928	122.529	287.885
2930	122.63	287.868
2931	122.681	287.864
2932	122.733	287.863
2933	122.784	287.776
2934	122.834	287.774
2935	122.885	287.688
2936	122.936	287.682
2937	122.987	287.598
2938	123.037	287.595
2939	123.089	287.59
2940	123.141	287.584
2944	123.363	287.584
2945	123.429	287.581
2947	123.539	287.529
2948	123.589	287.484
2949	123.64	287.465
2952	123.794	287.454
2954	123.896	287.452
2955	123.947	287.45
2956	123.998	287.449
2958	124.104	287.439
2959	124.157	287.403
2960	124.208	287.403
2961	124.258	287.4
2964	124.408	287.389
2965	124.459	287.336
2969	124.681	287.331
2971	124.782	287.276
2972	124.833	287.263
2973	124.883	287.257
2974	124.934	287.242
2975	124.984	287.226
2978	125.139	287.221
2979	125.194	287.218
2980	125.273	287.158
2982	125.406	287.152
2983	125.458	287.087
2984	125.508	287.01
2986	125.61	287.009
2988	125.722	286.571
2989	125.774	286.401
2991	125.875	286.355
2992	125.926	286.347
2994	126.035	286.345
2995	126.089	286.341
2997	126.191	286.159
2998	126.242	286.123
2999	126.294	286.072
3000	126.346	286.024
3001	126.398	286.022
3002	126.456	286.021
3005	126.611	286.021
3007	126.775	285.929
3008	126.826	285.927
3009	126.877	285.919
3011	126.979	285.911
3012	127.03	285.876
3013	127.08	285.824
3015	127.182	285.35
3017	127.284	285.348
3020	127.438	285.343
3021	127.491	285.305
3024	127.645	285.057
3025	127.696	285.056
3026	127.747	285
3029	127.898	284.985
3030	127.948	284.979
3031	127.999	284.976
3032	128.049	284.976
3033	128.104	284.974
3039	128.443	284.973
3041	128.547	284.969
3042	128.598	284.968
3043	128.65	284.967
3044	128.7	284.918
3045	128.752	284.253
3046	128.804	284.216
3050	129.007	284.215
3051	129.058	284.203
3052	129.111	284.096
3053	129.163	284.093
3054	129.215	284.09
3055	129.266	283.579
3056	129.318	283.531
3057	129.368	283.484
3058	129.42	283.48
3059	129.47	283.47
3060	129.521	283.423
3062	129.627	283.127
3065	129.78	282.877
3066	129.83	282.875
3067	129.881	282.861
3068	129.931	282.682
3069	129.981	282.647
3070	130.031	282.55
3071	130.081	282.439
3072	130.134	282.422
3073	130.185	282.416
3078	130.438	282.415
3079	130.489	282.408
3084	130.744	282.407
3087	130.896	282.401
3088	130.946	282.394
3091	131.096	282.374
3094	131.247	282.373
3095	131.297	282.357
3096	131.349	282.35
3097	131.399	282.336
3098	131.449	282.126
3103	131.702	282.104
3108	131.953	282.096
3109	132.003	282.081
3110	132.054	282.077
3113	132.206	281.81
3114	132.256	281.802
3115	132.307	281.796
3117	132.408	281.78
3120	132.559	281.638
3121	132.609	281.633
3122	132.658	281.492
3123	132.708	281.464
3124	132.759	281.464
3125	132.809	281.408
3127	132.913	281.369
3129	133.013	281.363
3133	133.214	281.348
3135	133.314	281.347
3136	133.365	281.31
3139	133.512	281.272
3140	133.562	281.213
3141	133.611	281.095
3143	133.709	281.092
3144	133.759	281.066
3145	133.808	281.063
3146	133.859	281.026
3148	133.96	281.007
3149	134.01	280.976
3151	134.109	280.878
3152	134.158	280.878
3153	134.207	280.649
3154	134.257	280.646
3157	134.405	280.645
3158	134.455	280.644
3159	134.505	280.63
3161	134.603	280.63
3162	134.653	280.627
3163	134.703	280.627
3164	134.752	280.625
3165	134.802	280.624
3167	134.901	280.618
3168	134.951	280.547
3169	135.002	280.513
3171	135.103	280.502
3172	135.152	280.497
3173	135.201	280.379
3174	135.25	280.379
3175	135.3	280.272
3177	135.399	280.195
3179	135.498	280.195
3180	135.547	280.169
3182	135.646	280.169
3185	135.794	280.161
3187	135.894	280.122
3188	135.943	280.014
3189	135.992	280.01
3190	136.042	280.009
3192	136.143	279.992
3194	136.243	279.991
3196	136.343	279.991
3197	136.392	279.948
3198	136.442	279.945
3199	136.491	279.942
3201	136.592	279.936
3202	136.642	279.935
3204	136.74	279.916
3211	137.089	279.885
3213	137.193	279.884
3214	137.243	279.882
3215	137.294	279.84
3216	137.343	279.831
3218	137.443	279.829
3219	137.493	279.828
3220	137.543	279.798
3223	137.693	279.741
3226	137.844	279.74
3228	137.944	279.721
3229	137.994	279.63
3231	138.093	279.576
3234	138.243	279.575
3235	138.293	279.57
3236	138.343	279.106
3237	138.393	279.049
3239	138.493	279.03
3241	138.593	279.027
3242	138.643	279.026
3243	138.692	278.993
3245	138.791	278.988
3247	138.891	278.942
3249	138.99	278.934
3252	139.141	278.926
3253	139.192	278.899
3254	139.241	278.874
3255	139.298	277.947
3256	139.353	277.943
3257	139.405	277.941
3258	139.457	277.94
3261	139.61	277.938
3263	139.71	277.934
3266	139.86	277.918
3268	139.961	277.739
3269	140.012	277.733
3270	140.062	277.731
3272	140.164	277.714
3274	140.264	277.711
3277	140.416	277.676
3281	140.626	277.676
3282	140.676	277.667
3284	140.777	277.516
3285	140.828	277.04
3286	140.878	277.01
3288	140.978	277.001
3292	141.179	276.848
3293	141.228	276.848
3295	141.329	276.79
3296	141.379	276.756
3297	141.428	276.749
3299	141.533	276.747
3302	141.686	276.597
3305	141.84	276.44
3306	141.891	276.414
3307	141.941	276.403
3308	141.991	276.368
3309	142.041	276.343
3310	142.098	276.341
3311	142.15	276.298
3313	142.258	276.285
3316	142.417	276.284
3317	142.467	276.282
3319	142.567	276.265
3321	142.667	276.22
3322	142.717	276.211
3323	142.768	276.202
3324	142.818	276.19
3327	142.98	276.133
3328	143.032	276.13
3329	143.083	276.121
3334	143.333	276.121
3338	143.535	275.802
3344	143.862	275.546
3348	144.063	275.533
3352	144.265	275.028
3353	144.317	274.327
3354	144.368	274.326
3357	144.521	274.296
3360	144.677	274.237
3361	144.73	274.231
3362	144.798	274.157
3363	144.852	274.131
3364	144.908	274.129
3365	144.958	274.09
3366	145.011	274.087
3367	145.063	274.069
3369	145.165	274.063
3371	145.269	274.061
3372	145.321	274.06
3373	145.372	274.056
3374	145.422	274.053
3375	145.474	274.052
3376	145.524	274.029
3377	145.575	274.029
3379	145.675	273.988
3380	145.727	273.968
3381	145.784	273.902
3382	145.842	273.901
3383	145.898	273.899
3385	146.001	273.89
3386	146.052	273.881
3388	146.154	273.872
3389	146.204	273.549
3392	146.356	273.547
3393	146.406	273.433
3394	146.476	273.432
3396	146.594	273.431
3397	146.646	273.429
3399	146.747	273.426
3401	146.848	273.422
3402	146.899	273.421
3404	146.999	273.404
3405	147.05	273.403
3407	147.151	273.397
3408	147.202	273.269
3409	147.252	273.26
3411	147.352	272.83
3412	147.403	272.828
3413	147.453	272.823
3414	147.504	272.821
3415	147.554	272.766
3417	147.657	272.719
3419	147.758	272.716
3422	147.91	272.714
3424	148.012	272.712
3425	148.066	272.711
3426	148.117	272.675
3427	148.168	272.648
3428	148.219	272.476
3429	148.27	272.472
3430	148.32	272.47
3434	148.522	272.466
3436	148.624	272.463
3437	148.675	272.454
3439	148.777	272.403
3440	148.827	272.402
3441	148.878	272.396
3443	148.978	272.328
3444	149.029	272.293
3451	149.388	272.275
3453	149.488	272.274
3454	149.539	272.273
3455	149.595	272.264
3458	149.787	272.258
3460	149.889	272.201
3463	150.041	272.162
3468	150.31	272.162
3469	150.36	271.992
3474	150.614	271.99
3475	150.664	271.989
3476	150.716	271.866
3477	150.767	271.806
3478	150.817	271.804
3479	150.873	271.757
3481	150.978	271.756
3482	151.034	271.755
3485	151.191	271.753
3487	151.292	271.525
3493	151.596	271.452
3494	151.65	271.341
3495	151.713	270.98
3496	151.765	270.95
3497	151.817	270.949
3499	151.919	270.948
3500	151.97	270.945
3501	152.02	270.945
3505	152.224	270.942
3506	152.274	270.934
3508	152.376	270.726
3510	152.481	270.717
3512	152.583	270.711
3519	152.943	270.707
3521	153.044	270.7
3523	153.146	270.699
3524	153.198	270.653
3525	153.25	270.353
3526	153.324	270.322
3528	153.429	270.321
3530	153.531	270.267
3532	153.632	270.218
3533	153.683	270.216
3534	153.734	270.213
3535	153.785	270.188
3536	153.836	270.153
3542	154.151	269.938
3545	154.304	269.867
3546	154.355	269.867
3547	154.406	269.86
3549	154.508	269.737
3553	154.713	269.727
3554	154.763	269.721
3556	154.865	269.72
3557	154.916	269.719
3559	155.019	269.68
3560	155.069	269.444
3561	155.119	269.396
3564	155.273	269.392
3566	155.376	269.391
3568	155.477	269.391
3569	155.528	269.365
3570	155.579	269.361
3574	155.782	269.361
3575	155.833	269.339
3578	155.985	269.189
3584	156.29	269.184
3588	156.493	269.143
3589	156.544	269.14
3592	156.696	268.876
3593	156.747	268.809
3594	156.799	268.809
3600	157.106	268.741
3601	157.157	268.734
3602	157.208	268.609
3603	157.258	268.601
3604	157.309	268.599
3605	157.36	268.562
3607	157.462	268.553
3609	157.565	268.552
3610	157.615	268.542
3611	157.667	268.542
3612	157.718	268.534
3613	157.769	268.532
3615	157.871	268.531
3616	157.922	268.514
3619	158.077	268.149
3620	158.128	268.132
3621	158.179	267.213
3622	158.231	267.211
3623	158.283	267.208
3625	158.385	267.203
3626	158.436	267.19
3632	158.741	267.189
3633	158.793	266.972
3634	158.843	266.971
3636	158.944	266.964
3638	159.049	266.964
3639	159.1	266.958
3641	159.202	266.956
3642	159.252	266.953
3644	159.355	266.898
3646	159.456	266.896
3648	159.558	266.719
3649	159.609	266.613
3650	159.66	266.519
3651	159.711	266.511
3652	159.763	266.507
3655	159.915	266.467
3657	160.016	266.465
3658	160.067	266.463
3659	160.119	266.462
3660	160.169	266.351
3661	160.221	266.308
3662	160.272	266.307
3664	160.375	266.306
3665	160.428	266.305
3666	160.484	266.254
3667	160.536	266.236
3668	160.588	266.182
3670	160.711	266.178
3672	160.814	266.177
3676	161.018	266.177
3682	161.34	266.176
3684	161.442	266.166
3691	161.829	266.162
3694	161.982	266.162
3696	162.093	266.16
3699	162.248	266.159
3700	162.298	266.119
3703	162.452	266.03
3709	162.787	266.013
3712	162.944	266.01
3714	163.046	266.009
3715	163.099	266.008
3716	163.151	265.948
3717	163.203	265.829
3718	163.255	265.826
3719	163.309	265.796
3721	163.415	265.794
3722	163.466	265.794
3725	163.62	265.792
3727	163.723	265.725
3734	164.081	265.717
3735	164.131	265.34
3736	164.183	265.34
3737	164.234	265.334
3739	164.335	265.332
3743	164.541	265.322
3745	164.648	265.321
3746	164.699	265.302
3750	164.919	265.283
3751	164.971	265.283
3757	165.286	265.278
3763	165.612	265.277
3764	165.663	265.237
3765	165.715	265.07
3768	165.867	265.066
3772	166.101	265.03
3774	166.241	264.99
3775	166.293	264.974
3778	166.446	264.971
3782	166.646	264.732
3785	166.799	264.583
3787	166.901	264.574
3788	166.95	264.537
3789	167	264.493
3790	167.051	264.487
3793	167.201	264.486
3796	167.35	264.486
3797	167.401	264.481
3805	167.813	264.463
3806	167.864	264.457
3808	167.966	264.456
3810	168.068	264.454
3811	168.118	264.453
3816	168.371	264.453
3818	168.475	264.327
3826	168.9	264.263
3829	169.053	264.245
3832	169.206	264.058
3834	169.308	264.053
3840	169.611	264.04
3841	169.66	264.04
3842	169.711	263.929
3843	169.762	263.907
3844	169.814	263.906
3845	169.867	263.877
3846	169.919	263.877
3847	169.974	263.877
3848	170.028	263.873
3849	170.083	263.872
3850	170.133	263.868
3851	170.185	263.867
3853	170.285	263.863
3855	170.384	263.861
3856	170.434	263.833
3861	170.713	263.79
3863	170.815	263.78
3865	170.916	263.78
3866	170.966	263.779
3872	171.268	263.778
3873	171.318	263.441
3875	171.419	263.431
3876	171.47	263.427
3878	171.57	263.426
3879	171.621	263.42
3881	171.721	263.419
3882	171.771	263.419
3884	171.878	263.418
3888	172.101	263.403
3889	172.152	263.367
3890	172.202	263.312
3892	172.311	263.312
3895	172.464	263.263
3896	172.514	263.263
3897	172.565	263.24
3899	172.669	263.24
3900	172.721	263.238
3902	172.822	263.238
3904	172.924	263.234
3906	173.039	263.184
3907	173.094	263.132
3908	173.145	262.89
3909	173.2	262.885
3910	173.258	262.885
3912	173.361	262.883
3916	173.565	262.882
3917	173.616	262.876
3919	173.718	262.858
3920	173.768	262.857
3922	173.87	262.857
3930	174.279	262.834
3931	174.329	262.828
3933	174.431	262.828
3936	174.602	262.817
3937	174.659	262.75
3938	174.71	262.748
3939	174.761	262.747
3943	174.964	262.637
3949	175.272	262.42
3951	175.373	262.417
3952	175.424	262.306
3954	175.526	262.305
3955	175.577	262.303
3957	175.679	262.222
3958	175.73	262.222
3959	175.781	262.202
3960	175.831	262.001
3961	175.882	262
3962	175.933	261.999
3964	176.043	261.995
3965	176.109	261.985
3967	176.21	261.971
3973	176.539	261.97
3974	176.59	261.96
3976	176.693	261.95
3977	176.745	261.948
3979	176.847	261.948
3980	176.898	261.919
3990	177.409	261.911
3997	177.775	261.893
4000	177.932	261.893
4002	178.034	261.89
4004	178.136	261.858
4005	178.186	261.678
4010	178.489	261.672
4012	178.594	261.652
4022	179.134	260.863
4025	179.29	260.748
4027	179.392	260.739
4029	179.495	260.72
4033	179.698	260.716
4034	179.748	260.714
4044	180.258	260.711
4047	180.41	260.685
4048	180.46	260.683
4058	180.971	260.576
4069	181.53	260.57
4072	181.681	260.276
4073	181.731	260.25
4079	182.037	260.244
4082	182.189	260.172
4083	182.24	260.139
4084	182.29	260.138
4085	182.341	260.082
4086	182.392	260.081
4089	182.544	260.08
4090	182.595	260.077
4092	182.696	260.077
4095	182.848	260.076
4096	182.899	260.055
4097	182.952	260.054
4100	183.105	260.049
4101	183.156	259.999
4102	183.207	259.997
4103	183.257	259.995
4104	183.308	259.256
4109	183.562	257.664
4111	183.664	257.657
4112	183.715	257.656
4113	183.766	257.655
4114	183.817	257.654
4116	183.918	257.65
4119	184.072	257.642
4126	184.493	257.638
4127	184.545	257.635
4128	184.596	256.553
4130	184.698	256.54
4132	184.801	256.539
4133	184.853	256.538
4134	184.904	256.535
4135	184.96	256.512
4138	185.142	256.491
4139	185.195	256.491
4140	185.247	256.436
4142	185.349	256.435
4146	185.58	256.356
4147	185.653	256.337
4148	185.713	255.988
4150	185.82	255.988
4152	185.923	255.987
4154	186.027	255.984
4157	186.224	255.966
4159	186.364	255.965
4162	186.519	255.965
4163	186.57	255.9
4164	186.622	255.893
4165	186.674	255.852
4167	186.812	255.851
4168	186.872	255.85
4171	187.028	255.839
4173	187.131	255.834
4175	187.234	255.792
4178	187.394	255.791
4179	187.447	255.79
4180	187.498	255.77
4183	187.654	255.677
4188	187.922	255.665
4191	188.079	255.662
4192	188.13	255.584
4194	188.232	255.583
4195	188.283	255.582
4196	188.335	255.579
4197	188.387	255.491
4199	188.502	255.475
4200	188.554	255.361
4201	188.605	255.36
4202	188.656	255.36
4204	188.758	255.357
4205	188.81	255.354
4206	188.862	255.351
4209	189.021	255.349
4213	189.235	255.348
4215	189.357	255.335
4217	189.463	255.333
4218	189.518	255.332
4223	189.776	255.332
4230	190.147	255.32
4231	190.202	255.32
4232	190.253	255.317
4235	190.406	255.313
4237	190.509	255.286
4241	190.713	255.282
4242	190.764	255.28
4243	190.815	255.28
4244	190.866	255.255
4245	190.917	255.164
4247	191.019	255.123
4250	191.172	255.118
4252	191.273	255.109
4253	191.324	255.109
4262	191.786	254.951
4265	191.939	254.87
4267	192.04	254.865
4273	192.347	254.85
4277	192.55	254.849
4286	193.009	254.849
4288	193.111	254.848
4291	193.265	254.845
4298	193.625	254.808
4300	193.727	254.807
4306	194.034	254.8
4309	194.187	254.792
4319	194.696	254.777
4321	194.798	254.776
4322	194.849	254.753
4323	194.901	254.737
4324	194.952	254.735
4325	195.003	254.709
4326	195.054	254.709
4328	195.158	254.698
4329	195.21	254.698
4332	195.362	254.694
4333	195.413	254.685
4334	195.465	254.685
4336	195.567	254.669
4340	195.772	254.608
4341	195.823	254.576
4342	195.874	254.575
4344	195.977	254.521
4349	196.235	251.227
4351	196.337	251.222
4352	196.389	251.221
4353	196.44	251.196
4354	196.491	251.195
4355	196.542	251.19
4356	196.594	251.188
4357	196.645	251.184
4358	196.697	251.184
4359	196.749	251.181
4361	196.852	251.18
4365	197.059	251.18
4367	197.166	251.179
4368	197.219	250.376
4370	197.323	250.363
4371	197.375	250.355
4372	197.427	250.354
4373	197.478	250.22
4375	197.581	250.216
4378	197.756	250.206
4379	197.808	250.205
4380	197.864	250.204
4381	197.914	250.201
4382	197.966	250.2
4384	198.07	250.2
4385	198.121	250.198
4386	198.172	250.113
4387	198.223	250.077
4388	198.276	249.844
4389	198.328	249.844
4390	198.381	249.844
4392	198.486	249.842
4394	198.591	249.838
4395	198.643	249.813
4396	198.695	249.811
4397	198.746	249.773
4399	198.85	249.772
4400	198.907	249.771
4401	198.96	249.769
4402	199.012	249.769
4403	199.063	249.738
4405	199.165	249.65
4408	199.338	249.634
4410	199.44	249.63
4412	199.542	249.584
4413	199.593	249.584
4414	199.645	249.582
4415	199.697	249.566
4419	199.899	249.563
4420	199.949	249.535
4423	200.1	249.522
4428	200.352	249.521
4429	200.404	249.02
4431	200.505	249.009
4432	200.556	248.971
4435	200.708	248.969
4437	200.809	248.89
4439	200.91	248.883
4442	201.06	248.881
4443	201.111	248.831
4444	201.161	248.831
4445	201.211	248.829
4446	201.262	248.822
4455	201.716	248.789
4457	201.817	248.788
4458	201.867	248.787
4460	201.977	248.778
4465	202.229	248.778
4471	202.536	248.777
4482	203.092	248.773
4483	203.144	248.773
4484	203.195	248.752
4486	203.298	248.75
4490	203.504	248.681
4492	203.606	248.678
4493	203.657	248.678
4495	203.759	248.611
4496	203.81	248.561
4498	203.911	248.559
4500	204.012	248.559
4502	204.115	248.469
4505	204.267	248.417
4507	204.368	248.415
4513	204.673	248.396
4526	205.337	248.396
4527	205.388	248.173
4528	205.438	248.172
4529	205.49	248.154
4535	205.814	246.725
4538	205.968	246.706
4546	206.378	246.689
4549	206.547	246.689
4556	206.911	246.685
4561	207.168	246.684
4562	207.22	246.674
4563	207.271	246.662
4564	207.324	246.662
4565	207.375	246.643
4567	207.478	246.638
4569	207.58	246.637
4573	207.79	246.627
4575	207.895	246.625
4576	207.947	246.612
4577	207.999	246.611
4579	208.106	246.609
4580	208.157	246.6
4581	208.209	246.527
4582	208.261	246.525
4583	208.313	246.522
4585	208.416	246.52
4588	208.572	246.52
4589	208.626	245.305
4591	208.73	245.293
4592	208.781	245.293
4593	208.835	245.271
4594	208.887	245.271
4595	208.939	245.271
4596	208.99	245.268
4597	209.042	245.267
4599	209.147	245.262
4601	209.249	245.259
4604	209.428	245.259
4605	209.487	245.258
4606	209.542	245.028
4608	209.648	244.916
4609	209.701	244.893
4610	209.755	244.753
4612	209.859	244.75
4613	209.911	244.712
4615	210.018	244.702
4618	210.197	244.697
4622	210.405	244.696
4626	210.615	244.654
4627	210.669	244.637
4628	210.724	244.394
4629	210.777	244.373
4630	210.829	244.373
4634	211.033	244.366
4635	211.092	244.336
4636	211.157	244.335
4637	211.216	244.332
4639	211.325	244.321
4640	211.376	244.32
4643	211.531	244.313
4645	211.633	244.296
4646	211.685	244.293
4647	211.736	244.291
4648	211.788	244.23
4649	211.839	244.217
4650	211.89	244.171
4652	212.006	244.165
4653	212.065	244.165
4654	212.117	244.165
4655	212.169	244.151
4656	212.221	244.045
4659	212.375	244.043
4663	212.589	244.026
4664	212.652	244.026
4667	212.813	244.011
4669	212.915	243.986
4671	213.017	243.977
4674	213.174	243.976
4675	213.225	243.976
4676	213.277	243.83
4677	213.35	243.782
4680	213.507	243.287
4681	213.558	243.285
4682	213.609	243.283
4683	213.66	243.279
4684	213.712	243.271
4685	213.772	243.269
4691	214.084	243.269
4693	214.187	243.244
4694	214.238	243.24
4696	214.341	243.208
4697	214.393	243.206
4698	214.444	243.206
4703	214.72	243.203
4710	215.081	243.194
4715	215.336	243.184
4717	215.439	243.174
4720	215.621	243.155
4721	215.692	243.144
4722	215.754	243.142
4723	215.806	243.135
4724	215.859	243.108
4725	215.911	243.095
4730	216.169	243.051
4732	216.273	243.041
4735	216.428	243.027
4738	216.583	243.024
4742	216.788	242.903
4745	216.945	242.878
4748	217.099	242.859
4749	217.151	242.726
4753	217.358	242.718
4757	217.565	242.718
4759	217.669	242.707
4762	217.843	242.697
4764	217.963	242.678
4765	218.015	242.671
4767	218.12	242.668
4768	218.173	242.667
4771	218.331	242.667
4773	218.436	242.586
4777	218.645	242.58
4778	218.698	242.473
4780	218.802	242.469
4785	219.068	242.458
4786	219.121	242.453
4789	219.276	242.449
4792	219.431	242.446
4796	219.636	242.432
4803	220	242.373
4805	220.135	242.355
4806	220.188	242.351
4809	220.343	242.35
4811	220.447	242.346
4812	220.498	242.344
4813	220.55	242.336
4814	220.601	242.334
4815	220.653	242.33
4819	220.859	242.33
4820	220.911	242.306
4821	220.963	242.274
4825	221.168	242.273
4828	221.322	242.272
4832	221.527	242.27
4833	221.578	242.242
4834	221.63	242.241
4835	221.681	242.225
4837	221.783	242.224
4839	221.885	242.22
4846	222.247	242.215
4847	222.3	242.215
4848	222.354	242.177
4849	222.406	242.114
4850	222.457	242.111
4851	222.508	242.107
4853	222.611	242.089
4858	222.867	242.05
4863	223.127	242.049
4864	223.178	242.049
4865	223.23	242.048
4866	223.281	242.016
4867	223.333	242.003
4868	223.385	241.864
4869	223.437	241.86
4874	223.695	241.86
4877	223.854	241.849
4879	223.959	241.841
4880	224.01	241.841
4881	224.062	241.84
4883	224.166	241.741
4887	224.372	241.741
4888	224.425	241.64
4891	224.584	241.639
4895	224.791	241.625
4896	224.842	241.613
4899	224.996	241.61
4900	225.048	241.601
4902	225.151	241.441
4903	225.202	241.422
4904	225.254	241.419
4907	225.408	241.416
4909	225.512	241.407
4915	225.821	241.407
4916	225.872	241.399
4917	225.925	241.371
4919	226.042	241.364
4920	226.094	241.333
4921	226.145	241.331
4922	226.198	241.33
4923	226.249	241.302
4925	226.352	241.302
4926	226.403	241.302
4927	226.455	241.276
4931	226.66	241.256
4932	226.716	241.254
4934	226.824	241.176
4936	226.927	241.158
4937	226.98	241.158
4938	227.033	241.158
4957	228.015	241.141
4960	228.169	241.118
4962	228.273	241.117
4963	228.324	241.114
4964	228.375	241.097
4965	228.427	241.087
4967	228.531	241.085
4970	228.687	241.062
4972	228.791	241.054
4975	228.95	241.015
4976	229.003	241.001
4982	229.318	240.914
4985	229.476	240.898
4989	229.684	240.895
4993	229.895	240.888
4994	229.947	240.868
5000	230.273	240.868
# FIN	230.273	240.868

