# target=instancias/dali.png T=240 iters=5000 K=32 seed=auto
iter	segundos	MSE
0	0.00246684	11521.3
1	0.0309277	11503.6
2	0.047479	11491.6
3	0.0635047	11488.5
4	0.0800157	11488.4
5	0.0960097	11443.1
7	0.1282	11432.1
8	0.145942	11402.7
9	0.162265	11395.1
10	0.178606	11383.1
11	0.19448	11330.1
12	0.210414	11319.6
13	0.22639	11238.9
14	0.242791	11226.7
15	0.25994	11173.6
16	0.276801	11166.8
17	0.292943	11154.9
18	0.310248	11053.2
19	0.327467	11039.6
20	0.344021	11034.3
21	0.361001	11022.4
22	0.377469	10968.2
23	0.393895	10926.4
24	0.410745	10848.5
25	0.428201	10826.2
26	0.444517	10767.9
27	0.460871	10746.2
28	0.47726	10730.5
29	0.493741	10726.1
30	0.511585	10726.1
31	0.528566	10725
32	0.545683	10691.8
33	0.562842	10688.7
34	0.580394	10565.8
35	0.598325	10558.2
36	0.615501	10545.1
37	0.632921	10519.1
38	0.651027	10498.6
39	0.668412	10493.5
40	0.684944	10486.5
41	0.702978	10474.8
42	0.720963	10474.7
43	0.737799	10474.5
44	0.755178	10462.3
45	0.771891	10460.6
46	0.789168	10385.2
47	0.806196	10384.4
48	0.8235	10273.9
49	0.840928	10235.6
50	0.857609	10215.9
51	0.874811	10214.2
52	0.894171	10209.3
53	0.914186	10195.2
54	0.932324	10122.1
55	0.951751	10119.6
56	0.979955	10119.5
57	1.00558	10108.7
58	1.03177	10077.9
59	1.05074	10067.6
60	1.08004	10052.1
61	1.10142	10051.1
62	1.12231	10050.5
63	1.14162	10044
64	1.17886	9999.97
65	1.19695	9982.93
66	1.21513	9950.75
67	1.23437	9941.11
68	1.25254	9938.42
69	1.27021	9921.66
70	1.28882	9842.7
71	1.30665	9827.01
72	1.32513	9787.64
73	1.34294	9764.01
74	1.36039	9706.28
75	1.37908	9685.54
76	1.39851	9682.88
77	1.41902	9681.96
78	1.44033	9678.49
79	1.46302	9677.89
80	1.48166	9670.1
81	1.49994	9499.24
82	1.51906	9498.07
83	1.53743	9494.97
84	1.55573	9444.29
85	1.57349	9430.98
86	1.59176	9416.05
87	1.60925	9389.62
88	1.62751	9382.09
89	1.64715	9373.94
90	1.66606	9372.06
91	1.68457	9358.18
92	1.70281	9349.07
93	1.72104	9229.51
94	1.74007	9204.5
95	1.75844	9204.07
96	1.77735	9182.67
97	1.7953	9178.64
98	1.8134	9173.09
99	1.83154	9165.87
100	1.85084	9165.11
101	1.87217	9148.47
102	1.89205	9145.02
103	1.91471	9101.47
104	1.93269	9101.44
105	1.95073	9086.78
106	1.96899	9023.31
107	1.98871	8995.87
108	2.00724	8981
109	2.02538	8949.62
110	2.04372	8937.36
111	2.06473	8936.29
112	2.08467	8875.2
113	2.10689	8785.04
114	2.12629	8738.24
115	2.14967	8736.13
116	2.17094	8719.19
117	2.19029	8715.29
118	2.20945	8631.48
119	2.22797	8588.64
120	2.24687	8584.82
121	2.26669	8574.81
122	2.28501	8562.01
123	2.30419	8560.88
124	2.32292	8556.68
125	2.34125	8555.73
126	2.35963	8528.96
127	2.37893	8526.69
128	2.39828	8524.65
129	2.41811	8524.58
130	2.43732	8515.55
131	2.4564	8486.52
132	2.4755	8441.97
133	2.49426	8438.45
134	2.51394	8366.23
135	2.53302	8217.23
136	2.55234	8189.63
137	2.5719	8162.96
138	2.59132	8162.82
139	2.61057	8148.52
140	2.62916	8144.6
141	2.64772	8144.41
142	2.66797	8141.2
143	2.68719	8136.57
144	2.70575	8110.1
145	2.72492	8108.74
146	2.74391	8102.16
147	2.76346	8102.16
148	2.78307	8090.91
149	2.80249	8063.42
150	2.82108	8054.54
151	2.8396	7978.6
152	2.85925	7897.21
153	2.87875	7879.26
154	2.89818	7878.12
155	2.91704	7862.52
156	2.93579	7862.21
157	2.95515	7862.16
158	2.9741	7861.41
159	2.9936	7861.31
160	3.0125	7855.61
161	3.03118	7839.61
162	3.04991	7838.36
163	3.0689	7827.04
164	3.08878	7772.38
165	3.10776	7756.85
166	3.12739	7754.45
167	3.1465	7748.02
168	3.16563	7735.92
169	3.18494	7735.68
170	3.20414	7653.14
171	3.22371	7652.79
172	3.24343	7636.14
173	3.26263	7623.01
174	3.2818	7610.57
175	3.30094	7573.64
176	3.3209	7542.53
177	3.34078	7519.98
178	3.36038	7518.14
179	3.37977	7457.49
180	3.40004	7427.57
181	3.41983	7427.31
182	3.43981	7397.26
183	3.45925	7393.71
184	3.47854	7392.27
185	3.49863	7390.87
186	3.51807	7378.45
187	3.53765	7279.73
188	3.55737	7268.73
189	3.57723	7261.26
190	3.59663	7259.97
191	3.61595	7245.24
192	3.63541	7240.08
193	3.65527	7232.15
194	3.6747	7193.57
195	3.69418	7190.72
196	3.7138	7168.31
197	3.73338	7096.72
198	3.75344	7094.56
199	3.77316	7076.41
200	3.79294	7057.1
201	3.8128	7054.03
202	3.83227	7015.42
203	3.85229	7015.14
204	3.87239	7011.26
205	3.89242	7004.19
206	3.91218	6951.45
207	3.93196	6896.7
208	3.95179	6895.48
209	3.97185	6891.96
210	3.99215	6880.34
211	4.01248	6879.02
212	4.03235	6851.92
213	4.05259	6848.44
214	4.07237	6845.71
215	4.09295	6845.37
216	4.11301	6838.58
217	4.13628	6832.85
218	4.15737	6829.86
219	4.18755	6817.66
220	4.20859	6816.92
221	4.22944	6810.08
222	4.24969	6798.25
223	4.26996	6798.2
224	4.29038	6797.92
225	4.31195	6792.47
227	4.35334	6789.91
228	4.37386	6786.83
229	4.39523	6785.92
230	4.41571	6760.99
231	4.43593	6740.24
232	4.45597	6722.22
233	4.47617	6714.58
234	4.49713	6626.09
235	4.51755	6624.86
236	4.53803	6591.2
237	4.55863	6584.57
238	4.57973	6583.62
239	4.60032	6578.63
240	4.62081	6574.69
241	4.64126	6571.41
242	4.66199	6560.61
243	4.68283	6559.68
245	4.7245	6525.07
247	4.76641	6520.94
248	4.78692	6487.31
249	4.80784	6479.71
250	4.82906	6465.83
251	4.85043	6451.8
252	4.87124	6448.55
253	4.89188	6411.53
254	4.91395	6408.15
255	4.93667	6402.06
256	4.95901	6394.9
257	4.98049	6385.23
258	5.00187	6328.52
259	5.02283	6308.76
260	5.04367	6303.84
261	5.06469	6301.49
262	5.08578	6282.69
263	5.1069	6237.99
264	5.13187	6234.1
265	5.1603	6216.37
266	5.18301	6211.81
267	5.20608	6187.37
268	5.22716	6175
269	5.25129	6174.88
270	5.28236	6174.88
271	5.30383	6172.17
272	5.32491	6162.33
273	5.34618	6160.66
274	5.36753	6129.21
275	5.38868	6126.27
276	5.40972	6122.97
277	5.43123	6081.17
278	5.45305	6074.32
279	5.47563	6071.09
280	5.49753	6068.49
281	5.52061	6067.83
282	5.54221	6050.09
283	5.56397	6050.09
284	5.58622	6036.23
286	5.62947	6012.54
287	5.65146	6009.05
288	5.67387	5965.48
289	5.69657	5931.79
290	5.71811	5919.67
291	5.73977	5918.73
292	5.76166	5918.64
293	5.78359	5899.47
294	5.80544	5870.26
295	5.82726	5852.18
296	5.84913	5852.16
297	5.87165	5843.22
298	5.89348	5834.8
299	5.91529	5787.24
300	5.93698	5781.6
301	5.95866	5780.43
302	5.98061	5780.22
303	6.00273	5774.22
304	6.02478	5765.68
305	6.04688	5749.17
306	6.06926	5748.31
307	6.09171	5745.36
308	6.11385	5740.65
309	6.13552	5734.91
310	6.15772	5710.7
311	6.1798	5683.1
312	6.20201	5665.03
313	6.22387	5664.55
314	6.24579	5617.99
315	6.26964	5615.38
316	6.29485	5614.66
317	6.32216	5613.45
318	6.34474	5612.77
319	6.36699	5612.44
320	6.3899	5600.08
321	6.41279	5539.63
322	6.43495	5537.96
323	6.45737	5536.82
324	6.47981	5523.76
325	6.50241	5512.07
326	6.52487	5508.71
327	6.54756	5488.26
328	6.56991	5473.88
329	6.59278	5470.96
330	6.61673	5469.36
331	6.63935	5468.98
332	6.66192	5464.46
333	6.68449	5364.53
334	6.70783	5325.2
335	6.7305	5325.09
336	6.75413	5266.77
337	6.77778	5263.29
338	6.80163	5263.26
339	6.825	5259.55
340	6.84785	5258.59
341	6.87128	5251.61
342	6.89487	5248.57
343	6.91759	5230.65
344	6.94058	5230.18
345	6.96408	5214.59
346	6.99042	5211.58
347	7.03297	5183.62
348	7.06666	5170.67
349	7.09414	5134.98
350	7.1245	5125.49
351	7.15446	5122.62
352	7.18255	5014.17
353	7.20639	4970.92
354	7.23001	4966.9
355	7.25355	4966.2
356	7.28035	4950.18
357	7.30419	4915.79
358	7.32906	4864.77
359	7.35497	4827.45
360	7.37951	4805.81
361	7.40396	4793.96
362	7.42995	4786.93
364	7.47822	4786.21
365	7.5019	4785.73
366	7.52625	4779.83
367	7.55135	4776.91
368	7.57602	4766.97
369	7.60008	4765.5
370	7.62409	4758.78
371	7.64858	4736.38
372	7.67453	4716.68
373	7.6993	4716.57
374	7.72367	4692.48
375	7.74782	4530.52
376	7.77168	4506.29
377	7.79578	4473.07
378	7.81999	4472.02
379	7.8442	4469.69
380	7.8693	4466.64
381	7.89408	4465.72
382	7.91857	4463.27
383	7.94401	4462.8
384	7.96969	4433.89
385	7.99413	4428.28
386	8.0195	4416.23
387	8.0442	4416.02
388	8.06926	4415.65
389	8.09419	4371.71
390	8.11977	4369.71
391	8.14417	4349.21
392	8.17005	4342.19
393	8.19488	4328
394	8.21962	4325.3
395	8.24386	4321.7
396	8.268	4320.67
397	8.29233	4319.8
398	8.31686	4318.78
399	8.34116	4318.64
400	8.36589	4318.24
401	8.39037	4314.96
402	8.41481	4314.8
403	8.43905	4307.91
404	8.46363	4291.8
405	8.4898	4284.08
406	8.51565	4281.37
407	8.54151	4279.56
408	8.56575	4274.92
409	8.59007	4274.06
410	8.6146	4243.17
411	8.63976	4243.15
412	8.66428	4222.54
413	8.68954	4196.99
414	8.71497	4190.8
415	8.74064	4190.39
416	8.76522	4169.21
417	8.79036	4167.81
418	8.81543	4162.25
419	8.84119	4110.08
420	8.86582	4095.84
421	8.8912	4094.96
422	8.91589	4086.85
423	8.94059	4085.26
424	8.96545	4083.96
425	8.9912	4082.74
426	9.01609	4024.42
427	9.04096	4016.69
428	9.06572	4011.84
429	9.09245	4007.75
430	9.11718	4007.48
431	9.14247	4005.54
432	9.16791	4001.51
433	9.1931	3990.47
434	9.2182	3966.51
435	9.24342	3965.3
436	9.26818	3953.38
437	9.29345	3930.83
438	9.31927	3926.84
439	9.34551	3923.03
440	9.37284	3901.7
441	9.39831	3900.72
442	9.42343	3868.72
443	9.44846	3868.55
444	9.47358	3866.99
445	9.49895	3862.97
446	9.52483	3854.22
447	9.55092	3852.48
448	9.57608	3851.85
449	9.60155	3833.93
450	9.62671	3816.1
451	9.65185	3813.85
452	9.67683	3807.21
453	9.70191	3805.88
454	9.72685	3804.73
455	9.75178	3803.83
456	9.77748	3801.39
457	9.80648	3792.24
458	9.83203	3781.83
459	9.85859	3766.99
460	9.88451	3766.2
461	9.91111	3761.08
462	9.93651	3760.33
463	9.96333	3759.17
464	9.98879	3757.63
465	10.0144	3754.31
467	10.0653	3745.81
468	10.0921	3744.13
469	10.1175	3743.81
470	10.1426	3719.35
471	10.1676	3711.91
472	10.1929	3710.95
473	10.218	3707.63
474	10.2433	3697.18
475	10.2688	3688.17
476	10.2945	3662.16
477	10.3204	3662.12
478	10.3464	3662.09
479	10.3716	3658.68
480	10.3972	3656.72
481	10.4226	3656.08
482	10.4479	3654.86
483	10.4731	3654.42
484	10.5003	3653.11
485	10.5258	3636.48
487	10.5771	3636.32
488	10.6029	3620.33
489	10.6292	3617.99
490	10.6549	3602.18
491	10.6809	3596.68
492	10.7067	3591.52
493	10.7331	3532.62
494	10.7593	3532.52
495	10.7852	3525.01
496	10.8112	3521.49
497	10.8372	3519.91
498	10.8629	3501.18
499	10.8889	3495.8
500	10.914	3493.2
501	10.9394	3490.29
502	10.9651	3489.73
503	10.9904	3464.9
504	11.0156	3444.9
505	11.0415	3417.7
506	11.0677	3409.09
507	11.0936	3407.49
508	11.1196	3404.26
509	11.1461	3402.72
511	11.1979	3401.67
512	11.2236	3394.93
513	11.2493	3393.31
514	11.2762	3350.69
515	11.3026	3350.57
516	11.329	3347.36
517	11.3549	3321.04
518	11.3806	3310.34
519	11.4074	3310.1
520	11.4337	3309.55
521	11.4596	3308.39
522	11.4856	3299.02
523	11.5125	3298.96
524	11.5437	3298.58
525	11.5982	3296.75
526	11.6427	3283.11
527	11.6837	3279.81
528	11.7196	3266.27
529	11.7543	3236.85
530	11.7815	3227.13
531	11.8081	3226.26
532	11.8361	3224.61
533	11.8636	3213.19
534	11.8905	3207.54
535	11.9182	3204.87
536	11.9444	3204.13
537	11.9712	3202.68
538	11.9986	3191.97
539	12.0259	3165.19
540	12.0525	3163.79
541	12.0812	3162.45
542	12.109	3162.3
543	12.1358	3161.9
544	12.1624	3157.93
545	12.1889	3156.75
546	12.2171	3156.21
547	12.2437	3154.08
548	12.2705	3151.92
549	12.2975	3150.91
550	12.3256	3127.53
551	12.3527	3119.7
552	12.3799	3117.39
553	12.4065	3115.71
554	12.4331	3111.01
555	12.4597	3110.37
556	12.4865	3107.98
557	12.5135	3107.8
558	12.5407	3106.74
559	12.5688	3105.14
560	12.5984	3094.51
561	12.6269	3065.22
562	12.6547	3064.67
563	12.6826	3057.03
564	12.7099	3054.74
565	12.7372	3054.13
566	12.7638	3052.73
567	12.7915	3051.55
568	12.818	3051.41
569	12.8446	3050.12
570	12.8734	3048.1
571	12.9002	3048.09
572	12.927	3040.26
573	12.9541	2976.32
574	12.9812	2956.58
575	13.0082	2956.42
576	13.035	2921.21
577	13.0619	2915.44
578	13.0887	2915.41
579	13.1167	2913.61
580	13.1436	2911.56
581	13.1706	2911.27
582	13.1985	2908.78
583	13.2259	2908.26
584	13.2531	2908.25
585	13.2799	2895.33
586	13.3075	2878.34
587	13.3348	2869.59
588	13.3622	2869.3
589	13.3893	2862.28
590	13.4167	2861.52
591	13.4441	2860.76
592	13.4713	2771.8
593	13.4994	2756.67
594	13.5279	2743.99
595	13.556	2743.9
596	13.5832	2740.51
597	13.6105	2732.25
598	13.6379	2720.7
599	13.6652	2717.15
600	13.694	2717.11
601	13.7223	2713.15
602	13.7502	2710.61
603	13.7789	2710.38
604	13.807	2710.02
605	13.835	2709.73
606	13.8631	2706.91
607	13.8913	2705.98
608	13.9191	2705.93
609	13.9467	2705.57
610	13.974	2699.49
611	14.0026	2689.92
612	14.0306	2688.95
613	14.0583	2688.39
614	14.0862	2680.94
615	14.1138	2611.73
616	14.1414	2609.15
617	14.1692	2583.71
618	14.1972	2582.98
619	14.225	2581.93
620	14.2541	2581.27
621	14.2833	2579.88
622	14.3117	2578.23
623	14.3402	2577.92
624	14.3684	2576.32
625	14.3966	2575.42
626	14.4246	2572.45
627	14.4524	2572.34
628	14.4807	2570.62
629	14.5085	2543.66
630	14.5364	2541.91
632	14.5916	2540.19
633	14.6196	2539.15
634	14.6473	2535.96
635	14.6749	2533.93
636	14.7024	2532.74
637	14.7304	2531.05
638	14.7582	2529.26
639	14.7861	2528.99
640	14.8154	2528.66
641	14.8439	2526.45
642	14.8721	2524.28
643	14.8999	2514.44
644	14.9278	2490.83
645	14.9562	2489.09
646	14.9843	2488.91
647	15.0126	2487.79
648	15.0417	2487.29
649	15.0701	2486.65
650	15.099	2480.26
651	15.1293	2479.42
652	15.1574	2477.25
653	15.1955	2472.7
654	15.225	2471.74
655	15.2531	2470.85
656	15.2816	2469.31
657	15.3105	2436.94
658	15.3387	2434.39
659	15.3669	2429.85
660	15.3956	2425.76
661	15.4238	2425.28
662	15.4523	2422.91
663	15.4805	2421.82
664	15.5096	2421.79
665	15.5385	2420.27
666	15.5666	2418.79
667	15.5965	2412.58
668	15.6247	2412.37
669	15.6532	2408.13
670	15.6818	2407.54
671	15.7098	2407.13
672	15.7382	2404.47
673	15.7672	2401.42
674	15.7956	2388.49
675	15.8245	2387.77
676	15.8545	2383.11
677	15.8858	2375.9
678	15.9139	2373.8
679	15.9426	2371.86
680	15.9716	2370.1
681	16.0004	2367.06
682	16.0288	2329.23
683	16.0569	2325.82
684	16.0851	2324.08
685	16.1143	2320.04
686	16.1425	2316.98
687	16.1711	2315.63
688	16.1998	2315.4
689	16.2287	2314.05
690	16.2577	2308.44
691	16.287	2307.82
692	16.3164	2302.62
693	16.3447	2302.61
694	16.3732	2301.69
695	16.4016	2301.32
696	16.4303	2300.97
697	16.459	2298.86
698	16.4879	2297.31
699	16.5162	2295.11
700	16.545	2293.35
701	16.5743	2293.05
702	16.604	2290.32
703	16.6394	2288.32
704	16.6731	2287.55
705	16.7057	2287.46
708	16.8105	2286.25
709	16.8396	2285.83
710	16.8694	2278.42
711	16.8994	2272.45
712	16.9287	2269.64
713	16.9584	2266.75
714	16.9873	2265.29
715	17.0176	2256.42
716	17.0469	2250.78
717	17.0762	2250.72
718	17.106	2250.68
719	17.1353	2248.34
720	17.1642	2246.04
721	17.1929	2245.91
722	17.2221	2245.47
723	17.2518	2243.27
724	17.2813	2242.7
725	17.3106	2222.77
727	17.3691	2222.73
728	17.3987	2219.24
729	17.4278	2218.5
730	17.4576	2214.55
731	17.4881	2210.45
732	17.5178	2209.23
733	17.548	2199.1
734	17.5771	2199.04
735	17.6064	2194.45
736	17.6358	2191.95
737	17.6657	2191.65
738	17.6949	2186.75
739	17.7251	2182.65
740	17.7549	2178.62
741	17.7841	2175.29
742	17.8139	2174.27
743	17.8436	2157.09
744	17.8727	2156.75
745	17.9046	2140.47
746	17.9389	2136.88
747	17.9697	2135.55
748	18.003	2132.33
749	18.0376	2132.28
751	18.0979	2132.17
752	18.1271	2123.52
753	18.1571	2123.01
754	18.1871	2100.25
755	18.217	2099.98
756	18.2473	2099.12
757	18.2769	2088.14
758	18.3073	2083.75
759	18.3375	2083.37
760	18.367	2080.19
761	18.3964	2080.11
762	18.4284	2079.71
763	18.4588	2079.31
764	18.4886	2078.7
765	18.5187	2075.64
766	18.5486	2067.27
767	18.5785	2065.67
768	18.6082	2058.4
769	18.6381	2038.87
770	18.6682	2035.61
771	18.6979	2034.84
772	18.7283	2033.22
773	18.7592	2009.57
774	18.7888	2007.87
775	18.8188	2005.94
776	18.8489	2005.93
777	18.8794	2005.9
778	18.9092	2005.47
779	18.9396	1961.34
780	18.9692	1960.95
781	18.9989	1958.83
782	19.0289	1958.63
783	19.0594	1958.31
784	19.0894	1957.58
785	19.1193	1956.81
786	19.1489	1956.46
787	19.1792	1954.58
788	19.2089	1953.66
789	19.2399	1953.4
790	19.2704	1927.59
791	19.3013	1926.25
792	19.3315	1920.51
793	19.3616	1920.14
794	19.3921	1917.86
795	19.4225	1917.6
796	19.4536	1915.79
797	19.4842	1915.56
798	19.5149	1915.27
799	19.5457	1915.24
800	19.5755	1912.95
801	19.6067	1907.74
802	19.6365	1907.44
803	19.6666	1901.74
804	19.697	1900.1
805	19.7275	1897.66
806	19.7574	1895.56
807	19.7879	1894.63
808	19.8185	1894.57
809	19.8486	1894.35
810	19.8868	1893.76
811	19.9261	1893.5
812	19.9574	1893.48
813	19.9915	1863.45
814	20.0424	1857.5
815	20.0957	1857.32
816	20.1325	1827.27
817	20.1741	1825.71
818	20.2207	1825.67
819	20.2751	1825.58
820	20.3133	1825.36
821	20.3561	1824.72
822	20.3889	1824.2
823	20.4227	1823.21
824	20.4582	1823.07
825	20.4941	1819.33
826	20.5279	1818.02
827	20.5641	1811.92
828	20.5967	1810.76
829	20.6269	1810.24
830	20.6585	1809.95
831	20.6904	1809.53
832	20.7209	1745.44
833	20.7524	1742.05
834	20.7827	1740.64
835	20.8132	1740.58
836	20.8438	1737.85
837	20.8749	1723.26
838	20.9053	1706.12
839	20.9358	1705.98
840	20.9671	1705.76
841	20.9971	1700.62
842	21.0278	1698.31
843	21.0591	1698
844	21.0986	1697.67
845	21.1296	1697.62
847	21.1927	1697.46
848	21.2239	1696.74
849	21.2553	1696.06
850	21.2858	1693.98
851	21.3161	1692.12
852	21.3465	1684.26
853	21.3775	1684.06
854	21.4079	1675.09
855	21.4385	1619.32
856	21.4697	1563.53
857	21.5012	1560.01
858	21.532	1559.51
859	21.5626	1558.55
860	21.594	1556.23
861	21.6249	1555.99
862	21.6569	1555.64
863	21.6889	1555.33
864	21.7195	1550.58
865	21.7512	1539.28
866	21.7822	1538.48
867	21.8131	1537.24
868	21.8444	1536.82
869	21.8756	1535.82
870	21.9086	1535.03
871	21.94	1534.96
872	21.971	1533.21
873	22.0026	1530.07
874	22.0334	1527.35
875	22.0645	1527.19
876	22.0956	1526.29
877	22.1269	1526.29
878	22.158	1525
879	22.1893	1524.68
880	22.2211	1522.2
881	22.2525	1522
882	22.2847	1518.65
883	22.3167	1512.84
884	22.3485	1512.58
885	22.3796	1512.32
886	22.4106	1512.27
887	22.4421	1511.5
888	22.4736	1511.37
889	22.5062	1511.24
890	22.5381	1510.55
891	22.5698	1510.48
892	22.6013	1509.31
893	22.6321	1506.67
895	22.6945	1505.88
896	22.726	1504.67
897	22.757	1499.17
898	22.7879	1496.03
899	22.8199	1491.86
900	22.8518	1487.11
901	22.8829	1486.87
902	22.9141	1485.23
903	22.9649	1484.41
904	22.9965	1484.22
905	23.0279	1483.98
906	23.0596	1479.8
907	23.0908	1474.1
908	23.1222	1473.95
909	23.1541	1470.47
910	23.1888	1469.86
911	23.2244	1469.78
912	23.2566	1469.57
913	23.3001	1468.3
914	23.3335	1463.18
915	23.3655	1463.14
916	23.3972	1461.62
917	23.4295	1454.45
918	23.4613	1452.75
919	23.4934	1449.44
920	23.5258	1447.79
921	23.5584	1446.59
922	23.59	1439.66
923	23.6225	1438.46
924	23.6541	1438.39
925	23.6853	1437.64
926	23.7168	1435.64
927	23.7482	1432.66
928	23.7799	1432.45
929	23.8122	1431.79
930	23.845	1427.65
931	23.8767	1427.39
932	23.9085	1423.19
933	23.9402	1423.17
934	23.9716	1422.32
935	24.0031	1421.33
936	24.0346	1421.07
937	24.0659	1420.2
938	24.0974	1416.66
939	24.1292	1414.25
940	24.1611	1413.58
941	24.1929	1413.35
942	24.2243	1412.24
944	24.2907	1411.56
945	24.3232	1411.46
947	24.3876	1411.13
948	24.4207	1411.02
950	24.4862	1408.95
951	24.5189	1399.84
952	24.5515	1399.09
953	24.5845	1396.02
954	24.6161	1395.79
955	24.6479	1394.99
956	24.681	1392.53
957	24.7274	1392.4
958	24.7643	1392.01
959	24.7962	1390.06
960	24.8283	1384.91
961	24.8603	1384.87
962	24.8921	1384.84
963	24.9238	1381.1
964	24.9559	1380.99
965	24.9877	1367.33
967	25.0524	1367.11
968	25.0852	1362.47
969	25.1177	1361.91
970	25.1499	1360.38
971	25.182	1358.06
972	25.2152	1355.57
973	25.2477	1352.33
974	25.2796	1352.29
975	25.3122	1349.39
976	25.3448	1349.05
977	25.3768	1348.49
978	25.4088	1348.22
979	25.4407	1345.17
980	25.4732	1342.74
981	25.5063	1340.61
982	25.5382	1340.35
983	25.57	1340.05
984	25.6025	1338.96
985	25.6356	1329.09
986	25.6839	1327.43
987	25.7258	1327.4
988	25.7676	1326.54
989	25.8044	1326.51
991	25.8719	1326.36
992	25.9051	1324.62
993	25.9389	1324.55
994	25.9721	1324.02
995	26.0053	1322.85
996	26.0386	1322.77
997	26.0728	1318.45
998	26.1048	1316.16
999	26.1368	1316.07
1000	26.1716	1315.89
1001	26.2056	1315.83
1002	26.2379	1315.81
1003	26.2726	1315.81
1004	26.3058	1314.9
1005	26.338	1313.72
1006	26.3701	1311.59
1007	26.4034	1310.04
1008	26.4372	1300.18
1009	26.4694	1298.8
1010	26.5015	1297.62
1011	26.5338	1297.05
1012	26.5672	1296.75
1013	26.5995	1295.12
1014	26.6334	1294.83
1015	26.6659	1293.31
1016	26.6983	1293.3
1017	26.7314	1293.24
1018	26.7653	1292.86
1019	26.7975	1273.66
1020	26.8301	1273.62
1021	26.8631	1272.73
1022	26.8958	1272.52
1023	26.9298	1272.27
1024	26.9649	1272.25
1025	26.9975	1271.87
1026	27.03	1271.72
1027	27.0629	1270.54
1028	27.096	1270.44
1029	27.1285	1269.97
1030	27.1611	1266.26
1031	27.1937	1265.29
1032	27.2264	1262.72
1034	27.2914	1261.19
1035	27.3238	1261.17
1036	27.3573	1260.97
1037	27.3899	1260.63
1038	27.4226	1260.29
1039	27.456	1258.37
1040	27.4901	1257.35
1041	27.5236	1256.77
1042	27.5574	1256.21
1043	27.59	1254.37
1044	27.6234	1246.66
1045	27.6559	1246.17
1046	27.6896	1246.03
1047	27.722	1244.83
1048	27.7547	1244.8
1049	27.7871	1244.57
1050	27.8203	1243.89
1051	27.8531	1243.8
1052	27.8858	1243.77
1053	27.9194	1232.72
1054	27.9523	1230.91
1055	27.9845	1230.7
1056	28.0171	1216.9
1057	28.0505	1215.34
1058	28.0829	1215.23
1059	28.1155	1214.36
1060	28.148	1212.54
1061	28.1809	1212.51
1062	28.2133	1212.22
1063	28.2457	1211.79
1064	28.2784	1211.57
1065	28.3111	1197.69
1066	28.3437	1197.18
1067	28.3763	1192.01
1068	28.4097	1188.33
1069	28.443	1188.11
1070	28.4761	1187.81
1071	28.509	1187.58
1072	28.5419	1150.85
1073	28.5748	1149.97
1074	28.6073	1148.7
1075	28.6405	1148.21
1076	28.6734	1146.18
1077	28.7066	1145.22
1078	28.74	1141.44
1079	28.773	1140.98
1080	28.8061	1140.08
1081	28.8389	1135.99
1082	28.8741	1135.74
1083	28.9112	1135.45
1084	28.945	1135.29
1085	28.9775	1135.27
1088	29.0755	1130.92
1089	29.1093	1130.52
1090	29.1438	1127.94
1091	29.1773	1126.79
1092	29.2106	1126.37
1093	29.2433	1126.18
1094	29.2769	1125.08
1095	29.3096	1103.6
1096	29.3421	1093.36
1097	29.3748	1091.7
1098	29.4082	1091.39
1099	29.4407	1090.71
1100	29.474	1089.94
1101	29.5079	1087.1
1102	29.5413	1086.67
1103	29.5737	1085.65
1104	29.6069	1084.07
1105	29.6415	1079.98
1106	29.6752	1079.62
1107	29.7086	1078.82
1108	29.7415	1078.68
1109	29.7747	1075.41
1110	29.8076	1074.78
1111	29.8421	1074.53
1112	29.8756	1073.15
1113	29.9083	1073.03
1114	29.942	1072.43
1115	29.9761	1072.37
1116	30.0087	1072.2
1117	30.0416	1071.47
1118	30.0746	1070.97
1119	30.1082	1070.62
1120	30.1408	1070.53
1121	30.1742	1070.34
1122	30.2078	1070.27
1123	30.2415	1065.3
1124	30.2747	1065.28
1125	30.3076	1065.16
1126	30.3417	1065.14
1127	30.3806	1064.78
1128	30.4152	1064.58
1129	30.4499	1064.36
1130	30.4951	1062.41
1131	30.5327	1062.4
1132	30.5669	1061.23
1133	30.5998	1059.51
1134	30.6338	1057.42
1135	30.6674	1057.33
1136	30.7007	1056.71
1138	30.7666	1056.56
1139	30.8003	1050.72
1140	30.8333	1048.66
1141	30.8667	1048.41
1142	30.8999	1047.81
1143	30.9328	1047.75
1144	30.966	1047.73
1146	31.0325	1047.36
1147	31.0653	1046.98
1148	31.0992	1046.59
1149	31.1324	1044.15
1150	31.1654	1043.21
1151	31.1994	1043.1
1152	31.2328	1042.43
1153	31.2663	1041.88
1154	31.3005	1039.86
1155	31.3354	1038.99
1156	31.369	1038.6
1157	31.403	1037.27
1158	31.4372	1036.1
1159	31.4712	1035.25
1160	31.5053	1032.85
1161	31.5399	1031.62
1162	31.573	1031.49
1163	31.606	1029.99
1164	31.6395	1028.46
1165	31.6729	1028.3
1166	31.7073	1025.42
1167	31.7427	1023.75
1168	31.7815	1023.57
1169	31.8191	1022.57
1170	31.8531	1021.92
1171	31.8868	1021.66
1172	31.9213	1020.78
1173	31.9562	1020.69
1174	31.9897	1020.46
1175	32.0231	1020.37
1176	32.0581	1019.58
1177	32.0936	1019.09
1178	32.1271	1016.33
1179	32.1605	1015.24
1180	32.1942	1014.22
1181	32.2284	1012.34
1182	32.2619	1011.91
1183	32.2958	1011.84
1184	32.3294	1011.45
1185	32.3626	1010.42
1186	32.3958	1008.76
1187	32.4292	1008.54
1188	32.4627	1008.44
1189	32.4961	1008.38
1190	32.531	1007.49
1191	32.5652	1001.73
1192	32.5991	1000.43
1193	32.6326	999.035
1194	32.6665	998.769
1195	32.6999	997.799
1196	32.7346	996.953
1197	32.7684	996.917
1198	32.8024	996.817
1199	32.8358	994.956
1200	32.8705	992.752
1201	32.9051	992.705
1202	32.9385	992.647
1203	32.9722	991.555
1204	33.0063	991.164
1205	33.0402	990.636
1207	33.1073	990.528
1208	33.1421	990.022
1209	33.1756	989.915
1210	33.2089	988.49
1211	33.2424	987.37
1212	33.276	985.497
1213	33.3106	985.363
1214	33.3449	985.327
1215	33.3796	983.57
1216	33.4139	983.155
1217	33.4485	983.142
1218	33.4827	982.804
1219	33.5196	980.502
1220	33.5543	972.721
1221	33.588	970.736
1222	33.6215	970.651
1223	33.6573	970.49
1224	33.691	970.222
1225	33.7247	969.73
1226	33.7587	968.953
1227	33.7938	968.776
1228	33.8348	968.403
1229	33.8752	967.488
1231	33.9567	967.447
1232	33.9913	967.072
1233	34.0254	967.011
1234	34.0622	966.637
1235	34.0963	966.417
1236	34.1318	966.231
1237	34.1673	964.671
1238	34.2018	962.993
1239	34.2373	962.982
1240	34.2714	962.737
1241	34.3061	962.718
1242	34.341	962.491
1243	34.3762	962.132
1244	34.4125	961.969
1245	34.447	961.744
1246	34.4833	961.338
1247	34.5191	960.453
1248	34.5533	959.119
1249	34.5888	957.159
1250	34.6247	956.023
1251	34.6587	955.66
1252	34.6933	955.608
1253	34.7282	953.874
1254	34.7628	953.864
1255	34.7973	950.639
1256	34.8321	950.629
1257	34.8662	950.606
1258	34.9102	950.262
1259	34.9471	947.317
1260	34.9815	947.22
1261	35.0154	946.279
1262	35.0497	945.96
1263	35.0837	945.738
1264	35.1185	945.36
1265	35.1535	945.206
1266	35.1874	945.07
1267	35.2218	943.464
1268	35.2567	943.394
1269	35.2914	943.211
1270	35.3263	941.831
1271	35.3611	940.244
1272	35.3962	938.54
1273	35.4306	938.49
1274	35.4652	937.296
1275	35.5	937.208
1276	35.5352	936.78
1277	35.5697	936.66
1278	35.606	936.49
1279	35.6407	936.474
1280	35.6768	936.265
1281	35.7141	935.914
1282	35.7503	935.628
1283	35.7949	935.336
1284	35.846	934.571
1285	35.8833	934.176
1286	35.9221	934.155
1287	35.9568	934.081
1288	35.9914	934.064
1289	36.0256	933.435
1290	36.0601	933.24
1291	36.0954	932.986
1293	36.1641	931.21
1294	36.2117	930.346
1295	36.2463	930.212
1297	36.3148	930.104
1298	36.3491	930.097
1299	36.3839	930.055
1300	36.4189	929.371
1301	36.4534	929.351
1302	36.4881	929.074
1303	36.523	928.431
1304	36.5581	928.297
1305	36.5932	926.975
1306	36.6294	926.79
1307	36.6636	924.564
1308	36.6982	924.552
1309	36.7329	923.971
1310	36.7678	923.816
1311	36.8019	923.61
1312	36.8371	908.865
1313	36.8717	907.075
1314	36.9062	906.314
1315	36.9417	906.269
1316	36.9816	905.771
1317	37.0175	904.533
1318	37.0585	903.82
1320	37.1398	903.226
1321	37.1756	900.152
1322	37.21	899.913
1323	37.2447	899.815
1324	37.2804	899.536
1326	37.3496	899.269
1327	37.3843	899.046
1328	37.4194	898.891
1329	37.4553	898.837
1330	37.4906	897.666
1331	37.5252	897.071
1332	37.5597	896.926
1333	37.5946	896.905
1334	37.6289	895.562
1335	37.6644	889.831
1336	37.6989	886.132
1337	37.7337	885.555
1338	37.7686	885.546
1339	37.8032	884.112
1340	37.8388	883.64
1341	37.874	881.485
1342	37.9097	880.75
1343	37.9472	880.329
1344	37.9829	878.52
1345	38.0189	878.047
1346	38.0542	877.893
1347	38.0899	877.72
1348	38.125	877.598
1349	38.1595	876.633
1350	38.1946	876.394
1352	38.2643	873.911
1353	38.2993	873.722
1354	38.3341	872.378
1355	38.3689	872.333
1356	38.4037	872.291
1357	38.4382	872.245
1358	38.4743	872.101
1359	38.5086	872.02
1360	38.5431	871.575
1361	38.5775	870.934
1362	38.6125	869.992
1363	38.6476	866.763
1364	38.683	866.416
1365	38.7173	866.318
1366	38.7522	866.288
1367	38.7879	865.939
1368	38.823	865.627
1369	38.8573	865.545
1371	38.9279	865.524
1372	38.9634	864.908
1373	38.9981	863.466
1375	39.0683	863.437
1376	39.1032	863.214
1378	39.1727	862.19
1379	39.2155	862.186
1380	39.2618	860.495
1381	39.297	860.283
1382	39.3319	859.081
1383	39.3666	858.999
1384	39.4017	858.933
1386	39.4712	858.792
1387	39.5328	858.427
1388	39.6163	858.241
1389	39.6529	855.905
1390	39.6884	854.626
1391	39.7254	853.944
1392	39.7607	851.454
1393	39.7954	851.136
1394	39.8303	849.967
1395	39.8656	849.285
1397	39.9564	848.462
1398	39.9927	848.034
1399	40.0351	846.784
1400	40.071	843.306
1401	40.1074	843.271
1402	40.1459	842.223
1403	40.1824	842.124
1404	40.2185	840.72
1405	40.2536	839.03
1406	40.2917	837.113
1407	40.3301	835.984
1408	40.3692	835.848
1409	40.406	834.962
1410	40.4456	834.857
1411	40.4876	834.37
1412	40.5287	834.331
1413	40.5713	833.983
1414	40.6105	833.616
1415	40.6467	833.561
1416	40.6817	833.095
1417	40.7236	832.828
1418	40.7594	830.962
1419	40.7957	830.366
1420	40.8305	829.217
1421	40.8653	828.08
1422	40.9003	827.664
1423	40.9349	827.027
1424	40.971	826.582
1425	41.0056	825.371
1428	41.1114	825.355
1429	41.1463	825.286
1430	41.1811	824.71
1431	41.2161	822.043
1432	41.2515	821.455
1433	41.2863	820.272
1434	41.3213	820.157
1435	41.3571	819.782
1436	41.3918	819.345
1437	41.4264	819.337
1438	41.4613	819.234
1439	41.4957	816.061
1440	41.531	813.427
1441	41.5657	813.294
1443	41.6351	812.935
1444	41.6711	812.859
1445	41.7057	812.001
1447	41.7753	811.99
1448	41.8107	811.891
1449	41.8459	810.826
1450	41.8809	809.702
1451	41.9155	809.552
1452	41.9513	809.063
1453	41.986	808.963
1454	42.0208	808.949
1455	42.056	807.54
1456	42.0914	807.265
1457	42.1263	807.253
1458	42.161	807.226
1459	42.1958	804.64
1460	42.2309	800.193
1461	42.2661	798.672
1462	42.3015	798.585
1463	42.3398	798.556
1464	42.376	798.522
1465	42.4106	798.294
1466	42.4462	797.818
1467	42.4813	797.798
1468	42.5165	797.592
1469	42.5516	797.527
1472	42.6578	796.966
1473	42.6934	796.655
1474	42.7296	796.231
1475	42.7644	796.153
1476	42.8	795.598
1477	42.8361	795.457
1478	42.8713	794.577
1479	42.9054	794.573
1480	42.9399	794.358
1481	42.9747	794.336
1482	43.0084	794.214
1483	43.0428	794.05
1484	43.1224	794.042
1485	43.1839	791.584
1486	43.219	791.23
1487	43.2543	790.876
1488	43.2887	790.254
1489	43.3228	789.859
1490	43.3574	789.477
1491	43.3917	788.716
1492	43.4253	788.633
1493	43.4589	788.152
1494	43.493	788.027
1495	43.5269	786.246
1496	43.5608	786.229
1497	43.5948	786.209
1498	43.6289	785.634
1499	43.6628	784.624
1500	43.697	784.497
1501	43.731	783.957
1502	43.7656	783.821
1503	43.7997	783.698
1504	43.8334	783.684
1505	43.8686	783.546
1506	43.9043	783.36
1507	43.9386	781.741
1508	43.9729	781.542
1509	44.0072	781.438
1510	44.0418	779.042
1511	44.0766	777.286
1512	44.1116	777.039
1513	44.1461	777
1514	44.1802	775.964
1515	44.2144	775.954
1516	44.2484	775.65
1517	44.2831	775.637
1519	44.3521	774.176
1520	44.3865	773.919
1521	44.4212	773.621
1522	44.4585	773.503
1523	44.4997	773.361
1524	44.5363	773.285
1525	44.5719	773.148
1526	44.6172	773.118
1527	44.655	773.094
1529	44.725	773.013
1530	44.7595	772.997
1531	44.7956	772.933
1533	44.8658	772.64
1534	44.9003	772.036
1535	44.9351	771.788
1537	45.0054	770.828
1538	45.0403	770.826
1539	45.0751	770.804
1540	45.1099	770.564
1541	45.1443	770.537
1542	45.1793	768.482
1543	45.2139	768.338
1544	45.2492	768.323
1545	45.2836	766.799
1547	45.3533	763.899
1548	45.3881	763.06
1551	45.4921	762.888
1552	45.5284	761.294
1553	45.5625	760.4
1554	45.5972	760.143
1555	45.6331	760.109
1556	45.6674	760.017
1557	45.7018	759.404
1558	45.7363	759.081
1559	45.7709	759.04
1560	45.8054	758.942
1561	45.842	756.267
1562	45.8782	756.124
1563	45.9153	755.987
1564	45.9545	755.627
1565	45.9901	755.621
1566	46.0272	755.596
1567	46.062	755.347
1568	46.0969	755.319
1569	46.1317	755.29
1570	46.167	754.177
1571	46.2013	753.929
1572	46.236	753.437
1573	46.271	753.39
1574	46.3055	752.704
1575	46.341	752.483
1576	46.3761	750.592
1577	46.4106	750.55
1579	46.4811	750.05
1580	46.5155	749.567
1581	46.5503	749.247
1582	46.5861	748.945
1583	46.6229	748.719
1584	46.6613	747.653
1585	46.6963	747.468
1586	46.7309	747.389
1587	46.7661	747.227
1588	46.8015	747.117
1589	46.8365	746.743
1590	46.8715	746.618
1591	46.9062	745.501
1592	46.941	745.189
1593	46.9771	744.694
1594	47.012	743.981
1595	47.0475	743.452
1597	47.1184	743.449
1598	47.1536	743.111
1599	47.1897	743.05
1600	47.2255	742.927
1601	47.2619	742.907
1602	47.2969	742.868
1603	47.3324	739.8
1604	47.3676	739.557
1605	47.4025	739.511
1606	47.4373	739.468
1607	47.4727	739.402
1608	47.5084	739.352
1609	47.5516	739.151
1610	47.5946	738.788
1611	47.6332	738.722
1612	47.6745	738.436
1613	47.7115	737.49
1614	47.7464	737.366
1615	47.7829	737.349
1616	47.8201	737.122
1617	47.8553	736.672
1618	47.8921	736.378
1619	47.928	736.343
1621	48	736.125
1622	48.036	735.545
1623	48.0716	735.355
1624	48.1091	735.307
1627	48.2203	735.245
1628	48.2569	735.166
1629	48.2932	733.374
1630	48.3288	733.313
1631	48.3638	733.177
1632	48.3989	732.896
1633	48.4348	732.803
1634	48.4706	731.993
1635	48.5063	731.492
1636	48.541	731.439
1637	48.5765	731.335
1638	48.6118	730.66
1639	48.6468	730.153
1640	48.6816	729.228
1641	48.7169	729.207
1642	48.752	725.635
1643	48.7888	725.542
1644	48.8259	724.994
1645	48.861	724.7
1646	48.8957	723.103
1647	48.9384	722.686
1648	48.9775	722.563
1649	49.0125	722.3
1650	49.0475	722.279
1651	49.083	721.762
1653	49.1538	721.291
1654	49.1897	720.911
1655	49.2247	720.706
1656	49.2602	720.437
1657	49.2956	720.285
1658	49.3313	718.411
1659	49.3666	718.332
1660	49.4021	717.811
1661	49.4377	717.675
1662	49.473	717.403
1664	49.5443	717.251
1665	49.5798	715.803
1666	49.6151	715.55
1667	49.651	715.522
1668	49.6869	715.386
1669	49.7231	715.371
1670	49.759	715.093
1671	49.7943	713.82
1672	49.8296	713.668
1673	49.8656	713.322
1674	49.9019	713.301
1676	49.973	712.643
1677	50.0088	712.604
1678	50.0441	712.535
1679	50.08	711.406
1680	50.1151	709.273
1681	50.1504	709.254
1682	50.1866	709.183
1683	50.2217	708.934
1684	50.2569	708.845
1685	50.2924	708.825
1687	50.3629	708.766
1688	50.3985	708.551
1689	50.4336	708.383
1690	50.469	707.531
1691	50.5051	707.367
1692	50.5404	707.268
1693	50.5754	707.202
1694	50.6109	707.042
1695	50.6467	706.577
1696	50.6823	706.27
1697	50.7177	706.253
1698	50.7532	706.238
1699	50.7887	705.052
1700	50.8248	702.293
1701	50.8605	700.825
1702	50.8965	700.684
1703	50.9332	700.678
1704	50.971	700.658
1705	51.0077	700.514
1706	51.0444	700.167
1707	51.0798	700.161
1708	51.1154	699.513
1709	51.1507	699.457
1710	51.186	699.455
1712	51.2573	699.018
1713	51.2929	698.995
1714	51.3292	698.777
1715	51.3652	698.643
1716	51.4004	698.524
1717	51.4356	698.426
1718	51.4713	698.388
1719	51.507	698.374
1720	51.5421	698.204
1722	51.6126	698.186
1723	51.6486	698.168
1724	51.684	698.159
1725	51.7191	698.016
1726	51.7541	697.757
1727	51.7905	697.336
1728	51.8268	696.809
1729	51.8737	696.577
1730	51.9103	696.385
1731	51.9458	695.793
1732	51.9825	695.74
1733	52.0189	695.242
1734	52.0544	695.18
1735	52.0912	693.565
1737	52.1636	693.538
1738	52.1989	693.436
1739	52.236	693.249
1740	52.2716	693.223
1741	52.3072	692.975
1742	52.3466	692.826
1743	52.3879	692.825
1744	52.4241	692.824
1745	52.466	692.719
1746	52.5104	692.517
1747	52.5461	691.412
1748	52.5823	691.366
1749	52.6191	691.324
1750	52.6548	689.848
1751	52.6924	688.488
1752	52.7279	688.125
1754	52.7987	687.433
1755	52.8351	687.419
1756	52.8706	687.025
1757	52.9067	686.863
1758	52.9428	686.85
1759	52.9796	686.84
1760	53.016	686.718
1761	53.0519	686.601
1762	53.0885	686.527
1763	53.1263	686.459
1764	53.1639	686.39
1765	53.2	686.097
1766	53.2355	686.082
1767	53.2716	686.022
1771	53.4146	686.021
1773	53.487	685.829
1774	53.5235	685.471
1775	53.5593	685.312
1777	53.6324	685.057
1779	53.7042	685.043
1780	53.7405	684.877
1781	53.776	684.686
1782	53.8124	684.574
1783	53.8486	684.494
1784	53.8841	684.464
1785	53.92	683.438
1787	54.0135	682.029
1788	54.0489	681.78
1791	54.1559	681.62
1792	54.1913	681.303
1793	54.2272	680.792
1794	54.2626	680.543
1795	54.2988	680.525
1796	54.3341	679.986
1797	54.3696	679.836
1798	54.4051	679.517
1799	54.4412	679.467
1800	54.4764	679.322
1801	54.5124	676.974
1802	54.5484	676.872
1803	54.585	676.482
1804	54.6207	676.285
1805	54.6569	676.045
1806	54.6927	676.024
1807	54.7286	675.896
1808	54.7647	672.995
1810	54.8365	672.31
1811	54.8721	672.295
1812	54.9079	671.878
1815	55.0142	671.806
1816	55.0506	671.46
1817	55.0874	671.342
1819	55.1594	670.624
1820	55.1953	670.384
1821	55.232	669.639
1822	55.2692	669.333
1823	55.3072	669.216
1824	55.3438	668.305
1825	55.3798	668.026
1826	55.4156	668.003
1827	55.4522	667.894
1828	55.4877	667.822
1829	55.5302	667.504
1830	55.5754	667.365
1831	55.6163	667.341
1832	55.657	667.269
1833	55.6935	667.212
1834	55.7294	666.643
1835	55.7681	666.373
1836	55.8039	666.353
1837	55.8398	666.32
1838	55.877	666.089
1839	55.913	666.074
1840	55.9502	666.005
1841	55.9861	665.758
1842	56.0239	665.416
1843	56.0633	664.091
1844	56.0996	661.879
1845	56.1388	661.8
1848	56.2498	661.758
1850	56.322	661.757
1851	56.3592	661.73
1852	56.3949	661.544
1853	56.4305	660.851
1854	56.4672	660.777
1855	56.5037	660.719
1856	56.5403	660.186
1858	56.6115	660.015
1859	56.648	659.907
1860	56.6841	654.949
1861	56.7204	654.8
1862	56.7563	654.359
1864	56.8276	654.353
1866	56.8992	654.337
1867	56.9353	654.336
1869	57.0069	652.645
1870	57.0427	652.263
1871	57.0786	652.208
1872	57.1143	651.969
1874	57.1864	651.268
1875	57.2225	650.883
1878	57.331	650.612
1879	57.3669	650.459
1880	57.4026	648.781
1881	57.4389	648.762
1882	57.4797	648.418
1883	57.517	648.276
1884	57.5542	648.074
1885	57.5911	647.9
1887	57.6633	647.509
1888	57.6992	647.422
1889	57.7359	646.933
1890	57.7718	646.774
1891	57.8081	646.506
1892	57.8436	646.479
1893	57.8796	646.473
1894	57.9155	646.354
1895	57.9511	645.968
1896	57.9867	644.147
1898	58.0611	643.496
1899	58.0981	643.473
1900	58.14	643.396
1901	58.1783	643.294
1902	58.2151	643.148
1904	58.2874	643.097
1905	58.3231	642.529
1907	58.3956	642.517
1908	58.4312	642.485
1909	58.4674	642.481
1910	58.5033	642.446
1911	58.5404	641.887
1913	58.6131	641.669
1915	58.6866	641.195
1916	58.7225	641.184
1917	58.7583	641.139
1918	58.7952	641.053
1919	58.8319	640.201
1920	58.8675	638.545
1921	58.9036	638.544
1923	58.976	638.26
1924	59.0121	638.083
1925	59.0478	638.051
1927	59.1207	638.019
1928	59.1563	637.339
1929	59.1928	637.327
1930	59.2289	636.331
1931	59.2647	636.269
1932	59.3006	635.984
1934	59.3731	635.936
1935	59.409	635.302
1936	59.4451	632.871
1937	59.4824	632.864
1938	59.5184	632.862
1939	59.5543	631.912
1940	59.5906	630.021
1941	59.6266	628.789
1942	59.6649	628.786
1943	59.7009	628.76
1945	59.7734	628.684
1946	59.8094	628.45
1947	59.8456	628.444
1948	59.8826	628.356
1949	59.9184	628.31
1950	59.9547	628.308
1952	60.0265	627.939
1953	60.0626	627.899
1954	60.0994	627.891
1955	60.1363	627.729
1956	60.1724	627.577
1957	60.2092	627.554
1958	60.2458	627.052
1959	60.2916	627.024
1960	60.3635	626.905
1961	60.4	626.857
1962	60.4515	626.841
1963	60.516	626.395
1964	60.5748	626.364
1965	60.6266	626.345
1966	60.6701	626.253
1967	60.7078	626.137
1968	60.752	625.596
1969	60.795	625.446
1970	60.8313	625.257
1971	60.867	625.08
1972	60.9033	625.033
1973	60.9396	625.013
1974	60.9756	625.009
1975	61.0117	623.768
1977	61.0835	623.748
1978	61.1195	623.672
1979	61.1563	623.491
1980	61.1924	623.451
1981	61.2286	623.293
1982	61.2647	623.186
1983	61.3012	623.151
1984	61.337	623.142
1985	61.3753	623.098
1986	61.4147	622.689
1987	61.4739	621.357
1988	61.5116	621.327
1989	61.5478	621.31
1990	61.5856	620.498
1991	61.6224	620.104
1992	61.6597	619.759
1993	61.697	619.755
1994	61.7337	619.322
1995	61.7705	619.318
1996	61.8067	619.194
1997	61.8439	619.092
1998	61.8825	619.089
1999	61.9189	619.085
2000	61.9561	619.004
2001	61.9923	618.957
2003	62.0654	618.609
2004	62.1022	618.392
2005	62.139	618.226
2006	62.1768	618.205
2007	62.2137	618.182
2012	62.397	618.115
2013	62.4333	618.046
2014	62.47	617.775
2015	62.5079	617.694
2017	62.5822	617.462
2019	62.665	617.449
2020	62.7051	617.316
2021	62.7443	617.307
2023	62.8198	617.276
2024	62.8567	617.233
2025	62.8942	615.091
2026	62.9305	614.656
2027	62.9667	613.292
2028	63.0053	613.254
2030	63.0786	613.248
2031	63.1157	613.115
2032	63.1534	613.083
2033	63.1915	612.668
2034	63.2279	612.474
2035	63.2652	612.47
2036	63.3019	612.182
2037	63.3396	612.155
2038	63.3759	612.107
2041	63.4868	610.061
2042	63.5269	609.977
2043	63.5636	609.815
2044	63.6004	609.338
2047	63.7107	609.102
2048	63.7474	609.046
2049	63.7841	609.024
2050	63.8209	608.016
2051	63.8569	607.998
2052	63.8938	607.708
2053	63.9314	607.687
2054	63.9677	606.582
2055	64.0195	606.533
2056	64.0616	606.282
2058	64.1371	605.913
2059	64.1732	604.668
2060	64.21	604.294
2061	64.2464	604.268
2062	64.2831	604.255
2063	64.3203	603.907
2064	64.357	602.895
2065	64.3946	602.434
2066	64.431	602.42
2067	64.4675	602.264
2068	64.5041	602.246
2069	64.5401	602.141
2070	64.5761	602.058
2072	64.6497	601.994
2074	64.7234	601.395
2075	64.7596	601.356
2076	64.7958	601.334
2077	64.832	601.332
2078	64.8678	601.155
2079	64.9042	601.134
2080	64.941	601.093
2081	64.9771	600.897
2082	65.0155	600.853
2083	65.0521	599.623
2084	65.088	599.529
2085	65.1239	599.453
2088	65.2322	599.422
2089	65.269	599.376
2090	65.3054	599.194
2091	65.3411	599.169
2092	65.3774	599.152
2093	65.4134	598.778
2094	65.4499	598.564
2095	65.4859	598.511
2096	65.5227	598.492
2098	65.5953	598.449
2099	65.6317	598.435
2100	65.6678	597.405
2101	65.7039	597.218
2104	65.8218	597.196
2107	65.9314	597.165
2109	66.0035	595.765
2110	66.042	595.594
2112	66.1139	595.44
2114	66.1857	595.168
2115	66.2217	595.076
2118	66.3325	594.926
2119	66.3685	594.903
2120	66.4056	594.759
2121	66.4417	594.758
2123	66.514	594.22
2124	66.5513	593.929
2125	66.5872	592.995
2126	66.6233	592.803
2127	66.6597	592.434
2128	66.6965	592.339
2130	66.7685	592.244
2131	66.8048	591.999
2134	66.9132	591.888
2135	66.9489	591.871
2136	66.9852	591.235
2138	67.0572	590.758
2139	67.0931	590.706
2140	67.1292	590.658
2141	67.1656	590.644
2142	67.2015	590.335
2144	67.2747	590.276
2145	67.3109	589.932
2146	67.3469	589.621
2147	67.3834	589.432
2148	67.4201	589.418
2149	67.4564	589.413
2150	67.4931	589.38
2151	67.5301	588.635
2153	67.6021	588.342
2156	67.7101	588.297
2157	67.7465	588.277
2158	67.7822	588.242
2159	67.8183	587.626
2160	67.8547	586.625
2161	67.8909	586.613
2162	67.9266	586.604
2163	67.9626	586.388
2164	67.9991	586.094
2165	68.036	586.032
2167	68.1079	585.793
2168	68.1438	585.68
2169	68.1807	585.486
2170	68.2174	584.303
2171	68.2539	584.267
2172	68.2903	583.795
2173	68.3264	583.743
2174	68.3622	583.678
2175	68.4004	582.143
2176	68.4383	581.761
2177	68.476	581.736
2178	68.5126	581.721
2179	68.5496	580.983
2180	68.5863	579.055
2181	68.6235	578.043
2182	68.6599	577.851
2183	68.6961	577.833
2184	68.7324	577.83
2185	68.7693	577.757
2186	68.8062	577.623
2187	68.843	577.621
2188	68.8801	577.484
2189	68.9165	577.428
2192	69.0266	577.064
2193	69.0638	577.04
2194	69.1031	577.033
2195	69.1405	576.982
2196	69.1779	576.881
2197	69.2149	576.859
2198	69.2518	576.827
2199	69.2893	576.811
2200	69.3271	576.756
2201	69.3649	576.731
2202	69.4025	576.715
2204	69.4764	576.711
2205	69.5129	576.685
2206	69.5497	576.587
2207	69.5872	576.406
2208	69.6249	576.222
2210	69.6977	576.123
2211	69.7348	575.984
2212	69.7719	575.969
2213	69.8104	575.519
2214	69.8476	575.478
2215	69.8849	574.847
2216	69.922	574.724
2218	69.9947	574.649
2219	70.032	574.596
2220	70.0694	574.554
2221	70.1066	574.243
2222	70.1431	574.195
2223	70.1811	573.984
2224	70.2187	573.978
2225	70.2551	573.95
2226	70.2923	573.759
2227	70.3294	573.012
2228	70.3663	572.943
2230	70.4399	572.722
2231	70.4761	572.498
2232	70.5128	572.377
2233	70.5491	572.376
2234	70.5856	572.004
2235	70.6228	571.986
2236	70.6606	571.428
2237	70.6978	571.376
2238	70.7344	571.342
2240	70.8072	571.317
2241	70.8435	571.266
2242	70.8801	571.156
2244	70.9527	571.012
2245	70.9895	570.964
2246	71.0257	570.961
2247	71.0622	570.933
2253	71.2815	570.888
2255	71.3564	570.849
2256	71.3934	570.833
2257	71.4298	570.654
2258	71.4662	570.652
2259	71.5055	570.65
2260	71.5428	570.134
2261	71.5797	570.124
2262	71.6167	570.038
2263	71.6536	569.933
2264	71.6901	569.933
2265	71.7265	569.347
2266	71.7639	568.911
2267	71.8012	568.115
2268	71.8374	568.104
2270	71.9104	568.095
2271	71.9473	567.968
2272	71.9839	567.924
2273	72.0216	567.687
2274	72.0582	567.305
2275	72.0949	567.296
2276	72.1323	567.168
2277	72.1691	567.013
2278	72.206	566.629
2279	72.2431	566.506
2280	72.2794	566.471
2281	72.3162	564.677
2283	72.3898	564.45
2284	72.4268	564.317
2286	72.5011	564.14
2287	72.5373	563.799
2288	72.5754	563.781
2290	72.6485	563.172
2291	72.6849	563.154
2292	72.7214	562.893
2293	72.7578	562.813
2295	72.8328	562.743
2297	72.9091	562.743
2298	72.9468	562.655
2299	72.9867	562.486
2300	73.023	562.35
2301	73.062	561.731
2302	73.0983	561.702
2303	73.1352	561.423
2304	73.1714	560.796
2305	73.2084	560.609
2306	73.2449	560.599
2307	73.2823	560.5
2308	73.32	560.467
2309	73.3566	560.454
2310	73.3939	559.689
2311	73.431	559.532
2312	73.4673	559.158
2314	73.5405	558.988
2315	73.5783	558.623
2316	73.6153	558.57
2317	73.6519	558.57
2318	73.6894	558.442
2319	73.7261	558.439
2321	73.7999	558.334
2322	73.8372	558.306
2323	73.8738	555.533
2324	73.91	555.08
2325	73.9476	555.017
2331	74.1671	555.001
2333	74.2413	554.606
2334	74.2777	554.48
2339	74.4598	554.186
2340	74.4966	553.544
2341	74.533	553.306
2342	74.5697	553.303
2343	74.606	553.267
2344	74.645	553.256
2347	74.7561	553.253
2349	74.8304	552.179
2350	74.8677	552.135
2352	74.9394	551.97
2353	74.9748	551.881
2354	75.0117	551.311
2355	75.0501	551.098
2357	75.1227	551.091
2358	75.1588	550.949
2359	75.1943	550.924
2361	75.2661	550.909
2362	75.3022	550.849
2363	75.3386	550.805
2364	75.376	550.77
2365	75.4126	549.87
2368	75.5201	549.776
2371	75.6313	549.606
2374	75.738	549.456
2376	75.8098	549.449
2378	75.8818	549.157
2379	75.9177	549.149
2380	75.954	549.121
2381	75.9907	549.088
2385	76.1344	548.744
2386	76.1703	548.289
2387	76.2069	548.278
2388	76.2433	548.255
2389	76.279	548.252
2391	76.3509	547.751
2392	76.3874	547.702
2393	76.4234	547.581
2395	76.4949	547.563
2396	76.5318	547.499
2398	76.606	547.488
2399	76.6424	547.084
2400	76.6909	545.92
2401	76.7306	545.914
2402	76.7713	544.63
2403	76.8096	544.417
2404	76.8474	544.398
2405	76.8837	544.376
2407	76.9576	544.081
2408	76.9936	543.996
2409	77.0302	543.866
2410	77.067	543.081
2411	77.1036	542.941
2412	77.141	542.679
2413	77.1783	542.671
2414	77.2153	542.269
2415	77.2516	541.098
2416	77.2879	540.543
2417	77.3262	540.514
2418	77.3622	540.507
2419	77.3987	540.097
2420	77.4354	538.984
2421	77.4717	538.066
2422	77.5091	538.05
2423	77.5453	538.041
2424	77.5822	537.888
2425	77.6191	537.836
2426	77.6553	537.741
2428	77.728	537.644
2429	77.7651	537.6
2432	77.8735	537.42
2433	77.9102	537.39
2434	77.947	537.381
2435	77.9839	537.35
2436	78.022	537.2
2437	78.058	537.165
2439	78.1304	537.158
2440	78.1675	537.063
2441	78.2038	537.05
2442	78.2403	537.047
2444	78.3137	537.036
2445	78.3506	536.913
2446	78.3875	536.822
2447	78.4244	536.443
2448	78.4609	536.194
2449	78.4985	536.17
2450	78.5357	536.052
2451	78.5729	535.982
2452	78.6091	535.97
2453	78.6501	535.623
2454	78.6943	535.617
2455	78.7304	535.02
2456	78.7671	534.958
2457	78.8035	534.94
2458	78.8396	534.921
2459	78.8763	534.868
2461	78.9501	534.388
2462	78.9862	534.256
2463	79.0237	534.003
2464	79.0606	534
2466	79.1336	533.759
2467	79.1703	533.292
2468	79.207	533.224
2469	79.2433	533.213
2470	79.2802	532.793
2471	79.3173	532.613
2472	79.3555	532.603
2473	79.392	532.602
2474	79.4296	532.246
2475	79.4674	532.233
2476	79.5038	531.893
2477	79.5399	531.82
2478	79.5765	531.808
2480	79.6521	531.799
2481	79.6891	531.795
2482	79.7256	531.719
2483	79.7627	531.289
2484	79.7997	531.139
2485	79.8364	531.112
2486	79.8736	531.106
2490	80.0214	531.085
2492	80.0942	531.08
2493	80.1307	531.056
2494	80.1672	530.804
2495	80.204	530.761
2497	80.2788	530.242
2498	80.3162	530.239
2499	80.3529	530.236
2500	80.3894	529.823
2501	80.4261	529.804
2503	80.5009	529.623
2504	80.5394	529.588
2505	80.5769	529.199
2507	80.6514	528.606
2508	80.6901	528.574
2511	80.8179	528.549
2512	80.856	528.544
2513	80.8942	528.284
2514	80.9417	528.132
2515	80.9788	528.126
2516	81.0232	527.927
2517	81.0712	527.727
2518	81.1102	527.456
2520	81.1833	527.375
2521	81.2202	525.74
2523	81.2932	525.608
2524	81.3299	525.503
2527	81.4398	525.309
2528	81.4787	525.248
2529	81.5179	525.223
2530	81.555	524.103
2531	81.5925	524.071
2532	81.6294	523.599
2533	81.6661	523.585
2535	81.7399	523.531
2536	81.7776	522.435
2537	81.8146	522.407
2538	81.8518	522.392
2539	81.8888	522.228
2540	81.9254	522.174
2541	81.9623	521.651
2543	82.0364	521.305
2544	82.0752	520.787
2546	82.1497	520.764
2547	82.1866	520.672
2548	82.2232	520.647
2549	82.2598	520.634
2550	82.297	520.47
2551	82.334	520.398
2552	82.3711	520.345
2555	82.4825	520.321
2557	82.5569	520.321
2558	82.5938	520.275
2559	82.6313	520.243
2561	82.7051	520.077
2562	82.7419	520.064
2563	82.7789	519.117
2564	82.8156	519.093
2565	82.8529	519.038
2569	83.0019	518.846
2570	83.0388	518.842
2571	83.0759	518.8
2572	83.1137	518.714
2573	83.1507	518.547
2575	83.2257	518.404
2577	83.3005	518.401
2578	83.3377	518.366
2579	83.3755	518.174
2580	83.4129	516.902
2581	83.4497	516.791
2582	83.4869	516.77
2585	83.598	516.756
2586	83.6351	516.259
2589	83.7492	515.541
2590	83.7865	515.246
2592	83.8621	515.144
2593	83.9002	515.143
2594	83.9377	515.004
2595	83.9746	514.95
2598	84.085	514.823
2599	84.1219	514.812
2601	84.1973	514.795
2603	84.2711	514.78
2604	84.3081	514.769
2608	84.4559	514.695
2609	84.4936	514.608
2610	84.5317	514.596
2611	84.5698	514.545
2616	84.755	514.516
2619	84.8684	514.498
2620	84.9064	514.493
2621	84.9441	514.19
2623	85.0186	514.176
2624	85.0556	514.046
2625	85.0942	513.984
2626	85.1316	513.578
2627	85.1696	513.576
2628	85.2066	513.455
2629	85.2437	513.455
2630	85.2813	513.451
2631	85.3197	513.137
2632	85.3578	513.136
2633	85.3949	512.126
2635	85.47	511.475
2636	85.5078	511.458
2637	85.5461	511.455
2638	85.5835	511.454
2639	85.6223	511.183
2640	85.6597	510.008
2641	85.6968	509.986
2642	85.7339	509.902
2643	85.771	509.773
2644	85.8079	509.716
2645	85.8471	509.711
2647	85.9252	509.69
2648	85.9626	509.663
2650	86.0373	509.169
2651	86.075	509.01
2652	86.1129	508.932
2653	86.1502	508.932
2654	86.1874	508.908
2655	86.2245	508.292
2656	86.2627	508.104
2657	86.3002	508.082
2658	86.3375	508.08
2659	86.3755	508.003
2660	86.4132	506.706
2661	86.4506	506.146
2662	86.4878	506.138
2663	86.5249	506.064
2664	86.5623	506.054
2665	86.5994	505.9
2666	86.6369	505.86
2667	86.6745	505.856
2668	86.7125	505.758
2669	86.7511	505.703
2672	86.8635	505.654
2673	86.9011	505.637
2674	86.9387	505.637
2675	86.976	505.61
2676	87.0132	505.555
2677	87.0507	505.549
2678	87.088	505.506
2679	87.1253	505.498
2680	87.1627	505.438
2681	87.2003	505.428
2684	87.3126	505.406
2685	87.3498	505.377
2686	87.3877	505.273
2687	87.4253	505.038
2688	87.4627	504.979
2689	87.5001	504.937
2690	87.5371	504.89
2692	87.6133	504.864
2693	87.6501	504.67
2695	87.7259	504.235
2696	87.7631	504.233
2697	87.801	504.218
2700	87.9139	504.193
2701	87.9515	504.143
2702	87.9893	504.03
2703	88.0272	503.966
2706	88.1418	503.831
2707	88.1797	503.535
2708	88.2179	503.501
2711	88.3304	503.359
2713	88.406	503.35
2714	88.4448	502.163
2715	88.4828	502.147
2716	88.5209	502.018
2717	88.5582	501.807
2718	88.5962	501.778
2720	88.6727	501.737
2721	88.7103	501.732
2722	88.7487	501.567
2723	88.7864	501.502
2724	88.8238	501.476
2726	88.8994	501.469
2728	88.9758	501.399
2730	89.051	501.378
2732	89.1262	501.372
2733	89.1635	501.365
2734	89.2007	501.357
2735	89.2388	501.333
2737	89.3137	500.976
2738	89.3511	500.971
2740	89.4274	500.709
2741	89.4659	500.697
2742	89.505	500.595
2743	89.5422	500.356
2744	89.5813	500.351
2745	89.619	500.078
2747	89.6945	499.483
2748	89.732	499.389
2749	89.7697	499.352
2750	89.8075	499.341
2751	89.845	498.614
2752	89.8838	498.601
2753	89.9218	498.167
2754	89.9608	496.974
2755	89.9993	496.972
2756	90.0367	495.939
2758	90.1136	495.695
2760	90.1894	495.612
2761	90.2289	494.485
2763	90.3055	494.354
2764	90.344	494.282
2767	90.4572	494.181
2768	90.495	494.082
2770	90.5702	493.521
2771	90.6085	493.46
2772	90.6468	493.351
2773	90.6842	493.339
2775	90.76	493.333
2776	90.7975	493.325
2780	90.9529	493.278
2781	90.9918	492.971
2783	91.0686	492.916
2784	91.1073	492.642
2785	91.1452	492.629
2786	91.184	492.591
2787	91.2497	492.532
2788	91.3294	492.513
2790	91.4217	492.325
2795	91.6128	492.3
2797	91.6872	492.274
2798	91.7247	492.262
2799	91.7623	492.242
2801	91.8376	492.202
2802	91.8754	492.175
2805	91.9896	492.124
2809	92.1421	492.115
2810	92.1808	492.07
2811	92.2182	492.056
2812	92.2557	491.999
2814	92.3308	491.942
2818	92.4844	491.903
2819	92.5226	491.764
2820	92.5602	491.151
2821	92.598	490.934
2823	92.6742	490.683
2824	92.7118	490.637
2826	92.7869	490.217
2827	92.8243	490.199
2829	92.8999	489.281
2830	92.9376	489.241
2832	93.0128	489.162
2834	93.0882	489.159
2839	93.2788	489.152
2840	93.3187	489.038
2841	93.3561	489.023
2842	93.394	488.793
2843	93.4318	488.784
2844	93.4692	488.778
2845	93.5084	488.599
2847	93.5837	488.184
2848	93.6227	488.138
2850	93.6981	488.135
2851	93.7369	488.069
2853	93.8138	488.045
2854	93.8523	488.026
2856	93.9276	488
2858	94.0044	487.917
2860	94.0806	487.914
2861	94.1185	487.667
2863	94.1939	487.659
2864	94.2314	487.587
2865	94.2695	487.535
2866	94.3098	486.841
2867	94.3477	486.837
2868	94.3869	486.806
2871	94.5013	486.524
2873	94.5785	486.052
2874	94.6178	485.973
2875	94.6558	485.467
2877	94.7325	485.465
2879	94.8081	485.136
2880	94.846	484.678
2881	94.8834	484.662
2882	94.9218	484.592
2883	94.96	484.497
2885	95.0357	484.496
2887	95.1112	484.452
2888	95.1487	484.416
2890	95.2241	484.103
2891	95.2619	483.929
2893	95.3375	483.922
2894	95.3749	483.669
2895	95.4146	483.446
2896	95.4522	483.296
2899	95.5671	483.234
2900	95.6051	482.486
2901	95.6432	482.058
2902	95.6814	482.056
2904	95.7582	482.043
2905	95.7965	482.04
2906	95.8338	482.03
2907	95.872	482.028
2908	95.9097	481.874
2909	95.9475	481.824
2912	96.061	481.743
2913	96.0993	481.729
2914	96.1368	481.725
2915	96.1745	481.709
2916	96.2122	481.612
2917	96.2498	481.603
2918	96.288	481.56
2919	96.3263	481.553
2920	96.3638	481.513
2921	96.4017	481.499
2923	96.4787	481.317
2924	96.5173	481.314
2926	96.5935	481.304
2927	96.633	481.264
2928	96.6711	481.211
2930	96.7476	481.145
2932	96.8268	481.117
2933	96.8654	480.927
2934	96.9034	480.92
2935	96.9428	480.561
2936	96.9815	480.548
2937	97.0194	480.53
2939	97.0958	480.519
2942	97.2115	480.391
2943	97.25	480.311
2944	97.2879	480.305
2946	97.3637	480.181
2947	97.4016	480.005
2948	97.4412	479.944
2949	97.4792	479.94
2951	97.5562	479.807
2954	97.6707	479.514
2955	97.7087	479.508
2957	97.7863	479.455
2958	97.8239	479.451
2960	97.9005	479.431
2961	97.9387	479.431
2962	97.9777	479.372
2963	98.0162	479.352
2964	98.0545	479.262
2966	98.1309	479.259
2967	98.1694	479.242
2968	98.2073	479.226
2969	98.245	479.1
2972	98.3601	479.053
2973	98.399	479.049
2974	98.4369	479.042
2975	98.4745	479.016
2976	98.5126	478.977
2977	98.5509	478.845
2978	98.5886	478.84
2980	98.6649	478.674
2981	98.7033	478.672
2982	98.7427	478.662
2983	98.7807	478.564
2985	98.8565	478.517
2987	98.9331	478.271
2988	98.9723	478.266
2989	99.0123	478.234
2990	99.0506	478.193
2991	99.0887	477.506
2992	99.1272	477.502
2993	99.165	477.384
2994	99.203	477.341
2995	99.2406	477.332
2996	99.2785	476.869
2997	99.3163	476.865
2998	99.3541	476.716
3000	99.4305	476.713
3001	99.4685	475.836
3003	99.546	475.734
3004	99.5836	475.708
3007	99.6996	475.578
3008	99.7383	475.506
3010	99.814	475.197
3011	99.8523	475.184
3012	99.8905	474.634
3015	100.005	474.603
3016	100.046	474.553
3017	100.084	474.527
3018	100.123	474.411
3019	100.161	474.211
3021	100.237	474.049
3024	100.352	474.001
3026	100.428	473.982
3027	100.465	473.845
3028	100.503	473.8
3029	100.541	473.79
3030	100.58	473.665
3034	100.732	473.488
3035	100.77	473.46
3037	100.848	473.455
3040	100.963	473.385
3042	101.04	473.36
3045	101.166	473.294
3049	101.339	473.227
3050	101.388	473.143
3051	101.426	473.13
3052	101.473	472.918
3054	101.601	472.911
3059	101.799	472.8
3060	101.837	472.569
3061	101.875	472.556
3063	101.951	472.459
3064	101.989	472.437
3065	102.027	472.408
3066	102.065	472.352
3068	102.142	472.347
3069	102.18	471.628
3070	102.218	471.554
3072	102.295	471.529
3073	102.333	471.526
3074	102.373	471.513
3075	102.411	471.456
3077	102.487	471.44
3079	102.563	471.424
3081	102.643	471.414
3082	102.682	471.182
3083	102.72	471.136
3084	102.758	471.134
3087	102.874	470.099
3088	102.912	470.071
3089	102.951	469.891
3090	102.99	469.891
3091	103.028	469.853
3095	103.182	469.85
3101	103.415	469.747
3106	103.609	469.38
3108	103.685	469.354
3111	103.801	469.237
3112	103.841	469.226
3113	103.879	467.571
3114	103.917	467.541
3115	103.955	467.361
3117	104.032	467.352
3119	104.108	467.115
3120	104.146	466.659
3121	104.185	466.644
3122	104.223	466.606
3123	104.261	466.536
3125	104.337	466.535
3126	104.375	466.534
3127	104.414	466.501
3128	104.453	466.439
3129	104.492	466.437
3130	104.53	466.032
3131	104.568	465.874
3133	104.646	465.851
3134	104.684	465.725
3135	104.722	465.722
3136	104.761	465.561
3137	104.799	465.557
3139	104.876	465.522
3140	104.915	464.899
3141	104.953	464.502
3142	104.992	464.499
3143	105.031	464.494
3144	105.069	464.485
3146	105.146	464.401
3148	105.222	464.324
3149	105.26	464.291
3152	105.377	464.264
3153	105.416	464.153
3154	105.454	464.146
3155	105.492	464.135
3156	105.531	464.059
3157	105.57	464.054
3159	105.649	464.048
3160	105.688	464.005
3161	105.727	463.997
3164	105.856	463.982
3165	105.893	463.968
3166	105.932	463.935
3167	105.97	463.929
3168	106.009	463.86
3170	106.087	463.793
3172	106.163	463.775
3173	106.203	463.723
3174	106.241	463.687
3175	106.28	463.354
3176	106.318	463.331
3177	106.357	463.322
3179	106.433	463.279
3180	106.472	463.269
3181	106.51	463.22
3182	106.549	463.156
3183	106.587	463.094
3184	106.626	463.079
3186	106.703	462.885
3188	106.78	462.843
3189	106.819	462.837
3191	106.895	462.74
3192	106.934	462.708
3193	106.972	462.707
3194	107.011	462.355
3195	107.05	462.351
3197	107.125	462.341
3198	107.164	462.337
3202	107.317	462.272
3203	107.356	462.269
3204	107.395	462.194
3206	107.471	462.191
3207	107.509	462.183
3208	107.549	462.172
3209	107.587	462.145
3212	107.701	462.092
3213	107.741	462.088
3214	107.781	462.068
3215	107.82	462.066
3216	107.858	461.911
3217	107.897	461.844
3218	107.935	461.843
3220	108.009	461.661
3221	108.047	461.657
3223	108.122	461.642
3224	108.159	461.623
3225	108.197	461.516
3227	108.272	461.307
3231	108.422	461.237
3232	108.46	461.224
3234	108.534	461.205
3235	108.572	461.202
3236	108.61	460.893
3237	108.648	460.834
3238	108.686	460.716
3240	108.76	460.686
3241	108.798	459.858
3243	108.874	459.803
3244	108.912	459.79
3247	109.025	459.686
3249	109.099	459.659
3250	109.137	459.443
3251	109.175	459.039
3252	109.213	458.522
3255	109.326	458.474
3258	109.44	458.397
3259	109.478	458.175
3260	109.515	458.147
3261	109.552	458.097
3264	109.665	457.918
3266	109.74	457.909
3267	109.78	457.807
3268	109.818	457.743
3270	109.894	457.613
3271	109.932	457.585
3274	110.048	457.423
3275	110.085	457.421
3277	110.161	457.401
3280	110.275	457.364
3282	110.355	457.353
3285	110.477	457.293
3288	110.591	457.251
3289	110.629	457.18
3291	110.705	457.168
3292	110.743	457.041
3299	111.008	457
3300	111.046	456.936
3301	111.084	456.84
3302	111.122	456.829
3303	111.16	456.696
3306	111.274	456.674
3307	111.312	456.674
3309	111.388	456.164
3310	111.426	456.045
3312	111.503	456.032
3315	111.617	455.462
3317	111.693	455.456
3319	111.768	455.449
3321	111.843	455.445
3322	111.881	455.225
3323	111.92	455.214
3328	112.113	455.172
3329	112.152	454.702
3330	112.191	454.7
3331	112.229	454.624
3332	112.269	454.615
3335	112.383	454.581
3339	112.536	454.578
3340	112.573	454.564
3341	112.611	454.461
3342	112.649	454.441
3345	112.764	454.403
3346	112.802	453.774
3348	112.879	453.746
3349	112.917	453.744
3351	112.994	453.68
3352	113.032	453.665
3353	113.07	453.381
3355	113.146	453.304
3357	113.222	453.06
3359	113.3	452.894
3360	113.338	452.713
3361	113.377	452.699
3362	113.419	452.688
3363	113.458	452.646
3364	113.496	452.627
3365	113.534	452.625
3366	113.572	452.618
3367	113.612	452.608
3369	113.689	452.608
3370	113.727	452.219
3371	113.765	452.075
3372	113.803	451.968
3373	113.841	451.958
3374	113.88	451.854
3375	113.918	451.812
3376	113.955	451.7
3378	114.031	451.697
3379	114.069	451.635
3380	114.107	450.985
3381	114.145	450.665
3382	114.184	450.661
3383	114.224	450.66
3384	114.262	450.657
3385	114.3	450.617
3388	114.414	450.542
3389	114.452	450.522
3391	114.535	450.519
3392	114.579	450.457
3393	114.619	450.435
3394	114.657	450.433
3395	114.695	450.429
3396	114.733	450.396
3397	114.772	450.393
3399	114.864	450.387
3400	114.902	450.365
3401	114.941	450.361
3402	114.979	450.352
3404	115.056	450.341
3406	115.132	450.315
3408	115.208	450.224
3410	115.285	450.181
3412	115.362	450.173
3413	115.401	450.122
3414	115.439	450.121
3415	115.476	449.892
3416	115.516	449.871
3417	115.554	449.871
3418	115.593	449.848
3419	115.631	449.803
3420	115.669	449.793
3421	115.707	449.77
3422	115.745	449.699
3423	115.783	449.629
3424	115.821	449.627
3425	115.859	449.612
3426	115.898	449.52
3427	115.935	449.115
3428	115.973	449.114
3429	116.012	449.104
3431	116.088	449.012
3432	116.127	448.966
3433	116.165	448.954
3434	116.203	448.759
3435	116.241	448.755
3437	116.317	448.72
3438	116.355	448.716
3439	116.395	448.713
3440	116.433	448.712
3441	116.471	448.712
3442	116.509	448.701
3443	116.547	448.682
3444	116.585	448.586
3445	116.623	448.519
3446	116.661	448.511
3447	116.7	448.469
3448	116.739	448.462
3449	116.777	448.348
3451	116.853	448.277
3452	116.89	448.255
3455	117.004	448.242
3456	117.043	448.21
3457	117.081	448.205
3460	117.196	448.034
3461	117.235	448.033
3463	117.312	448.033
3465	117.389	448.025
3467	117.466	447.751
3468	117.504	447.75
3469	117.542	447.742
3471	117.618	447.69
3472	117.657	447.687
3475	117.771	447.678
3476	117.81	447.48
3477	117.848	447.455
3478	117.886	447.424
3480	117.962	447.388
3481	118.001	446.71
3482	118.039	446.694
3483	118.077	446.651
3484	118.116	446.633
3488	118.268	446.611
3490	118.344	446.491
3491	118.383	446.147
3492	118.422	446.118
3493	118.46	446.118
3495	118.538	446.115
3497	118.616	446.111
3498	118.655	446.007
3499	118.693	445.926
3500	118.732	445.898
3501	118.771	445.597
3504	118.886	445.59
3506	118.963	445.581
3507	119.001	445.507
3508	119.04	445.423
3510	119.116	445.344
3512	119.193	445.342
3514	119.27	445.3
3517	119.385	445.194
3520	119.5	445.183
3521	119.538	445.155
3522	119.577	445.148
3525	119.692	445.111
3527	119.769	445.086
3528	119.807	445.057
3529	119.845	445.049
3531	119.922	445.035
3532	119.961	444.983
3539	120.23	444.929
3540	120.269	444.819
3541	120.308	444.804
3543	120.384	444.722
3549	120.614	444.251
3550	120.652	444.111
3552	120.731	444.077
3553	120.77	444.075
3555	120.846	443.967
3557	120.923	443.96
3558	120.961	443.926
3559	121	443.922
3561	121.076	443.918
3563	121.153	443.877
3564	121.191	443.861
3565	121.229	443.85
3566	121.268	443.806
3568	121.345	443.783
3569	121.39	443.644
3570	121.435	443.643
3572	121.544	443.637
3575	121.707	443.637
3576	121.756	443.635
3579	121.901	443.632
3581	121.983	443.619
3588	122.252	443.576
3589	122.29	443.576
3590	122.329	443.407
3591	122.368	443.312
3592	122.406	443.301
3593	122.445	443.291
3594	122.484	443.279
3595	122.522	443.123
3597	122.599	443.093
3598	122.638	443.092
3599	122.677	442.966
3600	122.715	442.36
3601	122.753	442.35
3603	122.831	442.294
3604	122.869	442.27
3606	122.949	442.248
3607	122.988	442.241
3610	123.103	442.01
3611	123.142	441.985
3614	123.258	441.97
3615	123.296	441.954
3616	123.335	441.829
3618	123.412	441.817
3619	123.451	441.754
3620	123.489	441.227
3621	123.528	440.966
3622	123.567	440.965
3623	123.606	440.957
3624	123.645	440.955
3625	123.684	440.923
3627	123.76	440.92
3628	123.799	440.865
3629	123.837	440.851
3632	123.953	440.835
3633	123.991	440.817
3634	124.029	440.817
3635	124.068	440.815
3636	124.107	440.76
3639	124.223	440.756
3640	124.261	440.727
3641	124.3	440.708
3642	124.338	440.699
3644	124.416	440.695
3646	124.492	440.682
3647	124.53	440.563
3648	124.569	440.53
3649	124.608	440.496
3650	124.646	440.441
3654	124.801	440.441
3655	124.84	440.233
3656	124.879	440.226
3657	124.917	440.216
3658	124.956	440.214
3660	125.034	440.213
3661	125.073	440.178
3662	125.113	440.144
3663	125.152	440.087
3664	125.191	440.087
3665	125.23	440.049
3666	125.269	439.988
3667	125.307	439.907
3668	125.346	439.876
3671	125.461	439.813
3674	125.577	439.675
3675	125.616	439.671
3677	125.694	439.642
3678	125.733	439.639
3680	125.81	439.637
3681	125.849	439.635
3682	125.888	439.576
3685	126.004	439.574
3686	126.042	439.567
3687	126.081	439.563
3688	126.12	439.545
3693	126.312	439.542
3695	126.39	439.537
3696	126.428	439.509
3697	126.467	439.484
3699	126.545	439.483
3700	126.583	439.347
3701	126.622	439.344
3702	126.66	439.342
3703	126.699	439.319
3705	126.777	438.979
3707	126.854	438.892
3708	126.892	438.889
3711	127.008	438.868
3712	127.047	438.86
3713	127.085	438.858
3715	127.163	438.854
3716	127.201	438.497
3717	127.24	438.477
3718	127.28	438.456
3719	127.319	438.448
3720	127.357	438.409
3721	127.396	437.885
3723	127.474	437.853
3724	127.513	437.84
3725	127.552	437.839
3727	127.63	437.774
3730	127.746	437.677
3731	127.785	437.553
3732	127.823	437.511
3733	127.863	437.493
3737	128.018	437.486
3738	128.057	437.446
3740	128.135	437.397
3741	128.173	437.059
3742	128.212	437.032
3744	128.289	436.803
3746	128.367	436.788
3747	128.405	436.668
3748	128.444	436.605
3749	128.482	436.603
3750	128.521	436.215
3753	128.637	436.194
3754	128.676	436.148
3756	128.754	436.145
3757	128.793	435.737
3758	128.832	435.73
3760	128.91	435.634
3762	128.988	435.626
3765	129.104	435.597
3767	129.181	435.558
3768	129.22	435.528
3771	129.337	435.44
3772	129.375	435.375
3773	129.413	435.36
3776	129.534	435.349
3782	129.767	435.338
3788	129.999	435.325
3789	130.038	434.977
3790	130.077	434.839
3791	130.116	434.834
3792	130.155	434.822
3797	130.348	434.793
3800	130.464	434.791
3801	130.503	434.79
3802	130.542	434.771
3803	130.58	434.767
3804	130.62	434.743
3808	130.774	434.726
3809	130.813	434.655
3810	130.851	434.65
3815	131.044	434.647
3816	131.083	434.638
3819	131.199	434.637
3821	131.277	434.626
3822	131.316	434.571
3824	131.393	434.545
3825	131.433	434.508
3829	131.591	434.507
3830	131.648	434.462
3831	131.703	434.414
3832	131.743	434.411
3833	131.783	434.3
3834	131.821	434.285
3835	131.86	434.263
3836	131.899	434.257
3837	131.938	434.227
3838	131.977	433.865
3839	132.015	433.197
3840	132.054	433.118
3841	132.093	433.113
3843	132.169	433.083
3844	132.208	432.944
3846	132.285	432.928
3847	132.325	432.916
3849	132.402	432.908
3850	132.441	432.707
3851	132.48	432.657
3852	132.519	432.568
3853	132.557	432.566
3854	132.596	432.561
3855	132.635	432.54
3856	132.675	432.455
3858	132.753	432.422
3859	132.792	432.373
3860	132.832	431.92
3861	132.871	431.71
3862	132.909	431.709
3863	132.948	431.707
3864	132.987	431.699
3865	133.026	431.684
3867	133.103	431.682
3868	133.143	431.648
3869	133.181	431.637
3873	133.336	431.634
3874	133.376	431.633
3875	133.415	431.632
3876	133.453	431.597
3878	133.531	431.595
3879	133.569	431.585
3880	133.608	431.349
3881	133.647	431.346
3882	133.686	431.329
3884	133.763	431.326
3885	133.802	431.308
3887	133.879	431.183
3889	133.959	431.181
3890	133.998	431.16
3892	134.075	431.149
3893	134.114	431.085
3894	134.153	431.085
3895	134.192	430.891
3896	134.231	430.883
3897	134.271	430.877
3898	134.309	430.872
3899	134.348	430.857
3900	134.387	430.853
3901	134.425	430.838
3902	134.464	430.77
3903	134.503	430.724
3904	134.542	430.724
3905	134.581	430.693
3908	134.698	430.664
3910	134.782	430.641
3911	134.832	430.579
3912	134.873	430.55
3913	134.912	430.507
3914	134.951	430.412
3917	135.071	430.391
3918	135.111	430.388
3919	135.15	430.379
3920	135.19	430.373
3922	135.269	430.309
3923	135.308	430.294
3925	135.387	430.255
3926	135.426	430.246
3928	135.506	430.22
3930	135.586	430.181
3934	135.744	430.176
3935	135.783	430.155
3938	135.9	430.155
3939	135.939	430.154
3940	135.984	430.032
3942	136.064	430.022
3943	136.104	430.008
3944	136.143	430
3945	136.181	429.712
3951	136.437	429.697
3952	136.477	429.695
3953	136.517	429.637
3955	136.599	429.635
3956	136.638	429.555
3958	136.718	429.506
3959	136.757	429.482
3961	136.837	429.048
3965	136.997	429.037
3969	137.154	429.036
3970	137.193	428.956
3971	137.232	428.882
3972	137.271	428.753
3973	137.311	428.751
3975	137.389	428.736
3976	137.43	428.724
3977	137.469	428.723
3978	137.508	428.679
3979	137.55	428.625
3980	137.594	428.594
3981	137.636	428.474
3982	137.676	428.444
3983	137.714	428.434
3984	137.754	428.394
3986	137.832	428.386
3987	137.872	427.717
3988	137.91	427.699
3990	137.989	427.634
3993	138.105	427.544
3994	138.144	427.529
3995	138.183	427.529
3996	138.222	427.528
3998	138.301	427.527
4000	138.379	427.492
4002	138.458	427.448
4005	138.578	427.435
4007	138.655	427.412
4008	138.695	427.314
4009	138.735	427.217
4010	138.776	427.213
4011	138.814	427.212
4012	138.854	427.198
4013	138.895	427.195
4018	139.093	427.18
4020	139.172	426.601
4021	139.211	426.601
4023	139.29	426.494
4025	139.368	426.476
4029	139.526	426.25
4030	139.565	426.135
4032	139.644	426.133
4038	139.878	426.124
4039	139.916	426.12
4041	139.992	426.12
4042	140.033	426.108
4046	140.2	425.965
4048	140.279	425.956
4049	140.317	425.905
4050	140.356	425.904
4052	140.437	425.886
4055	140.555	425.876
4056	140.595	425.857
4057	140.633	425.847
4059	140.724	425.834
4062	140.838	425.799
4064	140.914	425.797
4065	140.953	425.797
4066	140.991	425.484
4072	141.221	424.655
4077	141.412	424.644
4078	141.451	424.529
4079	141.491	424.273
4080	141.534	423.433
4081	141.573	423.431
4083	141.651	423.406
4084	141.69	423.381
4086	141.768	423.374
4087	141.806	423.361
4090	141.955	423.147
4093	142.121	423.146
4094	142.16	423.128
4096	142.243	423.082
4097	142.282	423.07
4098	142.321	423.067
4099	142.361	423.023
4100	142.399	422.636
4101	142.438	422.421
4103	142.514	422.416
4104	142.554	422.403
4105	142.594	422.39
4106	142.632	422.385
4108	142.71	422.353
4109	142.749	422.139
4112	142.865	422.125
4113	142.903	422.114
4114	142.942	422.113
4115	142.981	422.113
4116	143.021	422.109
4117	143.06	422.109
4119	143.138	422.108
4120	143.177	421.424
4121	143.218	421.406
4122	143.258	421.398
4124	143.336	421.387
4125	143.375	421.323
4127	143.456	420.824
4128	143.494	420.78
4130	143.571	420.762
4132	143.651	420.751
4133	143.69	420.683
4135	143.768	420.449
4137	143.846	420.445
4138	143.885	420.432
4141	144.001	420.374
4142	144.039	420.285
4143	144.078	420.264
4144	144.116	420.263
4145	144.155	420.239
4146	144.194	420.223
4148	144.293	420.207
4149	144.333	420.201
4150	144.371	420.195
4151	144.41	420.163
4152	144.448	420.11
4154	144.525	419.931
4155	144.564	419.93
4156	144.602	419.911
4157	144.643	419.894
4158	144.682	419.89
4160	144.762	419.889
4162	144.842	419.883
4165	144.959	419.796
4166	144.999	419.785
4167	145.037	419.783
4168	145.077	419.778
4172	145.233	419.77
4174	145.31	419.754
4175	145.35	419.705
4177	145.427	419.698
4180	145.545	419.621
4181	145.584	419.62
4184	145.7	419.615
4185	145.739	419.5
4187	145.817	419.488
4191	145.973	419.475
4192	146.013	419.474
4194	146.09	419.468
4195	146.128	419.465
4196	146.168	419.38
4198	146.246	418.981
4199	146.285	418.968
4201	146.364	418.56
4202	146.402	418.524
4204	146.48	418.513
4206	146.558	418.506
4207	146.597	418.486
4208	146.636	418.483
4209	146.676	418.481
4210	146.715	418.472
4211	146.754	418.328
4213	146.832	418.318
4218	147.033	418.275
4219	147.072	418.237
4220	147.112	418.225
4221	147.151	418.146
4222	147.19	418.127
4223	147.23	418.11
4224	147.269	417.936
4225	147.309	417.927
4227	147.389	417.902
4228	147.429	417.882
4230	147.507	417.836
4231	147.547	417.83
4233	147.624	417.789
4234	147.663	417.095
4236	147.742	416.911
4237	147.781	416.897
4240	147.9	416.862
4241	147.938	416.845
4245	148.094	416.819
4247	148.171	416.739
4248	148.211	416.722
4249	148.25	416.7
4251	148.328	416.699
4252	148.367	416.697
4253	148.408	416.677
4259	148.644	416.633
4260	148.683	416.629
4261	148.722	416.619
4266	148.919	416.612
4267	148.958	416.596
4268	148.998	416.581
4269	149.038	416.405
4270	149.08	416.125
4271	149.119	416.1
4272	149.158	416.087
4273	149.198	416.057
4274	149.239	415.911
4277	149.356	415.909
4283	149.593	415.888
4284	149.632	415.88
4285	149.672	415.833
4286	149.71	415.74
4288	149.791	415.731
4290	149.868	415.725
4293	149.985	415.72
4295	150.062	415.649
4296	150.101	415.631
4297	150.14	415.559
4298	150.179	415.553
4301	150.296	415.552
4304	150.413	415.535
4305	150.452	415.468
4309	150.607	415.465
4312	150.723	415.398
4315	150.846	415.397
4317	150.924	415.391
4318	150.963	415.299
4319	151.001	415.276
4320	151.041	413.26
4321	151.08	413.253
4323	151.157	413.22
4324	151.196	413.184
4326	151.277	413.164
4329	151.396	413.143
4330	151.442	413.038
4331	151.481	413.012
4333	151.56	412.993
4334	151.6	412.987
4336	151.677	412.912
4338	151.757	412.908
4339	151.796	412.877
4340	151.836	412.557
4341	151.894	412.426
4342	151.942	412.425
4343	152.001	412.425
4344	152.047	412.423
4345	152.096	412.412
4348	152.215	412.371
4349	152.256	412.367
4353	152.413	412.354
4354	152.453	412.352
4356	152.533	412.352
4357	152.572	412.352
4359	152.65	412.347
4360	152.689	412.305
4361	152.729	412.3
4362	152.772	412.299
4364	152.861	412.297
4365	152.902	412.268
4367	152.983	412.026
4368	153.022	412.009
4369	153.062	411.997
4370	153.103	411.986
4371	153.142	411.975
4372	153.183	411.974
4373	153.223	411.935
4374	153.263	411.934
4375	153.312	411.754
4376	153.373	411.745
4377	153.418	411.737
4381	153.593	411.655
4382	153.633	411.519
4383	153.673	411.488
4384	153.712	411.486
4385	153.751	411.483
4386	153.79	411.467
4387	153.829	411.465
4388	153.869	411.446
4390	153.947	411.42
4391	153.988	411.378
4393	154.078	411.371
4394	154.117	411.21
4395	154.157	411.205
4396	154.196	411.199
4397	154.236	411.139
4398	154.276	411.137
4399	154.315	411.134
4400	154.354	411.129
4402	154.433	411.11
4405	154.552	411.104
4406	154.592	411.091
4407	154.631	411.089
4415	154.95	411.058
4420	155.147	410.985
4421	155.186	410.984
4423	155.265	410.979
4425	155.343	410.857
4430	155.543	410.857
4431	155.583	410.833
4432	155.625	410.832
4435	155.744	410.83
4438	155.862	410.82
4439	155.902	410.791
4440	155.942	410.789
4441	155.982	410.417
4442	156.023	410.384
4444	156.101	410.376
4447	156.218	410.359
4448	156.259	410.336
4451	156.38	410.261
4458	156.659	410.225
4459	156.698	410.216
4460	156.737	410.21
4461	156.777	410.148
4464	156.895	410.09
4467	157.013	410.08
4468	157.052	410.079
4470	157.136	410.046
4471	157.175	410.043
4472	157.214	409.995
4474	157.293	409.929
4475	157.333	409.927
4477	157.413	409.923
4478	157.454	409.915
4480	157.533	409.912
4481	157.574	409.907
4485	157.732	409.899
4486	157.773	409.839
4487	157.813	409.814
4490	157.933	409.81
4492	158.012	409.795
4493	158.052	409.785
4494	158.092	409.762
4500	158.358	409.762
4508	158.676	409.753
4509	158.716	409.603
4510	158.755	409.534
4511	158.795	409.518
4513	158.873	409.499
4517	159.034	409.495
4518	159.075	409.489
4521	159.195	409.487
4524	159.315	409.429
4528	159.474	409.428
4529	159.513	409.237
4531	159.591	409.214
4532	159.63	409.188
4535	159.749	409.183
4536	159.79	409.131
4537	159.83	409.078
4539	159.909	409.078
4541	159.989	409.076
4544	160.111	409.026
4545	160.151	408.936
4548	160.268	408.932
4556	160.583	408.83
4558	160.66	408.756
4559	160.7	408.745
4560	160.74	408.113
4561	160.78	408.104
4563	160.858	408.08
4564	160.897	408
4566	160.976	407.985
4567	161.014	407.955
4568	161.053	407.953
4569	161.092	407.888
4570	161.131	407.792
4571	161.17	407.534
4573	161.249	407.523
4574	161.287	407.516
4575	161.327	407.505
4576	161.366	407.471
4577	161.406	407.468
4578	161.446	407.467
4579	161.486	407.449
4580	161.526	407.341
4581	161.567	407.236
4582	161.621	407.235
4583	161.666	407.235
4584	161.705	407.235
4588	161.861	407.15
4589	161.9	407.149
4593	162.058	407.142
4594	162.098	407.141
4595	162.137	407.138
4596	162.177	407.124
4597	162.218	407.123
4599	162.297	407.119
4601	162.375	407.118
4602	162.417	407.113
4604	162.499	407.109
4605	162.542	407.106
4607	162.622	406.981
4609	162.704	406.977
4610	162.743	406.975
4612	162.821	406.966
4613	162.877	406.91
4614	162.93	406.907
4615	162.974	406.743
4616	163.029	406.743
4617	163.093	406.741
4618	163.14	406.602
4620	163.221	406.601
4621	163.273	406.378
4622	163.317	406.316
4623	163.361	406.286
4625	163.451	406.266
4626	163.494	406.253
4627	163.537	406.247
4628	163.586	406.239
4631	163.79	406.199
4634	163.909	406.085
4635	163.949	406.085
4636	163.989	406.076
4637	164.029	406.04
4638	164.069	406.038
4640	164.148	406.033
4645	164.345	406.026
4646	164.385	406.024
4647	164.425	406.022
4652	164.623	406.018
4654	164.709	405.167
4655	164.749	405.145
4657	164.829	405.124
4658	164.868	405.124
4660	164.947	405.06
4661	164.986	405.055
4663	165.067	405.054
4665	165.146	404.98
4667	165.225	404.979
4668	165.264	404.976
4670	165.342	404.97
4671	165.381	404.969
4673	165.46	404.947
4674	165.499	404.942
4675	165.539	404.939
4676	165.579	404.905
4678	165.657	404.901
4679	165.696	404.877
4680	165.735	404.844
4681	165.775	404.592
4682	165.813	404.575
4684	165.892	404.519
4685	165.932	404.519
4686	165.972	404.277
4687	166.012	404.266
4688	166.051	404.266
4689	166.092	404.26
4691	166.172	404.214
4692	166.211	404.151
4697	166.407	404.15
4698	166.447	404.137
4699	166.486	404.128
4700	166.525	404.124
4701	166.565	404.089
4704	166.684	404.083
4707	166.801	404.082
4712	166.995	404.072
4714	167.073	404.026
4715	167.113	404.018
4716	167.152	404.009
4717	167.192	404.005
4718	167.231	403.998
4720	167.309	403.984
4724	167.466	403.953
4729	167.662	403.93
4730	167.702	403.922
4732	167.78	403.919
4733	167.82	403.891
4736	167.937	403.88
4738	168.015	403.88
4740	168.093	403.876
4741	168.131	403.862
4746	168.327	403.861
4747	168.366	403.852
4748	168.405	403.851
4749	168.444	403.747
4750	168.484	403.7
4753	168.603	403.69
4754	168.642	403.554
4755	168.68	403.544
4759	168.84	403.539
4760	168.879	403.508
4762	168.959	403.038
4763	168.998	403.038
4764	169.038	403.036
4767	169.155	403.003
4768	169.195	402.997
4769	169.234	402.994
4771	169.312	402.894
4772	169.351	402.877
4774	169.429	402.773
4775	169.469	402.767
4776	169.511	402.748
4777	169.55	402.532
4780	169.669	402.525
4781	169.709	402.519
4783	169.788	402.508
4784	169.826	402.498
4785	169.869	402.477
4788	170.024	402.451
4791	170.143	402.427
4794	170.26	402.425
4795	170.3	402.402
4796	170.339	402.399
4797	170.378	402.393
4798	170.417	402.322
4799	170.456	402.18
4800	170.496	401.677
4801	170.535	401.673
4803	170.614	401.656
4804	170.659	401.615
4806	170.741	401.597
4807	170.781	401.579
4808	170.819	401.57
4809	170.859	401.49
4810	170.899	401.395
4813	171.017	401.389
4814	171.057	401.387
4815	171.101	401.346
4816	171.143	401.327
4817	171.183	401.315
4818	171.225	401.312
4819	171.271	401.304
4820	171.313	401.12
4821	171.352	401.04
4823	171.43	401.038
4825	171.508	401.036
4827	171.587	401.034
4828	171.626	401.002
4829	171.665	401
4833	171.822	400.994
4834	171.861	400.994
4835	171.9	400.994
4838	172.015	400.993
4839	172.055	400.99
4844	172.257	400.986
4845	172.309	400.953
4847	172.387	400.923
4850	172.51	400.916
4852	172.587	400.905
4853	172.626	400.899
4854	172.665	400.898
4855	172.704	400.721
4856	172.743	400.711
4857	172.781	400.706
4858	172.82	400.684
4860	172.897	400.683
4861	172.935	400.619
4862	172.974	400.563
4863	173.013	400.545
4865	173.089	400.525
4868	173.206	400.514
4871	173.322	400.49
4872	173.361	400.484
4874	173.437	400.391
4875	173.476	400.39
4877	173.553	400.368
4879	173.63	400.367
4880	173.668	400.363
4882	173.745	400.359
4883	173.783	400.341
4884	173.821	400.311
4886	173.898	400.31
4887	173.936	400.292
4892	174.126	399.974
4894	174.214	399.921
4895	174.252	399.901
4897	174.329	399.889
4900	174.444	399.848
4901	174.482	399.841
4908	174.75	399.802
4910	174.828	399.802
4911	174.867	399.772
4912	174.905	399.768
4915	175.02	399.767
4921	175.251	399.574
4922	175.291	399.562
4924	175.368	399.509
4925	175.407	399.464
4929	175.563	399.461
4930	175.601	399.458
4931	175.64	399.329
4932	175.678	399.314
4937	175.887	399.312
4938	175.933	399.308
4941	176.051	399.301
4946	176.252	399.294
4947	176.305	399.294
4951	176.513	399.287
4952	176.552	399.279
4954	176.629	399.27
4956	176.707	399.267
4960	176.868	399.222
4961	176.91	399.169
4963	176.988	399.151
4966	177.105	399.137
4967	177.143	399.126
4969	177.223	399.12
4972	177.341	399.102
4979	177.627	399.096
4981	177.705	399.067
4983	177.783	399.012
4984	177.822	399.009
4987	177.939	399.005
4989	178.016	398.958
4990	178.056	398.916
4994	178.219	398.885
5000	178.454	398.881
# FIN	178.454	398.881

