# target=instancias/dali.png T=240 iters=5000 K=32 seed=auto
iter	segundos	MSE
0	0.00171831	10660
1	0.0184645	10660
2	0.035261	10608.4
3	0.0520974	10542
4	0.068532	10539.7
5	0.085318	10538.5
6	0.102355	10530.4
7	0.119304	10423.5
8	0.135779	10417.2
9	0.152302	10417.2
10	0.169944	10407.7
11	0.186689	10407.6
12	0.203468	10398.4
13	0.220152	10382.1
14	0.236998	10346
15	0.253807	10329.1
16	0.270631	10323.9
17	0.287325	10296.1
18	0.304112	10279.9
19	0.320898	10236.5
20	0.338605	10233
21	0.355791	10216.5
22	0.37312	10209.6
23	0.39008	10169.3
24	0.407425	10165.7
25	0.424425	10155.2
26	0.441632	10135.7
27	0.459166	10131.8
28	0.476975	10106.2
29	0.494282	10102.1
30	0.511346	10097.7
31	0.528463	10006
32	0.545474	9991.1
33	0.562446	9989.93
34	0.579457	9949.93
35	0.59655	9934.76
36	0.615204	9924.83
37	0.634604	9895.61
38	0.652063	9895.28
39	0.669464	9884.11
40	0.687011	9870.47
41	0.704545	9870.09
42	0.722261	9868.63
44	0.757506	9867.91
45	0.775289	9807.42
46	0.792986	9780.28
47	0.810734	9778.84
48	0.828509	9777.21
49	0.846542	9761
50	0.864018	9723.27
51	0.881664	9711
52	0.899606	9705.61
53	0.917463	9703.55
54	0.935296	9695.88
55	0.952868	9652.03
56	0.970442	9560.83
57	0.988411	9559.6
58	1.00629	9558.99
59	1.02436	9552.65
60	1.04251	9552.55
61	1.06057	9546.43
62	1.07831	9545.91
63	1.09627	9484.72
64	1.11432	9484.7
65	1.13256	9438.1
66	1.15106	9437.88
67	1.16938	9420.23
68	1.1873	9418.47
69	1.20525	9417.04
70	1.22345	9415.03
71	1.24133	9400.87
72	1.26027	9308.61
73	1.27877	9308.57
74	1.29694	9308.18
75	1.31491	9282.11
76	1.33328	9267.82
77	1.35222	9204.29
78	1.37099	9178.75
79	1.38953	9162.98
80	1.40806	9162.92
81	1.42653	9043.58
82	1.44653	9039.74
83	1.46611	8996.01
84	1.4854	8975.85
85	1.50421	8951.49
86	1.5228	8949.36
87	1.54127	8942.83
88	1.55965	8942.04
89	1.57839	8925.75
90	1.59745	8912.73
91	1.61586	8894.5
92	1.63465	8893.14
93	1.65327	8864.81
94	1.6721	8837.56
95	1.69139	8834.88
96	1.70992	8834.66
97	1.72856	8825.67
98	1.74724	8773.33
99	1.76602	8772.64
100	1.78534	8722.16
101	1.80468	8720.83
102	1.82421	8695.75
103	1.84304	8685.54
104	1.86201	8539.47
105	1.88092	8524.61
106	1.89962	8524.5
107	1.91831	8491.13
108	1.93744	8453.28
109	1.95694	8450.16
110	1.97554	8435.26
111	1.99447	8417.12
112	2.01311	8409.74
113	2.03253	8408.74
114	2.05197	8389.2
115	2.07103	8350.31
116	2.08989	8348.44
117	2.10919	8272.39
118	2.12845	8249.28
119	2.14736	8235.26
120	2.16638	8229.27
121	2.18529	8225.33
122	2.20455	8198.81
123	2.22385	8197.05
124	2.2434	8185.91
125	2.26293	8093.67
126	2.28248	8093.55
127	2.30164	8056.72
128	2.3215	8056.3
129	2.34066	8051.83
130	2.36001	8014.15
131	2.37942	8013.51
132	2.39913	8007.85
133	2.41861	7986.01
134	2.43794	7916.99
135	2.45757	7916.24
136	2.47695	7905.22
137	2.49617	7896.47
138	2.51546	7886.24
139	2.53552	7881.05
140	2.55537	7795.3
141	2.57541	7765.26
142	2.59522	7764.98
143	2.6153	7764.4
144	2.63487	7763.81
145	2.6549	7750.82
146	2.67447	7718.8
147	2.694	7718.24
148	2.71365	7710.67
149	2.73329	7707.73
150	2.75281	7668.78
151	2.77234	7595.09
152	2.79202	7573.96
153	2.81174	7561.23
154	2.83128	7546.96
155	2.85102	7508.24
156	2.87093	7505.22
157	2.89121	7501.51
158	2.91108	7497.2
159	2.931	7485.51
160	2.95079	7470.22
161	2.97074	7465.05
162	2.9909	7457.04
163	3.01082	7438.25
164	3.03063	7437.28
165	3.05042	7434.59
166	3.07035	7428.08
167	3.09069	7426.91
168	3.11102	7409.88
169	3.13082	7409.84
170	3.15063	7409.69
171	3.17066	7409.34
172	3.19054	7408.6
173	3.21016	7384.57
174	3.23014	7375.01
175	3.25028	7372.01
176	3.27023	7371.91
177	3.29041	7370.38
178	3.31051	7362.83
179	3.33092	7347.71
180	3.35089	7347.36
181	3.37114	7346.51
182	3.39109	7346.49
183	3.41099	7286.36
184	3.43109	7281.15
185	3.45098	7274.29
186	3.47085	7243.06
187	3.49075	7243
188	3.51099	7241.69
189	3.53127	7236
190	3.55206	7233.21
191	3.57222	7226.18
192	3.59598	7205.97
193	3.61733	7055.34
194	3.63883	7033.86
195	3.65919	7032.3
196	3.67922	7020.52
197	3.69948	7005.36
198	3.71988	7001
199	3.74046	6995.87
200	3.7617	6900.62
201	3.78261	6888.87
202	3.80321	6876.78
203	3.82364	6876.57
204	3.84403	6872.3
205	3.86455	6869.17
206	3.88504	6852.5
207	3.90544	6851.28
208	3.92649	6725.91
209	3.94763	6725.46
210	3.96848	6711.98
211	3.98926	6686.13
212	4.00978	6660.15
213	4.03042	6656.77
214	4.0512	6611.11
215	4.07187	6570.87
216	4.09257	6567.56
217	4.11355	6567.43
218	4.13418	6558.15
219	4.15473	6552.27
220	4.17614	6494.19
221	4.19718	6490.56
222	4.21797	6482.39
223	4.23865	6477.13
224	4.25946	6470.57
225	4.28025	6458.98
226	4.30105	6433.26
227	4.32188	6430.72
228	4.34292	6427.79
229	4.36408	6422.78
230	4.38521	6410.72
231	4.40632	6397.86
232	4.42806	6376.75
233	4.4494	6375.43
234	4.47066	6375
235	4.49185	6373.09
236	4.51275	6370.87
237	4.5339	6362.46
238	4.55493	6359.23
239	4.57618	6342.79
240	4.59739	6340.51
241	4.61843	6340.43
242	4.63963	6305.61
243	4.66151	6296.81
244	4.68258	6290.5
245	4.70412	6289.49
246	4.72555	6289.4
247	4.74702	6283.51
248	4.76864	6280.49
249	4.78999	6280.45
250	4.81122	6275.01
251	4.83269	6274.49
252	4.85408	6273.09
253	4.8766	6257.79
254	4.89791	6239.86
255	4.91933	6233.57
256	4.94121	6228.44
257	4.96392	6201.59
258	4.98634	6176.74
259	5.00837	6165.62
260	5.03097	6161.63
261	5.05257	6125.33
262	5.0746	6119.02
263	5.09749	6088.51
264	5.12042	6086.41
265	5.14307	6079.97
266	5.16516	6057.04
267	5.18882	6047.63
268	5.21164	5946.6
269	5.23408	5937.91
270	5.25636	5933.92
271	5.27862	5818.83
272	5.30142	5772.88
273	5.32448	5771.89
274	5.3469	5733.22
275	5.36926	5728.46
276	5.39176	5728.21
277	5.41484	5714.14
278	5.43739	5714
279	5.4603	5699.45
280	5.48313	5694.35
281	5.50573	5694.24
282	5.52824	5693.08
283	5.55071	5692.54
284	5.57397	5691.93
285	5.59708	5677.31
286	5.6197	5663.88
287	5.64278	5663.03
288	5.66535	5658.78
289	5.68779	5632.7
290	5.71016	5606.61
291	5.73265	5593.89
292	5.75559	5587.46
293	5.77864	5587.4
294	5.8019	5574.02
295	5.82484	5570.15
296	5.84747	5550.58
297	5.87033	5548.74
298	5.89337	5548.29
299	5.9163	5547.72
300	5.93906	5547.28
301	5.96186	5542.2
302	5.98527	5542.15
303	6.00887	5472.14
304	6.03204	5471.56
305	6.05496	5446.68
306	6.07788	5446.27
307	6.10088	5432.42
308	6.12406	5431.8
309	6.14686	5429.51
310	6.16979	5428.97
311	6.19305	5428.77
312	6.21669	5406.95
313	6.24028	5404.41
314	6.26343	5403.82
315	6.28659	5399.69
316	6.30979	5395.98
317	6.33369	5368.38
318	6.35736	5360.79
319	6.38064	5352.25
320	6.40366	5352.17
321	6.42733	5343.7
322	6.45106	5342.28
323	6.47433	5213.35
324	6.4975	5208.85
325	6.52065	5202.69
326	6.54363	5195.77
327	6.56679	5195.45
328	6.59094	5194.91
329	6.61392	5185.61
330	6.63697	5170.08
331	6.66042	5164.11
332	6.68405	5163.15
333	6.70775	5131.47
334	6.73103	5097.94
335	6.75461	5090.03
336	6.77788	5089.54
337	6.80116	5087.12
338	6.82441	5071.16
339	6.84766	5070.07
340	6.87111	5063.8
341	6.8948	5062.78
342	6.91801	5051.67
343	6.9415	5051.66
344	6.96487	4993.55
345	6.98833	4983.88
346	7.01189	4983.27
347	7.03545	4922.22
348	7.0591	4867.67
349	7.08286	4865.8
350	7.10668	4854.21
351	7.1304	4854.14
352	7.15429	4852.09
353	7.17851	4850.97
354	7.20321	4849.35
355	7.22719	4838.37
356	7.25096	4838.06
357	7.27521	4807.28
358	7.2995	4774.1
359	7.32386	4765.24
360	7.34779	4761.2
361	7.37166	4759.35
362	7.39587	4748.72
363	7.42077	4747.41
364	7.44485	4746.41
365	7.46911	4720.19
366	7.49329	4720.14
367	7.51767	4692.12
368	7.54223	4691.41
369	7.56658	4690.36
370	7.59133	4683.73
371	7.61567	4683.24
372	7.63989	4669.39
373	7.66404	4664.77
374	7.68865	4652.47
375	7.71349	4651.23
376	7.73837	4649.87
377	7.76284	4647.96
378	7.7871	4642.68
379	7.81129	4639.29
380	7.83562	4606.04
381	7.85994	4597.09
382	7.88427	4596.52
383	7.90887	4596.26
384	7.93351	4595.72
385	7.96057	4582.1
386	7.98602	4576.22
387	8.01056	4575.85
388	8.03549	4572.38
389	8.06036	4563.31
390	8.08508	4554.31
391	8.10982	4547.72
392	8.13546	4532.77
393	8.16094	4513.85
394	8.18589	4511.49
395	8.21047	4491.29
396	8.23501	4487.82
397	8.26001	4487.4
398	8.28446	4487.18
399	8.30887	4472.6
400	8.33328	4455.42
401	8.35802	4453.31
402	8.38251	4452.25
403	8.40702	4417.33
404	8.43188	4417.32
405	8.45662	4413.94
406	8.48132	4408.65
407	8.50646	4408.16
408	8.5317	4397.83
409	8.55728	4397.71
410	8.58242	4396.89
412	8.63165	4396.81
413	8.65637	4394.48
414	8.68109	4388.41
415	8.7064	4386.34
416	8.73115	4386.09
417	8.7559	4385.46
418	8.78055	4381.1
419	8.80554	4367.15
420	8.83033	4367.14
421	8.85551	4365.3
422	8.88101	4365.28
423	8.90678	4296.94
424	8.93188	4296.11
425	8.95705	4282.68
426	8.98216	4237.01
427	9.00723	4232.78
428	9.03208	4232.7
429	9.05733	4232.04
430	9.0822	4230.84
431	9.10723	4228.83
432	9.13278	4225.6
433	9.15775	4090.56
434	9.18291	4083.79
435	9.20813	4082.51
436	9.23326	4081.27
437	9.25821	4079.38
438	9.28325	4078.27
439	9.3088	4075.28
440	9.3338	3981.4
441	9.35897	3975.01
442	9.38449	3973.29
443	9.40992	3972.64
444	9.43535	3947.47
445	9.46096	3943.63
446	9.48621	3927.62
447	9.51154	3926.65
448	9.53721	3791.16
449	9.56264	3790.1
450	9.58818	3787.08
451	9.61344	3777.1
452	9.63896	3753.21
453	9.66421	3749.25
454	9.68941	3731.24
455	9.71583	3721.42
456	9.74263	3716.48
457	9.76808	3714.56
458	9.79419	3713.3
459	9.82022	3713.01
460	9.84646	3699.93
461	9.8756	3697.46
462	9.90223	3696.39
463	9.93021	3692.85
464	9.95717	3691.03
465	9.98325	3688.14
466	10.0101	3668.2
467	10.0363	3664.45
468	10.0628	3662.28
469	10.0888	3661.14
470	10.1147	3655.92
471	10.1412	3652.75
472	10.1694	3627.14
473	10.1969	3626.14
474	10.2229	3626.01
475	10.2488	3624.62
476	10.2752	3613.66
477	10.3012	3599.82
478	10.3271	3594.04
479	10.3529	3581.25
480	10.3796	3575.36
481	10.4056	3575.14
482	10.4313	3556.02
483	10.4572	3552.46
484	10.4926	3552.29
485	10.5194	3551.66
486	10.5455	3550.7
487	10.5722	3536.2
488	10.5997	3529.66
489	10.6273	3529.65
490	10.6557	3527.32
491	10.6819	3522.3
492	10.7096	3521.93
493	10.7361	3520.45
494	10.7637	3504.52
495	10.7908	3502.1
496	10.8171	3499.66
497	10.8437	3482.78
498	10.8701	3478.05
499	10.8971	3469.03
500	10.9243	3466.6
501	10.9507	3450.35
502	10.9773	3447.26
503	11.0038	3397.54
504	11.0304	3396.67
505	11.0571	3394.5
506	11.0843	3392.68
507	11.1114	3386.02
508	11.1379	3360.13
509	11.1647	3358.04
510	11.1921	3358.02
511	11.2189	3329.4
512	11.2464	3322.3
513	11.273	3321.49
514	11.2998	3306.13
515	11.3271	3303.86
516	11.3538	3303.44
517	11.3805	3300.04
518	11.4073	3299.8
519	11.4344	3294.93
520	11.4618	3294.59
522	11.5157	3294.06
523	11.5431	3293.25
524	11.5702	3292.62
525	11.5979	3281.29
526	11.6249	3280.69
527	11.6518	3277.97
528	11.6793	3274.66
529	11.7067	3268.64
530	11.734	3254.37
531	11.7619	3251.79
532	11.7892	3244.12
533	11.8162	3243.85
534	11.843	3242.84
535	11.87	3234.15
536	11.8976	3228.97
537	11.9247	3227.5
538	11.9517	3227.36
539	11.9787	3227.29
540	12.0056	3227.03
541	12.0333	3226.99
542	12.0606	3226.9
543	12.0875	3204.42
544	12.1147	3203.81
545	12.1429	3192.57
546	12.1701	3192.5
547	12.1972	3191.98
548	12.2246	3191.54
549	12.2518	3189.74
550	12.279	3188.76
551	12.3073	3188.51
552	12.336	3149.73
553	12.3639	3148.75
554	12.3913	3148.75
555	12.4187	3148.66
556	12.4469	3145
557	12.4745	3127.14
558	12.5023	3125.2
559	12.53	3118.98
560	12.5586	3118.44
561	12.5866	3117.18
562	12.615	3116.21
563	12.6429	3007.42
564	12.6703	3007.04
565	12.6978	3005.37
566	12.7252	2998.48
567	12.753	2995.73
568	12.7805	2991.97
569	12.8079	2985.05
570	12.8365	2981.01
571	12.864	2979.71
572	12.8916	2979.39
573	12.9201	2971.65
574	12.9479	2961.64
575	12.9759	2961.45
576	13.0044	2960.51
577	13.0321	2957.2
578	13.0597	2944.95
579	13.0876	2944.13
580	13.1157	2939.33
581	13.1432	2939.27
582	13.171	2936.47
583	13.1998	2936.33
584	13.2278	2926.63
585	13.2556	2922.6
586	13.2835	2922.4
587	13.3113	2870.75
588	13.3399	2864.12
589	13.3685	2862.65
590	13.3962	2855.13
591	13.4242	2848.04
592	13.4522	2845.54
593	13.4803	2845.45
594	13.5087	2844.92
595	13.5366	2842.56
596	13.5651	2841.79
597	13.5935	2828.94
598	13.6214	2818.33
599	13.6497	2815.78
600	13.678	2814.15
601	13.7064	2813.5
602	13.7345	2808.94
603	13.763	2807.97
604	13.7919	2807.96
605	13.8202	2804.89
606	13.8484	2804.8
607	13.8771	2787.78
608	13.906	2785.89
609	13.9348	2785.1
610	13.9637	2770.05
611	13.9922	2769.8
612	14.0208	2769.61
613	14.0492	2762.8
614	14.0777	2758.83
615	14.1061	2758.14
616	14.1344	2756.18
617	14.1627	2753.68
618	14.1915	2743.72
619	14.2204	2742.79
620	14.2487	2712.85
621	14.277	2710.05
622	14.3058	2709.99
623	14.3342	2709.95
624	14.3625	2709.35
625	14.3911	2707.53
626	14.4199	2702.98
627	14.4485	2701.16
628	14.477	2699.63
629	14.5068	2693.93
630	14.5379	2689.46
631	14.5665	2688.38
632	14.5952	2687.02
633	14.6242	2675.86
635	14.6813	2675.14
636	14.7105	2670.42
637	14.7389	2669.97
638	14.7677	2669.89
639	14.7963	2652.63
640	14.825	2651.7
641	14.8544	2651.08
642	14.8831	2649.86
643	14.9118	2642.57
644	14.9406	2642.5
645	14.9694	2639.38
646	14.9982	2638.47
647	15.0277	2637.68
648	15.0563	2636.69
649	15.0851	2636.25
650	15.1138	2635.99
651	15.1426	2635.98
652	15.1713	2635.81
653	15.2001	2632.06
654	15.2294	2631.35
655	15.258	2630.34
656	15.2868	2630.23
657	15.3154	2629.48
658	15.3446	2628.8
659	15.3734	2619.93
660	15.4022	2618.74
661	15.4313	2616.06
663	15.4898	2601.44
664	15.5195	2600.25
665	15.5484	2587.63
666	15.5778	2573.93
667	15.6068	2571.73
668	15.636	2571.67
669	15.665	2569.55
670	15.6937	2568.66
671	15.7228	2565.47
672	15.7518	2563.92
673	15.781	2456.74
674	15.8099	2452.61
675	15.8394	2452.49
676	15.8682	2451.83
677	15.8973	2445.42
678	15.927	2443.59
679	15.9568	2441.54
680	15.9859	2409.75
681	16.0149	2388.6
682	16.0446	2383.82
683	16.074	2383.43
684	16.1035	2378.83
685	16.133	2377.27
686	16.162	2377.11
687	16.191	2372.26
688	16.2201	2363.29
689	16.2502	2363.18
690	16.28	2335.2
691	16.3094	2328.73
692	16.3386	2317.8
693	16.3677	2316.26
694	16.3968	2302.29
695	16.4263	2302.21
696	16.4555	2298.09
697	16.4854	2296.68
698	16.5154	2292.95
699	16.5449	2292.84
700	16.5742	2289.76
701	16.6042	2289.07
702	16.6333	2283
703	16.6625	2277.8
704	16.6933	2276.7
705	16.7236	2275.91
706	16.753	2272.47
707	16.7831	2265.71
708	16.813	2264.94
709	16.8423	2263.56
710	16.8718	2262.77
711	16.9015	2262.75
712	16.9308	2254.96
713	16.9601	2254.27
714	16.99	2254.23
715	17.0194	2253.9
716	17.0493	2252.9
717	17.0787	2252.22
718	17.1081	2252.11
719	17.1378	2239.3
720	17.1671	2234.74
721	17.1965	2234.68
722	17.2258	2233.1
723	17.256	2232.04
724	17.2862	2232.04
725	17.3162	2231.62
726	17.346	2231.6
727	17.3755	2226.74
728	17.4049	2225.39
729	17.4351	2225.15
730	17.4652	2224.98
731	17.4953	2224.75
732	17.5252	2224.05
733	17.5549	2221.63
734	17.5847	2214.18
735	17.6146	2214.05
736	17.6444	2213.28
737	17.6745	2203.32
738	17.7047	2191.91
739	17.7347	2183.09
740	17.7646	2182.13
741	17.7946	2167.91
742	17.8247	2167.91
743	17.8541	2142.64
744	17.8841	2141.78
745	17.9138	2141.03
746	17.9435	2140.4
747	17.9734	2139.23
748	18.0032	2104.9
749	18.033	2102.64
750	18.0632	2102.64
751	18.093	2099.46
752	18.1227	2099.28
753	18.1527	2099.14
754	18.1824	2098.1
755	18.2125	2097.89
756	18.2422	2096.43
757	18.272	2095.79
758	18.302	2095.65
759	18.3318	2088.87
760	18.3616	2088.61
761	18.3914	2088.56
762	18.4214	2087.47
763	18.4519	2087.37
764	18.4822	2086.96
765	18.512	2067.63
766	18.542	2067.02
767	18.5726	2066.79
768	18.6026	2064.69
769	18.6338	2052.25
770	18.6638	2050.27
771	18.6946	2046.26
772	18.725	2044.95
773	18.7549	2044.51
774	18.7849	2044.4
775	18.815	2044.25
776	18.845	2041.85
777	18.8763	2040.54
778	18.9075	2040.47
779	18.9383	2040.42
780	18.9685	2040.39
781	18.999	2040.37
782	19.0292	2039.43
783	19.0594	2036.35
784	19.0897	2034.55
785	19.1196	2033.24
786	19.15	2033.18
787	19.1803	2032.19
788	19.2104	2031.79
789	19.2418	2031.47
790	19.2725	2031.36
791	19.3031	2031.22
792	19.3333	2026.67
793	19.3641	2026.23
794	19.3944	2026.22
795	19.4248	2026.16
796	19.4552	2024.77
797	19.4859	2015.19
798	19.5167	2014.49
799	19.5478	2008.94
800	19.5784	2008.22
801	19.6088	2001.18
802	19.6403	1997.99
803	19.6707	1960.77
804	19.7018	1960.46
805	19.7323	1960.37
806	19.763	1959.01
807	19.7937	1957.24
808	19.8241	1956.47
809	19.8547	1954.52
810	19.8855	1953.62
811	19.9165	1953.1
812	19.9475	1952.47
813	19.9782	1950.2
814	20.0095	1948.11
815	20.0403	1947.97
816	20.0709	1947.88
817	20.1017	1944.59
818	20.1324	1943.16
819	20.1632	1942.86
820	20.194	1942.37
821	20.2247	1942.37
822	20.2555	1940.36
823	20.2866	1940.18
824	20.3172	1938.79
825	20.3482	1938.47
826	20.3789	1938.36
827	20.4098	1929.6
828	20.4406	1905.22
829	20.4715	1904.11
830	20.5026	1898.3
831	20.5342	1897.36
832	20.5659	1896.99
833	20.5976	1896.89
834	20.6295	1896.71
835	20.6611	1895.21
836	20.6923	1895.1
837	20.7236	1892.95
838	20.7554	1888.13
839	20.7868	1887.39
840	20.8188	1876.84
841	20.8499	1876.39
842	20.8811	1874.41
843	20.9188	1874.05
844	20.9756	1873.52
845	21.0122	1869.76
846	21.049	1869.7
847	21.0961	1865.1
848	21.1477	1864.64
849	21.1838	1864.46
850	21.2202	1855.79
851	21.2541	1855.48
852	21.2857	1855.48
853	21.3203	1854.96
854	21.3556	1853.44
855	21.3881	1853.02
856	21.4226	1852.8
857	21.4565	1851.09
858	21.4889	1844.63
859	21.5222	1843.83
860	21.5553	1843.54
861	21.5872	1842.22
862	21.621	1842.11
863	21.6526	1842.06
864	21.6844	1841.65
865	21.7185	1841.26
866	21.7515	1838.65
867	21.7828	1836.12
868	21.8141	1835.86
869	21.8468	1830.97
870	21.8794	1829.04
871	21.9117	1828.65
872	21.9439	1825.5
873	21.9759	1811.54
874	22.0076	1810.62
875	22.0392	1810.03
876	22.0724	1806.94
877	22.1042	1805.62
878	22.1358	1805.56
879	22.1681	1783.17
880	22.1998	1781.68
881	22.2331	1781.55
882	22.2955	1780.11
883	22.3302	1772.75
884	22.3652	1772.74
885	22.3989	1771.95
886	22.4315	1771.95
887	22.4635	1770.95
888	22.4954	1770.55
889	22.5288	1770.1
890	22.5606	1770.08
891	22.5926	1770.03
892	22.6261	1769.87
893	22.6593	1768.94
894	22.6914	1768.63
895	22.7234	1768.51
897	22.7887	1767.88
898	22.8206	1767.53
899	22.8523	1759.72
900	22.8847	1759.45
901	22.9173	1756.46
902	22.9502	1756.42
904	23.0144	1754.03
905	23.0465	1741.95
906	23.078	1737.48
907	23.1098	1737.17
908	23.1418	1736.94
909	23.176	1735.24
910	23.21	1735.06
911	23.2422	1734.26
912	23.2759	1734
913	23.3085	1712.23
914	23.3428	1710.53
915	23.3753	1710.12
916	23.4077	1709.81
917	23.4408	1707.89
918	23.4737	1705.68
919	23.5065	1703.43
920	23.5384	1693.77
921	23.5707	1675.88
923	23.6362	1675.78
924	23.6686	1675
925	23.7007	1673.73
926	23.7337	1673.3
927	23.7657	1671.65
928	23.7978	1649.95
929	23.8299	1649.91
930	23.8621	1643.74
931	23.894	1637.68
932	23.9261	1637.38
933	23.9588	1636.64
934	23.9927	1633.87
936	24.0568	1633.25
937	24.0891	1627.98
938	24.1212	1627.76
939	24.1532	1627.67
940	24.1855	1626.38
941	24.2173	1625.17
942	24.2499	1622.61
943	24.2843	1622.1
944	24.3166	1621.07
945	24.3492	1619.4
946	24.382	1610.58
947	24.4143	1597.24
948	24.4467	1596.31
949	24.4805	1596.1
950	24.5127	1595.96
951	24.5448	1595.87
952	24.5772	1589.6
953	24.6097	1587.65
954	24.6425	1587.48
955	24.6754	1586.58
956	24.7098	1585.49
957	24.742	1584.53
958	24.7746	1584.15
959	24.8069	1565.58
960	24.8389	1565.36
961	24.8711	1565.33
962	24.9034	1563.87
963	24.9369	1562.33
964	24.9692	1562.25
965	25.0034	1561.58
966	25.0394	1560.85
967	25.0726	1560.02
968	25.1054	1557.98
969	25.138	1557.72
970	25.1717	1557.57
971	25.2065	1557.46
972	25.2406	1556.94
973	25.2738	1556.79
974	25.3128	1553.35
975	25.3478	1553.2
976	25.3804	1552.91
977	25.4143	1552.15
978	25.4575	1551.41
979	25.4933	1546.69
980	25.528	1546.36
981	25.5615	1546.09
982	25.5942	1545.99
983	25.6283	1530.12
984	25.6622	1529.69
985	25.6951	1529.5
986	25.7276	1528.66
987	25.7611	1528.02
988	25.7945	1520.43
989	25.8272	1519.4
990	25.8608	1519.34
991	25.8934	1519.05
992	25.926	1519.05
993	25.959	1518.89
994	25.9915	1518.14
995	26.0241	1517.69
996	26.0577	1517.07
997	26.0903	1516.77
998	26.1239	1516.44
999	26.1569	1514.85
1000	26.1893	1514.21
1001	26.2218	1513.98
1003	26.289	1513.96
1004	26.3248	1513.79
1005	26.36	1487.14
1006	26.3946	1486.53
1007	26.4275	1486.19
1008	26.4601	1482.96
1009	26.4953	1481.84
1010	26.539	1481.2
1011	26.5895	1480.29
1012	26.6229	1479.2
1013	26.6565	1478.79
1014	26.6895	1478.36
1015	26.7232	1476.17
1016	26.757	1475.44
1017	26.7912	1474.83
1018	26.8248	1474.31
1019	26.8582	1474.31
1020	26.8916	1474.2
1021	26.9248	1474.18
1022	26.9593	1474.16
1023	26.9938	1470.34
1024	27.0268	1469.58
1025	27.0596	1469.56
1026	27.0925	1469.46
1027	27.1254	1468.96
1028	27.1587	1468.84
1029	27.1963	1468.73
1030	27.2322	1468.54
1031	27.2651	1468.53
1032	27.2982	1467.63
1033	27.3324	1467.12
1034	27.3671	1467.12
1035	27.4005	1467.11
1036	27.4339	1466.43
1037	27.4677	1458.02
1039	27.5336	1457.9
1040	27.5666	1457.34
1041	27.6015	1456.28
1042	27.6345	1454.44
1043	27.6676	1443.53
1044	27.7029	1443.35
1045	27.7368	1443.34
1046	27.7707	1443.19
1047	27.8043	1443.14
1048	27.8371	1442.56
1049	27.8701	1441.65
1050	27.9031	1441.62
1051	27.9363	1441.13
1052	27.9697	1440.91
1053	28.0027	1438.86
1054	28.0361	1438.67
1055	28.0689	1438.65
1056	28.1019	1438.64
1057	28.136	1436.71
1058	28.1691	1435.55
1059	28.2028	1435.32
1060	28.2355	1435.26
1061	28.2683	1435.23
1062	28.301	1434.98
1063	28.3338	1434.84
1064	28.3666	1434.42
1065	28.3995	1432
1066	28.4333	1431.97
1067	28.466	1430.07
1068	28.4989	1426.43
1069	28.5326	1425.71
1070	28.5658	1421.92
1071	28.5987	1417.84
1072	28.6317	1417.81
1073	28.6648	1417.76
1075	28.7309	1415.74
1076	28.7637	1415.55
1077	28.7964	1414.74
1078	28.8292	1413.74
1079	28.8628	1413.3
1080	28.896	1411.52
1081	28.9289	1410.49
1082	28.9618	1409.68
1083	28.9946	1409.6
1084	29.0278	1406.09
1085	29.0608	1405.72
1087	29.1284	1403.17
1088	29.1629	1402.95
1089	29.1974	1402.8
1090	29.231	1394.4
1091	29.2645	1394.23
1092	29.2984	1393.99
1093	29.3316	1393.92
1094	29.3655	1393.34
1095	29.3988	1392.95
1096	29.4318	1392.74
1097	29.4651	1392.18
1098	29.4981	1387.75
1099	29.5312	1387.14
1100	29.5645	1387.02
1101	29.5988	1386.41
1102	29.6402	1386.08
1103	29.6873	1385.78
1104	29.729	1384.96
1105	29.7649	1384.82
1106	29.8008	1379.31
1107	29.8368	1379.1
1108	29.876	1378.17
1109	29.9109	1378.07
1110	29.944	1377.23
1111	29.9768	1376.96
1112	30.0098	1376.69
1113	30.0423	1372.81
1115	30.1069	1372.53
1116	30.1395	1371.93
1117	30.1729	1371.35
1118	30.2055	1371.24
1119	30.2382	1364.33
1120	30.2712	1363.11
1121	30.3042	1363.05
1122	30.3367	1362.74
1123	30.3698	1360.16
1124	30.4027	1360.16
1125	30.4382	1359.93
1126	30.4752	1359.91
1127	30.5086	1358.53
1129	30.5751	1358.37
1131	30.6412	1357.69
1132	30.677	1357.55
1133	30.7107	1356.59
1134	30.7439	1356.1
1135	30.7768	1355.92
1137	30.8428	1355.87
1138	30.8754	1355.72
1139	30.9082	1348.63
1140	30.9422	1348.42
1141	30.9749	1345.44
1142	31.0084	1345.42
1143	31.0415	1345.17
1144	31.0744	1344.48
1145	31.1082	1342.18
1146	31.1414	1340.87
1147	31.1743	1340.75
1148	31.2081	1340.68
1149	31.2416	1340.29
1150	31.275	1340.25
1151	31.3087	1340.08
1152	31.3422	1339.99
1153	31.3756	1318.63
1154	31.4089	1318.47
1155	31.4424	1317.68
1156	31.4752	1316.54
1157	31.5079	1314.9
1158	31.5577	1314.84
1159	31.5918	1314
1160	31.6275	1306.69
1161	31.6893	1298.47
1163	31.7616	1298.38
1164	31.7973	1298
1165	31.8319	1295.68
1167	31.8977	1294.12
1168	31.9307	1281.93
1169	31.9637	1281.89
1170	31.9969	1280.78
1171	32.0314	1275.3
1172	32.0658	1275.12
1173	32.0997	1274.6
1174	32.1335	1274
1175	32.1675	1273.98
1176	32.202	1273.69
1177	32.235	1273.03
1178	32.2694	1272.99
1179	32.3031	1272.79
1180	32.3369	1271.83
1181	32.3707	1271.17
1182	32.404	1266.98
1183	32.4371	1263.31
1184	32.4705	1262.47
1185	32.5199	1261.12
1186	32.5659	1255.95
1187	32.6005	1249.48
1188	32.6358	1249.29
1190	32.7069	1249.18
1191	32.7439	1249.04
1192	32.7794	1240.16
1193	32.8163	1239.37
1194	32.851	1238.46
1195	32.8846	1238.11
1196	32.9181	1237.35
1197	32.9516	1236.84
1198	32.9865	1236.82
1199	33.0198	1223.88
1200	33.0534	1223.77
1201	33.0872	1223.75
1202	33.1206	1223.1
1203	33.1542	1222.94
1204	33.1883	1222.87
1205	33.2227	1222.76
1206	33.256	1222.75
1207	33.2896	1222.27
1208	33.3226	1221.92
1209	33.3556	1221.86
1210	33.3891	1221.72
1211	33.4232	1221.69
1212	33.4566	1221.22
1213	33.4899	1221.05
1214	33.5232	1220.6
1215	33.5565	1220.57
1216	33.5897	1220.44
1217	33.6231	1220.1
1218	33.6563	1219.58
1219	33.6908	1219.29
1220	33.7248	1219.09
1221	33.7585	1218.69
1222	33.7924	1218.62
1223	33.8261	1216.57
1224	33.8594	1216.43
1225	33.8929	1215.88
1226	33.9264	1215.8
1227	33.9596	1215.01
1228	33.9936	1210.31
1229	34.0275	1209.92
1230	34.0615	1209.91
1231	34.095	1209.84
1232	34.1283	1209.76
1233	34.1624	1209.72
1234	34.1971	1209.24
1235	34.2316	1209.1
1236	34.2652	1209.09
1237	34.2989	1208.91
1238	34.3329	1208.62
1239	34.3666	1207.59
1240	34.4006	1207.08
1244	34.5364	1206.28
1245	34.57	1203.68
1246	34.604	1203.21
1247	34.6389	1203.11
1248	34.6727	1202.29
1249	34.7066	1201.93
1250	34.7403	1201.6
1251	34.774	1200.68
1252	34.808	1200.04
1253	34.8414	1199.92
1254	34.8763	1199.88
1255	34.9101	1198.59
1256	34.9439	1197.2
1257	34.9776	1196.47
1258	35.0115	1196.19
1259	35.0453	1196.19
1260	35.079	1196.15
1261	35.1125	1196.15
1262	35.1463	1196.04
1263	35.18	1195.54
1264	35.2139	1194.84
1265	35.2475	1194.82
1266	35.2817	1194.71
1267	35.3154	1194.48
1269	35.3834	1193.92
1270	35.4172	1193.75
1271	35.4508	1193.74
1272	35.4846	1193.42
1273	35.5186	1193.33
1274	35.5524	1193.33
1275	35.5866	1193.32
1276	35.6205	1193.16
1277	35.6543	1186.25
1278	35.6881	1186.08
1280	35.7565	1185.49
1281	35.7904	1185.47
1282	35.825	1184.96
1283	35.8688	1181.31
1284	35.904	1181.05
1285	35.9387	1181.02
1286	35.973	1180.94
1287	36.0072	1180.92
1288	36.0411	1180.66
1289	36.075	1180.28
1290	36.109	1180.18
1291	36.1425	1179.66
1292	36.1761	1179.55
1293	36.21	1178.83
1294	36.244	1178.56
1296	36.3113	1178.55
1297	36.3477	1176.46
1298	36.3839	1175.33
1299	36.4177	1175.18
1300	36.4519	1175.05
1301	36.486	1175.05
1302	36.5202	1175.03
1303	36.5541	1175.01
1304	36.5881	1174.89
1305	36.623	1174.63
1306	36.6569	1174.61
1307	36.6911	1173.7
1308	36.7252	1170.78
1309	36.7597	1170.31
1310	36.7944	1166.45
1311	36.8287	1166.45
1312	36.863	1166.38
1314	36.9324	1166.29
1315	36.9665	1165.62
1316	37.0015	1165.6
1317	37.0362	1164.48
1318	37.0704	1164.37
1319	37.1048	1164.04
1320	37.1398	1163.89
1321	37.1745	1163.76
1322	37.2089	1163.57
1323	37.2431	1163.5
1324	37.2779	1163.48
1325	37.3126	1163.4
1326	37.3473	1163.35
1327	37.3814	1161.55
1328	37.4169	1161.53
1329	37.4516	1161.05
1330	37.4864	1152.69
1331	37.5213	1152.04
1332	37.5566	1151.85
1333	37.591	1151.53
1334	37.6261	1150.83
1335	37.6616	1150.61
1336	37.6962	1150.4
1337	37.7315	1149.94
1338	37.7661	1145.83
1339	37.8008	1145.31
1340	37.8352	1144.94
1341	37.8698	1142.67
1342	37.9043	1142.43
1343	37.9381	1142.35
1344	37.9726	1141.95
1345	38.007	1141.74
1346	38.0415	1141.27
1347	38.0757	1140.96
1348	38.1108	1140.52
1349	38.1456	1139.39
1350	38.1803	1138.86
1352	38.2492	1138.31
1353	38.2842	1137.33
1355	38.3535	1137.32
1356	38.3879	1136.89
1357	38.423	1136.64
1358	38.4579	1136.61
1359	38.4932	1132.64
1360	38.5293	1131.87
1361	38.5648	1131.77
1363	38.6339	1131.57
1364	38.6696	1131.57
1365	38.704	1131.4
1367	38.7735	1130.22
1368	38.8087	1130.07
1369	38.8439	1129.96
1370	38.8788	1129.94
1372	38.9481	1129.78
1373	38.9827	1129.62
1374	39.0177	1129.56
1375	39.0525	1129.37
1376	39.0871	1129.36
1377	39.1217	1129.22
1378	39.1566	1128.97
1379	39.1914	1126.22
1380	39.2262	1125.72
1381	39.2609	1125.56
1382	39.2955	1125.52
1383	39.33	1124.72
1384	39.3645	1124.54
1385	39.3991	1124.12
1386	39.4339	1121.33
1387	39.469	1121.28
1388	39.506	1121.12
1389	39.5413	1120.44
1390	39.5765	1120.4
1391	39.6121	1120.39
1392	39.6464	1120.07
1393	39.6812	1098.44
1394	39.7157	1098.39
1395	39.7505	1098.23
1396	39.785	1098.08
1397	39.8196	1096.82
1398	39.8545	1096.81
1399	39.8897	1095.62
1400	39.9243	1095.43
1401	39.9589	1087.07
1403	40.0393	1087.04
1404	40.078	1086.96
1405	40.1167	1085.15
1406	40.1531	1083.8
1407	40.1878	1083.56
1408	40.2225	1079.92
1409	40.2578	1079.9
1410	40.2927	1077.9
1411	40.3286	1077.21
1412	40.3791	1077.11
1413	40.4194	1076.82
1414	40.4555	1076.74
1416	40.5259	1076.29
1417	40.5616	1075.5
1418	40.5975	1075.29
1419	40.6324	1074.69
1420	40.6678	1073.67
1421	40.7043	1073.14
1422	40.7397	1068.76
1423	40.7752	1059.08
1424	40.8106	1058.35
1425	40.8464	1057.63
1426	40.8819	1054.38
1427	40.9186	1052.4
1428	40.9535	1052.17
1431	41.0596	1052.11
1432	41.0959	1049.41
1433	41.1314	1048.36
1434	41.1661	1048.13
1435	41.2011	1047.96
1436	41.2369	1047.04
1437	41.2719	1046.39
1438	41.3192	1046.37
1439	41.3581	1037.14
1440	41.3931	1037.02
1441	41.4288	1037.02
1442	41.4686	1036.95
1443	41.5035	1036.8
1444	41.5383	1036.62
1445	41.573	1036.43
1446	41.608	1036.41
1447	41.6426	1035.68
1448	41.6783	1035.61
1449	41.7133	1035.48
1450	41.7484	1035.14
1451	41.7832	1035.13
1452	41.8178	1034.8
1453	41.855	1034.78
1454	41.8903	1034.47
1455	41.9256	1034.39
1456	41.9603	1034.18
1457	41.9957	1034.16
1458	42.0307	1033.73
1459	42.0661	1029.58
1460	42.1017	1029.32
1461	42.1378	1029.18
1462	42.1724	1029.16
1463	42.207	1028.41
1464	42.242	1028.36
1465	42.2768	1028.08
1466	42.3118	1027.9
1467	42.3471	1026.65
1468	42.382	1017.09
1469	42.4173	1016.26
1470	42.4523	1016.12
1471	42.4873	1016.1
1472	42.5223	1016.07
1473	42.5574	1015.86
1474	42.5937	1015.73
1475	42.6286	1015.54
1476	42.6641	1015.27
1477	42.7001	1015.21
1478	42.7353	1015.14
1479	42.7704	1014.96
1480	42.8058	1014.89
1482	42.878	1014.87
1484	42.949	1014.65
1485	42.9841	1012.61
1486	43.0195	1012.42
1487	43.0549	1012.35
1488	43.09	1011.65
1489	43.1252	1011.37
1490	43.1611	1011.27
1491	43.1962	1011.07
1492	43.2313	1010.77
1493	43.2664	1010.62
1494	43.3014	1010.62
1495	43.3364	1008.91
1496	43.3716	1008.74
1497	43.4069	1008.04
1498	43.4419	1007.77
1499	43.4769	1007.77
1500	43.5115	1007.77
1501	43.5469	1007.76
1503	43.6172	1007.61
1504	43.6522	1006.98
1505	43.6872	1006.95
1506	43.7225	1006.88
1507	43.7574	1006.8
1508	43.7928	1006.77
1509	43.8279	1006.14
1510	43.8638	1005.74
1511	43.8989	1005.72
1512	43.9341	1005.1
1513	43.9691	1005.1
1514	44.0042	1005.1
1515	44.0396	1005.09
1516	44.0751	1004.67
1517	44.1103	1002.25
1518	44.1455	999.231
1519	44.1805	999.062
1520	44.2152	998.97
1521	44.2499	998.962
1522	44.2844	998.527
1523	44.319	997.313
1524	44.3537	997.172
1525	44.3884	997.16
1526	44.423	997.081
1527	44.4575	996.808
1528	44.4921	996.647
1530	44.562	996.514
1531	44.5973	996.095
1532	44.633	995.977
1533	44.669	995.463
1534	44.7042	995.411
1535	44.743	995.29
1536	44.7783	995.26
1537	44.8137	993.652
1538	44.8493	992.782
1539	44.8849	992.615
1540	44.9201	992.567
1541	44.9555	992.565
1543	45.0272	992.552
1544	45.0666	992.472
1545	45.1044	992.314
1546	45.1396	992.295
1547	45.1752	991.729
1548	45.2117	986.8
1549	45.2476	986.385
1550	45.2831	984.455
1551	45.3183	981.632
1552	45.3536	981.577
1553	45.3888	981.537
1554	45.4243	981.469
1555	45.4596	981.124
1556	45.4946	981.124
1557	45.5301	980.906
1558	45.5656	980.852
1559	45.6013	980.753
1560	45.6369	980.655
1561	45.6726	980.583
1562	45.7081	980.427
1563	45.7434	980.01
1564	45.7792	976.225
1565	45.8156	976.111
1566	45.8519	976.105
1567	45.8884	972.841
1568	45.9243	972.681
1569	45.9604	972.464
1570	45.9959	968.711
1571	46.0324	968.545
1572	46.068	968.185
1573	46.1035	968.016
1574	46.1393	967.419
1575	46.1751	966.734
1576	46.2107	966.587
1577	46.2468	966.259
1578	46.2823	963.462
1579	46.3178	963.011
1580	46.3527	962.949
1581	46.3881	962.778
1582	46.4234	962.603
1583	46.459	962.58
1584	46.4954	962.548
1585	46.531	962.429
1586	46.5669	962.164
1587	46.6034	961.967
1588	46.6393	961.776
1589	46.6748	960.556
1590	46.7108	960.287
1591	46.7462	959.552
1592	46.7817	959.299
1593	46.8173	958.243
1595	46.8897	957.946
1596	46.9256	957.64
1597	46.9613	957.526
1598	46.9973	957.314
1599	47.0329	954.819
1600	47.0687	954.144
1601	47.1043	952.624
1602	47.1415	952.623
1603	47.1779	952.609
1604	47.2146	952.573
1607	47.3244	952.115
1608	47.3607	951.784
1609	47.3969	951.338
1610	47.4352	951.26
1612	47.5089	951.126
1614	47.5811	951.029
1615	47.6171	950.924
1616	47.653	950.908
1617	47.6886	950.644
1618	47.7244	950.136
1619	47.7606	947.962
1620	47.8038	946.576
1621	47.8415	946.475
1622	47.8821	946.473
1623	47.9213	942.727
1624	47.9578	940.731
1625	47.9937	940.028
1626	48.0302	939.116
1629	48.1392	938.553
1630	48.1758	938.546
1631	48.2123	938.453
1632	48.2483	938.415
1633	48.2842	931.503
1634	48.3198	931.406
1635	48.3607	930.67
1637	48.4431	929.572
1638	48.4806	929.571
1639	48.5191	929.232
1640	48.5553	928.802
1641	48.5921	927.331
1642	48.6289	926.756
1643	48.6652	926.485
1644	48.7015	926.468
1645	48.7378	925.619
1646	48.7747	924.458
1647	48.8111	924.373
1648	48.8477	921.597
1649	48.8842	921.589
1650	48.92	921.142
1651	48.9566	920.357
1653	49.0309	919.99
1654	49.0683	919.956
1656	49.1408	919.635
1657	49.1768	919.382
1658	49.2128	919.348
1659	49.2489	919.228
1660	49.2849	919.1
1661	49.3212	918.541
1662	49.3573	915.874
1663	49.3933	910.745
1664	49.432	909.872
1665	49.4687	909.48
1666	49.5048	907.776
1667	49.5409	906.276
1668	49.5772	906.185
1669	49.6137	906.023
1671	49.686	905.948
1672	49.722	904.27
1673	49.7583	903.685
1674	49.7943	903.495
1675	49.8304	903.294
1676	49.8665	902.825
1677	49.9032	902.583
1678	49.9392	902.56
1679	49.9755	901.329
1680	50.0116	901.28
1681	50.0477	901.28
1682	50.0838	900.893
1683	50.12	900.872
1684	50.1561	900.84
1685	50.1922	900.692
1686	50.2289	900.387
1687	50.2651	900.239
1688	50.3012	900.184
1689	50.3375	899.807
1690	50.3738	899.746
1691	50.41	899.743
1692	50.4463	899.687
1693	50.4826	899.65
1694	50.5194	899.35
1695	50.5567	899.313
1696	50.5924	899.052
1697	50.6288	899.044
1698	50.6652	898.938
1699	50.7013	898.389
1700	50.7376	897.59
1701	50.7745	897.553
1702	50.8107	897.487
1703	50.8468	895.872
1704	50.8831	895.521
1705	50.9195	895.298
1706	50.9558	895.202
1707	50.9924	894.729
1708	51.0284	891.439
1709	51.065	891.105
1710	51.1013	890.904
1711	51.1378	890.808
1712	51.1744	890.799
1714	51.2471	890.725
1715	51.2836	890.631
1716	51.3201	890.485
1717	51.357	890.438
1718	51.3939	890.37
1719	51.4308	890.196
1720	51.4673	890.058
1722	51.5407	890.009
1724	51.6158	889.865
1725	51.6527	887.213
1726	51.6897	887.01
1727	51.7267	886.964
1728	51.7636	886.574
1729	51.8003	886.299
1730	51.837	886.208
1731	51.8743	883.295
1732	51.9113	882.981
1733	51.9478	882.737
1734	51.9846	882.733
1735	52.0214	878.486
1736	52.058	878.347
1737	52.0946	877.813
1738	52.1371	877.642
1739	52.1779	877.641
1740	52.2149	877.639
1741	52.2523	877.003
1743	52.3259	876.981
1744	52.3626	876.443
1745	52.3994	876.435
1746	52.4363	876.341
1747	52.4734	876.305
1748	52.5107	875.912
1749	52.5472	875.894
1750	52.5838	875.825
1751	52.6204	875.82
1752	52.6574	875.6
1753	52.6938	875.274
1754	52.7306	875.273
1755	52.7671	875.228
1756	52.8039	875.173
1757	52.8415	872.815
1758	52.8783	871.407
1760	52.9515	871.001
1761	52.9884	870.985
1762	53.0261	870.774
1763	53.0638	869.441
1765	53.1637	869.425
1766	53.2015	869.331
1767	53.2382	869.326
1768	53.2756	869.32
1769	53.3124	869.005
1770	53.3492	868.941
1771	53.386	868.689
1772	53.4228	868.638
1773	53.4594	868.397
1774	53.4963	868.383
1775	53.5329	868.28
1777	53.6052	866.883
1778	53.6414	865.877
1779	53.6801	865.786
1780	53.7241	865.772
1781	53.771	865.735
1782	53.8151	865.537
1783	53.8534	865.514
1784	53.8909	865.506
1785	53.9285	865.328
1786	53.9682	865.227
1787	54.0058	864.688
1788	54.0438	863.511
1789	54.0817	862.884
1790	54.119	860.796
1791	54.1564	860.555
1792	54.1938	860.224
1793	54.2317	859.815
1794	54.2688	859.042
1795	54.3061	858.961
1796	54.3443	858.951
1797	54.3876	858.68
1798	54.4402	858.61
1800	54.5174	858.531
1801	54.5549	858.469
1802	54.592	858.41
1803	54.6306	858.19
1804	54.6685	857.463
1806	54.7435	857.317
1807	54.7808	853.373
1808	54.8182	853.158
1809	54.8557	853.102
1810	54.8928	852.624
1811	54.9307	852.504
1812	54.9682	852.273
1813	55.0058	850.758
1814	55.0431	850.029
1815	55.0805	849.634
1816	55.1174	849.613
1817	55.1545	849.163
1818	55.1915	847.281
1819	55.2288	846.658
1821	55.3023	845.988
1822	55.3395	845.908
1823	55.3773	845.883
1824	55.4143	845.661
1825	55.4517	845.531
1826	55.4887	845.368
1827	55.5258	845.199
1828	55.5632	845.115
1829	55.6009	843.894
1830	55.6382	843.882
1831	55.6753	843.819
1832	55.713	843.511
1833	55.7517	841.911
1836	55.8653	841.773
1837	55.9027	841.736
1838	55.9402	841.464
1839	55.9786	840.322
1840	56.0171	840.051
1841	56.0546	839.982
1842	56.092	839.955
1843	56.1297	839.928
1844	56.1668	839.927
1845	56.2041	839.753
1847	56.2782	839.342
1849	56.3516	839.297
1850	56.3889	839.263
1851	56.4261	839.259
1852	56.4633	839.116
1853	56.5004	839.09
1855	56.5743	838.957
1856	56.6111	838.935
1857	56.6488	838.868
1858	56.6868	838.763
1859	56.7243	837.158
1860	56.7612	836.848
1861	56.7976	836.61
1863	56.8723	836.499
1864	56.9096	836.002
1865	56.9467	835.894
1866	56.984	835.528
1867	57.0211	835.457
1869	57.0961	835.29
1870	57.1338	835.28
1871	57.1718	835.078
1872	57.2089	834.979
1873	57.2462	827
1875	57.3221	824.986
1876	57.3595	824.961
1877	57.3962	824.206
1878	57.4329	824.165
1879	57.47	821.268
1880	57.5074	821.041
1881	57.5444	820.425
1882	57.5823	820.388
1883	57.6204	820.326
1884	57.6583	820.279
1885	57.6954	820.192
1886	57.7326	819.767
1887	57.7699	819.726
1888	57.8065	819.145
1889	57.8431	819.116
1890	57.8813	815.643
1891	57.9215	815.398
1892	57.9591	815.347
1893	57.9969	815.242
1894	58.0345	815.164
1896	58.1103	814.916
1897	58.1483	814.728
1898	58.1866	814.557
1899	58.225	814.444
1901	58.2995	814.077
1902	58.3369	813.225
1903	58.3742	811.129
1904	58.4116	810.472
1906	58.487	807.969
1907	58.5245	806.715
1908	58.5616	806.704
1909	58.5991	806.671
1911	58.6746	806.562
1912	58.712	803.203
1913	58.7494	802.839
1914	58.7868	802.779
1915	58.8245	802.727
1916	58.862	802.338
1917	58.8997	802.266
1918	58.9368	802.258
1919	58.9742	801.289
1920	59.0121	801.272
1921	59.0493	801.26
1922	59.0871	801.246
1924	59.163	801.182
1925	59.2008	801.136
1926	59.2403	801.033
1927	59.2785	800.914
1928	59.3162	800.383
1929	59.3718	800.239
1930	59.4314	800.186
1931	59.4769	800.181
1932	59.5149	800.078
1933	59.5529	800.034
1934	59.5912	799.474
1935	59.6293	799.329
1936	59.6677	799.225
1937	59.7057	799.217
1938	59.7438	799.064
1939	59.7816	799.007
1940	59.8193	798.327
1942	59.8945	798.312
1943	59.9319	797.817
1944	59.9695	797.638
1945	60.007	796.749
1946	60.049	796.744
1947	60.0941	796.471
1948	60.1625	791.029
1949	60.2029	790.951
1950	60.2408	790.663
1951	60.279	790.583
1952	60.3176	790.56
1953	60.3564	790.558
1955	60.4355	790.457
1956	60.4735	790.38
1957	60.5112	790.34
1958	60.5492	790.312
1959	60.5946	790.083
1960	60.6446	790.062
1962	60.7308	790.043
1963	60.7689	789.964
1964	60.8077	789.824
1965	60.847	788.205
1966	60.8856	788.125
1967	60.9232	788.107
1968	60.9612	787.691
1969	60.9992	787.689
1970	61.0369	787.638
1971	61.0748	786.308
1972	61.1136	786.195
1974	61.1892	786.19
1975	61.2282	786.04
1976	61.2668	785.693
1977	61.3061	785.357
1978	61.3499	785.325
1979	61.3874	785.323
1980	61.4253	785.321
1981	61.4627	785.318
1982	61.5004	785.216
1983	61.5378	785.098
1984	61.5757	784.673
1985	61.6131	784.665
1986	61.6512	784.598
1987	61.6888	784.555
1988	61.7262	784.313
1989	61.7647	784.086
1990	61.8026	783.979
1991	61.8404	783.973
1993	61.9158	783.7
1994	61.9533	783.699
1995	61.9903	783.685
1996	62.0267	783.671
1997	62.0641	778.615
1998	62.1005	776.626
2000	62.175	776.626
2002	62.2486	776.578
2003	62.2856	776.451
2004	62.323	776.327
2006	62.3962	776.302
2007	62.4328	776.287
2008	62.4696	776.222
2009	62.5065	776.16
2010	62.5436	776.159
2011	62.5818	775.188
2012	62.6184	775.112
2013	62.6561	774.957
2014	62.6931	774.955
2015	62.73	774.938
2017	62.803	773.596
2018	62.8396	772.839
2019	62.876	772.734
2021	62.9503	772.592
2022	62.9868	772.518
2023	63.0236	772.51
2024	63.0603	772.496
2025	63.0975	772.276
2026	63.1342	772.249
2027	63.1719	771.98
2028	63.2094	771.627
2029	63.2464	771.178
2030	63.2831	768.056
2031	63.3199	767.733
2032	63.3569	767.706
2033	63.3937	767.681
2037	63.5411	767.543
2038	63.5783	767.531
2039	63.6152	766.944
2040	63.652	766.914
2041	63.6887	766.905
2042	63.7255	766.805
2043	63.762	766.57
2044	63.7989	766.483
2045	63.8359	766.478
2046	63.8732	766.444
2047	63.9105	766.01
2048	63.9471	765.655
2049	63.9839	765.637
2050	64.0207	765.502
2051	64.0578	765.427
2052	64.0951	765.336
2053	64.1324	765.176
2054	64.1695	764.619
2055	64.2066	763.764
2056	64.2435	763.762
2057	64.2805	763.497
2058	64.322	761.654
2059	64.3626	761.019
2060	64.3996	761.009
2061	64.4366	760.663
2062	64.4739	760.599
2063	64.5112	760.539
2065	64.5852	760.535
2066	64.6222	760.373
2067	64.6593	759.908
2068	64.6971	759.891
2069	64.7354	759.224
2070	64.7731	759.068
2071	64.8106	759.066
2073	64.8854	757.822
2076	64.9969	757.653
2078	65.0712	757.407
2079	65.1082	757.122
2080	65.1463	757.012
2081	65.1837	756.873
2082	65.2206	756.795
2083	65.2577	756.764
2084	65.2951	756.761
2085	65.3327	756.721
2086	65.3698	756.21
2087	65.4196	756.191
2090	65.5436	756.19
2091	65.5837	756.096
2092	65.6211	755.97
2093	65.6595	755.953
2095	65.7339	755.888
2096	65.771	755.874
2097	65.8078	755.819
2098	65.8447	755.222
2099	65.8816	753.86
2100	65.9187	753.262
2101	65.955	752.998
2103	66.0291	752.899
2104	66.068	752.583
2105	66.1107	752.498
2107	66.1867	752.307
2108	66.2236	752.296
2109	66.2612	752.195
2110	66.2996	752.19
2111	66.3373	751.824
2112	66.3749	751.815
2113	66.4194	751.329
2114	66.4598	750.62
2115	66.4978	749.403
2116	66.5358	749.358
2117	66.574	748.76
2118	66.62	748.655
2119	66.664	748.136
2120	66.7035	748.107
2121	66.7433	747.759
2123	66.8183	747.682
2124	66.8565	747.591
2125	66.8963	747.228
2126	66.9351	747.185
2127	66.9722	747.169
2128	67.0107	745.961
2129	67.0488	745.899
2130	67.086	743.846
2132	67.1614	743.68
2133	67.1989	743.494
2134	67.2359	743.489
2136	67.3106	743.094
2137	67.3484	742.512
2138	67.3855	742.404
2139	67.4233	742.366
2140	67.4614	742.323
2141	67.499	742.069
2142	67.5362	741.774
2143	67.5736	735.479
2144	67.6109	734.9
2146	67.6857	733.503
2147	67.723	732.684
2149	67.7976	732.676
2151	67.8724	732.498
2152	67.9104	729.968
2153	67.9484	728.602
2155	68.0228	728.542
2157	68.0982	728.347
2159	68.1715	726.007
2160	68.2088	725.994
2161	68.2464	725.972
2162	68.2835	725.962
2164	68.3568	725.914
2165	68.3934	725.847
2166	68.4306	725.837
2167	68.4672	725.767
2168	68.504	725.667
2169	68.5411	725.523
2170	68.578	725.351
2171	68.6162	725.35
2172	68.6536	725.322
2173	68.691	725.316
2174	68.7287	725.077
2175	68.7666	725.025
2176	68.8045	725.02
2177	68.8419	725.01
2178	68.8797	724.752
2179	68.9167	724.6
2180	68.9541	724.505
2183	69.0729	724.053
2184	69.1106	723.995
2186	69.1868	723.97
2187	69.2247	723.823
2188	69.262	721.851
2189	69.2998	721.822
2190	69.3368	721.764
2191	69.3742	721.761
2192	69.4123	721.74
2195	69.5232	721.703
2196	69.5605	720.653
2197	69.5989	720.608
2198	69.6376	720.579
2199	69.676	719.651
2200	69.714	719.636
2201	69.7529	719.564
2202	69.7908	719.509
2204	69.8664	719.457
2205	69.9043	717.705
2206	69.9417	717.661
2207	69.9798	717.633
2208	70.0176	717.182
2209	70.0558	717.16
2210	70.0942	717.091
2211	70.1323	717.065
2212	70.17	717.057
2214	70.2457	717.053
2215	70.2837	717.052
2216	70.3214	716.433
2217	70.3596	716.23
2219	70.435	716.229
2220	70.4787	716.224
2221	70.5196	716.222
2222	70.561	716.206
2223	70.5993	716.052
2224	70.6371	715.73
2225	70.6757	715.716
2226	70.714	715.701
2227	70.7518	715.691
2228	70.7899	715.401
2229	70.8282	715.133
2230	70.8663	715.131
2231	70.9039	715.129
2232	70.9417	715.082
2234	71.018	715.082
2235	71.0559	715.051
2236	71.0936	715
2237	71.1312	713.725
2238	71.1708	713.112
2243	71.3611	713.023
2244	71.399	712.886
2245	71.4367	712.882
2246	71.4752	712.872
2247	71.5131	712.839
2248	71.5513	712.766
2249	71.5894	712.732
2250	71.6275	712.682
2251	71.6659	712.428
2253	71.7414	711.923
2254	71.7791	711.92
2255	71.8173	711.913
2257	71.8936	710.965
2258	71.9316	710.443
2259	71.9705	710.417
2261	72.047	710.328
2262	72.0858	710.317
2263	72.1239	710.313
2265	72.2	710.192
2266	72.2381	710.157
2267	72.2761	709.568
2268	72.315	709.387
2269	72.3527	709.242
2270	72.3903	708.321
2271	72.4281	708.302
2272	72.466	708.282
2273	72.5041	708.225
2274	72.5421	707.703
2275	72.5811	707.678
2280	72.7713	707.629
2281	72.8096	707.613
2282	72.8475	707.559
2283	72.8856	707.214
2284	72.9232	707.21
2286	73.0016	707.198
2287	73.0405	706.127
2288	73.079	706.009
2289	73.1171	706.001
2290	73.1551	705.95
2291	73.1936	705.882
2292	73.2321	705.802
2293	73.2702	705.676
2294	73.3085	705.234
2295	73.3471	705.053
2296	73.3868	705.027
2297	73.4249	704.698
2298	73.4637	703.001
2299	73.5018	702.616
2302	73.616	702.541
2303	73.654	702.513
2306	73.7667	702.319
2307	73.8053	702.193
2308	73.8458	702.086
2309	73.8854	701.308
2310	73.9236	700.404
2311	73.9621	700.375
2313	74.0385	699.73
2314	74.0765	699.654
2315	74.1147	699.629
2316	74.1531	699.607
2318	74.2301	699.507
2319	74.2687	698.616
2321	74.3454	698.587
2322	74.3838	698.329
2323	74.4222	698.196
2324	74.4608	698.195
2326	74.5384	698.053
2327	74.5768	698.05
2330	74.6918	698.046
2331	74.7303	698.004
2332	74.7691	697.914
2334	74.8457	697.913
2335	74.8856	697.85
2337	74.9664	697.833
2338	75.0056	697.579
2339	75.045	692.732
2340	75.0845	692.6
2341	75.1238	692.326
2343	75.2027	692.171
2344	75.2413	691.193
2345	75.2818	690.9
2346	75.3203	690.51
2347	75.3595	690.489
2349	75.4373	690.466
2350	75.4764	690.459
2352	75.5578	690.458
2353	75.5971	690.437
2354	75.6357	688.317
2355	75.6744	687.853
2356	75.7131	687.837
2357	75.7514	687.358
2358	75.7905	687.069
2359	75.8298	686.66
2361	75.9066	686.344
2363	75.9841	686.304
2364	76.0225	686.283
2365	76.0613	685.861
2366	76.1	684.789
2367	76.1391	684.692
2368	76.1784	684.347
2369	76.2172	684.299
2370	76.257	676.828
2373	76.3731	676.568
2376	76.4905	676.43
2377	76.5295	676.226
2378	76.5682	676.141
2379	76.6079	676.125
2380	76.648	675.986
2381	76.6864	675.799
2382	76.7247	675.647
2383	76.7711	672.78
2384	76.8144	672.366
2385	76.857	672.272
2386	76.896	671.326
2387	76.9395	670.887
2388	76.9795	670.869
2389	77.0213	670.74
2391	77.1021	670.683
2392	77.1417	669.42
2393	77.1813	667.265
2395	77.2597	667.118
2396	77.2987	666.858
2397	77.3376	666.735
2399	77.4159	664.551
2401	77.4939	664.549
2402	77.5325	664.405
2403	77.5714	664.337
2404	77.6109	664.326
2405	77.6502	664.322
2406	77.6887	664.315
2407	77.7295	664.249
2408	77.7689	664.093
2409	77.8071	663.792
2411	77.8836	663.791
2412	77.9223	663.678
2413	77.963	663.671
2414	78.0049	663.449
2415	78.0484	663.396
2417	78.1406	663.371
2418	78.179	663.183
2419	78.2262	663.096
2420	78.2771	662.764
2422	78.359	662.763
2423	78.4004	662.381
2425	78.4798	662.35
2426	78.5186	662.303
2427	78.5581	662.188
2428	78.597	660.879
2429	78.6362	660.857
2430	78.6748	660.829
2431	78.7132	660.826
2432	78.7514	660.81
2433	78.7904	660.804
2435	78.8674	660.162
2436	78.9061	659.501
2437	78.9447	659.475
2438	78.9833	659.305
2439	79.0217	658.995
2440	79.0605	658.929
2441	79.0992	658.551
2442	79.1378	658.516
2444	79.2145	658.455
2445	79.2532	657.172
2447	79.3306	657.162
2448	79.3692	656.838
2450	79.4463	656.808
2451	79.4849	656.804
2452	79.5234	656.288
2454	79.6017	656.268
2457	79.7183	656.069
2458	79.7581	656.048
2459	79.798	656.048
2460	79.8369	656.045
2461	79.8768	656.044
2463	79.9569	655.959
2464	79.9964	655.597
2465	80.0359	655.592
2466	80.0753	655.559
2468	80.1538	655.491
2470	80.2365	655.475
2471	80.2768	655.474
2474	80.3985	655.469
2475	80.4376	655.422
2476	80.4765	655.356
2477	80.516	654.306
2478	80.561	653.817
2480	80.6666	653.751
2481	80.7069	653.703
2483	80.7894	653.614
2484	80.8299	653.604
2485	80.8697	653.601
2486	80.9092	653.589
2487	80.9499	653.585
2488	80.9892	653.532
2489	81.0292	653.528
2490	81.0688	653.336
2491	81.1099	653.109
2493	81.1935	653.01
2494	81.2335	653
2495	81.2724	652.628
2497	81.3511	651.658
2498	81.3897	651.239
2500	81.4677	651.22
2501	81.5064	651.091
2503	81.5886	651.077
2504	81.6308	651.076
2505	81.6693	650.885
2506	81.7085	650.869
2507	81.7472	650.704
2508	81.7858	650.686
2509	81.8249	650.454
2510	81.8637	649.684
2511	81.9023	649.594
2512	81.9412	649.56
2513	81.9801	649.522
2514	82.0189	649.451
2515	82.0573	649.414
2516	82.0981	649.4
2518	82.1778	649.389
2519	82.2165	649.15
2520	82.2554	649.075
2521	82.2946	649.042
2522	82.3336	649.036
2523	82.3724	648.978
2526	82.4891	648.972
2527	82.528	647.178
2528	82.5669	646.841
2529	82.6057	646.824
2530	82.6447	646.773
2531	82.6849	646.714
2532	82.7238	646.674
2533	82.7626	646.552
2534	82.8019	646.106
2535	82.8404	645.715
2536	82.8795	645.685
2537	82.9184	645.532
2538	82.9573	644.035
2539	82.9962	643.696
2540	83.0357	643.69
2541	83.0745	643.323
2542	83.1149	643.314
2543	83.1548	643.299
2544	83.1938	643.286
2545	83.2331	643.284
2546	83.2729	643.226
2547	83.3127	643.181
2549	83.3912	642.595
2550	83.4311	642.392
2551	83.4714	642.348
2552	83.5125	642.255
2553	83.5517	641.867
2555	83.6315	641.863
2556	83.6716	641.675
2558	83.75	641.587
2559	83.79	641.39
2560	83.8301	641.35
2561	83.8707	641.303
2563	83.9498	640.944
2564	83.991	640.936
2567	84.1096	640.921
2571	84.2687	640.884
2572	84.31	640.789
2574	84.3977	640.781
2575	84.4507	640.739
2577	84.5351	640.686
2578	84.5752	640.531
2579	84.615	640.213
2580	84.6556	640.139
2581	84.6963	639.666
2583	84.7747	639.617
2584	84.8144	637.531
2585	84.854	637.193
2586	84.8927	636.922
2587	84.9318	636.885
2588	84.9704	636.625
2589	85.0095	636.615
2590	85.0486	636.608
2591	85.0883	636.599
2592	85.127	636.586
2593	85.1671	636.541
2594	85.2062	635.901
2595	85.2455	635.744
2597	85.324	635.229
2598	85.3628	634.99
2599	85.4027	634.886
2601	85.4807	634.441
2603	85.5586	634.4
2604	85.5977	634.385
2605	85.6382	634.195
2607	85.7164	634.175
2608	85.7556	633.972
2609	85.7942	633.971
2610	85.8343	633.515
2612	85.9145	633.271
2613	85.9537	633.192
2614	85.9928	633.155
2616	86.0719	633.081
2617	86.1112	632.983
2618	86.1508	632.911
2619	86.1902	632.853
2620	86.2307	632.843
2621	86.2705	632.81
2622	86.3106	632.648
2623	86.3509	630.067
2624	86.3911	629.716
2625	86.4332	629.68
2626	86.4755	629.078
2627	86.5448	628.565
2628	86.5971	628.553
2629	86.6384	628.426
2630	86.6785	628.367
2631	86.7185	628.355
2632	86.7588	625.178
2633	86.8019	624.532
2635	86.8876	624.368
2637	86.9677	624.334
2638	87.0084	624.329
2639	87.0515	624.13
2640	87.0919	624.109
2642	87.1719	624.078
2643	87.2121	624.014
2644	87.2519	624.012
2645	87.2922	623.888
2646	87.3351	623.881
2647	87.388	623.868
2648	87.496	623.712
2649	87.5553	623.402
2650	87.5985	623.374
2651	87.6389	623.373
2652	87.6789	623.333
2653	87.7182	623.24
2654	87.7575	623.013
2655	87.7975	622.992
2656	87.8378	622.979
2657	87.877	622.972
2658	87.9182	622.82
2659	87.9609	621.802
2660	88.0011	621.763
2661	88.0445	621.697
2662	88.0846	621.689
2663	88.1372	621.49
2665	88.2385	621.462
2666	88.2857	621.426
2667	88.3389	621.162
2668	88.3899	620.255
2669	88.4401	620.203
2670	88.4816	620.188
2671	88.5287	620.14
2672	88.5698	620.127
2673	88.6106	620.105
2675	88.6926	620.05
2676	88.7392	620.035
2677	88.7816	619.999
2678	88.8233	619.982
2679	88.8642	619.699
2680	88.9061	619.094
2681	88.9454	619.065
2682	88.9864	619.03
2684	89.0664	618.947
2685	89.1075	617.481
2686	89.1469	617.463
2687	89.1886	617.446
2688	89.228	617.072
2689	89.268	617.043
2690	89.3142	617.024
2691	89.355	614.765
2692	89.3956	614.369
2694	89.478	614.323
2695	89.5183	614.242
2697	89.6003	614.148
2698	89.6435	614.095
2699	89.6842	614.09
2700	89.7257	614.088
2701	89.7665	614.075
2702	89.8087	614.069
2703	89.8504	613.954
2704	89.8908	613.739
2705	89.9322	613.736
2706	89.9727	613.699
2708	90.0531	613.697
2709	90.094	613.465
2710	90.1334	613.456
2711	90.1728	613.449
2712	90.2127	613.422
2713	90.252	613.343
2714	90.2921	613.327
2715	90.3325	613.311
2716	90.3715	612.854
2717	90.4129	612.1
2718	90.4563	611.722
2722	90.6204	611.686
2723	90.6608	611.35
2725	90.7411	611.349
2726	90.7821	611.337
2727	90.821	611.275
2728	90.8628	611.239
2730	90.9433	611.175
2731	90.9876	611.007
2733	91.0676	610.942
2734	91.1084	610.94
2735	91.1628	610.866
2737	91.2456	609.956
2738	91.2864	609.479
2739	91.327	609.466
2740	91.367	609.463
2741	91.4068	609.436
2742	91.4489	609.056
2743	91.4911	609.055
2744	91.5315	609.051
2745	91.5712	608.967
2746	91.6117	608.942
2747	91.6524	608.324
2748	91.6919	608.28
2749	91.7324	607.964
2750	91.7718	607.557
2751	91.8115	607.504
2752	91.8519	607.488
2753	91.8914	607.456
2754	91.9311	607.392
2755	91.9716	607.362
2756	92.0111	607.36
2757	92.0511	607.271
2758	92.091	607.267
2761	92.215	607.206
2762	92.2563	607.205
2763	92.2967	606.868
2764	92.3375	606.84
2766	92.4234	606.81
2768	92.5046	606.586
2769	92.5442	606.551
2770	92.584	606.526
2771	92.6233	606.499
2774	92.7428	606.13
2775	92.7831	606.01
2777	92.8618	605.857
2778	92.9008	604.997
2779	92.9413	604.669
2780	92.9865	604.667
2781	93.0297	604.654
2782	93.0703	604.653
2783	93.1141	604.606
2784	93.1579	604.569
2786	93.2618	604.53
2787	93.3537	604.083
2789	93.4406	603.553
2790	93.4827	603.541
2791	93.5227	603.434
2793	93.6025	603.234
2795	93.6821	603.17
2796	93.7231	603.022
2797	93.7639	603.011
2798	93.8048	602.936
2799	93.8447	599.948
2800	93.8842	599.916
2803	94.0017	599.88
2804	94.0406	599.861
2810	94.2712	599.859
2811	94.3097	599.52
2812	94.3484	599.417
2814	94.4254	599.383
2815	94.4647	599.371
2816	94.5034	599.36
2818	94.5811	599.313
2819	94.6195	597.799
2820	94.6585	597.653
2821	94.6964	597.584
2822	94.735	597.571
2824	94.8122	596.976
2825	94.8503	596.922
2826	94.8888	596.909
2827	94.9271	596.903
2830	95.0416	596.896
2832	95.1182	596.888
2833	95.1569	596.855
2834	95.2071	596.56
2835	95.2591	596.555
2836	95.2975	596.488
2837	95.3373	596.118
2838	95.3771	596.032
2840	95.4633	595.985
2841	95.5026	595.841
2843	95.5793	595.834
2844	95.6178	594.987
2845	95.6562	594.841
2846	95.6942	594.52
2851	95.8867	594.082
2853	95.9645	593.788
2855	96.0415	593.29
2856	96.0797	592.278
2857	96.1181	592.217
2858	96.1566	592.168
2859	96.1956	592.027
2861	96.273	591.843
2863	96.3527	588.342
2864	96.3917	588.043
2865	96.4312	588.039
2866	96.4696	587.85
2867	96.5084	587.594
2869	96.5881	587.166
2870	96.6272	586.991
2871	96.6659	586.985
2872	96.7044	586.146
2873	96.7427	585.778
2874	96.7814	585.738
2875	96.8206	585.609
2878	96.9362	585.608
2879	96.9745	585.419
2880	97.0132	585.361
2881	97.0521	585.36
2882	97.0907	585.356
2883	97.1303	585.338
2884	97.1694	585.302
2885	97.2087	585.253
2886	97.2479	585.253
2887	97.2868	585.188
2888	97.326	584.949
2889	97.3662	584.745
2890	97.4052	584.516
2891	97.4444	584.513
2892	97.4837	584.459
2893	97.5245	584.451
2894	97.5647	584.277
2895	97.6035	584.251
2897	97.6964	584.234
2898	97.7369	584.053
2899	97.7774	584.038
2900	97.8168	583.908
2901	97.8557	583.852
2902	97.8948	583.849
2903	97.9348	583.635
2904	97.9734	583.586
2906	98.0528	583.57
2907	98.0921	582.946
2908	98.1309	582.321
2909	98.1706	582.073
2910	98.2098	582.053
2911	98.2489	582.046
2912	98.2883	582.038
2913	98.3291	582.03
2915	98.4081	581.994
2916	98.4468	581.979
2917	98.4858	581.935
2918	98.5246	581.911
2919	98.5634	581.72
2920	98.6038	581.682
2921	98.6437	581.438
2923	98.7213	581.436
2924	98.7609	581.383
2925	98.8001	580.4
2926	98.8389	580.391
2927	98.878	580.244
2928	98.9165	580.072
2929	98.9554	580.052
2930	98.9954	579.934
2931	99.0342	579.303
2932	99.0733	579.19
2933	99.1125	579.178
2934	99.1529	579.17
2935	99.1923	577.712
2936	99.2321	577.711
2937	99.276	577.637
2939	99.3714	577.631
2940	99.4305	577.629
2942	99.5116	577.613
2943	99.5511	577.588
2944	99.5912	577.077
2945	99.631	577.077
2946	99.6727	577.027
2949	99.7937	576.946
2950	99.8338	576.937
2951	99.8741	576.933
2953	99.9531	576.83
2954	99.9936	576.826
2955	100.036	576.823
2956	100.075	576.562
2957	100.115	575.841
2958	100.155	575.435
2960	100.233	575.421
2962	100.312	575.347
2963	100.352	575.314
2965	100.43	575.313
2966	100.47	575.185
2967	100.509	575.18
2968	100.548	575.16
2970	100.626	575.105
2971	100.667	575.056
2972	100.707	575.001
2973	100.749	574.751
2974	100.789	574.748
2975	100.828	574.702
2977	100.907	574.188
2978	100.946	573.665
2979	100.985	573.646
2980	101.027	573.642
2981	101.066	573.149
2982	101.106	573.126
2983	101.145	573.125
2984	101.185	573.108
2985	101.225	573.086
2986	101.265	573.076
2987	101.308	572.803
2988	101.349	572.4
2989	101.39	572.207
2990	101.484	572.086
2991	101.529	572.072
2992	101.568	572.055
2993	101.608	572.034
2994	101.647	571.906
2995	101.687	571.894
2998	101.805	571.877
3000	101.888	571.877
3001	101.928	571.877
3003	102.009	571.877
3004	102.048	571.872
3006	102.133	571.676
3008	102.276	571.402
3009	102.316	571.388
3010	102.356	571.367
3011	102.397	571.363
3013	102.477	571.312
3014	102.516	570.964
3015	102.564	570.803
3016	102.634	570.761
3017	102.677	570.652
3018	102.719	569.969
3019	102.761	569.757
3021	102.84	569.722
3022	102.879	569.703
3023	102.919	569.699
3024	102.958	569.697
3028	103.117	569.684
3029	103.157	569.423
3031	103.244	569.416
3033	103.327	569.331
3035	103.408	568.9
3036	103.45	568.881
3038	103.532	568.846
3039	103.572	568.567
3040	103.613	568.526
3043	103.74	568.45
3044	103.78	568.445
3046	103.861	568.44
3048	103.943	568.423
3050	104.035	568.42
3051	104.081	568.267
3052	104.122	568.194
3054	104.202	567.715
3055	104.243	567.706
3056	104.282	567.683
3057	104.323	567.619
3059	104.404	566.961
3060	104.444	566.856
3062	104.53	566.824
3063	104.574	566.758
3064	104.615	566.379
3066	104.695	566.257
3073	104.972	566.256
3074	105.012	565.724
3075	105.051	565.582
3076	105.091	565.575
3077	105.13	565.347
3078	105.17	565.292
3080	105.249	565.274
3081	105.288	565.034
3085	105.448	564.924
3093	105.765	564.883
3095	105.845	564.502
3096	105.884	564.405
3097	105.924	564.346
3098	105.963	564.303
3099	106.002	564.275
3101	106.083	563.779
3103	106.165	560.062
3104	106.207	559.532
3107	106.327	559.246
3108	106.367	559.237
3110	106.446	558.814
3111	106.486	558.81
3112	106.526	553.182
3113	106.565	552.886
3114	106.605	552.741
3119	106.801	552.613
3121	106.88	552.602
3122	106.92	552.6
3124	107.001	552.581
3125	107.041	552.464
3126	107.08	552.458
3127	107.12	552.432
3128	107.16	552.204
3129	107.2	551.988
3130	107.24	551.943
3131	107.279	551.94
3132	107.319	551.889
3133	107.359	551.88
3134	107.4	551.784
3135	107.44	551.573
3137	107.518	551.567
3138	107.558	551.441
3140	107.639	551.32
3141	107.679	551.306
3143	107.759	551.065
3144	107.798	551.055
3146	107.922	551.037
3147	107.972	550.614
3148	108.012	549.926
3149	108.051	549.718
3150	108.091	549.708
3151	108.131	549.704
3152	108.171	549.693
3153	108.211	549.667
3155	108.29	549.638
3156	108.33	549.629
3157	108.371	549.623
3158	108.414	549.594
3159	108.454	549.337
3160	108.494	548.923
3161	108.533	546.967
3162	108.574	546.943
3163	108.614	546.93
3164	108.654	546.896
3165	108.694	546.179
3166	108.734	546.118
3167	108.774	545.996
3168	108.814	545.873
3169	108.856	545.863
3170	108.896	545.829
3171	108.937	545.664
3172	108.981	545.607
3174	109.065	545.567
3175	109.107	544.562
3176	109.147	544.519
3177	109.187	544.478
3179	109.266	544.473
3180	109.306	544.472
3183	109.427	544.461
3184	109.468	544.264
3185	109.508	544.26
3186	109.549	544.253
3187	109.589	544.25
3188	109.63	544.212
3189	109.669	544.043
3190	109.709	544.025
3193	109.829	544.005
3194	109.869	544.005
3196	109.951	543.999
3197	109.992	543.371
3198	110.032	542.964
3203	110.233	542.941
3204	110.273	542.932
3205	110.314	542.931
3206	110.354	542.914
3207	110.397	542.911
3208	110.473	542.911
3210	110.555	542.739
3211	110.598	542.379
3212	110.638	542.342
3213	110.684	542.328
3214	110.724	542.318
3217	110.851	541.788
3218	110.892	541.431
3219	110.933	541.381
3220	110.974	541.379
3223	111.095	541.379
3224	111.135	541.375
3225	111.176	541.283
3226	111.216	541.281
3227	111.256	541.189
3229	111.336	541.059
3230	111.377	540.791
3231	111.419	540.665
3232	111.459	540.643
3233	111.505	540.629
3234	111.563	540.628
3235	111.63	540.623
3237	111.712	540.414
3238	111.753	540.412
3241	111.877	540.402
3242	111.918	540.396
3243	111.958	539.312
3246	112.08	539.293
3248	112.161	539.199
3250	112.244	539.178
3251	112.286	539.148
3252	112.332	539.144
3253	112.376	539.127
3254	112.423	538.752
3255	112.463	538.675
3257	112.545	538.644
3258	112.586	538.111
3259	112.626	537.921
3261	112.714	537.919
3263	112.808	537.912
3264	112.849	537.851
3265	112.889	537.848
3268	113.009	537.829
3269	113.05	537.424
3270	113.09	537.406
3271	113.13	537.378
3273	113.211	537.237
3274	113.251	537.192
3278	113.411	537.157
3279	113.451	537.12
3280	113.493	537.013
3283	113.613	537.005
3284	113.653	537.005
3290	113.893	536.978
3291	113.933	536.972
3292	113.973	536.9
3294	114.054	536.633
3295	114.093	536.607
3296	114.133	536.599
3299	114.255	536.477
3300	114.295	536.459
3301	114.336	536.44
3303	114.416	535.049
3304	114.456	534.692
3305	114.497	534.658
3306	114.537	534.545
3310	114.697	534.545
3312	114.777	534.544
3313	114.817	534.533
3314	114.858	533.673
3315	114.9	533.097
3316	114.941	533.084
3317	114.983	532.884
3318	115.023	532.844
3320	115.104	532.797
3321	115.144	532.551
3324	115.271	532.527
3325	115.311	532.479
3331	115.555	532.372
3332	115.598	531.86
3333	115.64	531.792
3334	115.684	531.777
3335	115.729	531.748
3337	115.811	531.673
3339	115.901	531.662
3341	115.982	531.375
3343	116.063	530.532
3344	116.103	530.337
3346	116.183	530.061
3347	116.223	529.505
3348	116.263	529.504
3350	116.342	529.282
3351	116.383	529.011
3352	116.423	528.364
3353	116.462	528.047
3354	116.503	527.998
3359	116.702	527.904
3361	116.782	527.902
3364	116.902	527.89
3365	116.942	527.841
3366	116.982	527.836
3367	117.022	527.834
3369	117.104	527.59
3370	117.146	527.551
3371	117.186	527.549
3372	117.226	527.478
3373	117.267	527.473
3374	117.307	527.402
3375	117.347	527.373
3376	117.387	527.373
3377	117.427	527.37
3378	117.468	527.301
3380	117.548	527.248
3381	117.588	527.043
3383	117.669	526.843
3384	117.71	526.732
3385	117.75	526.696
3386	117.79	526.658
3387	117.832	526.585
3388	117.872	526.041
3389	117.912	525.655
3391	117.992	525.644
3392	118.033	525.634
3393	118.073	525.619
3395	118.153	525.487
3396	118.193	525.483
3397	118.234	525.461
3398	118.275	525.446
3399	118.315	525.342
3400	118.356	525.1
3402	118.436	525.078
3404	118.516	525.046
3405	118.557	524.447
3406	118.597	524.363
3407	118.638	524.291
3408	118.679	524.254
3410	118.76	524.235
3411	118.801	524.099
3412	118.842	524.079
3413	118.883	524.011
3414	118.923	524
3415	118.963	523.729
3416	119.004	523.693
3417	119.044	523.647
3418	119.085	523.622
3419	119.124	523.618
3420	119.165	523.617
3421	119.205	523.613
3423	119.287	523.609
3424	119.329	523.572
3425	119.369	523.566
3426	119.409	523.537
3427	119.451	523.53
3429	119.533	523.51
3430	119.574	523.415
3431	119.614	523.412
3433	119.698	523.396
3434	119.74	523.396
3435	119.781	523.394
3436	119.821	523.389
3437	119.862	522.819
3438	119.902	522.41
3443	120.105	522.403
3445	120.187	522.402
3446	120.228	522.39
3447	120.268	522.386
3448	120.308	522.376
3450	120.399	522.362
3451	120.449	522.327
3453	120.533	522.316
3454	120.574	522.315
3455	120.616	522.309
3457	120.698	521.814
3458	120.739	521.496
3460	120.822	521.494
3461	120.863	521.441
3462	120.904	521.44
3463	120.944	521.439
3464	120.985	521.436
3465	121.027	521.382
3466	121.068	521.367
3467	121.109	521.307
3468	121.151	521.297
3469	121.191	521.117
3470	121.234	520.961
3473	121.366	520.954
3474	121.423	520.938
3475	121.465	520.932
3477	121.548	520.885
3478	121.589	520.874
3479	121.633	520.867
3480	121.675	520.866
3481	121.716	520.86
3483	121.797	520.789
3484	121.838	520.771
3486	121.918	520.763
3489	122.051	520.74
3490	122.091	520.734
3491	122.132	520.714
3492	122.172	520.692
3494	122.252	518.215
3496	122.333	518.195
3498	122.415	517.872
3499	122.457	517.722
3500	122.497	517.722
3501	122.538	517.716
3503	122.62	517.698
3504	122.664	517.655
3506	122.748	517.633
3508	122.831	517.611
3509	122.872	517.214
3511	122.954	517.211
3512	123	517.167
3513	123.049	517.014
3515	123.137	517.009
3518	123.261	516.976
3521	123.387	516.954
3523	123.469	516.951
3524	123.51	516.949
3527	123.631	516.937
3530	123.755	516.913
3531	123.795	516.245
3532	123.835	516.188
3534	123.916	516.12
3536	124	516.071
3538	124.08	516.031
3539	124.12	515.678
3540	124.16	515.586
3543	124.282	515.448
3544	124.323	515.238
3545	124.363	515.218
3550	124.565	515.216
3551	124.606	515.211
3552	124.647	515.191
3554	124.732	514.824
3555	124.773	514.362
3556	124.813	514.34
3557	124.854	514.201
3558	124.894	514.146
3560	124.976	514.139
3564	125.138	514.136
3565	125.179	514.122
3573	125.503	514.093
3574	125.543	514.065
3575	125.586	512.855
3577	125.753	512.841
3579	125.835	512.826
3581	125.918	512.698
3582	125.959	512.66
3583	125.998	512.014
3584	126.038	511.785
3586	126.118	511.747
3587	126.159	511.462
3588	126.199	511.459
3590	126.283	511.329
3591	126.322	511.306
3592	126.363	510.253
3593	126.404	510.035
3599	126.647	509.959
3601	126.726	509.958
3602	126.766	509.956
3603	126.806	509.953
3604	126.845	509.948
3605	126.885	509.919
3606	126.925	509.913
3607	126.964	509.908
3608	127.004	509.895
3609	127.044	509.753
3611	127.123	509.751
3612	127.162	509.738
3613	127.201	509.731
3614	127.241	509.679
3615	127.281	509.67
3617	127.361	509.669
3618	127.402	509.535
3619	127.442	509.526
3620	127.481	509.526
3621	127.521	509.512
3623	127.603	509.37
3624	127.643	509.36
3625	127.684	509.353
3626	127.724	509.331
3627	127.765	509.25
3628	127.805	508.929
3629	127.846	508.794
3631	127.926	508.793
3632	127.966	508.785
3633	128.006	508.764
3635	128.089	508.741
3636	128.129	508.722
3637	128.168	508.72
3638	128.208	508.708
3639	128.248	508.662
3640	128.289	508.659
3643	128.408	508.655
3644	128.448	508.603
3645	128.488	508.11
3646	128.527	508.076
3647	128.567	508.039
3648	128.607	507.994
3649	128.648	507.992
3650	128.688	507.99
3651	128.73	505.506
3652	128.77	505.46
3653	128.811	505.229
3654	128.851	505.221
3657	128.971	505.19
3658	129.012	505.188
3659	129.052	505.184
3660	129.093	505.172
3661	129.134	505.169
3662	129.174	505.168
3663	129.215	505.151
3664	129.257	505.076
3665	129.297	505.073
3666	129.338	505.061
3667	129.378	505.054
3669	129.458	504.768
3670	129.497	504.724
3671	129.538	504.72
3672	129.578	504.709
3676	129.74	504.691
3677	129.78	504.282
3678	129.82	503.828
3684	130.076	503.816
3685	130.134	503.815
3686	130.179	503.76
3687	130.22	503.753
3690	130.343	503.747
3693	130.468	503.688
3694	130.513	503.688
3695	130.558	503.678
3697	130.64	503.372
3698	130.684	503.201
3700	130.766	503.196
3701	130.807	503.104
3703	130.888	503.101
3705	130.968	502.721
3706	131.008	502.707
3707	131.049	502.677
3709	131.134	502.608
3710	131.178	502.462
3711	131.221	502.448
3713	131.301	502.442
3715	131.382	502.433
3717	131.463	502.368
3718	131.504	502.363
3724	131.758	502.36
3726	131.842	502.35
3729	131.963	502.35
3730	132.004	502.346
3731	132.044	502.332
3732	132.085	502.331
3733	132.125	502.329
3734	132.166	502.157
3737	132.287	502.148
3738	132.329	501.871
3739	132.371	501.729
3741	132.453	501.707
3743	132.533	501.7
3746	132.653	501.655
3749	132.774	501.286
3751	132.855	501.285
3752	132.895	501.124
3753	132.935	501.046
3758	133.135	500.892
3763	133.34	500.888
3764	133.38	500.888
3767	133.501	500.881
3770	133.622	500.87
3771	133.663	500.345
3772	133.703	500.295
3774	133.784	499.869
3775	133.826	499.861
3776	133.866	499.516
3779	133.989	499.222
3780	134.03	499.188
3781	134.07	499.183
3783	134.157	499.111
3784	134.199	497.878
3786	134.293	497.858
3787	134.334	497.855
3788	134.375	497.814
3789	134.416	497.804
3792	134.54	497.794
3794	134.622	497.535
3795	134.662	497.363
3797	134.744	497.189
3798	134.784	497.157
3800	134.867	497.119
3805	135.068	497.101
3807	135.149	496.98
3809	135.231	496.98
3811	135.312	496.958
3813	135.395	496.94
3815	135.477	496.681
3817	135.559	496.674
3818	135.602	496.667
3819	135.642	496.661
3821	135.725	496.526
3822	135.766	496.46
3823	135.807	495.853
3824	135.847	495.708
3827	135.97	495.541
3830	136.094	495.346
3832	136.177	494.973
3833	136.218	494.876
3835	136.3	494.876
3838	136.422	494.876
3839	136.463	494.828
3841	136.544	494.823
3842	136.586	494.822
3844	136.668	494.742
3845	136.712	494.703
3846	136.753	494.695
3847	136.795	494.687
3848	136.836	494.686
3849	136.876	494.521
3850	136.917	494.494
3851	136.958	494.493
3853	137.039	494.433
3854	137.08	494.396
3855	137.121	494.385
3856	137.172	494.375
3857	137.213	494.373
3858	137.254	494.239
3860	137.334	494.165
3861	137.376	494.16
3863	137.456	494.036
3864	137.497	493.899
3865	137.538	493.879
3866	137.579	493.863
3868	137.659	493.815
3869	137.7	493.734
3871	137.781	493.732
3873	137.861	493.727
3875	137.943	493.704
3876	137.983	493.607
3877	138.023	493.605
3879	138.106	493.587
3880	138.146	493.554
3881	138.186	493.438
3883	138.27	493.431
3884	138.311	493.399
3885	138.352	492.969
3886	138.394	492.908
3887	138.457	492.892
3888	138.497	492.865
3890	138.579	492.847
3891	138.619	492.828
3892	138.66	492.744
3893	138.705	492.636
3894	138.749	492.626
3897	138.88	492.523
3898	138.922	492.509
3899	138.963	492.504
3900	139.004	492.491
3903	139.127	492.483
3904	139.167	492.433
3905	139.208	492.425
3906	139.249	492.403
3907	139.291	492.402
3910	139.414	492.363
3911	139.455	492.361
3912	139.496	492.328
3914	139.578	492.328
3916	139.663	492.324
3917	139.705	491.994
3918	139.754	491.543
3922	139.919	491.539
3923	139.96	491.536
3925	140.042	491.536
3927	140.125	491.529
3928	140.166	491.514
3930	140.247	491.513
3931	140.287	491.483
3933	140.368	491.453
3934	140.409	491.451
3935	140.45	491.451
3937	140.533	491.208
3938	140.576	490.971
3940	140.658	490.962
3942	140.74	490.724
3946	140.905	490.717
3947	140.947	490.568
3948	140.987	490.542
3949	141.029	490.523
3950	141.072	490.361
3951	141.117	490.357
3952	141.163	490.354
3953	141.208	490.349
3954	141.251	490.333
3955	141.292	490.328
3957	141.375	490.317
3958	141.415	490.309
3966	141.753	490.284
3967	141.8	490.232
3970	141.951	490.231
3971	141.991	490.217
3974	142.116	490.039
3975	142.157	489.985
3976	142.203	489.923
3978	142.289	489.769
3979	142.333	489.672
3981	142.416	489.666
3982	142.456	489.656
3983	142.497	489.651
3989	142.746	489.323
3991	142.833	489.317
3992	142.874	489.283
3996	143.041	489.278
3998	143.126	489.234
3999	143.17	488.475
4000	143.218	488.467
4003	143.346	488.464
4004	143.387	488.463
4007	143.508	488.456
4008	143.548	488.444
4010	143.632	488.426
4011	143.672	488.246
4012	143.713	488.201
4014	143.795	488.17
4015	143.835	488.15
4019	143.998	488.047
4020	144.039	488.038
4021	144.08	488.026
4022	144.12	488.023
4023	144.161	487.95
4024	144.203	487.381
4025	144.245	487.367
4028	144.378	487.332
4029	144.419	487.324
4031	144.502	487.323
4032	144.544	487.323
4034	144.626	487.168
4035	144.666	487.123
4036	144.707	486.966
4037	144.749	486.784
4038	144.791	486.756
4039	144.832	486.741
4041	144.913	486.535
4047	145.173	486.499
4049	145.255	486.498
4051	145.337	486.294
4052	145.398	486.276
4053	145.456	486.274
4054	145.498	486.253
4055	145.539	486.166
4056	145.58	486.156
4058	145.662	486.125
4061	145.879	486.026
4062	145.923	485.938
4063	145.969	485.576
4064	146.016	485.473
4067	146.149	485.338
4070	146.287	485.242
4072	146.371	484.294
4073	146.414	484.189
4075	146.499	484.154
4076	146.54	484.111
4078	146.625	484.11
4079	146.665	484.073
4081	146.747	484.066
4082	146.787	484.062
4083	146.828	484.033
4084	146.869	483.983
4085	146.912	483.971
4086	146.954	483.966
4089	147.098	483.822
4091	147.18	483.819
4092	147.221	483.812
4093	147.261	483.803
4094	147.302	483.758
4095	147.342	483.744
4097	147.424	483.743
4098	147.465	483.616
4099	147.505	483.52
4100	147.546	483.487
4103	147.671	483.399
4104	147.712	483.384
4105	147.755	483.377
4106	147.798	483.375
4108	147.884	483.215
4109	147.926	483.175
4111	148.009	483.172
4112	148.049	483.164
4113	148.091	483.139
4115	148.173	483.121
4116	148.214	483.118
4117	148.255	483.117
4118	148.297	483.112
4119	148.341	483.1
4120	148.381	483.078
4121	148.422	482.917
4122	148.462	482.914
4123	148.503	482.913
4124	148.544	482.871
4125	148.585	482.495
4126	148.626	482.479
4127	148.666	482.474
4128	148.707	482.441
4129	148.747	482.435
4130	148.789	482.434
4131	148.83	482.404
4132	148.871	482.341
4133	148.912	482.271
4134	148.953	482.263
4137	149.076	482.208
4139	149.157	482.206
4140	149.199	482.203
4143	149.321	482.189
4144	149.361	482.139
4149	149.563	482.109
4150	149.604	482.076
4151	149.646	482.067
4154	149.767	482.067
4156	149.849	482.027
4157	149.891	481.723
4158	149.932	481.336
4160	150.012	481.297
4163	150.135	481.187
4166	150.256	481.179
4167	150.297	480.988
4168	150.338	480.981
4172	150.502	480.923
4173	150.543	480.887
4174	150.583	480.886
4175	150.624	480.881
4177	150.705	480.735
4178	150.746	479.48
4179	150.787	479.447
4180	150.828	479.441
4181	150.868	479.413
4183	150.95	479.412
4186	151.071	479.41
4188	151.153	479.401
4190	151.234	479.307
4192	151.315	479.297
4193	151.356	479.294
4194	151.397	479.286
4195	151.438	479.278
4196	151.479	479.277
4197	151.52	478.263
4202	151.723	478.251
4204	151.804	478.139
4206	151.887	478.132
4207	151.927	477.382
4209	152.01	477.378
4210	152.053	477.333
4211	152.095	477.33
4214	152.217	477.156
4215	152.257	477.119
4218	152.38	477.095
4219	152.42	477.054
4223	152.584	477.053
4224	152.625	477.038
4228	152.792	477.017
4229	152.833	476.908
4230	152.874	476.892
4232	152.956	476.846
4234	153.037	476.845
4235	153.077	476.826
4237	153.158	476.825
4238	153.199	476.439
4239	153.239	476.378
4243	153.402	476.372
4246	153.526	476.368
4247	153.566	476.349
4248	153.607	476.334
4249	153.649	476.333
4250	153.69	476.331
4251	153.732	476.309
4252	153.772	476.276
4256	153.957	476.273
4257	154.008	476.224
4258	154.06	476.196
4259	154.105	476.125
4261	154.204	476.125
4262	154.26	476.116
4263	154.302	476.065
4264	154.348	475.676
4265	154.392	475.675
4267	154.489	475.639
4268	154.53	475.617
4269	154.571	475.615
4271	154.655	475.608
4272	154.696	475.605
4273	154.737	475.596
4274	154.778	475.376
4275	154.819	475.304
4276	154.861	475.279
4277	154.903	475.204
4278	154.945	475.158
4279	154.985	475.147
4281	155.066	474.968
4284	155.188	474.964
4287	155.313	474.943
4288	155.363	474.226
4291	155.487	473.847
4292	155.529	473.278
4293	155.576	473.217
4294	155.619	473.157
4295	155.671	473.114
4298	155.855	473.062
4299	155.937	473.061
4301	156.031	473.029
4302	156.078	472.031
4303	156.127	471.866
4304	156.171	471.828
4307	156.3	471.733
4310	156.427	471.68
4311	156.473	471.619
4312	156.514	471.304
4313	156.555	471.213
4314	156.597	471.212
4315	156.638	471.199
4316	156.679	471.135
4318	156.779	471.127
4319	156.862	471.107
4321	156.949	471.102
4322	156.991	471.099
4323	157.037	471.069
4324	157.083	471
4325	157.13	470.981
4326	157.173	470.98
4328	157.261	470.96
4329	157.306	470.895
4330	157.349	470.889
4331	157.393	470.887
4332	157.437	470.886
4333	157.48	470.88
4334	157.524	470.855
4335	157.568	470.848
4337	157.654	470.847
4338	157.696	470.766
4341	157.825	470.759
4343	157.908	470.679
4344	157.95	470.634
4345	157.991	470.617
4346	158.033	470.611
4347	158.077	470.593
4348	158.165	470.457
4349	158.211	470.415
4350	158.253	470.412
4351	158.294	470.194
4352	158.334	470.191
4353	158.376	470.129
4354	158.417	470.105
4355	158.458	470.083
4356	158.498	470.071
4357	158.54	470.066
4358	158.581	470.062
4360	158.667	470.055
4362	158.761	470.044
4363	158.801	470.024
4364	158.843	469.995
4365	158.884	469.585
4366	158.925	469.576
4368	159.008	469.544
4369	159.05	469.536
4371	159.131	469.495
4372	159.173	469.461
4374	159.256	469.454
4375	159.296	469.447
4376	159.337	469.443
4377	159.378	469.437
4379	159.46	469.426
4381	159.542	469.425
4384	159.662	469.41
4385	159.705	469.401
4387	159.787	469.399
4389	159.867	469.381
4390	159.908	469.365
4391	159.949	469.362
4393	160.031	469.351
4394	160.072	469.35
4396	160.153	469.339
4397	160.196	469.138
4398	160.236	468.862
4403	160.441	468.806
4406	160.569	468.8
4407	160.615	468.797
4410	160.737	468.796
4411	160.781	468.743
4412	160.822	468.74
4413	160.863	468.711
4417	161.027	468.576
4418	161.066	468.527
4420	161.15	468.522
4421	161.191	468.489
4422	161.239	468.488
4424	161.32	468.487
4426	161.414	468.475
4427	161.454	468.438
4428	161.495	468.383
4430	161.578	468.212
4431	161.62	468.207
4433	161.7	468.207
4434	161.739	468.186
4435	161.779	468.184
4436	161.819	468.167
4437	161.859	468.154
4438	161.899	468.149
4441	162.021	468.148
4442	162.062	468.133
4443	162.103	468.132
4444	162.144	468.116
4447	162.266	467.626
4450	162.387	467.444
4451	162.432	467.442
4452	162.476	467.439
4454	162.565	467.318
4455	162.627	467.242
4459	162.8	467.171
4463	162.968	467.168
4464	163.009	467.157
4465	163.05	467.153
4469	163.219	467.036
4471	163.302	467.031
4472	163.341	467.031
4474	163.422	466.909
4478	163.586	466.857
4479	163.626	466.73
4481	163.706	466.729
4483	163.787	466.718
4485	163.868	466.717
4492	164.155	466.677
4494	164.241	466.582
4496	164.321	466.581
4498	164.402	466.54
4499	164.442	466.469
4500	164.483	466.462
4502	164.563	466.461
4503	164.604	466.438
4504	164.644	466.138
4506	164.727	465.403
4508	164.816	465.38
4509	164.857	465.374
4511	164.939	465.373
4512	164.987	465.371
4513	165.044	465.347
4514	165.087	465.15
4517	165.213	465.01
4518	165.253	464.975
4519	165.295	464.975
4520	165.335	464.959
4521	165.376	464.744
4523	165.458	464.741
4524	165.499	464.693
4525	165.541	464.688
4527	165.634	464.681
4529	165.721	464.679
4531	165.802	464.516
4532	165.843	464.489
4533	165.884	464.372
4534	165.924	464.365
4535	165.965	464.317
4538	166.087	464.316
4539	166.127	464.315
4541	166.209	464.282
4543	166.29	464.219
4544	166.331	464.168
4546	166.412	463.924
4547	166.452	463.848
4550	166.573	463.818
4551	166.613	463.808
4552	166.654	463.579
4556	166.82	463.561
4559	166.941	463.455
4561	167.023	463.453
4562	167.063	463.447
4563	167.103	463.434
4564	167.143	463.15
4565	167.183	463.133
4566	167.223	463.13
4568	167.308	463.112
4570	167.39	463.078
4571	167.43	463.076
4572	167.47	463.071
4573	167.511	463.065
4574	167.558	463.029
4575	167.603	463.025
4576	167.651	462.566
4577	167.702	462.565
4578	167.743	462.509
4579	167.784	462.489
4580	167.824	462.463
4582	167.905	461.873
4583	167.946	461.555
4585	168.026	461.555
4586	168.067	461.542
4587	168.108	461.469
4588	168.148	461.388
4589	168.188	461.377
4590	168.228	461.363
4591	168.269	461.36
4592	168.309	461.356
4593	168.349	461.353
4594	168.389	456.632
4595	168.43	456.62
4596	168.47	456.608
4597	168.514	456.587
4600	168.647	456.569
4602	168.731	456.568
4603	168.772	456.566
4604	168.812	456.553
4605	168.853	456.208
4606	168.894	456.162
4607	168.935	456.152
4608	168.975	456.132
4609	169.016	456.129
4610	169.056	456.123
4611	169.097	456.106
4612	169.137	456.096
4613	169.179	456.062
4614	169.22	456.057
4615	169.261	454.923
4616	169.302	454.918
4617	169.342	454.907
4619	169.423	454.902
4620	169.465	454.894
4623	169.588	454.89
4624	169.629	454.882
4625	169.669	454.849
4626	169.71	454.828
4627	169.75	454.825
4630	169.871	454.816
4631	169.911	454.814
4632	169.951	454.601
4633	169.991	454.588
4635	170.073	454.583
4636	170.114	454.576
4637	170.154	454.409
4638	170.195	454.178
4639	170.236	454.178
4642	170.371	454.164
4643	170.418	454.15
4644	170.458	454.148
4645	170.5	454.147
4646	170.542	454.142
4647	170.583	454.138
4648	170.634	454.129
4652	170.843	454.116
4653	170.884	453.854
4654	170.925	453.853
4657	171.047	453.748
4658	171.087	453.722
4660	171.168	453.717
4663	171.291	453.717
4664	171.331	453.715
4666	171.412	453.715
4667	171.452	453.296
4668	171.493	453.249
4669	171.533	453.243
4670	171.574	452.979
4671	171.615	452.976
4672	171.658	452.967
4674	171.742	452.948
4675	171.782	452.934
4676	171.823	452.93
4677	171.864	452.906
4678	171.905	452.903
4680	171.985	452.898
4681	172.026	452.893
4682	172.066	452.875
4684	172.147	452.733
4686	172.23	452.719
4689	172.351	452.715
4690	172.391	452.694
4691	172.432	452.682
4694	172.554	452.594
4695	172.595	452.571
4698	172.719	452.306
4699	172.761	452.262
4700	172.802	452.261
4702	172.884	452.253
4703	172.924	452.251
4705	173.005	452.248
4709	173.174	452.19
4710	173.215	452.181
4712	173.297	452.129
4713	173.337	452.12
4716	173.475	452.118
4717	173.516	452.107
4718	173.557	452.03
4719	173.598	451.946
4721	173.678	451.933
4722	173.719	451.92
4723	173.764	451.913
4727	173.966	451.893
4728	174.007	451.888
4730	174.09	451.888
4732	174.171	451.86
4734	174.254	451.836
4735	174.294	451.818
4738	174.418	451.818
4739	174.459	451.744
4742	174.582	451.733
4743	174.624	451.71
4744	174.665	451.508
4746	174.747	451.409
4747	174.789	451.393
4749	174.876	451.39
4750	174.928	451.379
4752	175.023	451.377
4753	175.065	451.367
4754	175.117	451.223
4755	175.172	451.217
4756	175.212	451.194
4757	175.254	451.068
4758	175.297	451.053
4759	175.342	451.025
4760	175.396	451.018
4761	175.441	450.663
4764	175.581	450.656
4769	175.79	450.655
4770	175.832	450.616
4771	175.874	450.54
4773	175.959	450.496
4775	176.045	450.459
4776	176.088	450.459
4777	176.131	450.452
4779	176.217	450.449
4781	176.301	450.431
4782	176.343	450.404
4783	176.384	450.403
4784	176.427	450.383
4785	176.468	450.381
4786	176.518	450.326
4787	176.568	450.322
4789	176.651	450.321
4792	176.779	450.151
4793	176.821	450.098
4796	176.946	450.064
4799	177.07	450.042
4800	177.114	450.018
4801	177.154	450.014
4802	177.196	450.014
4803	177.237	449.98
4804	177.278	449.966
4805	177.32	449.951
4806	177.362	449.946
4807	177.403	449.942
4808	177.444	449.933
4809	177.485	449.86
4811	177.567	449.859
4812	177.608	449.855
4813	177.65	449.852
4814	177.69	449.826
4815	177.731	449.822
4816	177.772	449.796
4817	177.815	449.796
4818	177.856	449.765
4819	177.898	449.749
4821	177.979	449.745
4822	178.019	449.721
4823	178.06	449.696
4827	178.234	449.648
4828	178.297	449.633
4830	178.415	449.621
4831	178.459	449.617
4834	178.581	449.576
4836	178.665	449.569
4837	178.707	449.557
4840	178.83	449.541
4842	178.912	449.534
4843	178.953	449.522
4844	178.995	449.512
4845	179.035	449.218
4846	179.078	449.167
4847	179.118	449.158
4848	179.159	449.143
4849	179.201	449.142
4850	179.241	449.141
4851	179.282	449.118
4852	179.323	448.41
4853	179.364	448.363
4854	179.404	448.36
4855	179.444	448.145
4856	179.485	448.144
4857	179.525	448.115
4858	179.565	448.11
4859	179.606	448.108
4860	179.646	448.101
4862	179.729	448.093
4863	179.771	448.091
4865	179.857	448.089
4867	179.948	448.019
4869	180.031	448
4870	180.071	447.98
4871	180.114	447.978
4872	180.155	447.944
4873	180.195	447.934
4874	180.236	447.934
4875	180.278	447.933
4877	180.361	447.785
4878	180.402	447.587
4880	180.485	447.553
4883	180.61	447.531
4885	180.691	447.53
4886	180.733	447.522
4887	180.773	447.519
4888	180.813	447.517
4889	180.856	447.51
4893	181.018	447.439
4894	181.06	447.438
4895	181.1	447.43
4897	181.182	447.361
4898	181.222	447.298
4900	181.303	447.296
4901	181.343	447.295
4902	181.384	447.293
4903	181.425	447.292
4904	181.466	447.29
4906	181.547	447.279
4907	181.588	447.236
4908	181.629	447.192
4909	181.67	447.154
4910	181.711	447.151
4915	181.916	447.148
4916	181.958	447.142
4918	182.04	447.139
4921	182.161	447.137
4923	182.25	447.127
4926	182.378	447.059
4929	182.501	447.058
4930	182.542	447.042
4931	182.583	447.041
4932	182.624	447.03
4934	182.709	446.998
4937	182.835	446.993
4938	182.876	446.947
4939	182.918	446.909
4940	182.959	446.905
4941	183	446.899
4942	183.042	446.898
4943	183.083	446.897
4948	183.285	446.886
4949	183.326	446.828
4950	183.367	446.821
4952	183.449	446.804
4956	183.612	446.804
4958	183.693	446.758
4959	183.734	446.68
4960	183.774	446.632
4963	183.897	446.625
4967	184.059	446.619
4972	184.263	446.59
4974	184.344	446.583
4975	184.386	446.579
4979	184.562	446.533
4983	184.729	446.508
4984	184.771	446.311
4987	184.894	446.303
4989	184.978	446.302
4990	185.019	446.296
4992	185.102	446.296
4994	185.186	446.179
4997	185.308	446.022
4998	185.348	446.009
5000	185.43	446.007
# FIN	185.43	446.007

