# target=instancias/dali.png T=240 iters=5000 K=32 seed=auto
iter	segundos	MSE
0	0.00159316	11484.4
1	0.0187797	11481.5
2	0.036373	11469
3	0.0540259	11423.8
4	0.0719217	11403.4
5	0.0893775	11391.7
6	0.10665	11384.9
7	0.124195	11382.2
8	0.142082	11253.8
9	0.160552	11113.5
10	0.178036	11103.2
11	0.195878	11041.2
12	0.213694	11015.7
13	0.231227	11012
14	0.248831	11010.2
15	0.266658	11006.6
16	0.284266	11004.4
17	0.302135	10928.1
18	0.320326	10914.7
19	0.338165	10909.3
20	0.35584	10909.3
21	0.373529	10897.9
22	0.391646	10892.2
23	0.410356	10889.7
24	0.429219	10889.2
26	0.466365	10887.7
27	0.484607	10850.9
28	0.503961	10849.2
29	0.52188	10845.4
30	0.540824	10681
31	0.55925	10640.5
32	0.577357	10629.4
33	0.596056	10616
34	0.615864	10613.6
35	0.634594	10601.4
36	0.652686	10564.5
37	0.671343	10562.6
38	0.689563	10562.2
39	0.707928	10543.6
40	0.7262	10543.5
41	0.744483	10540.9
42	0.76279	10491.9
43	0.780946	10491.9
44	0.799562	10470.8
45	0.818156	10469
46	0.836305	10418.9
47	0.854771	10418.5
48	0.873397	10415.8
49	0.891882	10392.5
50	0.910511	10390.3
51	0.929571	10387.6
52	0.948291	10354.8
53	0.966638	10341.8
54	0.985041	10337.2
55	1.00435	10337
56	1.02289	10335.2
57	1.04411	10335.2
58	1.06313	10333.8
59	1.08188	10315.9
60	1.10089	10314.1
61	1.1206	10308.9
62	1.13967	10308.8
63	1.15909	10305.3
64	1.17861	10209.8
65	1.19753	10205.4
66	1.21639	10195.6
67	1.23616	10160
68	1.25594	10159.8
69	1.27457	10157.6
70	1.29373	10122.3
71	1.31316	10102.9
72	1.33247	10032.4
73	1.35205	9964.26
74	1.37098	9952.31
75	1.38995	9943.76
76	1.40915	9900.76
77	1.42815	9859.93
78	1.44749	9849.38
79	1.46644	9848.2
80	1.48531	9829.14
81	1.50466	9814.26
82	1.52417	9804.4
83	1.54429	9791.05
84	1.56452	9756.64
85	1.5847	9745.51
86	1.60529	9745.33
87	1.62907	9686.55
88	1.65484	9605.45
89	1.67512	9561.67
90	1.69599	9500.79
91	1.73351	9499.35
92	1.7635	9473.8
93	1.80167	9470.38
94	1.82685	9470.28
95	1.85262	9467.55
96	1.87381	9467.35
97	1.89618	9449.48
98	1.91574	9444.43
99	1.93582	9427.31
100	1.95567	9282.82
101	1.97745	9279.93
102	1.99773	9279.43
103	2.01772	9260.85
104	2.039	9247.12
105	2.05903	9246.76
106	2.07949	9239.37
107	2.09916	9200.58
108	2.11858	9197.57
109	2.13802	9151.32
110	2.15871	9149.91
111	2.17952	9121.82
112	2.19915	9015.77
113	2.21932	9010.57
114	2.23918	9002.58
115	2.2591	8971.05
116	2.27915	8958.11
117	2.29913	8953.08
118	2.31887	8950.31
119	2.33864	8946.35
120	2.35839	8943.59
121	2.37821	8918.91
122	2.39792	8909.42
123	2.41816	8908.49
124	2.43873	8857.4
125	2.45868	8849.82
126	2.4798	8849.64
127	2.50051	8845.81
128	2.5203	8845.24
129	2.54015	8834.74
130	2.56011	8834.44
131	2.58032	8825.49
132	2.60055	8825.22
133	2.62107	8814.59
134	2.64194	8802.91
135	2.66212	8798.71
136	2.68233	8772.34
137	2.70317	8760.9
138	2.72365	8756.05
139	2.74571	8726.37
140	2.76617	8680.85
141	2.78624	8670.17
142	2.80648	8667.9
143	2.82822	8662.78
144	2.85269	8656.71
145	2.87527	8652.34
146	2.89837	8576.62
147	2.92233	8575.33
148	2.94509	8570.95
149	2.9676	8568.3
150	2.98912	8566.92
151	3.00966	8539.37
152	3.03073	8536.96
153	3.05119	8533.38
154	3.07151	8494.65
155	3.09238	8494.34
156	3.11338	8491.97
157	3.13372	8481.87
158	3.15424	8434.12
159	3.17559	8431.27
160	3.19715	8428.42
161	3.21861	8405.39
162	3.23914	8386.36
163	3.26043	8386.1
164	3.28135	8385.48
165	3.30244	8358.21
166	3.32322	8353.57
167	3.34403	8353.51
168	3.3653	8294.22
169	3.3863	8293.59
170	3.40756	8291.8
171	3.42869	8211.99
172	3.4496	8175.32
173	3.47026	8173.73
174	3.49146	8171.27
175	3.51371	8135.42
176	3.53495	8073.23
177	3.55628	8069.72
178	3.57774	8068.69
179	3.59939	8027.91
180	3.62139	8022.46
181	3.64273	8021.45
182	3.66444	8020.71
183	3.68633	8004.08
184	3.70828	7991.63
185	3.73016	7986.69
186	3.75184	7985.36
187	3.77421	7938.89
188	3.79548	7938.52
189	3.81645	7929.44
190	3.83781	7926.94
191	3.85902	7882.73
192	3.88047	7813.85
193	3.90186	7811.2
194	3.92341	7800.35
195	3.94519	7788.07
196	3.96697	7784.84
197	3.98851	7769.13
198	4.00997	7722.37
199	4.03141	7722.2
200	4.05313	7711.83
201	4.07514	7708.35
202	4.0964	7701.4
203	4.11773	7682.89
204	4.13976	7662.73
205	4.16157	7653.71
206	4.18321	7640.07
207	4.20483	7639.42
208	4.22603	7625.33
209	4.24719	7617.95
210	4.26994	7617.27
211	4.29144	7583.72
212	4.31266	7581.98
213	4.33408	7545.94
214	4.35593	7545.22
215	4.37793	7537.3
216	4.40065	7536.81
217	4.42342	7510.14
218	4.4457	7508.77
219	4.46748	7506.43
220	4.48988	7499.94
221	4.51184	7496.37
222	4.53333	7496.09
223	4.55476	7432.42
224	4.57675	7407.86
225	4.59872	7323.81
226	4.62027	7323.35
227	4.64218	7323.17
228	4.66399	7322.02
229	4.68644	7318.01
230	4.71018	7312.36
231	4.73277	7305.79
232	4.75485	7259.13
233	4.77695	7188.2
234	4.79862	7185.08
235	4.82028	7184.44
236	4.84267	7181.93
237	4.86455	7170.19
238	4.8864	7170.14
239	4.90809	7169.07
240	4.92996	7112.38
241	4.95163	7111.34
242	4.97373	7087.46
243	4.9959	7054.59
244	5.01781	7045.5
245	5.03961	7029.23
246	5.06225	7028.35
247	5.08498	7026.93
248	5.10785	6911.64
249	5.12991	6846.02
250	5.15274	6794.68
251	5.17526	6732.23
252	5.19836	6723.6
253	5.22092	6717.37
254	5.24297	6717.01
255	5.26556	6703.73
256	5.28864	6701.94
257	5.31109	6699.1
258	5.33383	6680.91
259	5.35668	6677.91
260	5.3793	6662.63
261	5.40236	6635.87
262	5.42487	6635.27
263	5.44747	6631.32
264	5.46995	6631.27
266	5.51511	6629.28
267	5.53867	6606.78
268	5.56156	6606.6
269	5.58448	6600.91
270	5.60789	6463.92
271	5.63012	6451.74
272	5.65264	6443.44
273	5.67604	6437.35
274	5.69932	6435.49
275	5.7216	6433.36
276	5.74461	6422.58
277	5.76796	6420.07
278	5.7913	6419.53
279	5.81408	6402.5
280	5.83667	6402.32
281	5.85982	6402.26
282	5.88632	6390.74
283	5.91317	6390.72
284	5.94379	6386.95
285	5.98414	6385.21
286	6.01392	6353.13
287	6.03936	6350.25
288	6.0633	6350.01
289	6.08623	6337
290	6.10879	6336.53
291	6.13225	6334.98
292	6.15537	6326.53
293	6.17835	6326.22
294	6.20096	6319.91
295	6.22351	6318.5
296	6.24681	6316.62
297	6.26989	6316.54
298	6.29239	6316.49
299	6.31507	6301.14
300	6.33832	6300.23
301	6.36107	6296.5
302	6.38776	6295.55
303	6.41283	6291.04
304	6.43886	6235.97
305	6.46388	6233.57
306	6.4875	6232.22
307	6.51053	6229.55
308	6.53349	6229.53
309	6.55624	6226.48
310	6.5794	6214.06
311	6.60248	6194.03
312	6.62551	6140.43
313	6.64903	6118.13
314	6.67313	6104.1
315	6.69695	6103.41
316	6.7201	6093.84
317	6.74395	6047.09
318	6.76892	6046.73
319	6.79325	6037.07
320	6.81698	6032.34
321	6.84176	6014.31
322	6.88552	6014.04
323	6.9454	5962.25
324	6.98971	5946.11
325	7.01929	5941.19
326	7.04541	5940.22
327	7.07387	5895.36
328	7.09851	5856.4
329	7.12201	5854.92
330	7.14599	5818.36
331	7.17046	5815.71
332	7.19687	5768.97
333	7.22138	5768.23
334	7.24616	5767.75
335	7.27058	5765.95
336	7.29466	5760.01
337	7.31854	5759.28
338	7.34399	5757.7
339	7.36954	5740.02
340	7.39336	5686.97
341	7.41853	5685.62
342	7.44358	5685.46
343	7.46747	5683.43
344	7.49157	5677.98
345	7.5161	5676.38
346	7.54044	5676.09
347	7.56488	5636.24
348	7.58915	5636.23
349	7.61311	5604.57
350	7.63841	5587.64
351	7.66512	5585.4
352	7.69449	5533.35
353	7.72032	5525.24
354	7.74568	5501.94
355	7.77027	5457.61
356	7.79428	5457.05
357	7.81809	5455.93
358	7.84253	5453.08
359	7.86776	5446.03
360	7.89158	5443.22
361	7.91549	5441.02
362	7.93995	5434.16
363	7.96387	5432.98
364	7.9888	5407.29
365	8.0126	5402.44
366	8.03789	5402.11
367	8.06313	5401.75
368	8.08912	5398.7
369	8.11387	5389.2
370	8.13857	5389.05
371	8.16258	5385.99
372	8.18753	5385.58
373	8.21199	5384.8
374	8.23621	5381.21
375	8.26052	5380.81
376	8.28527	5368.59
377	8.31013	5362.12
378	8.33462	5351.99
379	8.35871	5318.44
380	8.38311	5287.31
381	8.4072	5285.91
382	8.43145	5283.44
383	8.45615	5264.9
384	8.4809	5260.02
385	8.5051	5259.85
386	8.52962	5245.67
387	8.55415	5245.66
388	8.5785	5242.02
389	8.60304	5235.84
390	8.62716	5235.74
391	8.65136	5218.17
392	8.67621	5202.31
393	8.70143	5196.04
394	8.72638	5182.92
395	8.75132	5182.79
396	8.77646	5170.87
397	8.80123	5167.38
398	8.82582	5125.33
399	8.85024	5122.35
400	8.87472	5120.25
401	8.90052	5073.77
402	8.92538	5056.98
403	8.94987	5053.02
404	8.97454	5052.14
405	8.99984	5046.31
406	9.02427	5042.87
407	9.04878	5042.77
408	9.07327	5012.28
409	9.09814	5012.01
410	9.12302	5011.49
411	9.14852	4998.91
412	9.17366	4958.22
413	9.19885	4956.66
414	9.22398	4955.98
415	9.24957	4932.45
416	9.2743	4900.1
417	9.3	4891.8
418	9.32515	4887.96
419	9.35049	4868.65
420	9.37522	4864.01
421	9.39973	4861.36
423	9.44951	4856.44
424	9.47423	4849.46
425	9.49918	4835
426	9.5249	4833.85
427	9.55003	4774.85
428	9.57471	4773.26
429	9.59982	4770.65
430	9.6247	4770.46
431	9.64946	4745.04
432	9.67443	4714.61
433	9.7002	4714.5
434	9.72613	4714.37
435	9.75169	4711.12
436	9.77709	4710.84
437	9.8021	4707.48
438	9.82803	4692.04
439	9.85308	4691.34
440	9.879	4689.17
441	9.90464	4686.02
442	9.93026	4685.72
443	9.95584	4683.66
444	9.98127	4682.81
445	10.0068	4674.43
446	10.032	4669.71
447	10.0574	4668.54
448	10.0826	4655.39
449	10.1079	4642.65
450	10.1336	4641.81
451	10.1604	4631.81
452	10.1865	4630.35
453	10.2126	4605.14
454	10.2393	4605.02
455	10.2659	4604.15
456	10.2914	4597.92
457	10.3169	4592.99
458	10.3425	4592.46
459	10.3687	4592.13
460	10.3949	4587.23
461	10.4209	4581.78
462	10.4465	4581.15
463	10.4731	4562.68
464	10.4988	4513.66
465	10.5248	4495.24
466	10.5503	4494.54
467	10.5763	4494.15
468	10.602	4493.35
469	10.6281	4484.93
470	10.6537	4484.27
471	10.6794	4478.91
472	10.705	4462.71
473	10.7312	4445.05
474	10.7579	4440.49
475	10.7837	4439.51
476	10.8099	4439.18
477	10.8355	4437.49
478	10.8611	4437.22
479	10.8875	4430.89
480	10.9134	4374.36
481	10.9395	4373.91
482	10.9654	4330.57
483	10.9916	4325.85
484	11.0176	4325.04
485	11.0435	4305.54
486	11.0692	4303.58
487	11.0951	4302.81
488	11.1216	4267.83
489	11.1488	4233.13
490	11.1751	4220.87
491	11.2014	4211.28
492	11.228	4193.95
493	11.2542	4192.38
494	11.2802	4190.73
495	11.307	4185.31
496	11.3332	4183.46
497	11.3602	4170.81
498	11.3863	4153.77
499	11.413	4152.2
500	11.4401	4151.2
501	11.4686	4141.2
502	11.4952	4141.17
503	11.5218	4139.85
504	11.5491	4139.8
505	11.5754	4139.74
506	11.6019	4139.17
507	11.6295	4116.32
508	11.656	4115.89
509	11.6824	4115.43
510	11.7105	4050.16
511	11.7372	4039.61
512	11.764	4038.73
513	11.7903	4037.88
514	11.8165	4037.3
515	11.8433	4034.97
516	11.8694	4030.3
517	11.899	4030.26
518	11.9299	4029.63
519	11.9601	4020.68
520	11.9929	4020.4
521	12.0219	4020.39
522	12.0497	4019.05
523	12.0781	4019.04
524	12.1052	4016.85
525	12.1327	4015.42
526	12.1597	3988.52
527	12.1863	3987.36
528	12.2132	3987.03
529	12.2398	3974.21
530	12.2665	3974.19
531	12.2943	3973.74
532	12.3207	3970.11
533	12.3477	3969.68
534	12.3753	3961.67
535	12.4034	3959.97
536	12.4321	3958.42
537	12.4595	3958.29
539	12.5133	3954.72
540	12.5416	3953.35
541	12.5687	3950.69
542	12.5954	3949.63
543	12.6224	3947.93
544	12.6497	3901.12
545	12.6775	3897.6
546	12.7046	3897.05
547	12.7315	3885.77
548	12.7596	3885.39
549	12.7867	3885.24
550	12.8139	3873.62
551	12.8407	3869.93
552	12.8675	3771.56
553	12.9	3735.3
554	12.9322	3734.83
555	12.9623	3733.95
556	12.9894	3732.12
557	13.0162	3722.2
558	13.0441	3721.44
559	13.0728	3710.24
560	13.1043	3705.15
561	13.1334	3691.21
562	13.1647	3690.5
563	13.1979	3664.58
564	13.2269	3663.65
565	13.2541	3658.1
566	13.2832	3657.5
567	13.3114	3649.3
568	13.3389	3645.36
569	13.3661	3643.06
570	13.3944	3635.59
571	13.4222	3634.54
572	13.4519	3634.01
573	13.48	3632.8
574	13.5089	3632.48
575	13.5377	3631.42
576	13.5666	3631.33
577	13.5951	3621.69
578	13.6237	3621.42
579	13.6719	3619.64
580	13.7	3591.47
581	13.7279	3591.17
582	13.7561	3590.32
583	13.7836	3588.02
584	13.8111	3585.59
585	13.8391	3584.84
586	13.8674	3584.06
587	13.8961	3574.17
588	13.924	3574.16
589	13.9513	3534.2
590	13.9798	3521.85
591	14.0075	3521.76
592	14.0352	3513.82
593	14.0626	3511.46
594	14.0904	3511.15
595	14.1184	3495.49
596	14.146	3494.02
597	14.1757	3491.37
598	14.208	3489.16
599	14.2397	3485.55
600	14.2683	3483.92
601	14.2965	3482.07
602	14.3242	3477.15
603	14.3519	3476.55
604	14.3799	3465.69
605	14.408	3463.91
606	14.4358	3463.27
607	14.464	3462.65
608	14.4934	3458.61
609	14.5216	3449.04
610	14.5503	3448.77
611	14.5793	3448.2
613	14.6376	3447.82
614	14.6657	3445.4
615	14.6938	3443.13
616	14.7218	3415.99
617	14.7511	3415.05
618	14.7823	3406.93
619	14.8113	3394.46
620	14.8393	3364.08
621	14.8684	3361.2
622	14.897	3357.65
623	14.926	3344.53
624	14.9553	3338.98
625	14.9837	3338.8
626	15.0118	3330.37
627	15.0406	3330.36
628	15.0699	3328.88
629	15.0983	3326.88
630	15.1272	3326.02
631	15.1561	3314.94
632	15.2125	3307.94
633	15.271	3303.31
634	15.3122	3301.64
635	15.3419	3301.6
636	15.3808	3299.64
637	15.4162	3298.82
638	15.4449	3269.02
639	15.4885	3268.32
640	15.5427	3266.57
641	15.6056	3210.24
642	15.6453	3209.39
643	15.6796	3209.33
644	15.7086	3208.14
645	15.7371	3207.5
646	15.7657	3193.48
647	15.7941	3193.46
648	15.8227	3186.1
649	15.852	3185.82
650	15.8807	3185.16
651	15.9091	3144.4
652	15.9379	3106.68
653	15.9665	3105.35
654	15.9957	3105.33
655	16.0241	3092.66
656	16.0527	3080.01
657	16.0818	3077.21
658	16.1109	3072.03
659	16.14	3054.57
660	16.1686	3052.36
661	16.1973	3049.92
662	16.2339	3049.67
663	16.2636	3049.3
664	16.2921	3046.19
665	16.321	3040.93
666	16.3495	3040.73
667	16.3777	2993.7
668	16.4061	2991.97
669	16.4351	2991.14
670	16.4639	2990.9
671	16.4939	2940.1
672	16.5228	2934.67
673	16.5517	2934.4
674	16.5807	2934.18
675	16.6095	2929.34
676	16.6386	2927.24
677	16.6676	2924.11
678	16.6958	2923.54
679	16.7243	2923.26
680	16.7532	2917.74
681	16.7851	2915.77
682	16.8149	2915.66
683	16.8439	2913.64
684	16.873	2903.19
685	16.9017	2903.14
686	16.9307	2899.97
687	16.9594	2899.77
688	16.9886	2886.09
689	17.017	2883.59
690	17.0454	2883.21
691	17.0751	2875.49
692	17.1037	2873.11
693	17.1332	2860.74
694	17.1617	2859.34
695	17.1911	2858.31
696	17.22	2828.95
697	17.2494	2828.26
698	17.279	2826.24
699	17.3092	2826.05
700	17.338	2820.23
701	17.3668	2819
702	17.3954	2818.65
703	17.4242	2802.42
704	17.4528	2790.8
705	17.4816	2771.12
706	17.5106	2770.85
707	17.5395	2770.69
708	17.569	2767.9
709	17.5987	2767.61
710	17.6276	2765.64
711	17.6564	2762.81
712	17.6852	2762.69
713	17.7143	2756.01
714	17.7434	2750.61
715	17.7731	2748.05
716	17.802	2747.59
717	17.8311	2745.45
718	17.8605	2745.29
719	17.8893	2743.65
720	17.9185	2685.62
721	17.9479	2685.39
722	17.9779	2683.57
723	18.0072	2681.3
724	18.0365	2680.42
725	18.0661	2677.51
726	18.096	2676.35
727	18.126	2675.86
728	18.1561	2641.54
729	18.1857	2613.73
730	18.2151	2606.61
731	18.2447	2585.35
732	18.2742	2580.02
733	18.3036	2579
734	18.3336	2578.82
735	18.3636	2577.01
736	18.3936	2575.7
737	18.423	2575.54
738	18.453	2570
739	18.4834	2569.99
740	18.5136	2569.78
741	18.5441	2565.43
742	18.5739	2565.02
743	18.6043	2564.71
744	18.6349	2564.66
745	18.6652	2564.63
746	18.6947	2564.1
747	18.7243	2559.38
748	18.754	2559.06
749	18.784	2558.74
750	18.8142	2494.07
751	18.8443	2493.33
752	18.8745	2493.18
753	18.904	2491.15
754	18.9349	2490.4
755	18.9673	2489.78
756	19.0091	2487.62
757	19.0506	2487.54
758	19.0875	2487.14
759	19.1219	2480.19
760	19.1547	2480.04
761	19.187	2479.98
762	19.2173	2477.88
763	19.2473	2477.87
764	19.2791	2475.46
765	19.3098	2474.29
766	19.3406	2458.76
767	19.3713	2458.64
769	19.4313	2455.57
770	19.4614	2455.54
771	19.4915	2455.26
772	19.522	2454.26
773	19.5603	2454.07
774	19.5941	2452.43
775	19.6261	2451.33
776	19.6565	2444.23
777	19.6863	2444.18
779	19.7472	2439.79
780	19.7771	2439.27
781	19.8073	2438.62
782	19.8373	2438.43
783	19.8678	2436.05
784	19.8991	2415.39
785	19.9288	2414.28
786	19.9586	2414.02
787	19.989	2413.88
788	20.0197	2413.15
789	20.0507	2412.74
790	20.083	2412.35
791	20.1314	2411.83
792	20.1633	2385.1
793	20.1954	2357.85
794	20.2348	2354.23
795	20.2765	2353.91
796	20.3066	2352.06
797	20.3412	2350.05
798	20.3748	2349.43
799	20.405	2345.88
800	20.4354	2343.92
801	20.4662	2328.87
802	20.4986	2327.82
803	20.5296	2321.22
804	20.5611	2320.79
805	20.5928	2302.98
806	20.6236	2302.46
807	20.6547	2297.08
808	20.6863	2287.99
809	20.7173	2282.59
810	20.749	2278.45
811	20.78	2276.97
812	20.8106	2270.85
813	20.8432	2270.4
814	20.8742	2268.85
815	20.9049	2268.67
816	20.9355	2268.66
817	20.9664	2258.5
818	20.9971	2258.08
819	21.0273	2257.84
820	21.0576	2237.63
821	21.0881	2237.45
822	21.1188	2237.26
823	21.1497	2236.57
824	21.1804	2236.35
825	21.2124	2234.84
826	21.2449	2233.55
827	21.2756	2228.55
828	21.3063	2228.53
829	21.3374	2194.78
830	21.3684	2193.89
832	21.4296	2185.97
833	21.4605	2182.26
834	21.4924	2177.87
835	21.5236	2176.2
836	21.5552	2172.36
837	21.5867	2171.93
838	21.6179	2168.6
839	21.6488	2167.7
840	21.6794	2167.14
841	21.7107	2166.54
842	21.7413	2164.51
843	21.7731	2164.39
844	21.8038	2154.36
845	21.8346	2153.27
846	21.8656	2152.08
847	21.8965	2151.85
848	21.9272	2149.26
849	21.9578	2140.7
850	21.9889	2140.22
851	22.0212	2138.58
853	22.0828	2137.45
854	22.1137	2135.96
855	22.1444	2135.88
856	22.1755	2087.42
857	22.2064	2086.04
858	22.2376	2074.37
859	22.2686	2065.08
860	22.2994	2048.82
861	22.3304	2048.24
862	22.3615	2048.12
863	22.3926	2043.57
864	22.4234	2039.37
866	22.4861	2029.72
867	22.5175	2029.62
868	22.5489	2029.1
869	22.5804	2027.57
870	22.6117	2026.92
871	22.6431	2023.05
872	22.6742	2021.23
873	22.7056	2021.18
874	22.7366	2020.14
875	22.7681	2020.07
876	22.7995	2014.72
877	22.8314	2014.06
878	22.8637	2009.53
879	22.8942	2009.2
880	22.9252	2008.82
881	22.9556	1981.21
882	22.9865	1979.59
883	23.0174	1979.44
884	23.0482	1979.09
885	23.0788	1977.35
886	23.1096	1976.01
887	23.1412	1976
888	23.1721	1975.12
890	23.2349	1975.1
891	23.2656	1940.3
892	23.297	1939.23
893	23.3282	1937.91
894	23.359	1937.85
895	23.3902	1937.64
896	23.4231	1933.95
897	23.4545	1931.3
898	23.4852	1927.59
899	23.516	1918.76
900	23.5472	1915.3
901	23.5787	1911.16
902	23.6096	1911
903	23.641	1910.85
904	23.6725	1907.6
905	23.7031	1905.62
906	23.734	1905.28
907	23.7648	1888.97
908	23.7959	1876.84
910	23.8578	1876.52
911	23.8895	1872.27
912	23.9209	1850.83
913	23.9521	1849.03
914	23.9833	1848.76
915	24.0144	1845.08
916	24.0454	1841.23
917	24.0767	1831.76
918	24.1076	1828.56
919	24.1386	1828.43
920	24.1693	1826.83
921	24.2009	1826.18
922	24.2326	1823.13
923	24.2635	1821.18
924	24.2947	1820.44
925	24.3257	1818.74
926	24.3566	1818.5
927	24.3879	1818.32
928	24.4188	1814.5
929	24.45	1813.65
930	24.481	1813.41
931	24.5126	1809.55
932	24.5436	1808.12
933	24.5745	1800.99
935	24.6361	1800.97
936	24.6671	1800.24
937	24.6991	1798.41
938	24.7317	1797.87
939	24.7636	1797.53
940	24.7948	1792.96
941	24.8258	1791.91
942	24.8581	1791.76
943	24.8893	1787.21
944	24.9204	1783.92
945	24.9522	1780.56
946	24.9846	1780.3
947	25.0163	1779.21
948	25.0474	1776.83
949	25.0784	1776.74
950	25.11	1775.99
951	25.141	1772.23
953	25.2032	1769.76
954	25.2346	1766.22
955	25.2671	1764.52
956	25.2991	1763.77
957	25.3302	1763.29
958	25.3621	1763.06
959	25.394	1762.57
960	25.4261	1748.61
961	25.4575	1748.42
962	25.4895	1744.05
963	25.5212	1743.48
964	25.5528	1742.87
965	25.5848	1740.21
966	25.6178	1739.92
967	25.65	1739.52
968	25.6825	1714.77
969	25.7146	1707.46
970	25.7464	1705.76
971	25.7779	1700.42
972	25.8093	1694.05
973	25.8405	1693.21
974	25.8721	1693.15
975	25.9046	1684.48
976	25.9369	1683.09
977	25.9692	1681.11
978	26.0026	1658.97
979	26.0353	1658.75
980	26.0675	1657.95
981	26.1012	1656.61
982	26.1331	1656.44
983	26.1655	1656.13
984	26.1977	1656.01
985	26.2299	1656
986	26.262	1655.54
987	26.2948	1654.64
988	26.3283	1653.4
989	26.3607	1652.13
990	26.3931	1647.39
991	26.4257	1644.39
992	26.4581	1644.14
993	26.4902	1643.92
994	26.5225	1642.02
995	26.5552	1641.76
996	26.5885	1640.89
997	26.6217	1640.82
998	26.6546	1640.32
999	26.6868	1629.65
1000	26.7195	1629.57
1001	26.7523	1629.54
1002	26.7886	1628.9
1004	26.8634	1628.73
1005	26.8974	1627.8
1006	26.9338	1626.17
1007	26.9668	1626.09
1009	27.0325	1625.88
1010	27.0658	1625.86
1011	27.0986	1625.59
1012	27.1326	1625.03
1013	27.166	1624.65
1014	27.2003	1620.72
1015	27.2331	1619.96
1016	27.2657	1610.98
1017	27.2995	1610.85
1018	27.3322	1610.72
1019	27.3644	1609.64
1020	27.3985	1609.11
1021	27.4312	1608.76
1022	27.4648	1608.49
1023	27.5031	1608.33
1024	27.5367	1572.67
1025	27.5699	1570.79
1026	27.6042	1570.6
1027	27.6369	1570.44
1028	27.6712	1569.63
1029	27.7039	1568.91
1030	27.7374	1565.14
1031	27.7709	1564.13
1032	27.8062	1549.95
1033	27.8468	1523.7
1034	27.8805	1523.3
1035	27.9139	1522.76
1036	27.9482	1521.92
1038	28.0177	1521.84
1039	28.0525	1519.77
1040	28.0855	1519.24
1041	28.1363	1514.02
1042	28.18	1513.54
1043	28.2125	1512.46
1044	28.2455	1512.32
1045	28.2785	1506.66
1046	28.3176	1505.78
1047	28.3605	1505.61
1048	28.4013	1504.85
1049	28.4378	1503.47
1050	28.4728	1500.96
1051	28.5057	1500.64
1052	28.5389	1500.14
1053	28.5723	1499.33
1055	28.6386	1499.15
1056	28.6714	1498.98
1057	28.7043	1495.71
1058	28.7366	1495.52
1059	28.7691	1495.2
1060	28.8015	1494.81
1061	28.8343	1492.4
1062	28.8679	1492.06
1063	28.9009	1491.81
1064	28.9345	1491.72
1065	28.9675	1491.16
1066	29.0001	1490.09
1067	29.0325	1488.72
1068	29.0661	1488.66
1069	29.0986	1469.57
1070	29.131	1466.93
1071	29.1642	1466.85
1072	29.1967	1464.05
1073	29.2292	1463.83
1074	29.2629	1462.1
1075	29.2989	1460.11
1076	29.3403	1456.34
1077	29.3743	1456.18
1078	29.4092	1455.94
1079	29.4543	1455.37
1080	29.4875	1455.08
1081	29.5219	1454.27
1082	29.555	1454.26
1083	29.5892	1454.23
1084	29.6235	1449.33
1085	29.6565	1449.13
1086	29.6906	1448.9
1087	29.7251	1448.74
1088	29.7598	1447.33
1089	29.7935	1446.86
1090	29.8268	1446.44
1091	29.8602	1444.83
1092	29.8945	1444.52
1093	29.9278	1443.66
1094	29.962	1442.57
1095	29.9968	1442.42
1096	30.0319	1414.1
1097	30.0663	1413.16
1098	30.101	1412.97
1099	30.1341	1411.91
1100	30.1674	1377.07
1101	30.2011	1376.02
1102	30.234	1375.85
1103	30.2675	1373.73
1104	30.3007	1372.55
1105	30.3343	1372.49
1106	30.3674	1370.72
1107	30.4006	1370.67
1108	30.4368	1369.45
1109	30.4857	1364.38
1110	30.5208	1364.21
1111	30.5589	1361.13
1112	30.5923	1360.46
1113	30.6255	1360.44
1114	30.6588	1359.22
1115	30.6916	1359.18
1116	30.7248	1356.17
1117	30.7587	1355.41
1118	30.7928	1353.48
1119	30.8257	1352.68
1120	30.8588	1352.52
1121	30.8924	1347.55
1122	30.9259	1347.34
1123	30.9582	1346.7
1124	30.9905	1346.15
1125	31.0235	1345.35
1126	31.0556	1335.97
1127	31.0879	1335.97
1128	31.1205	1335.29
1129	31.1523	1335.28
1130	31.1904	1335.27
1131	31.2246	1288.77
1132	31.2646	1288.13
1133	31.3052	1287.4
1134	31.3397	1287.39
1136	31.4103	1287.29
1137	31.4424	1286.64
1139	31.5075	1279.98
1140	31.5429	1277.86
1141	31.5763	1272.31
1142	31.6093	1272.26
1143	31.6428	1272.11
1144	31.6746	1270.49
1145	31.7068	1269.13
1147	31.7723	1268.05
1148	31.805	1263.98
1150	31.8703	1263.73
1151	31.9023	1260.84
1152	31.9347	1251.7
1153	31.967	1250.56
1154	32.0005	1250.46
1155	32.0326	1249.15
1156	32.0653	1248.28
1157	32.0983	1245.54
1158	32.1321	1244.68
1159	32.1657	1244.54
1160	32.1993	1244.14
1161	32.2315	1244.04
1162	32.265	1243.87
1163	32.2973	1243.13
1164	32.3304	1242.67
1165	32.3625	1242.3
1166	32.3957	1242.24
1167	32.4288	1241.34
1168	32.4615	1233.96
1169	32.494	1233.2
1170	32.5264	1233.05
1171	32.5588	1230.69
1172	32.591	1229.6
1173	32.6242	1228.58
1175	32.689	1228.57
1176	32.7217	1220.58
1177	32.7554	1219.9
1178	32.7878	1217.96
1179	32.8206	1217.37
1180	32.8541	1216.8
1181	32.887	1216.15
1182	32.9195	1215.94
1183	32.952	1215.6
1184	32.9848	1215.49
1185	33.0182	1215.16
1186	33.0526	1214.99
1187	33.0856	1214.97
1188	33.1185	1214.89
1189	33.1514	1214.69
1190	33.185	1213.52
1191	33.2176	1213.47
1192	33.2509	1212.9
1193	33.2865	1211.46
1194	33.3192	1208.77
1195	33.3566	1208.4
1196	33.4134	1208.36
1197	33.4496	1208.22
1198	33.4925	1208.08
1199	33.5691	1207.73
1200	33.6064	1204.22
1201	33.6405	1204.02
1202	33.6762	1203.43
1203	33.7114	1201.67
1204	33.7446	1201.24
1205	33.7786	1199.3
1206	33.812	1199.23
1207	33.8447	1199.18
1208	33.8777	1187.46
1209	33.9115	1184.43
1210	33.9442	1184.2
1211	33.9782	1179.21
1212	34.0124	1174.58
1213	34.0465	1173.74
1214	34.0804	1173.69
1215	34.1143	1172.35
1216	34.1476	1171.4
1217	34.1811	1171.04
1218	34.2154	1143.81
1219	34.25	1143.55
1220	34.2837	1143.54
1221	34.3183	1143.12
1222	34.3529	1142.99
1223	34.3868	1142.81
1224	34.4209	1142.58
1225	34.4555	1142.54
1226	34.4894	1142.48
1227	34.5227	1138.84
1228	34.557	1138.37
1229	34.591	1137.92
1230	34.6251	1134.95
1231	34.6584	1134.85
1232	34.692	1134.47
1234	34.7613	1134.23
1235	34.7994	1133.91
1236	34.8366	1133.66
1237	34.8712	1133.64
1238	34.9044	1133.34
1239	34.9379	1130.63
1240	34.9717	1130.21
1241	35.0052	1130.2
1242	35.0388	1129.95
1243	35.0724	1129.95
1244	35.1065	1129.08
1245	35.1406	1128.58
1246	35.1746	1128.36
1247	35.2089	1128.32
1248	35.2435	1128.16
1249	35.2778	1126.12
1250	35.312	1126.09
1251	35.346	1126.07
1252	35.3803	1125.6
1253	35.4282	1124.92
1254	35.4631	1124.63
1255	35.4977	1123.58
1256	35.5322	1117.36
1257	35.5726	1117.31
1258	35.609	1116.2
1259	35.6457	1116.11
1260	35.6833	1115.79
1261	35.7251	1115.67
1262	35.7615	1115.38
1263	35.7974	1115.14
1264	35.8319	1113.95
1265	35.8712	1113.01
1266	35.9051	1112.86
1267	35.9407	1112.86
1268	35.9758	1112.37
1269	36.0106	1112.02
1270	36.0451	1109.15
1271	36.1284	1109.07
1272	36.1781	1102.79
1273	36.2129	1102.34
1274	36.2473	1101.42
1275	36.2836	1101.32
1276	36.3184	1100.85
1278	36.3874	1100.85
1279	36.422	1100.79
1280	36.4578	1100.39
1281	36.4939	1098.57
1282	36.5308	1098.5
1283	36.5656	1098.22
1285	36.6371	1097.82
1286	36.6719	1097.6
1287	36.7069	1096.22
1288	36.7468	1095.8
1289	36.7849	1095.53
1290	36.8204	1095.24
1291	36.8556	1094.94
1292	36.8914	1094.42
1293	36.9267	1094.11
1295	36.9962	1094.05
1296	37.0315	1093.88
1297	37.0662	1089.96
1298	37.1015	1089.71
1299	37.1365	1089.55
1300	37.1715	1089.41
1301	37.2065	1089.01
1303	37.2748	1087.07
1304	37.31	1087.06
1305	37.3456	1086.04
1306	37.38	1085.92
1307	37.4152	1085.71
1308	37.4511	1085.7
1309	37.4862	1083.1
1310	37.5205	1083.01
1311	37.5562	1083
1312	37.5912	1081.9
1313	37.626	1081.73
1314	37.6622	1081.01
1315	37.6963	1078.79
1316	37.7306	1077.42
1317	37.7654	1077.25
1318	37.8001	1076.87
1319	37.8347	1076.43
1320	37.8703	1076.03
1321	37.9052	1075.8
1322	37.9416	1075.76
1323	37.9771	1075.68
1324	38.012	1074.53
1325	38.0477	1074.25
1326	38.083	1074.03
1327	38.1172	1073.94
1328	38.1532	1073.13
1329	38.188	1072.86
1330	38.2232	1072.55
1331	38.258	1072.12
1333	38.327	1071.75
1334	38.3735	1070.58
1335	38.409	1070.51
1336	38.4461	1057.65
1337	38.484	1057.43
1338	38.5205	1056.87
1339	38.5565	1056.77
1340	38.5951	1054.11
1342	38.6643	1053.58
1343	38.7008	1052.71
1344	38.7349	1048.42
1345	38.769	1048.32
1346	38.8037	1047.04
1348	38.8766	1046.52
1349	38.9159	1045.51
1350	38.9503	1045.43
1351	38.9849	1043.24
1352	39.0197	1042.55
1353	39.0541	1042.45
1354	39.0885	1041.57
1355	39.1224	1041.56
1356	39.1564	1040.13
1357	39.1907	1038.58
1358	39.2258	1038.18
1359	39.2598	1037.22
1361	39.3296	1035.79
1362	39.3991	1035.28
1363	39.4384	1035.1
1364	39.4724	1035.07
1365	39.507	1034.33
1366	39.5422	1033.92
1367	39.5786	1033.91
1368	39.6145	1033.25
1369	39.6527	1032.4
1371	39.7211	1030.61
1372	39.7556	1030.01
1373	39.7914	1029.27
1375	39.8606	1028.2
1376	39.8951	1027.48
1377	39.9304	1027.11
1378	39.9651	1027.09
1379	39.9998	1026.82
1380	40.0348	1024.41
1381	40.0692	1024.07
1382	40.1045	1024.04
1383	40.1406	1023.48
1384	40.1751	1020.46
1385	40.2107	1019.94
1387	40.2794	1019.93
1388	40.3151	1019.9
1389	40.35	1019.35
1390	40.3847	1019.09
1391	40.4203	1016.64
1392	40.4547	1007.95
1394	40.5246	1007.84
1395	40.5587	1007.78
1396	40.5937	1007.62
1397	40.6282	1006.49
1398	40.6663	1006.03
1399	40.7101	1005.86
1400	40.7524	1005.86
1401	40.7902	1005.63
1402	40.8319	1005.52
1403	40.8682	1005.03
1404	40.9026	1004.72
1405	40.9375	1004.68
1406	40.9721	1004.61
1407	41.0067	1004.44
1408	41.0413	991.422
1409	41.0758	991.231
1410	41.1109	991.098
1411	41.1453	989.91
1412	41.18	988.315
1413	41.2146	988.025
1414	41.249	987.989
1415	41.2833	987.969
1416	41.3176	987.668
1418	41.3865	985.057
1419	41.4207	985.049
1420	41.4553	984.289
1421	41.4898	984.018
1422	41.5433	983.929
1423	41.6161	982.369
1424	41.6513	982.207
1425	41.6859	982.149
1426	41.7201	981.719
1427	41.7546	981.688
1428	41.7896	981.59
1429	41.8238	981.529
1430	41.8586	980.823
1431	41.8937	979.525
1433	41.9632	978.505
1434	41.9986	978.32
1437	42.1042	978.244
1438	42.1397	978.159
1439	42.1745	978.063
1440	42.2093	973.532
1441	42.2445	973.185
1442	42.2798	972.666
1443	42.3151	970.359
1444	42.3504	969.899
1445	42.3859	967.04
1446	42.4221	966.64
1447	42.4585	966.364
1448	42.4939	958.558
1449	42.5291	958.017
1450	42.5645	957.854
1451	42.5997	957.446
1452	42.6355	952.042
1453	42.6753	951.491
1454	42.7153	951.332
1455	42.7507	950.841
1456	42.7862	949.996
1457	42.8218	948.997
1458	42.8573	947.632
1459	42.8924	947.554
1460	42.9282	947.496
1461	42.9639	947.215
1462	43.0003	947.183
1463	43.0375	946.855
1464	43.0739	946.832
1465	43.1095	946.797
1466	43.1475	946.543
1467	43.1835	939.942
1468	43.22	939.777
1469	43.2559	939.617
1470	43.292	938.82
1471	43.3272	938.761
1472	43.3642	938.699
1474	43.4352	938.461
1475	43.4711	937.901
1476	43.5065	936.898
1477	43.5419	936.777
1478	43.5782	936.603
1479	43.6139	935.191
1480	43.6501	935.119
1481	43.6861	935.112
1482	43.7246	934.578
1484	43.8008	933.722
1485	43.8424	932.691
1486	43.8803	932.414
1487	43.9163	932.403
1488	43.9523	928.156
1489	43.9884	927.981
1490	44.0237	927.969
1491	44.0599	927.879
1492	44.096	926.517
1493	44.132	926.487
1494	44.1679	926.046
1495	44.2037	925.494
1496	44.2392	923.473
1497	44.2744	923.389
1498	44.31	923.304
1499	44.3457	923.244
1500	44.3814	923.015
1501	44.4176	922.947
1502	44.4533	922.475
1503	44.4887	921.867
1504	44.5249	921.354
1505	44.5608	920.763
1506	44.5998	920.377
1507	44.6422	920.344
1508	44.6799	920.075
1509	44.7169	919.904
1510	44.7534	916.324
1511	44.7897	916.017
1512	44.825	914.792
1513	44.8611	914.194
1514	44.8978	914.109
1515	44.934	913.94
1516	44.9696	913.605
1517	45.0054	911.948
1518	45.0407	911.947
1519	45.0764	911.876
1520	45.1122	911.637
1521	45.1482	911.257
1522	45.1829	911.156
1523	45.2223	911.117
1524	45.2591	910.725
1525	45.294	910.269
1526	45.3291	910.095
1527	45.3639	909.116
1528	45.3993	909.072
1529	45.4347	908.836
1530	45.471	908.733
1531	45.5063	908.475
1532	45.5438	907.562
1533	45.5809	907.404
1535	45.6536	907.392
1536	45.6902	906.684
1537	45.7252	906.624
1538	45.7613	905.919
1539	45.7977	905.904
1541	45.8772	905.748
1542	45.9176	905.747
1543	45.955	905.505
1544	45.9908	905.456
1545	46.0262	904.995
1546	46.0626	904.927
1547	46.0991	904.852
1548	46.1348	904.838
1549	46.171	898.893
1550	46.2063	898.825
1552	46.2779	898.019
1553	46.3296	897.908
1554	46.3738	897.822
1556	46.4452	895.466
1558	46.5164	895.101
1559	46.5576	894.66
1560	46.6035	894.613
1561	46.6445	894.54
1562	46.6807	894.183
1563	46.7176	894.099
1564	46.7533	894.079
1565	46.789	893.916
1566	46.825	893.883
1567	46.8608	893.726
1568	46.8974	893.494
1569	46.934	893.366
1570	46.9693	893.273
1571	47.0049	893.113
1573	47.0757	892.848
1574	47.1108	891.925
1575	47.1469	891.791
1576	47.1832	885.344
1577	47.2205	884.927
1578	47.2574	884.537
1579	47.2928	884.351
1580	47.3298	882.425
1581	47.3675	881.512
1583	47.4417	881.321
1584	47.4776	877.631
1585	47.5264	877.604
1586	47.573	877.436
1587	47.6098	877.41
1588	47.6503	877.174
1589	47.6864	877.019
1591	47.7597	875.706
1592	47.7978	874.454
1593	47.8332	874.387
1594	47.8689	873.712
1595	47.905	873.626
1596	47.9413	872.188
1597	47.9765	869.342
1599	48.0489	868.857
1601	48.1194	868.496
1602	48.1547	867.254
1603	48.1906	867.2
1606	48.2965	866.836
1607	48.332	866.836
1608	48.3675	866.758
1609	48.4033	866.548
1610	48.439	866.544
1611	48.4742	865.48
1612	48.5103	865.239
1613	48.5459	864.768
1615	48.6171	864.364
1619	48.759	864.172
1620	48.7942	862.708
1621	48.8296	862.634
1622	48.865	862.631
1623	48.9004	862.474
1624	48.9358	860.881
1625	48.9715	860.235
1627	49.0419	860.163
1628	49.077	860.074
1629	49.1128	859.477
1630	49.1485	859.288
1631	49.1836	856.49
1632	49.2196	853.577
1633	49.2554	852.932
1635	49.3265	852.897
1636	49.3618	852.859
1637	49.3969	852.755
1639	49.4671	852.622
1640	49.5037	852.608
1641	49.5412	852.537
1642	49.5791	852.378
1643	49.6175	851.927
1645	49.6896	851.852
1646	49.7259	851.788
1647	49.7618	851.539
1648	49.7996	846.823
1649	49.8367	845.294
1650	49.8724	845.235
1651	49.9098	844.383
1652	49.9464	842.186
1653	49.9831	841.862
1655	50.0569	841.862
1656	50.0934	841.781
1657	50.1306	841.687
1658	50.1667	841.482
1660	50.2428	841.197
1661	50.2997	840.941
1662	50.3474	840.855
1663	50.3929	840.668
1665	50.4752	840.523
1666	50.5122	840.442
1667	50.5506	840.357
1668	50.5903	840.222
1669	50.6266	840.18
1670	50.6623	839.998
1671	50.6979	839.854
1673	50.7698	836.41
1674	50.8088	836.261
1677	50.9266	836.04
1678	50.9631	835.95
1679	50.9996	835.863
1680	51.0352	829.342
1681	51.0714	829.204
1682	51.1069	829.079
1683	51.1433	828.749
1684	51.1795	828.459
1685	51.2153	824.959
1686	51.2513	824.918
1687	51.2885	824.797
1688	51.3291	816.996
1689	51.3684	815.647
1690	51.4053	815.493
1691	51.4422	815.444
1692	51.4785	809.606
1693	51.5145	809.152
1694	51.5514	809.089
1695	51.5872	807.483
1696	51.6281	806.841
1697	51.6666	806.83
1698	51.7031	806.143
1699	51.7409	806.008
1700	51.7797	805.96
1701	51.8169	805.952
1702	51.8533	805.867
1703	51.8948	805.861
1704	51.9355	805.811
1705	51.9738	805.772
1707	52.0471	805.429
1708	52.0836	805.324
1709	52.1193	805.128
1710	52.155	804.719
1711	52.1958	804.229
1712	52.2398	804.179
1713	52.276	803.962
1714	52.312	803.87
1715	52.3486	803.441
1716	52.3844	802.478
1717	52.4207	802.457
1718	52.4567	802.276
1719	52.5032	802.095
1720	52.5425	802.08
1721	52.5788	802.074
1722	52.6153	801.727
1724	52.688	801.647
1725	52.7249	801.412
1726	52.7613	801.195
1728	52.8334	801.167
1729	52.8702	800.324
1730	52.9062	800.313
1732	52.9854	800.222
1733	53.0255	799.84
1734	53.0625	798.559
1735	53.099	798.376
1736	53.1359	790.483
1737	53.1728	790.091
1740	53.2819	789.977
1741	53.3188	789.948
1742	53.3554	789.944
1743	53.3917	789.416
1744	53.4277	786.666
1745	53.4652	786.233
1746	53.5016	786.09
1748	53.5745	785.26
1749	53.6114	785.171
1750	53.6482	781.018
1751	53.6842	780.865
1752	53.7205	779.819
1753	53.7566	779.791
1754	53.7929	779.74
1756	53.8755	779.439
1757	53.9127	777.4
1758	53.9493	777.399
1759	53.9885	777.34
1760	54.0258	776.05
1761	54.0619	774.114
1762	54.0985	774.057
1763	54.134	774.04
1764	54.1697	773.997
1766	54.2416	773.941
1767	54.2781	772.998
1768	54.3145	772.99
1769	54.356	772.917
1770	54.3951	772.803
1771	54.4316	772.694
1772	54.4671	770.745
1773	54.5032	770.476
1776	54.6103	770.447
1777	54.6459	770.409
1778	54.6816	770.353
1779	54.7174	770.25
1781	54.7903	770.23
1782	54.8396	770.223
1783	54.876	769.968
1784	54.9123	769.935
1785	54.9552	769.907
1786	54.9947	769.858
1787	55.0333	769.612
1788	55.0728	769.6
1789	55.1086	767.007
1790	55.1505	766.991
1792	55.2521	766.15
1793	55.289	766.09
1794	55.3256	766.024
1795	55.3637	765.953
1796	55.4002	765.789
1798	55.4731	765.764
1799	55.5089	765.727
1800	55.5448	765.672
1801	55.5814	765.246
1802	55.6171	764.988
1803	55.6535	764.887
1804	55.6895	764.862
1805	55.7254	764.807
1807	55.7972	764.634
1808	55.8334	764.478
1809	55.8697	764.023
1810	55.9057	764.002
1811	55.9416	763.916
1812	55.9777	763.843
1814	56.0493	762.985
1815	56.086	762.975
1816	56.1235	759.546
1817	56.162	759.363
1818	56.2	759.178
1819	56.2359	759.089
1820	56.2721	757.587
1821	56.3083	757.58
1822	56.3442	757.554
1823	56.3807	757.398
1824	56.4166	757.162
1827	56.5347	756.984
1828	56.5711	756.904
1829	56.6075	756.749
1830	56.6617	756.731
1831	56.7167	754.312
1832	56.8242	753.956
1833	56.8784	753.861
1834	56.9166	753.626
1835	56.9533	753.605
1836	56.9898	751.316
1837	57.0291	747.995
1838	57.0664	747.929
1839	57.1023	747.532
1840	57.1387	747.373
1841	57.1748	746.948
1842	57.2111	746.857
1843	57.2472	746.78
1845	57.3199	746.094
1846	57.3562	745.87
1847	57.3925	745.869
1848	57.4298	745.75
1849	57.4657	744.852
1850	57.5033	744.822
1851	57.5404	744.41
1852	57.5771	744.228
1853	57.6134	743.854
1854	57.6509	743.837
1855	57.6875	743.512
1858	57.7966	743.485
1859	57.8324	743.445
1860	57.8684	743.17
1862	57.9414	743.127
1863	57.9774	742.912
1864	58.0139	742.096
1865	58.0531	741.966
1866	58.1093	741.951
1867	58.1494	741.886
1868	58.1869	741.826
1869	58.2244	741.487
1870	58.261	741.333
1871	58.2981	739.266
1872	58.3356	739.239
1873	58.3745	739.198
1874	58.4111	739.182
1875	58.4477	739.07
1876	58.4858	739.041
1877	58.5264	738.929
1879	58.6083	738.752
1880	58.645	738.742
1883	58.7551	738.528
1885	58.8282	738.468
1887	58.9018	737.98
1888	58.9383	734.261
1889	58.9748	734.123
1890	59.0166	734.085
1891	59.0577	733.76
1892	59.0962	730.955
1893	59.1336	730.91
1895	59.2073	730.906
1896	59.2436	730.818
1897	59.2805	729.575
1898	59.3167	729.456
1900	59.3901	729.247
1901	59.4272	729.222
1902	59.4683	728.965
1903	59.512	728.845
1905	59.5876	728.715
1906	59.6244	728.669
1907	59.6616	728.666
1908	59.6993	728.64
1909	59.7356	728.619
1910	59.7728	728.525
1912	59.8462	728.489
1913	59.883	725.814
1914	59.9192	725.565
1918	60.0797	725.521
1919	60.117	725.515
1920	60.1533	725.448
1921	60.1908	725.422
1922	60.2271	725.248
1923	60.2637	724.951
1924	60.3005	724.73
1925	60.3369	723.038
1927	60.4104	722.943
1928	60.4473	719.14
1929	60.4852	718.934
1930	60.5221	718.809
1931	60.5653	718.788
1932	60.6357	716.733
1933	60.6826	716.37
1934	60.7193	716.327
1935	60.7571	715.765
1936	60.7945	715.275
1937	60.8325	714.911
1938	60.8691	714.66
1939	60.9063	714.512
1940	60.9432	714.509
1941	60.9803	714.446
1942	61.0169	714.372
1943	61.0535	714.307
1944	61.0898	714.298
1945	61.1321	714.256
1947	61.2115	711.395
1948	61.2501	711.211
1949	61.2869	711.141
1950	61.3235	710.736
1951	61.3614	710.671
1952	61.398	710.657
1953	61.4359	710.596
1954	61.473	710.474
1955	61.5095	710.166
1956	61.5459	710.13
1957	61.5829	710.062
1958	61.6195	709.952
1959	61.6566	709.606
1960	61.6934	709.511
1961	61.736	709.506
1962	61.7783	709.302
1963	61.8155	709.3
1964	61.8524	709.262
1965	61.8896	709.164
1966	61.9263	708.194
1968	62.001	708.15
1969	62.0382	707.941
1970	62.0756	707.937
1972	62.1499	707.715
1973	62.1866	707.691
1974	62.2236	707.394
1975	62.2608	706.94
1976	62.3015	703.483
1977	62.3439	703.303
1979	62.4209	703.298
1981	62.4955	703.24
1982	62.5328	703.238
1983	62.5698	702.889
1984	62.6072	702.505
1985	62.6436	702.135
1986	62.68	702.032
1987	62.7174	701.993
1988	62.7565	701.072
1989	62.7932	701.023
1990	62.8352	697.363
1991	62.8767	697.305
1992	62.9133	696.54
1993	62.9502	696.517
1994	62.9868	696.433
1995	63.0236	696.404
1996	63.0604	696.33
1997	63.0982	695.919
1998	63.1348	695.884
1999	63.1713	695.845
2000	63.2083	695.543
2001	63.245	695.522
2002	63.2856	695.476
2003	63.3296	695.474
2005	63.4041	695.438
2006	63.4414	695.374
2007	63.4779	695.04
2008	63.5158	695.031
2010	63.5889	694.98
2011	63.626	694.879
2012	63.6633	692.705
2013	63.7004	692.694
2016	63.8126	692.648
2018	63.8876	692.49
2021	63.9986	692.483
2023	64.0711	692.298
2024	64.1076	692.29
2025	64.1433	692.268
2026	64.179	692.191
2027	64.215	692.155
2028	64.2506	692.144
2029	64.2864	689.827
2030	64.3224	689.819
2032	64.3944	689.207
2033	64.4304	689.169
2034	64.4667	689.164
2035	64.5029	688.747
2036	64.5391	685.666
2038	64.6143	685.621
2039	64.6506	685.544
2040	64.6864	685.518
2041	64.7236	684.835
2042	64.7607	684.795
2043	64.7982	684.752
2044	64.8356	684.741
2045	64.8728	684.729
2047	64.949	684.601
2048	64.9859	684.432
2049	65.0216	684.318
2050	65.0587	684.072
2051	65.095	683.947
2053	65.168	683.944
2054	65.2043	683.504
2055	65.2403	683.502
2056	65.2771	681.486
2057	65.3131	681.437
2058	65.3492	681.301
2059	65.3859	681.295
2060	65.4221	680.386
2062	65.4955	680.329
2064	65.5714	680.323
2067	65.7	680.243
2068	65.7365	680.169
2069	65.7735	679.749
2070	65.8099	679.738
2071	65.8459	679.293
2072	65.8827	679.155
2073	65.9189	679.144
2074	65.9559	679.012
2075	65.992	678.967
2076	66.0285	676.879
2077	66.0657	671.803
2079	66.1442	671.059
2081	66.2196	670.918
2082	66.2581	670.54
2083	66.2969	670.525
2085	66.3709	669.538
2086	66.4098	669.318
2087	66.4489	669.316
2088	66.4865	668.996
2090	66.5621	668.968
2091	66.6026	668.258
2092	66.6475	668.228
2093	66.6939	667.895
2095	66.7819	667.682
2096	66.8198	667.164
2099	66.9344	667.12
2100	66.9717	666.944
2102	67.0482	666.941
2103	67.0881	666.876
2104	67.1252	665.159
2105	67.1623	664.709
2106	67.2012	664.698
2108	67.2776	664.599
2109	67.3147	664.408
2110	67.3536	664.27
2111	67.3917	661.298
2112	67.4294	660.875
2113	67.4685	660.522
2114	67.5063	660.441
2115	67.5438	660.344
2116	67.5817	660.308
2117	67.6192	659.821
2118	67.6567	659.423
2119	67.6951	658.962
2120	67.7323	658.96
2123	67.8456	658.814
2127	67.9967	658.723
2128	68.0344	654.735
2130	68.1106	654.609
2131	68.1484	654.397
2132	68.1869	653.938
2133	68.224	653.615
2135	68.2984	653.611
2136	68.3354	653.609
2137	68.3722	653.502
2138	68.4089	653.139
2140	68.4831	653.023
2142	68.5581	652.925
2145	68.6686	652.828
2146	68.7059	652.813
2147	68.7431	652.8
2148	68.7803	652.75
2149	68.8174	652.736
2150	68.8547	652.722
2151	68.8918	652.545
2153	68.9662	651.339
2154	69.0035	650.859
2155	69.0406	650.805
2156	69.0781	650.802
2157	69.1153	650.793
2158	69.1522	650.771
2161	69.2672	650.769
2162	69.3052	650.19
2163	69.3435	649.274
2164	69.3804	649.139
2165	69.4178	648.618
2166	69.4561	648.552
2167	69.4935	648.505
2168	69.5311	645.899
2169	69.5697	645.75
2170	69.6078	645.65
2171	69.6449	645.648
2172	69.682	644.097
2173	69.7193	643.941
2174	69.7574	643.592
2175	69.7942	643.351
2176	69.8316	642.927
2177	69.8684	642.728
2178	69.9046	642.333
2179	69.9414	642.228
2180	69.9779	642.218
2181	70.0149	642.208
2182	70.052	642.144
2183	70.0888	642.134
2184	70.1256	642.114
2185	70.1641	642.092
2186	70.2097	642.061
2187	70.2503	641.643
2188	70.3099	641.545
2189	70.3642	641.511
2190	70.4008	641.445
2191	70.4396	641.431
2193	70.5155	641.312
2194	70.5541	641.234
2195	70.5922	640.964
2196	70.629	640.849
2197	70.6667	640.796
2198	70.7042	640.706
2199	70.7417	640.284
2200	70.7788	640.227
2201	70.8156	640.222
2202	70.8534	640.113
2203	70.8901	640.108
2204	70.9276	640.104
2206	71.003	636.883
2207	71.0404	636.881
2209	71.1157	636.759
2210	71.1531	636.75
2212	71.2268	636.705
2213	71.2641	636.699
2214	71.301	636.432
2215	71.3377	636.247
2216	71.3827	635.194
2217	71.4276	634.705
2218	71.4677	634.62
2219	71.5056	634.616
2220	71.5429	634.19
2221	71.5802	634.15
2222	71.6178	633.926
2223	71.6547	633.734
2224	71.6917	633.356
2225	71.7289	633.125
2226	71.7668	633.042
2227	71.8048	633.031
2228	71.8422	632.711
2229	71.88	632.667
2230	71.9171	632.312
2231	71.9544	632.243
2232	71.9917	631.607
2233	72.0287	631.587
2234	72.0664	631.519
2235	72.1033	631.287
2236	72.141	631.234
2237	72.1786	630.926
2238	72.2162	630.857
2239	72.2536	630.837
2240	72.2911	630.716
2241	72.3279	630.535
2242	72.3651	630.398
2243	72.4066	630.388
2245	72.4809	630.221
2246	72.5183	630.177
2247	72.5566	630.118
2248	72.5948	630.106
2250	72.6706	630.101
2251	72.7079	630.039
2252	72.7455	629.856
2253	72.783	629.817
2256	72.8943	629.776
2258	72.9688	629.7
2259	73.0058	629.61
2263	73.1582	629.519
2264	73.1961	629.516
2265	73.234	629.494
2266	73.2711	629.43
2267	73.3082	629.402
2268	73.3457	629.335
2269	73.3833	628.138
2270	73.4204	628.118
2272	73.4964	627.833
2273	73.5481	627.8
2276	73.7323	626.175
2277	73.7738	626.102
2278	73.8113	625.725
2279	73.849	625.658
2280	73.8874	625.632
2281	73.9244	625.459
2282	73.9626	625.423
2283	73.9995	625.337
2284	74.0378	625.211
2285	74.0762	625.101
2287	74.1543	625.034
2288	74.1928	624.97
2289	74.2316	624.923
2290	74.2693	624.831
2291	74.3073	624.8
2292	74.3451	624.76
2293	74.383	624.629
2294	74.4207	624.347
2295	74.4596	623.772
2296	74.5025	621.973
2297	74.5451	621.962
2298	74.5839	621.424
2300	74.6614	620.671
2301	74.6993	620.67
2302	74.7416	620.662
2304	74.8378	620.474
2305	74.8819	620.467
2306	74.9217	620.456
2307	74.961	620.441
2309	75.0388	620.248
2310	75.077	620.233
2311	75.1147	620.134
2313	75.1913	620.031
2314	75.229	618.677
2315	75.2678	618.663
2316	75.3062	617.607
2317	75.3442	614.008
2319	75.4213	613.619
2322	75.5353	613.436
2323	75.5735	613.349
2326	75.6884	613.203
2327	75.7268	613.202
2328	75.7654	613.097
2329	75.8046	613.067
2330	75.8444	613.052
2331	75.8822	612.402
2332	75.9203	612.375
2333	75.9583	612.06
2335	76.0356	611.9
2336	76.0738	611.318
2337	76.112	611.263
2338	76.1506	611.199
2339	76.1884	611.166
2340	76.2269	610.973
2343	76.3418	610.95
2347	76.495	610.65
2348	76.5337	610.646
2350	76.6101	610.541
2351	76.648	608.952
2352	76.6866	608.805
2353	76.7313	608.279
2354	76.7781	607.1
2355	76.8234	606.943
2356	76.8663	606.936
2357	76.9067	606.86
2358	76.9445	606.601
2359	76.9891	606.521
2360	77.027	606.507
2363	77.1508	606.475
2367	77.307	606.329
2368	77.3448	595.376
2369	77.384	595.365
2370	77.4218	595.276
2371	77.4595	594.73
2372	77.4973	594.33
2373	77.5349	594.271
2374	77.6235	594.259
2375	77.6645	594.229
2376	77.7031	594.203
2378	77.7787	594.17
2379	77.8161	594.161
2380	77.8538	594.007
2381	77.8924	593.989
2382	77.93	593.912
2384	78.0057	593.799
2385	78.0439	593.468
2387	78.1194	593.458
2388	78.157	593.305
2389	78.1945	593.286
2390	78.2319	593.274
2391	78.2693	593.244
2392	78.3072	593.23
2393	78.3451	589.776
2394	78.3825	589.527
2396	78.4576	589.498
2398	78.5328	589.419
2399	78.5705	589.392
2400	78.6079	588.741
2401	78.6457	588.722
2402	78.6831	588.319
2403	78.7214	588.135
2404	78.7593	588.037
2405	78.7972	587.597
2406	78.8349	587.589
2407	78.8731	587.509
2408	78.9112	586.376
2409	78.9484	586.163
2410	78.9861	586.081
2411	79.0237	586.049
2412	79.0612	584.788
2413	79.0989	584.705
2414	79.1366	584.552
2415	79.174	584.45
2416	79.2116	584.25
2417	79.2496	584.15
2418	79.2878	583.745
2419	79.3259	583.725
2420	79.3634	583.688
2421	79.4016	583.502
2422	79.4396	583.328
2423	79.477	583.294
2425	79.5528	583.252
2426	79.5911	583.106
2427	79.629	582.836
2429	79.7045	582.8
2430	79.742	582.74
2431	79.7808	582.599
2433	79.8576	582.323
2434	79.8959	582.14
2435	79.9335	581.946
2436	79.9711	581.941
2437	80.0088	581.936
2438	80.0471	581.763
2439	80.0848	581.411
2440	80.1225	581.363
2441	80.162	581.357
2442	80.201	581.248
2444	80.2762	581.209
2445	80.3148	581.205
2446	80.3534	580.935
2449	80.4672	580.853
2450	80.5048	580.841
2452	80.5818	580.786
2453	80.6196	580.782
2454	80.6576	580.679
2455	80.6954	580.309
2456	80.733	579.432
2457	80.7707	579.4
2459	80.848	579.396
2460	80.886	578.387
2461	80.9241	578.357
2463	81.0002	578.163
2464	81.0389	578.095
2465	81.0771	577.952
2466	81.1149	577.871
2467	81.1535	577.871
2468	81.192	577.788
2469	81.2301	577.765
2470	81.2682	577.198
2471	81.3063	577.159
2472	81.3449	576.573
2474	81.4213	576.505
2476	81.4971	576.428
2477	81.5356	576.306
2478	81.5735	576.3
2479	81.6113	576.233
2480	81.6498	576.076
2481	81.6878	575.802
2482	81.7257	575.802
2483	81.7641	575.798
2485	81.8407	575.671
2486	81.8793	575.651
2487	81.9171	575.479
2488	81.955	575.46
2489	81.994	575.393
2490	82.0316	575.342
2491	82.0708	575.332
2492	82.1108	575.301
2493	82.1495	575.206
2496	82.2658	575.198
2498	82.3436	575.037
2499	82.3845	574.982
2500	82.4237	574.982
2501	82.4633	574.975
2502	82.5028	574.945
2503	82.5423	574.857
2504	82.5817	574.834
2505	82.6207	574.828
2506	82.6595	574.825
2507	82.6986	574.807
2508	82.7383	574.795
2509	82.7778	573.807
2512	82.8951	572.77
2513	82.9339	572.769
2516	83.0505	569.53
2518	83.1277	569.509
2520	83.2056	569.472
2521	83.2444	569.246
2522	83.2833	569.068
2523	83.3229	568.988
2524	83.3624	568.916
2525	83.4033	568.749
2526	83.4435	568.733
2527	83.4827	568.546
2528	83.5225	568.493
2529	83.5616	568.389
2530	83.6005	568.359
2534	83.7567	568.262
2535	83.796	568.169
2536	83.8349	566.813
2537	83.8744	566.764
2538	83.9135	566.633
2539	83.9525	566.633
2540	83.9913	565.988
2542	84.0698	565.967
2545	84.1877	565.955
2550	84.3801	565.872
2551	84.4185	565.144
2553	84.4953	565.049
2554	84.5336	565.045
2555	84.573	565.038
2556	84.6126	564.041
2557	84.6514	560.379
2559	84.7271	560.174
2561	84.804	560.161
2562	84.8421	560.053
2563	84.88	559.985
2566	84.9964	559.89
2567	85.0349	559.888
2568	85.0731	559.864
2570	85.1493	559.848
2571	85.1875	559.174
2573	85.2643	559.075
2575	85.34	559.025
2576	85.3784	557.226
2577	85.4167	556.97
2578	85.4548	556.89
2579	85.4935	556.88
2580	85.533	556.851
2584	85.6863	556.8
2585	85.7242	556.685
2586	85.7628	556.463
2587	85.8007	556.261
2588	85.8388	556.247
2589	85.8768	556.122
2590	85.916	556.021
2591	85.9547	555.018
2593	86.0305	554.501
2594	86.0692	554.497
2595	86.1076	554.394
2596	86.1455	554.388
2597	86.1846	554.359
2599	86.261	554.296
2600	86.2988	554.285
2601	86.337	553.186
2603	86.4146	553.175
2607	86.5686	553.158
2608	86.6067	547.252
2609	86.6458	547.244
2610	86.684	547.161
2611	86.7223	546.82
2612	86.7624	546.515
2613	86.8014	546.505
2615	86.8781	546.501
2617	86.9554	546.338
2620	87.0702	546.243
2621	87.1087	546.231
2622	87.1468	546.224
2627	87.3384	546.208
2628	87.3766	546.2
2629	87.4156	546.196
2632	87.5302	546.192
2633	87.5689	545.994
2634	87.6074	545.833
2635	87.6462	545.632
2636	87.6844	545.628
2638	87.7608	545.594
2639	87.7989	545.571
2640	87.8373	545.512
2642	87.9144	545.437
2643	87.9527	545.366
2644	87.9909	545.32
2645	88.0292	544.959
2647	88.1056	544.937
2648	88.1437	544.163
2649	88.1821	544.111
2650	88.2205	544.056
2651	88.2587	544.047
2652	88.2968	543.785
2653	88.335	543.604
2654	88.373	543.538
2655	88.4122	543.459
2656	88.4502	543.227
2657	88.4886	543.191
2658	88.5274	542.882
2659	88.5655	542.681
2660	88.604	542.675
2661	88.6428	542.666
2662	88.6821	542.63
2663	88.7206	542.623
2665	88.7986	542.601
2666	88.8368	542.56
2667	88.8756	542.316
2668	88.9166	542.313
2669	88.9565	542.295
2670	88.9952	542.283
2671	89.0343	542.273
2672	89.0727	542.268
2673	89.1114	542.026
2674	89.1502	541.639
2675	89.1884	541.466
2677	89.2666	541.464
2678	89.3047	541.395
2679	89.3436	541.197
2680	89.3828	541.185
2681	89.4221	541.181
2682	89.4605	541.031
2683	89.4988	541.023
2684	89.5371	541.006
2686	89.6144	540.873
2689	89.7293	540.817
2691	89.8062	540.781
2692	89.8444	540.73
2693	89.8837	540.728
2694	89.9225	540.442
2695	89.9612	540.253
2696	90	539.935
2697	90.0383	539.755
2698	90.0768	539.738
2699	90.1159	539.735
2700	90.1548	539.46
2701	90.1935	539.452
2703	90.2715	539.308
2705	90.3492	539.149
2706	90.3878	539.064
2708	90.4669	539.035
2710	90.5446	538.224
2711	90.5839	538.195
2712	90.6234	537.74
2714	90.7025	537.688
2717	90.8204	537.635
2718	90.8599	537.631
2719	90.8992	537.577
2720	90.9381	537.453
2721	90.9773	537.286
2722	91.017	537.278
2723	91.0559	537.277
2725	91.1363	537.111
2726	91.1756	537.037
2727	91.2148	536.998
2728	91.2543	536.988
2731	91.3715	536.878
2732	91.4106	536.827
2733	91.4499	536.737
2735	91.5317	536.736
2736	91.5739	536.73
2738	91.6532	536.702
2739	91.6931	536.69
2740	91.7332	536.683
2743	91.8506	536.632
2744	91.8895	536.631
2745	91.9289	536.62
2748	92.045	536.604
2749	92.0847	535.941
2750	92.1236	535.936
2752	92.2019	535.275
2753	92.2413	535.264
2756	92.3591	534.851
2757	92.3986	534.829
2758	92.4379	534.409
2760	92.5157	534.362
2761	92.555	534.1
2762	92.5937	533.973
2763	92.6327	533.928
2764	92.6716	533.875
2765	92.7106	533.538
2767	92.7891	533.509
2768	92.8278	533.453
2769	92.8674	533.342
2770	92.9067	533.339
2771	92.9461	533.303
2772	92.9851	533.244
2773	93.0245	533.23
2774	93.0636	533.155
2776	93.1417	532.487
2778	93.2209	532.285
2780	93.3013	532.109
2782	93.3812	532.066
2783	93.4204	532.045
2784	93.4605	531.467
2785	93.4989	531.461
2789	93.6546	531.406
2790	93.6935	531.351
2793	93.8092	531.323
2794	93.8481	531.301
2795	93.8871	531.297
2796	93.9258	530.832
2797	93.9642	528.206
2799	94.0422	527.971
2801	94.1201	527.966
2802	94.1592	527.874
2803	94.1977	527.651
2806	94.3138	527.559
2809	94.4297	527.531
2810	94.4689	527.518
2811	94.5072	527.443
2813	94.5844	527.306
2814	94.6229	527.295
2815	94.6619	527.261
2816	94.7008	526.961
2817	94.7401	526.808
2819	94.8178	526.754
2820	94.8568	526.734
2821	94.8955	526.541
2822	94.9344	526.529
2824	95.0115	526.482
2826	95.0897	526.457
2827	95.1289	526.259
2828	95.1674	526.252
2829	95.206	526.252
2830	95.2452	526.194
2831	95.2837	525.214
2833	95.3613	525.174
2835	95.4394	525.143
2836	95.4797	525.126
2837	95.5194	525.098
2839	95.598	525.065
2848	95.9478	523.931
2850	96.0243	523.892
2851	96.0621	523.579
2852	96.1007	523.45
2853	96.1396	523.426
2856	96.2534	523.41
2860	96.4046	523.383
2861	96.4427	523.022
2862	96.4806	522.689
2866	96.6332	522.678
2867	96.6712	522.668
2868	96.7094	522.589
2869	96.7472	522.58
2870	96.785	522.571
2873	96.8991	522.443
2874	96.9368	522.264
2875	96.9751	522.085
2876	97.0128	522.078
2877	97.0508	522.04
2878	97.0887	522.002
2880	97.1655	521.916
2885	97.3568	521.3
2886	97.3958	521.292
2887	97.4343	521.179
2888	97.4722	521.019
2889	97.5293	520.698
2890	97.6047	520.636
2891	97.6584	520.591
2892	97.6982	520.183
2893	97.7397	520.173
2894	97.7865	520.12
2895	97.8315	518.552
2896	97.8758	518.369
2897	97.9203	518.122
2898	97.9705	518.027
2899	98.0261	517.979
2900	98.0675	517.969
2901	98.1057	517.944
2902	98.1442	517.924
2904	98.2212	517.924
2905	98.2596	517.904
2906	98.2984	517.874
2907	98.3372	517.576
2909	98.4152	517.562
2911	98.4923	517.552
2912	98.531	517.548
2913	98.5699	515.058
2914	98.6092	514.702
2915	98.6482	514.598
2916	98.687	514.582
2918	98.7649	514.55
2919	98.8041	514.184
2920	98.8427	514.155
2921	98.8819	514.145
2922	98.9202	514.025
2923	98.9587	513.973
2924	98.9969	513.947
2926	99.0745	513.814
2927	99.1133	513.812
2928	99.1519	513.81
2929	99.1909	513.744
2930	99.2299	513.742
2932	99.3081	513.698
2934	99.3855	513.335
2935	99.424	513.111
2936	99.4627	512.358
2937	99.501	512.135
2938	99.5396	512.069
2939	99.5792	512.067
2940	99.6181	511.686
2941	99.6568	511.678
2943	99.7354	511.628
2945	99.8144	511.617
2946	99.8544	511.55
2947	99.8939	511.538
2948	99.9327	511.307
2949	99.9723	511.285
2950	100.011	510.897
2951	100.05	510.861
2952	100.089	508.432
2954	100.167	508.382
2958	100.324	508.381
2959	100.365	508.344
2960	100.404	508.069
2962	100.483	508.064
2963	100.522	508.061
2965	100.599	508.034
2966	100.638	508.011
2967	100.677	507.969
2968	100.716	507.961
2969	100.755	507.91
2970	100.794	507.909
2971	100.832	507.865
2972	100.872	507.835
2976	101.027	507.721
2978	101.105	507.704
2979	101.144	507.661
2980	101.182	507.64
2982	101.258	507.592
2983	101.296	507.474
2984	101.335	507.47
2985	101.373	507.463
2986	101.412	507.452
2987	101.45	507.055
2988	101.488	507.023
2989	101.527	506.426
2990	101.566	506.415
2992	101.643	505.843
2993	101.682	505.838
2996	101.797	505.551
2998	101.874	505.549
2999	101.912	505.519
3000	101.951	505.498
3001	101.991	505.454
3002	102.031	505.35
3003	102.07	504.251
3004	102.108	504.239
3005	102.147	502.903
3007	102.225	502.889
3008	102.263	502.837
3009	102.302	502.762
3010	102.341	502.725
3011	102.381	502.715
3012	102.419	502.697
3013	102.458	502.436
3014	102.497	502.3
3015	102.535	502.234
3016	102.574	501.658
3018	102.652	501.556
3020	102.729	501.367
3021	102.768	501.344
3022	102.807	501.332
3025	102.923	501.326
3026	102.961	501.284
3028	103.038	501.267
3030	103.116	501.245
3031	103.155	501.055
3033	103.232	501.025
3034	103.27	500.98
3035	103.309	500.979
3036	103.348	500.623
3037	103.388	498.568
3041	103.543	498.567
3042	103.582	498.51
3043	103.622	498.506
3044	103.66	498.503
3045	103.699	498.235
3046	103.738	498.161
3048	103.815	498.135
3049	103.855	498.032
3050	103.894	498.024
3051	103.932	498.003
3053	104.01	497.883
3055	104.087	497.82
3056	104.127	497.464
3059	104.245	497.436
3061	104.323	497.374
3062	104.362	497.212
3064	104.439	497.208
3065	104.478	497.178
3066	104.518	497.151
3068	104.595	497.115
3069	104.634	497.104
3070	104.673	497.052
3071	104.712	496.396
3074	104.829	496.358
3075	104.868	496.325
3076	104.907	496.318
3077	104.946	496.3
3078	104.984	496.251
3079	105.023	496.131
3080	105.062	496.13
3088	105.376	495.624
3090	105.454	495.283
3091	105.493	495.242
3092	105.532	495.081
3093	105.571	495.068
3095	105.649	495.059
3097	105.727	494.255
3099	105.806	494.255
3100	105.846	493.889
3101	105.884	493.539
3102	105.924	493.507
3103	105.963	493.44
3104	106.002	493.372
3107	106.119	493.365
3108	106.159	493.36
3109	106.199	493.358
3113	106.361	493.311
3114	106.4	493.253
3116	106.481	493.23
3117	106.52	493.189
3118	106.559	493.118
3119	106.6	491.039
3121	106.679	491.036
3122	106.719	491.002
3123	106.758	490.903
3125	106.837	490.585
3126	106.877	490.48
3127	106.917	490.276
3128	106.957	490.178
3129	106.996	490.165
3130	107.036	490.11
3131	107.076	490.092
3132	107.115	489.989
3133	107.155	489.939
3134	107.195	489.745
3136	107.274	489.601
3137	107.314	489.532
3138	107.355	489.4
3139	107.395	489.389
3140	107.434	489.384
3141	107.474	489.372
3142	107.513	489.271
3143	107.553	489.195
3145	107.632	489.175
3146	107.672	489.139
3147	107.713	489.025
3150	107.831	489.023
3152	107.912	489.004
3153	107.953	488.937
3154	108.018	488.751
3155	108.059	488.685
3158	108.178	488.673
3159	108.218	488.622
3160	108.258	488.603
3161	108.298	488.597
3162	108.337	488.484
3163	108.376	488.449
3164	108.416	488.431
3165	108.455	488.429
3166	108.496	488.357
3169	108.616	487.912
3170	108.655	487.91
3172	108.734	487.884
3173	108.774	487.877
3174	108.813	487.76
3176	108.893	487.438
3177	108.932	487.409
3178	108.972	487.221
3179	109.011	487.213
3180	109.051	486.978
3181	109.091	486.969
3182	109.131	486.965
3183	109.17	486.942
3184	109.209	486.933
3185	109.249	486.577
3186	109.288	486.486
3187	109.327	486.466
3188	109.367	486.437
3189	109.406	486.423
3190	109.446	486.16
3191	109.485	486.139
3192	109.525	486.01
3194	109.604	485.987
3196	109.683	484.893
3198	109.761	484.892
3199	109.801	484.859
3200	109.84	484.807
3201	109.88	484.71
3202	109.919	484.7
3205	110.035	484.175
3206	110.074	484.162
3207	110.113	484.133
3209	110.191	483.984
3210	110.231	483.983
3213	110.349	483.978
3215	110.428	483.956
3216	110.467	483.938
3219	110.584	483.928
3223	110.742	483.888
3224	110.782	483.883
3225	110.821	483.873
3226	110.861	483.858
3227	110.901	483.796
3228	110.939	483.773
3229	110.979	483.36
3230	111.018	483.329
3232	111.097	482.928
3233	111.137	482.907
3236	111.254	480.933
3240	111.41	480.923
3241	111.45	480.874
3242	111.489	480.577
3243	111.529	479.652
3244	111.568	479.65
3247	111.687	479.635
3248	111.726	479.626
3249	111.765	479.518
3250	111.804	479.348
3251	111.844	479.202
3252	111.885	479.15
3253	111.924	478.609
3254	111.964	478.559
3255	112.003	478.551
3256	112.042	478.198
3257	112.081	478.195
3258	112.12	478.057
3260	112.198	477.885
3264	112.356	477.88
3270	112.591	477.845
3273	112.709	477.843
3277	112.868	476.237
3279	112.949	476.103
3282	113.066	476.019
3283	113.105	476.011
3286	113.222	475.998
3287	113.262	475.993
3288	113.302	475.982
3289	113.341	475.96
3290	113.38	475.75
3294	113.537	475.731
3295	113.576	475.678
3296	113.615	474.216
3297	113.654	474.183
3299	113.732	474.057
3301	113.811	474.035
3302	113.85	473.834
3304	113.928	473.825
3306	114.008	473.749
3307	114.047	472.996
3308	114.086	472.981
3309	114.126	472.971
3311	114.205	472.305
3314	114.323	472.301
3315	114.363	472.273
3318	114.48	472.211
3319	114.519	472.19
3323	114.677	472.175
3327	114.834	472.171
3328	114.874	471.681
3330	114.953	471.284
3331	114.992	471.173
3332	115.032	471.044
3333	115.072	471.027
3335	115.152	471.023
3336	115.191	471.013
3339	115.31	471.012
3340	115.349	470.741
3341	115.388	470.665
3342	115.428	470.637
3343	115.467	470.629
3344	115.507	470.525
3346	115.585	470.498
3348	115.665	470.483
3354	115.902	469.86
3356	115.981	469.836
3357	116.021	469.835
3358	116.06	469.818
3359	116.099	469.639
3361	116.178	469.623
3362	116.217	469.576
3363	116.257	469.534
3365	116.336	469.235
3366	116.374	469.197
3367	116.414	469.001
3368	116.454	468.925
3369	116.493	468.921
3370	116.533	468.87
3371	116.572	468.85
3372	116.618	468.794
3373	116.703	468.77
3374	116.743	468.707
3375	116.782	468.684
3376	116.823	468.558
3377	116.863	468.54
3378	116.902	468.516
3379	116.942	468.443
3380	116.981	468.429
3382	117.061	468.354
3383	117.101	468.342
3384	117.14	468.342
3387	117.259	468.206
3388	117.3	468.204
3389	117.339	468.173
3390	117.379	468.171
3391	117.419	468.069
3392	117.458	468.016
3393	117.498	467.886
3394	117.538	467.642
3395	117.577	467.59
3396	117.617	467.544
3399	117.751	467.466
3400	117.793	467.457
3401	117.833	467.455
3402	117.876	467.282
3403	117.92	467.254
3404	117.962	467.232
3405	118.002	467.22
3406	118.041	467.2
3407	118.081	467.195
3408	118.121	467.168
3409	118.16	467.074
3410	118.199	467.07
3412	118.278	467.031
3413	118.317	467.028
3414	118.357	466.983
3415	118.397	466.97
3416	118.437	466.816
3417	118.476	466.8
3418	118.515	466.765
3419	118.555	466.762
3420	118.594	466.618
3421	118.634	466.613
3423	118.713	466.593
3424	118.752	466.558
3425	118.792	466.369
3426	118.831	466.283
3427	118.871	466.283
3428	118.91	466.278
3429	118.95	466.25
3430	118.989	466.011
3431	119.029	465.918
3432	119.079	465.798
3433	119.162	465.796
3434	119.201	465.773
3436	119.28	465.682
3437	119.32	465.602
3438	119.36	465.601
3439	119.399	465.582
3440	119.44	465.559
3442	119.521	465.553
3443	119.56	465.553
3445	119.639	465.423
3446	119.679	465.423
3447	119.719	465.402
3448	119.758	465.4
3449	119.798	465.326
3450	119.838	465.323
3451	119.878	465.109
3452	119.918	465.089
3453	119.957	465.075
3456	120.075	464.996
3459	120.195	464.972
3463	120.353	464.928
3464	120.392	464.922
3465	120.432	464.913
3466	120.472	464.903
3467	120.511	464.852
3468	120.551	464.837
3469	120.59	464.59
3470	120.63	464.179
3472	120.709	463.907
3473	120.749	463.895
3474	120.789	463.836
3476	120.868	462.215
3479	120.987	462.122
3480	121.027	462.097
3481	121.067	461.901
3482	121.107	461.767
3483	121.146	461.577
3484	121.185	461.571
3485	121.225	461.528
3487	121.305	461.516
3488	121.345	461.499
3489	121.384	461.422
3490	121.424	461.37
3491	121.464	461.105
3492	121.504	461.047
3493	121.543	460.983
3495	121.623	460.963
3496	121.664	460.83
3497	121.703	460.823
3498	121.744	460.724
3500	121.823	460.724
3504	121.981	460.715
3505	122.021	460.702
3506	122.06	460.651
3510	122.22	460.637
3515	122.417	460.633
3516	122.458	460.293
3517	122.497	458.882
3519	122.576	458.877
3521	122.656	458.875
3522	122.695	458.831
3524	122.774	458.817
3525	122.814	458.805
3526	122.854	458.791
3527	122.893	458.755
3529	122.973	458.736
3530	123.012	458.592
3531	123.052	458.59
3533	123.132	458.519
3534	123.171	458.51
3535	123.211	458.497
3536	123.25	458.351
3537	123.29	458.041
3539	123.369	457.965
3540	123.408	457.96
3542	123.486	457.866
3544	123.566	457.866
3546	123.645	457.813
3548	123.724	457.8
3549	123.764	457.745
3551	123.845	457.273
3554	123.965	457.248
3555	124.004	457.24
3560	124.202	457.237
3563	124.32	457.229
3566	124.439	457.225
3568	124.519	457.189
3570	124.598	457.084
3571	124.639	457.067
3572	124.678	456.98
3573	124.718	456.972
3576	124.836	456.963
3577	124.875	456.911
3579	124.954	456.895
3580	124.994	456.806
3581	125.033	456.796
3583	125.112	456.788
3587	125.269	456.782
3588	125.309	456.771
3589	125.348	456.77
3592	125.468	456.758
3594	125.546	455.191
3596	125.626	455.186
3597	125.666	455.158
3598	125.706	455.131
3599	125.746	455.053
3600	125.786	454.255
3601	125.826	454.246
3602	125.865	454.228
3603	125.904	454.19
3604	125.944	454.188
3605	125.984	453.894
3606	126.025	453.836
3607	126.065	453.675
3608	126.105	453.627
3609	126.145	453.447
3610	126.184	453.389
3611	126.223	453.377
3614	126.341	453.33
3615	126.38	453.303
3616	126.419	453.216
3617	126.459	453.207
3619	126.539	453.19
3620	126.578	453.189
3622	126.657	453.138
3623	126.696	453.136
3626	126.815	453.131
3627	126.855	453.034
3629	126.934	453.019
3630	126.974	453.017
3631	127.013	453.003
3632	127.053	452.952
3633	127.093	452.918
3634	127.133	452.713
3636	127.211	452.708
3639	127.33	452.656
3640	127.37	452.646
3641	127.409	452.645
3642	127.449	452.542
3643	127.488	452.523
3644	127.528	452.491
3648	127.686	452.441
3649	127.725	452.398
3650	127.765	452.395
3651	127.805	452.389
3652	127.844	452.385
3653	127.884	452.383
3654	127.923	452.03
3656	128.001	451.933
3657	128.04	451.87
3659	128.116	451.864
3660	128.156	451.803
3661	128.195	451.789
3662	128.235	451.78
3663	128.273	451.772
3664	128.313	451.765
3665	128.352	451.538
3666	128.391	451.466
3667	128.43	451.459
3668	128.469	451.452
3670	128.546	451.323
3671	128.585	451.287
3672	128.623	451.225
3674	128.701	451.206
3676	128.778	451.065
3678	128.854	451.065
3679	128.893	451.051
3681	128.971	451.026
3682	129.01	450.933
3683	129.049	450.933
3684	129.087	450.918
3686	129.165	450.912
3687	129.204	450.902
3688	129.243	450.901
3689	129.281	450.88
3690	129.321	450.88
3691	129.359	450.859
3692	129.398	450.788
3699	129.668	450.776
3703	129.823	450.75
3704	129.862	450.75
3705	129.901	450.744
3707	129.978	450.729
3708	130.018	450.724
3709	130.056	450.484
3710	130.095	450.465
3712	130.172	450.454
3713	130.211	450.449
3716	130.328	447.354
3719	130.446	447.309
3720	130.486	447.29
3721	130.525	447.287
3722	130.564	447.154
3723	130.603	447.016
3727	130.759	447.011
3728	130.798	446.996
3729	130.837	446.924
3730	130.876	446.908
3731	130.915	446.899
3733	130.992	446.846
3735	131.07	446.843
3736	131.109	446.699
3738	131.187	446.643
3739	131.226	446.632
3741	131.303	446.632
3743	131.381	446.632
3744	131.42	446.626
3745	131.459	446.617
3746	131.499	446.567
3749	131.616	446.557
3751	131.695	446.451
3755	131.851	446.451
3757	131.928	445.447
3758	131.967	445.427
3759	132.007	445.39
3762	132.124	445.35
3763	132.163	445.329
3766	132.281	445.318
3767	132.32	445.191
3770	132.439	444.937
3771	132.478	444.923
3772	132.519	444.918
3773	132.559	444.771
3774	132.598	444.77
3775	132.637	444.285
3776	132.676	444.173
3779	132.794	444.063
3781	132.872	444.06
3782	132.91	443.966
3784	132.988	443.931
3785	133.027	443.927
3786	133.066	443.896
3788	133.144	443.889
3789	133.183	443.878
3791	133.261	443.626
3792	133.3	443.575
3793	133.339	443.567
3794	133.379	443.556
3795	133.418	442.914
3796	133.457	442.908
3802	133.693	442.902
3803	133.732	442.89
3807	133.889	442.884
3808	133.928	442.866
3809	133.967	442.86
3810	134.007	442.739
3811	134.046	442.714
3812	134.086	442.634
3813	134.125	442.618
3815	134.203	442.618
3818	134.321	442.594
3819	134.36	442.579
3820	134.401	442.55
3824	134.556	442.52
3825	134.596	442.467
3828	134.716	442.459
3829	134.755	442.458
3833	134.913	442.452
3834	134.952	442.304
3836	135.03	442.297
3837	135.069	442.266
3838	135.108	442.064
3839	135.148	442.02
3841	135.226	442.02
3842	135.265	441.981
3844	135.343	441.973
3845	135.383	441.793
3846	135.423	441.681
3847	135.463	441.528
3848	135.502	441.454
3849	135.541	441.445
3850	135.581	441.373
3851	135.619	441.371
3853	135.699	441.363
3854	135.738	441.315
3856	135.817	441.237
3858	135.896	441.234
3859	135.935	441.217
3860	135.974	441.217
3862	136.053	441.174
3863	136.093	441.156
3865	136.171	441.136
3866	136.211	441.131
3867	136.25	441.055
3869	136.328	441.052
3871	136.407	441.038
3872	136.446	441.023
3873	136.485	441.011
3874	136.524	440.799
3875	136.563	440.729
3876	136.603	440.674
3879	136.721	440.613
3881	136.799	440.612
3882	136.839	440.512
3883	136.88	440.51
3884	136.92	440.501
3886	136.999	440.453
3887	137.038	440.45
3888	137.078	440.417
3889	137.117	440.366
3890	137.157	440.362
3892	137.236	440.314
3893	137.275	440.309
3894	137.314	440.251
3896	137.392	440.19
3897	137.432	440.094
3899	137.51	440.085
3902	137.629	440.085
3903	137.668	440.084
3904	137.707	440.062
3905	137.747	439.921
3906	137.786	439.887
3908	137.865	439.832
3909	137.904	439.823
3910	137.944	439.641
3911	137.987	439.507
3912	138.03	439.452
3913	138.076	439.451
3914	138.116	439.44
3916	138.201	439.388
3918	138.28	439.388
3919	138.322	439.2
3921	138.408	439.194
3922	138.448	439.179
3926	138.607	439.153
3927	138.646	439.149
3928	138.685	439.147
3929	138.724	439.079
3930	138.764	439.078
3932	138.843	439.033
3933	138.882	439.014
3935	138.96	438.984
3936	139.001	438.982
3938	139.081	438.976
3939	139.12	438.947
3940	139.161	438.938
3941	139.2	438.937
3942	139.271	438.866
3943	139.314	438.849
3944	139.355	438.848
3945	139.395	438.841
3946	139.435	438.831
3947	139.474	438.808
3948	139.513	438.799
3949	139.553	438.43
3950	139.592	438.396
3952	139.671	438.248
3956	139.828	435.186
3957	139.868	435.088
3959	139.947	435.039
3960	139.986	435.03
3961	140.026	435.003
3962	140.065	434.916
3963	140.104	434.782
3967	140.262	434.757
3969	140.342	434.706
3970	140.382	434.705
3971	140.422	434.694
3972	140.462	434.684
3973	140.501	434.656
3975	140.58	434.655
3976	140.62	434.615
3977	140.659	434.607
3978	140.699	434.491
3979	140.738	434.446
3981	140.817	434.44
3983	140.896	434.411
3984	140.935	434.365
3986	141.014	434.35
3988	141.093	434.339
3989	141.132	434.244
3992	141.253	434.211
3993	141.293	434.21
3996	141.411	434.165
3997	141.451	432.193
3999	141.53	432.175
4000	141.57	432.175
4001	141.611	432.172
4002	141.65	432.139
4003	141.69	432.133
4005	141.769	432.113
4007	141.848	432.095
4010	141.967	432.056
4011	142.006	432.029
4012	142.046	432.026
4013	142.086	432.015
4015	142.165	431.807
4016	142.204	431.734
4017	142.244	431.612
4019	142.324	431.511
4022	142.443	431.484
4024	142.522	431.445
4025	142.561	431.428
4026	142.601	431.423
4028	142.681	431.421
4031	142.799	431.11
4033	142.878	431.101
4035	142.957	430.921
4036	142.997	430.92
4038	143.076	430.917
4039	143.116	430.916
4041	143.195	430.89
4047	143.437	430.887
4049	143.518	430.683
4050	143.558	430.64
4053	143.677	430.639
4054	143.716	430.638
4055	143.756	430.638
4058	143.875	430.301
4060	143.956	430.251
4061	143.996	430.239
4062	144.036	430.236
4067	144.233	430.235
4068	144.273	430.227
4069	144.313	430.225
4072	144.433	430.21
4074	144.512	430.171
4076	144.591	430.167
4078	144.67	430.153
4081	144.789	430.127
4082	144.83	430.121
4083	144.87	430.091
4084	144.91	430.074
4085	144.949	429.902
4086	144.989	429.809
4087	145.03	429.705
4088	145.069	429.609
4089	145.11	429.606
4090	145.149	429.553
4091	145.189	429.547
4094	145.308	429.504
4096	145.389	429.43
4099	145.509	429.426
4100	145.551	429.422
4101	145.591	429.415
4102	145.631	429.383
4103	145.671	429.271
4107	145.83	429.252
4110	145.949	429.249
4112	146.029	429.229
4113	146.069	429.193
4114	146.109	429.015
4115	146.148	428.939
4116	146.189	428.933
4117	146.229	428.926
4119	146.309	428.921
4122	146.428	428.871
4124	146.509	428.838
4126	146.589	428.797
4127	146.629	428.795
4129	146.708	428.731
4132	146.829	428.686
4133	146.869	428.68
4134	146.909	428.64
4136	146.989	428.583
4137	147.029	428.493
4139	147.108	428.487
4141	147.188	428.481
4145	147.349	428.367
4146	147.39	428.31
4147	147.431	428.292
4148	147.472	428.289
4150	147.554	428.167
4151	147.595	428.142
4152	147.636	428.115
4154	147.716	428.101
4156	147.798	428.035
4157	147.838	427.959
4158	147.879	427.958
4159	147.919	427.299
4161	147.999	427.289
4162	148.038	427.264
4165	148.157	427.223
4166	148.197	427.163
4167	148.237	427.162
4169	148.317	427.136
4170	148.358	427.135
4171	148.398	427.092
4172	148.438	427.06
4173	148.478	427.03
4178	148.677	427.027
4180	148.757	427.015
4182	148.836	427.013
4184	148.916	427.011
4185	148.957	427.008
4186	148.997	427.003
4187	149.037	426.972
4188	149.077	426.954
4189	149.116	426.784
4190	149.156	426.764
4192	149.237	426.757
4196	149.396	426.74
4197	149.436	426.728
4199	149.515	426.65
4200	149.556	426.645
4201	149.596	426.635
4202	149.635	426.581
4203	149.675	426.462
4207	149.835	426.46
4209	149.916	426.406
4210	149.956	426.394
4211	149.997	426.38
4212	150.038	426.379
4214	150.117	426.344
4215	150.157	426.338
4216	150.198	426.257
4218	150.277	425.65
4219	150.317	425.578
4221	150.397	425.53
4222	150.437	425.524
4223	150.477	425.476
4224	150.517	425.461
4226	150.597	425.456
4228	150.678	425.455
4229	150.718	425.447
4235	150.959	425.443
4236	150.998	425.411
4237	151.038	424.483
4238	151.078	424.471
4239	151.118	424.44
4241	151.198	424.44
4242	151.237	424.399
4247	151.438	424.396
4248	151.478	424.098
4249	151.52	424.087
4250	151.563	424.05
4252	151.644	424.05
4253	151.685	424.03
4254	151.725	424.02
4255	151.765	423.804
4256	151.805	423.753
4258	151.885	423.748
4260	151.965	423.744
4262	152.045	423.683
4265	152.167	423.67
4266	152.208	423.66
4269	152.328	423.638
4271	152.408	423.435
4273	152.488	423.412
4274	152.528	423.397
4275	152.567	423.096
4276	152.607	423.065
4277	152.647	423.049
4278	152.687	423.029
4279	152.726	423.026
4281	152.806	423.015
4287	153.044	422.998
4289	153.125	422.988
4290	153.164	422.955
4294	153.323	422.873
4295	153.364	422.87
4297	153.443	422.865
4298	153.483	422.84
4299	153.522	422.832
4300	153.562	422.797
4301	153.602	422.781
4303	153.683	422.764
4305	153.763	422.758
4306	153.803	422.757
4307	153.843	422.746
4308	153.883	422.736
4309	153.923	422.732
4310	153.963	422.727
4311	154.003	422.686
4312	154.044	422.654
4314	154.124	422.612
4317	154.243	422.598
4318	154.285	422.592
4319	154.326	422.581
4321	154.405	422.56
4322	154.446	422.553
4325	154.565	422.365
4326	154.605	422.336
4327	154.646	422.232
4328	154.686	422.224
4329	154.725	422.223
4330	154.766	422.177
4331	154.806	422.172
4333	154.885	422.163
4334	154.925	422.127
4335	154.966	422.125
4336	155.005	422.065
4337	155.045	422.065
4339	155.126	422.062
4340	155.166	422.057
4341	155.206	422.044
4343	155.286	421.985
4345	155.365	421.964
4349	155.524	421.961
4351	155.604	421.952
4352	155.644	421.93
4353	155.684	421.908
4354	155.724	421.795
4355	155.764	421.76
4356	155.803	421.737
4357	155.843	421.735
4359	155.923	421.724
4360	155.964	421.723
4361	156.003	421.721
4362	156.043	421.696
4364	156.122	421.684
4366	156.202	421.676
4367	156.242	421.675
4369	156.322	421.568
4370	156.361	421.565
4371	156.401	421.55
4372	156.441	421.533
4373	156.482	421.522
4374	156.523	421.243
4375	156.563	421.243
4378	156.683	421.227
4379	156.723	421.211
4380	156.764	421.21
4383	156.883	421.197
4385	156.962	421.092
4386	157.002	421.031
4387	157.042	421.028
4388	157.082	421.018
4389	157.122	421.008
4390	157.162	420.886
4391	157.202	420.868
4392	157.242	420.84
4394	157.323	420.829
4395	157.364	420.821
4396	157.403	420.783
4398	157.484	420.778
4399	157.524	420.736
4401	157.603	420.732
4403	157.684	420.731
4404	157.723	420.725
4406	157.803	420.705
4409	157.923	420.665
4410	157.962	420.664
4411	158.002	420.658
4412	158.042	420.611
4413	158.081	420.577
4415	158.161	420.572
4416	158.201	420.571
4418	158.281	420.559
4419	158.321	420.554
4421	158.403	420.551
4422	158.459	420.546
4424	158.552	420.545
4425	158.593	420.54
4426	158.633	420.536
4427	158.677	420.532
4428	158.718	420.524
4429	158.758	420.411
4430	158.802	420.41
4434	159.041	420.353
4435	159.082	420.346
4439	159.241	420.314
4440	159.281	420.297
4441	159.321	420.296
4442	159.363	420.282
4443	159.407	420.202
4444	159.454	420.195
4446	159.537	420.189
4447	159.577	420.179
4448	159.617	420.174
4449	159.656	420.138
4453	159.815	420.127
4455	159.896	420.124
4458	160.014	420.097
4459	160.052	420.058
4461	160.13	420.05
4466	160.326	420.041
4467	160.364	420.035
4468	160.404	420.022
4469	160.442	419.989
4475	160.676	419.988
4477	160.754	419.319
4481	160.913	419.317
4482	160.952	419.286
4483	160.991	419.285
4487	161.147	419.282
4488	161.186	419.256
4490	161.264	419.231
4493	161.382	419.218
4494	161.421	419.213
4495	161.46	419.03
4496	161.499	418.989
4499	161.616	418.989
4500	161.655	418.989
4502	161.735	418.983
4503	161.774	418.983
4504	161.813	418.981
4505	161.853	418.949
4506	161.892	418.928
4508	161.97	418.915
4511	162.088	418.782
4514	162.205	418.774
4515	162.245	418.727
4516	162.284	418.676
4517	162.323	418.606
4518	162.362	418.6
4521	162.48	418.595
4530	162.831	418.588
4532	162.91	418.543
4533	162.949	418.533
4539	163.185	418.532
4540	163.225	418.506
4541	163.265	418.444
4550	163.619	418.441
4551	163.658	418.426
4554	163.776	418.408
4558	163.933	418.405
4561	164.051	418.389
4565	164.208	418.236
4566	164.247	418.184
4567	164.287	418.128
4568	164.326	418.125
4569	164.366	418.12
4570	164.405	418.084
4571	164.445	418.081
4574	164.562	418.057
4576	164.642	418.018
4578	164.72	418.009
4579	164.759	418.009
4580	164.799	418.006
4581	164.838	418
4583	164.918	417.979
4584	164.957	417.977
4585	164.997	417.957
4589	165.157	417.956
4591	165.235	417.951
4593	165.314	417.781
4594	165.354	417.651
4596	165.433	417.644
4599	165.552	417.633
4601	165.633	417.63
4604	165.752	417.611
4605	165.792	417.603
4607	165.87	417.603
4608	165.91	417.589
4609	165.949	417.53
4610	165.989	417.529
4611	166.028	417.523
4612	166.068	417.499
4613	166.108	417.489
4614	166.148	417.15
4617	166.267	417.111
4618	166.306	417.086
4619	166.347	417.078
4620	166.386	417.053
4621	166.426	417.046
4623	166.505	417.028
4624	166.544	417.024
4625	166.584	416.911
4626	166.624	416.852
4627	166.663	416.832
4628	166.702	416.824
4630	166.782	416.713
4631	166.821	416.71
4632	166.861	416.695
4635	166.979	415.566
4638	167.099	415.565
4639	167.139	415.529
4640	167.179	415.454
4642	167.259	415.43
4643	167.299	415.429
4645	167.381	415.423
4646	167.421	415.383
4647	167.461	415.38
4649	167.541	415.349
4650	167.581	415.347
4651	167.62	415.346
4652	167.659	415.313
4653	167.699	415.307
4656	167.819	415.304
4658	167.898	415.257
4659	167.937	415.251
4661	168.017	415.248
4662	168.056	415.235
4663	168.096	415.225
4664	168.135	415.224
4665	168.174	415.217
4666	168.214	415.213
4667	168.254	415.211
4668	168.293	415.203
4669	168.333	415.106
4673	168.492	415.104
4676	168.612	414.45
4678	168.692	414.431
4679	168.732	414.193
4680	168.771	414.188
4681	168.811	414.185
4682	168.851	414.13
4683	168.891	414.062
4684	168.93	414.062
4686	169.009	414.061
4689	169.128	413.982
4690	169.168	413.913
4692	169.248	413.905
4693	169.288	413.9
4694	169.327	413.865
4695	169.367	413.864
4696	169.408	413.832
4698	169.488	413.502
4700	169.568	413.495
4702	169.647	413.489
4704	169.727	413.159
4706	169.806	413.142
4708	169.886	413.141
4709	169.925	412.33
4710	169.965	412.312
4712	170.044	412.255
4713	170.083	412.253
4714	170.123	412.223
4715	170.163	412.214
4717	170.243	411.602
4721	170.402	411.601
4722	170.442	411.597
4723	170.481	411.584
4724	170.52	411.58
4726	170.6	411.564
4727	170.639	411.562
4728	170.679	411.542
4731	170.798	411.534
4733	170.877	411.522
4734	170.917	411.522
4735	170.956	411.351
4736	170.996	411.335
4738	171.075	411.321
4739	171.115	411.319
4742	171.233	411.314
4744	171.313	411.312
4745	171.352	410.751
4746	171.392	410.634
4748	171.471	410.632
4750	171.55	410.045
4751	171.59	409.836
4754	171.711	409.809
4755	171.751	409.782
4756	171.791	409.728
4757	171.83	409.72
4761	171.988	409.717
4762	172.028	409.716
4763	172.068	409.71
4765	172.147	409.696
4767	172.227	409.691
4769	172.306	409.687
4770	172.346	409.681
4771	172.387	409.67
4773	172.467	409.657
4777	172.626	409.652
4780	172.746	409.638
4781	172.786	409.607
4785	172.945	409.569
4788	173.064	409.558
4792	173.225	409.551
4795	173.344	409.357
4797	173.423	409.35
4798	173.462	409.349
4800	173.542	409.338
4801	173.581	409.333
4802	173.621	409.321
4805	173.74	409.194
4806	173.78	409.13
4807	173.82	409.08
4808	173.863	409.012
4809	173.902	409.011
4810	173.942	408.982
4811	173.982	408.188
4814	174.102	408.14
4815	174.141	408.136
4816	174.181	408.1
4818	174.261	408.093
4820	174.34	408.089
4822	174.42	408.082
4823	174.459	407.982
4824	174.5	407.979
4829	174.699	407.978
4830	174.739	407.977
4831	174.779	407.961
4833	174.859	407.922
4834	174.898	407.797
4835	174.938	407.785
4836	174.978	407.596
4838	175.058	407.594
4839	175.097	407.548
4840	175.137	407.547
4841	175.176	407.546
4842	175.216	407.545
4844	175.296	407.539
4846	175.375	407.474
4847	175.415	407.471
4849	175.494	407.095
4850	175.534	407.093
4852	175.614	407.086
4853	175.655	407.081
4854	175.694	406.971
4857	175.813	406.895
4859	175.892	406.811
4861	175.972	406.801
4862	176.012	406.798
4865	176.133	406.734
4866	176.172	406.71
4867	176.212	406.707
4868	176.252	406.706
4870	176.331	406.634
4871	176.371	406.627
4874	176.489	406.624
4875	176.529	406.61
4877	176.608	406.579
4878	176.648	406.579
4879	176.688	406.544
4880	176.728	406.532
4881	176.767	406.523
4883	176.846	406.522
4886	176.967	406.482
4889	177.086	406.468
4890	177.126	406.467
4891	177.166	406.459
4892	177.206	406.437
4895	177.324	406.434
4898	177.444	406.25
4899	177.484	406.23
4900	177.523	406.206
4902	177.603	406.186
4903	177.643	406.184
4904	177.683	406.183
4906	177.762	406.179
4907	177.801	406.175
4908	177.841	406.167
4909	177.881	406.123
4913	178.04	406.115
4914	178.08	406.101
4916	178.16	402.099
4917	178.201	401.927
4918	178.242	401.908
4920	178.322	401.903
4923	178.444	401.881
4924	178.486	401.873
4927	178.617	401.87
4928	178.672	401.869
4929	178.78	401.854
4934	178.988	401.816
4936	179.067	401.809
4938	179.147	401.746
4939	179.186	400.757
4940	179.226	400.755
4944	179.386	400.734
4945	179.426	400.734
4948	179.546	400.731
4949	179.586	400.628
4952	179.706	400.587
4954	179.785	400.536
4955	179.825	400.517
4957	179.906	400.083
4958	179.946	400.077
4961	180.065	400.071
4962	180.105	400.066
4965	180.225	400.062
4966	180.264	400.026
4967	180.304	400.024
4969	180.385	400.022
4970	180.426	400.018
4971	180.466	400.015
4973	180.546	399.991
4974	180.586	399.99
4975	180.626	399.828
4978	180.744	399.779
4979	180.784	399.779
4981	180.864	399.776
4982	180.904	399.774
4984	180.983	399.773
4985	181.023	399.474
4986	181.063	399.432
4988	181.143	399.413
4990	181.222	399.388
4991	181.263	399.227
4994	181.383	399.22
4995	181.423	399.189
4996	181.463	399.156
4997	181.504	399.147
5000	181.632	399.147
# FIN	181.632	399.147

