# target=instancias/klimt.png T=240 iters=5000 K=32 seed=auto
iter	segundos	MSE
0	0.00193875	9545.72
1	0.0206918	9515.65
2	0.0399906	9442.21
3	0.0586215	9433.63
4	0.0778645	9429.41
5	0.0968551	9426.71
6	0.115908	9406.56
7	0.135322	9396.19
8	0.154682	9374.09
9	0.173551	9358.85
10	0.19209	9301.37
11	0.211358	9267.17
12	0.232485	9266.56
13	0.261571	9227.68
14	0.28729	9207.98
15	0.306816	9188.3
16	0.326304	9173.68
17	0.346935	9173.54
18	0.366311	9171.06
19	0.385233	9135.4
20	0.404114	9054.33
21	0.423201	9051.7
22	0.443149	9036.95
23	0.46258	9009.47
24	0.482071	9001.66
25	0.501382	8991.79
26	0.520943	8988.67
27	0.540556	8979.74
28	0.560479	8972.58
29	0.580382	8967.25
30	0.601073	8960.82
31	0.621375	8955.85
32	0.641389	8945.88
33	0.661113	8905.57
34	0.680661	8880.05
35	0.700791	8871.69
36	0.72135	8859.95
37	0.741297	8793.55
38	0.761004	8781.67
39	0.781503	8674.86
40	0.801515	8662.21
41	0.821127	8660.84
42	0.840602	8648.26
43	0.860294	8623.52
44	0.880191	8615.83
45	0.899892	8615.22
46	0.919654	8605.36
47	0.940964	8601.52
48	0.962652	8589.9
49	0.983841	8586.91
50	1.00419	8585.99
51	1.02455	8580.18
52	1.0448	8574.18
53	1.06685	8556.12
54	1.08812	8555.84
55	1.10894	8516.33
56	1.12868	8439.97
57	1.15055	8422.98
58	1.17225	8405.78
59	1.19245	8403.7
60	1.21307	8401.21
61	1.23332	8346.99
62	1.25351	8338.21
63	1.27432	8331.43
64	1.2947	8323.68
65	1.3151	8285.51
66	1.33533	8276.89
67	1.35643	8251.59
68	1.37677	8239.12
69	1.39691	8220.71
70	1.41774	8217.17
71	1.43858	8207.38
72	1.45868	8182.09
73	1.47932	8165.34
74	1.5	8014.34
75	1.5205	7992.44
76	1.54153	7992.43
77	1.56293	7972.66
78	1.58427	7967.87
79	1.60501	7964.88
80	1.62532	7921.78
81	1.64577	7904.22
82	1.66714	7898.32
83	1.68824	7893.49
84	1.70867	7889.91
85	1.7294	7868.34
86	1.74985	7867.23
87	1.77125	7847.06
88	1.79257	7844.41
89	1.81366	7832.41
90	1.83395	7799.75
91	1.85435	7793.04
92	1.87472	7783.28
93	1.89633	7768.86
94	1.91762	7766.19
95	1.93825	7758.14
96	1.95876	7758.08
97	1.97982	7597.8
98	2.00077	7596.38
99	2.02239	7590.83
100	2.04302	7584.03
101	2.06386	7521.23
102	2.08437	7462.16
103	2.10508	7448.62
104	2.12555	7417.25
105	2.14658	7412.54
106	2.16817	7400.34
107	2.18993	7386.46
108	2.21069	7375.32
109	2.23142	7365.3
110	2.25211	7318.63
111	2.27281	7318.63
112	2.29435	7316.97
113	2.31573	7280.88
114	2.33856	7274.7
115	2.36246	7274.45
116	2.39921	7271.5
117	2.43137	7268.34
118	2.45812	7262.85
119	2.48135	7258.87
120	2.50452	7234.1
121	2.5278	7202.27
122	2.55722	7194.58
123	2.57936	7165.97
124	2.60189	7165.93
125	2.62461	7164.34
126	2.6471	7151.34
127	2.6685	7127.68
128	2.69054	7127.16
129	2.71312	7111.92
130	2.73499	7100.95
131	2.75691	7018.18
132	2.7786	7015.58
133	2.80095	7007.83
134	2.82319	6988.77
135	2.84569	6974.91
136	2.86731	6951.29
137	2.88872	6948.86
138	2.91054	6944.69
139	2.93268	6926.01
140	2.95522	6903.5
141	2.97741	6881.87
142	2.99952	6869.41
143	3.02188	6861.29
144	3.04397	6846.16
145	3.06592	6840.79
146	3.08754	6833.67
147	3.10957	6828.95
148	3.13109	6828.04
149	3.15323	6795.38
150	3.1752	6791.97
151	3.19676	6769.71
152	3.21833	6744.15
153	3.24043	6737.25
154	3.2621	6736.68
155	3.28362	6731.82
156	3.30585	6708.43
157	3.32796	6705.84
158	3.35142	6700.91
159	3.37531	6657.7
160	3.39761	6642.71
161	3.41996	6634.28
162	3.44184	6628.76
163	3.46383	6624.55
164	3.49659	6620.72
165	3.51907	6619.22
166	3.55317	6599.66
167	3.57932	6597.57
168	3.62248	6589.64
169	3.64486	6589.49
170	3.66726	6499.17
171	3.68996	6496.45
172	3.71957	6450.23
173	3.74329	6443.11
174	3.76587	6440.68
175	3.78851	6438.49
176	3.81092	6438.31
177	3.83344	6417.17
178	3.86216	6408.58
179	3.88591	6407.44
180	3.91	6405.98
181	3.93291	6402.32
182	3.95754	6401.45
183	3.98485	6399.2
184	4.01484	6398.55
185	4.04732	6365.93
186	4.0697	6357.52
187	4.09257	6355.07
188	4.11938	6354.87
189	4.14361	6353.05
190	4.16906	6280.96
191	4.1924	6258.16
192	4.21477	6254.52
193	4.23768	6252.72
194	4.26051	6215.52
195	4.28292	6213.51
196	4.3055	6213.23
197	4.32794	6208.75
198	4.35069	6200.12
199	4.37381	6195.28
200	4.39665	6179.99
201	4.41906	6161.69
202	4.44216	6154.01
203	4.46532	6151.87
204	4.48857	6139.34
205	4.51132	6118.38
206	4.53419	6116.94
207	4.55751	6115.06
208	4.5808	6114.41
209	4.60414	6105.85
210	4.62758	6094.1
211	4.65008	6089.14
212	4.67313	6076.97
213	4.69621	6064.84
214	4.71944	6059.76
215	4.74243	6051.26
216	4.76554	6049.47
217	4.78916	6032.17
218	4.81207	6020.43
219	4.83531	6020.43
220	4.85873	6008.18
221	4.88163	6006.78
222	4.90505	6006.77
223	4.92826	6006.74
224	4.95126	6006.07
225	4.97456	5991.72
226	4.99766	5943.79
227	5.02081	5942.65
228	5.04385	5936.85
229	5.06804	5936.76
230	5.09121	5935.42
231	5.11404	5928.19
232	5.13864	5927.27
233	5.16182	5927.11
234	5.18572	5925.35
235	5.20875	5910.17
236	5.23158	5908.67
237	5.25446	5859.26
238	5.2776	5856.2
239	5.30068	5819.33
240	5.32384	5808.65
241	5.34707	5798.87
242	5.36969	5740.27
243	5.39232	5731.07
244	5.41561	5725.13
245	5.43854	5722.36
246	5.46157	5703.9
247	5.48837	5699.82
248	5.52019	5653.16
249	5.54923	5641.22
250	5.59046	5574.92
251	5.61699	5539.96
252	5.64136	5532.39
253	5.66555	5493.97
254	5.69036	5482.5
255	5.71427	5461.19
256	5.73925	5450.88
257	5.76308	5450.84
258	5.78656	5450.1
259	5.8122	5446.25
260	5.83714	5426.2
261	5.86075	5423.49
262	5.88678	5408.26
263	5.91137	5352.37
264	5.93589	5336.68
265	5.9602	5326.83
266	5.98442	5324.47
267	6.01035	5322.17
268	6.03433	5321.95
269	6.05843	5318.39
270	6.08196	5314.66
271	6.10633	5308.97
272	6.13042	5291.59
273	6.15452	5273.35
274	6.18098	5261.28
275	6.20528	5261.08
276	6.22904	5260.1
277	6.25292	5226.44
278	6.27707	5217.51
279	6.30091	5172.47
280	6.32497	5158.08
281	6.34942	5154.4
282	6.37365	5152.75
283	6.39828	5149.96
284	6.42292	5147.31
285	6.44739	5143.93
286	6.47206	5137.85
287	6.49642	5137.1
288	6.52071	5131.59
289	6.54533	5128.17
290	6.57012	5126.25
291	6.59448	5123.03
292	6.61863	5114.53
293	6.6432	5109.12
294	6.66759	5109.07
295	6.69228	5107.02
296	6.71654	5054.65
297	6.74116	5049.89
298	6.77497	5042.94
299	6.80144	5041.72
300	6.82662	5040.04
301	6.85168	5014.75
302	6.87681	4993.34
303	6.90181	4991.67
304	6.92629	4989.04
305	6.95154	4975
306	6.97693	4972.43
307	7.00171	4968.24
308	7.02717	4948.61
309	7.052	4946.84
310	7.08618	4945.99
311	7.15063	4942.14
312	7.17733	4901.24
313	7.20222	4897.72
314	7.22816	4890.32
315	7.25286	4872.42
316	7.27789	4872.4
317	7.30294	4867.87
318	7.32788	4865.19
319	7.3528	4862.89
320	7.3781	4786.2
321	7.40322	4768.26
322	7.42893	4766.45
323	7.45446	4764.73
324	7.47944	4764.22
325	7.50468	4762.47
326	7.5299	4761.93
327	7.55507	4758.95
328	7.58021	4755.25
329	7.60555	4743.57
330	7.63104	4729.46
331	7.65658	4724.68
332	7.68166	4719.55
333	7.70775	4715.46
334	7.73473	4714.6
335	7.76047	4714.36
336	7.78575	4714.35
337	7.81085	4650.84
338	7.83623	4649.91
339	7.8623	4645.33
340	7.88763	4645.22
341	7.91337	4621.36
342	7.93864	4514.56
343	7.96388	4505.65
344	7.98937	4463.75
345	8.01479	4458.21
346	8.04024	4440.57
347	8.06583	4433.26
348	8.09136	4426.29
349	8.1167	4422.59
350	8.14316	4395.76
351	8.1689	4395.75
352	8.19446	4391.28
353	8.22009	4340.86
354	8.24674	4337.27
355	8.27376	4336.76
356	8.30501	4336.65
357	8.33119	4331.48
358	8.35693	4319.97
359	8.38261	4318.55
360	8.40876	4309.51
361	8.43519	4300.98
362	8.46179	4300.71
363	8.48799	4295.04
364	8.51426	4294.75
365	8.54042	4275.59
366	8.56657	4275.2
367	8.59308	4232.86
368	8.61956	4231.86
369	8.64574	4229.29
370	8.67202	4202.52
371	8.69831	4190.87
372	8.72436	4189.54
373	8.7504	4184.2
374	8.77701	4179.96
375	8.80314	4175.94
376	8.82924	4141.33
377	8.85535	4138.71
378	8.88161	4132.86
379	8.90817	4129.11
380	8.9345	4125.51
381	8.96099	4125.29
382	8.98767	4122.95
383	9.01494	4115.63
384	9.04113	4085.23
385	9.06727	4084.2
386	9.09427	4082.32
387	9.12062	4080.4
388	9.14694	4080.33
389	9.17337	4071.79
390	9.19953	4071.73
391	9.22582	4054.34
392	9.25195	4050.55
393	9.27892	4047.67
394	9.30663	4047.45
395	9.33272	4044.95
396	9.35984	4043.69
397	9.38658	4039.74
398	9.4132	4029.28
399	9.43972	3960.97
400	9.46629	3957.33
401	9.49271	3955.71
402	9.51943	3953.35
403	9.5458	3946.08
404	9.57282	3944.86
405	9.59959	3943.77
406	9.62612	3940.36
407	9.65263	3939.17
408	9.67958	3936.5
409	9.70628	3935.59
410	9.73283	3859.3
411	9.7595	3856.28
412	9.7867	3828.13
413	9.81504	3826.46
414	9.8418	3825.01
415	9.86841	3824.49
416	9.89729	3823.9
417	9.92591	3788.24
418	9.95283	3788.23
419	9.97928	3787.48
420	10.0057	3782.97
421	10.0332	3778.82
422	10.0604	3778.72
423	10.087	3777.99
424	10.1146	3777.95
425	10.1416	3759.71
426	10.1687	3758.24
427	10.1963	3758
428	10.2235	3755.5
429	10.2513	3754.73
430	10.2791	3735.48
431	10.3067	3728.43
432	10.3343	3727.65
433	10.3612	3717.44
434	10.3881	3703.89
435	10.4154	3703.59
436	10.4422	3702.08
437	10.4691	3700.91
438	10.4959	3697.29
439	10.5229	3694.39
440	10.5501	3688.13
441	10.5771	3684.73
442	10.604	3674.54
443	10.631	3674.28
444	10.6582	3660.81
445	10.6859	3640.96
446	10.7134	3640.16
447	10.7408	3638.98
448	10.7688	3638.81
449	10.7965	3638.21
450	10.8246	3636.18
451	10.8516	3629.16
452	10.879	3627.99
453	10.9065	3624.41
454	10.9336	3623.29
455	10.9618	3615.62
456	10.9888	3611.97
457	11.0157	3603.78
458	11.0431	3602.51
459	11.0704	3601.3
460	11.0976	3594.77
461	11.125	3594.68
462	11.1524	3594.67
463	11.1809	3594.36
464	11.2089	3592.15
465	11.2372	3587.03
466	11.2649	3550.32
467	11.2924	3549.54
468	11.3201	3546.25
469	11.3477	3546
470	11.3755	3543.55
471	11.403	3541.23
472	11.4304	3540.75
473	11.458	3540.62
474	11.4854	3540.31
475	11.5126	3539.94
476	11.5401	3539.86
477	11.5674	3519.83
478	11.5951	3519.15
479	11.6225	3513.67
480	11.6499	3504.49
481	11.6775	3502.25
482	11.7055	3480.53
483	11.7333	3479.31
484	11.7607	3476.7
485	11.7891	3475.72
486	11.8171	3468.83
487	11.8448	3466.33
488	11.8726	3463.68
489	11.9004	3452.15
490	11.929	3445.67
491	11.957	3429.05
492	11.9855	3428.99
493	12.0134	3404.08
494	12.0417	3381.29
495	12.0736	3363.73
496	12.1196	3345.5
497	12.1688	3345.5
498	12.2028	3342.58
499	12.2336	3337.72
500	12.2673	3332.05
501	12.2972	3329.01
502	12.3265	3328.15
503	12.3551	3258.9
504	12.3836	3258.15
505	12.4126	3255.11
506	12.4424	3254.86
507	12.4711	3253.58
508	12.4996	3252.73
509	12.5293	3248.85
510	12.5584	3245.28
511	12.5876	3244.63
512	12.6163	3209.53
513	12.6458	3172.19
514	12.6757	3161.86
515	12.7059	3161.19
516	12.7351	3160.3
517	12.7646	3117.8
518	12.7943	3103.44
519	12.8235	3102.72
520	12.8538	3102.01
521	12.8865	3099.38
522	12.9158	3098.62
523	12.9453	3096.84
524	12.9759	3092.44
525	13.0078	3090.91
526	13.0387	3089.63
527	13.0684	3088.19
528	13.0975	3085.91
529	13.1268	3085.4
530	13.1561	3084.61
531	13.1881	3083.24
532	13.2177	3062.82
533	13.2494	3061.71
534	13.2793	3061.57
535	13.3096	3057.25
536	13.3389	3041.38
537	13.3703	3039.26
538	13.4019	3035.03
539	13.4317	3035.01
540	13.4613	3034.91
541	13.4915	2961.52
542	13.5219	2956.38
543	13.552	2955.16
544	13.5816	2954.92
545	13.6121	2953.08
546	13.6425	2952.34
547	13.6725	2948.81
548	13.7021	2921.15
549	13.7322	2920.26
550	13.7617	2919.71
551	13.7913	2907.98
552	13.821	2900.32
553	13.8521	2899.48
554	13.8846	2891.87
555	13.9332	2888.68
557	13.9929	2887.09
558	14.0224	2885.64
559	14.0523	2885.37
560	14.0819	2822.08
561	14.1122	2815.49
562	14.1423	2814.74
563	14.1723	2809.55
564	14.2018	2809.31
565	14.2317	2808.3
566	14.2613	2807.94
567	14.2907	2804.27
568	14.3211	2799.78
569	14.352	2788.67
570	14.3826	2786.89
571	14.4123	2786.38
572	14.4421	2785.43
573	14.4726	2785.34
574	14.5023	2785.08
575	14.532	2784.87
576	14.562	2784.79
577	14.5916	2765.83
578	14.6214	2765.65
579	14.6515	2765.02
580	14.6814	2764.82
581	14.7112	2759.08
582	14.7416	2688.58
583	14.7725	2684.64
584	14.8047	2674.08
585	14.8353	2673.56
586	14.8653	2654.7
587	14.8953	2652.17
588	14.9253	2641.12
589	14.9554	2638.34
590	14.9859	2633.7
591	15.0166	2633.67
592	15.0476	2631.86
593	15.0792	2617.97
594	15.1109	2616.33
595	15.1418	2615.56
596	15.1722	2615.16
597	15.2033	2613.96
598	15.2337	2611.41
599	15.2639	2609.2
600	15.3037	2603.66
601	15.3371	2595.11
602	15.3923	2594.71
603	15.4267	2593.89
604	15.4585	2593.88
605	15.4893	2592.75
606	15.5197	2592.17
607	15.5501	2575.63
608	15.5801	2575.36
609	15.6107	2574.15
610	15.6407	2571.78
611	15.6706	2567.44
612	15.701	2567.02
613	15.7314	2566.22
614	15.7624	2563.63
615	15.7931	2560.6
616	15.8234	2556.59
617	15.8537	2556.12
618	15.8845	2554.37
619	15.9149	2553.67
620	15.9476	2551.4
621	15.9886	2550.48
622	16.0288	2549.6
623	16.0998	2545.76
624	16.1399	2543.93
625	16.1829	2543.18
626	16.217	2541.42
627	16.251	2539.96
628	16.2831	2538.17
629	16.3148	2537.5
630	16.3462	2537.46
631	16.3776	2526.36
632	16.4109	2525.37
633	16.4493	2523.3
634	16.4803	2523.08
635	16.514	2521.28
636	16.5476	2519.54
637	16.5816	2512.35
638	16.6141	2508.35
639	16.6503	2477.34
640	16.6828	2474.59
641	16.7139	2473.66
642	16.7456	2473.42
643	16.778	2471.35
644	16.8105	2464.27
645	16.8419	2463.46
646	16.8736	2461.94
647	16.9052	2461.43
648	16.9369	2460.9
649	16.9679	2460.82
650	17	2439.3
651	17.032	2437.83
652	17.0637	2437.65
653	17.0955	2436.75
654	17.1268	2434.22
655	17.1583	2414.17
656	17.19	2414.08
657	17.2211	2404.67
658	17.2533	2404.65
659	17.2845	2404.44
660	17.3156	2404.28
661	17.3477	2401.54
662	17.3799	2401.09
663	17.4127	2400.88
664	17.445	2400.62
665	17.4772	2394.03
666	17.5095	2391.2
667	17.5416	2391.04
668	17.5738	2389.22
669	17.6063	2388.89
670	17.6394	2381.08
671	17.6733	2332.41
672	17.7072	2332.15
673	17.7403	2331.03
674	17.772	2326.78
675	17.8042	2326.65
676	17.8363	2326.2
677	17.8681	2325.65
678	17.9015	2325.41
679	17.9354	2321.97
680	17.9673	2318.54
681	18.0019	2315.36
682	18.0338	2312.59
683	18.0657	2311.9
684	18.0978	2305.77
685	18.1299	2248.37
686	18.1619	2248.22
687	18.1941	2247.52
688	18.2265	2247.2
689	18.2583	2246.3
690	18.2903	2245.32
691	18.3229	2239.8
692	18.3552	2238.51
693	18.387	2236.98
694	18.42	2235.16
695	18.4533	2229.31
696	18.4858	2228.9
697	18.5184	2228.81
698	18.5506	2228.41
699	18.5835	2218.78
700	18.6161	2217.92
701	18.6498	2217.87
702	18.6823	2217.82
703	18.7201	2217.37
704	18.7567	2216.95
705	18.7888	2213.73
706	18.8214	2192.93
707	18.8532	2192.5
708	18.8851	2190.9
709	18.9182	2190.57
710	18.9504	2190.12
711	18.983	2187.88
712	19.0151	2187.01
713	19.0472	2186.72
714	19.079	2186.47
715	19.1106	2185.2
716	19.1426	2184.81
717	19.1741	2183.85
718	19.2065	2182.03
719	19.2389	2175.86
720	19.2707	2174.42
721	19.3025	2174.19
722	19.3342	2168.02
723	19.3668	2167.93
724	19.4028	2167.34
725	19.4436	2165.94
726	19.4777	2160.98
727	19.5107	2159.62
728	19.5437	2158.07
729	19.5776	2144.47
730	19.6112	2141.34
731	19.6444	2140.01
732	19.6772	2139.9
733	19.7104	2138.17
734	19.7445	2136.31
735	19.7777	2134.25
736	19.8101	2131.12
737	19.8425	2131.11
738	19.8749	2131
739	19.9067	2130.23
740	19.9396	2127.24
741	19.9721	2126.87
742	20.0061	2126.69
743	20.0383	2105.02
744	20.0725	2104.92
745	20.1045	2103.57
746	20.1367	2102.92
747	20.1688	2102.88
748	20.2011	2101.72
749	20.2335	2100.87
750	20.2652	2100.12
751	20.3022	2099.51
752	20.3362	2087.75
753	20.3681	2082.17
754	20.4004	2080.97
755	20.4337	2080.89
756	20.4682	2079.82
757	20.5011	2059.21
758	20.5339	2044.48
759	20.568	2036.99
760	20.6018	2036.79
761	20.6342	2036.05
762	20.6663	2035.23
763	20.6989	2034.72
764	20.7312	2033.35
765	20.7637	2028.64
766	20.7962	2028.49
767	20.8287	2025.59
768	20.8616	2024.62
769	20.8943	2023.82
770	20.9295	2023.41
771	20.9628	2022.45
772	20.9958	2020.77
773	21.0286	2020.45
774	21.0615	2020.3
775	21.0941	2013.25
776	21.1266	2010.21
778	21.1951	2006.9
779	21.2284	2006.62
780	21.2622	2006.6
781	21.2956	1932.84
782	21.3311	1930.92
783	21.3643	1930.07
784	21.4004	1929.52
785	21.434	1928.42
786	21.469	1928.16
787	21.5027	1926.89
788	21.538	1917.56
789	21.571	1917.31
790	21.6047	1916.74
791	21.6376	1915.52
792	21.6707	1912.37
793	21.7097	1911.35
794	21.755	1906.64
795	21.7911	1904.94
796	21.8253	1904.81
797	21.8588	1904.52
798	21.8917	1904.29
799	21.9264	1903.66
800	21.9611	1875.2
801	21.9961	1874.79
802	22.0303	1874.26
803	22.0645	1872.61
804	22.0988	1872.06
805	22.1364	1871.36
806	22.1731	1871.34
807	22.2067	1870.67
808	22.2406	1869.05
809	22.2745	1867.3
810	22.308	1864.14
811	22.354	1862.74
812	22.3887	1861.69
813	22.4234	1860.2
814	22.4569	1860.18
815	22.5053	1859.67
816	22.548	1859.63
817	22.5867	1854.36
818	22.625	1853.75
819	22.6641	1853.7
820	22.7013	1853.33
821	22.7394	1850.16
822	22.7812	1764.99
823	22.8247	1763.85
824	22.8684	1762.91
825	22.9061	1762.44
826	22.9428	1753.44
827	22.9875	1751.88
828	23.033	1748.82
829	23.0836	1747.46
830	23.1244	1746.49
831	23.1596	1746.46
832	23.1934	1742.68
833	23.2328	1736.03
834	23.2662	1734.99
835	23.3047	1734.76
836	23.3388	1734.51
837	23.373	1732.93
838	23.4073	1731.76
839	23.4416	1730.7
840	23.4748	1728.98
841	23.5091	1723.52
842	23.5432	1723.28
843	23.577	1722.05
844	23.6105	1722.05
845	23.6443	1719.7
846	23.6782	1718.88
847	23.7123	1714.3
848	23.7467	1714.11
849	23.7808	1713.23
850	23.8142	1712
851	23.8479	1708.96
852	23.8821	1708.67
853	23.9163	1708.64
854	23.9503	1707.58
855	23.9843	1706.85
856	24.0179	1706.81
857	24.0526	1705.14
858	24.0862	1704.19
859	24.1199	1703.62
860	24.1536	1703.47
861	24.1877	1702.91
862	24.2298	1701.68
863	24.2662	1699.6
864	24.3001	1698.63
865	24.3352	1698.59
866	24.3707	1697.33
867	24.4047	1697.29
868	24.4387	1697.18
869	24.4741	1696.82
870	24.5086	1696.56
871	24.5426	1690.06
872	24.5787	1689.76
873	24.6137	1688.83
874	24.6512	1688.63
875	24.686	1686.45
876	24.7208	1685.2
877	24.7564	1684.59
878	24.7906	1681.59
879	24.8272	1679.2
880	24.8668	1676.78
881	24.9024	1676.11
882	24.9372	1676.06
883	24.9744	1674.91
884	25.0132	1673.14
885	25.0471	1672.63
886	25.0809	1671.94
887	25.1147	1671.65
888	25.1485	1671.16
889	25.1832	1670.77
890	25.2178	1657.32
891	25.2521	1654.44
892	25.2874	1654.43
893	25.324	1653.6
894	25.3612	1651.83
895	25.3964	1649.61
896	25.4313	1649.43
897	25.4677	1643.68
899	25.5412	1643.44
900	25.5766	1643.09
901	25.6113	1640.72
903	25.6809	1640.35
904	25.714	1640.29
905	25.7475	1639.45
906	25.7836	1638.34
907	25.8173	1638.28
908	25.8511	1637.95
909	25.8846	1637.71
910	25.9182	1633.46
911	25.9522	1626.54
912	25.9858	1626.19
913	26.0192	1626.11
914	26.0534	1625.53
915	26.0879	1625.4
916	26.1231	1625.16
917	26.1575	1624.88
918	26.1942	1624.69
919	26.2278	1623.49
920	26.2622	1621.46
921	26.2958	1619.02
922	26.3303	1614.88
923	26.3647	1614.2
924	26.3989	1609.75
925	26.4335	1598.45
926	26.4676	1598.34
927	26.5013	1597.71
928	26.5345	1597.49
929	26.5678	1596.98
930	26.6009	1594.66
931	26.6337	1587.96
932	26.6665	1585.6
933	26.6997	1583.85
934	26.7331	1583.07
935	26.7668	1580.97
936	26.8003	1579.2
938	26.8688	1578.94
939	26.9025	1578.48
940	26.9363	1577.84
941	26.9711	1577.31
942	27.0059	1577.25
943	27.0401	1577.08
944	27.0745	1576.93
945	27.1143	1575.38
946	27.1778	1563.05
947	27.2192	1562.7
948	27.2536	1560.94
949	27.2877	1560.87
950	27.3216	1560.33
951	27.3563	1558.73
952	27.3901	1558.18
953	27.4243	1558
954	27.4579	1557.94
955	27.492	1554.92
956	27.5261	1554.59
957	27.561	1553.7
958	27.5959	1552.57
959	27.6302	1550.77
960	27.6646	1550.49
961	27.699	1550.33
962	27.7326	1548.78
963	27.7664	1548.73
964	27.8002	1547.22
965	27.8346	1546.39
966	27.8689	1543.76
967	27.9031	1543.01
968	27.9366	1542.57
969	27.9708	1540.76
971	28.0395	1540.31
972	28.0738	1539.83
973	28.108	1539.15
974	28.1425	1539
975	28.1759	1538.41
976	28.2095	1535.81
977	28.2435	1535.72
978	28.278	1533.97
979	28.3117	1533.84
980	28.3466	1532.18
981	28.3803	1531.98
982	28.4137	1531.98
983	28.447	1509.95
984	28.4829	1509.95
985	28.5174	1509.58
986	28.552	1509.39
987	28.5867	1509.28
988	28.6203	1509.07
989	28.6547	1508.68
990	28.6885	1508.32
991	28.7237	1508.26
992	28.7595	1486.92
993	28.7934	1484.22
994	28.8272	1483.58
995	28.8617	1483.57
996	28.8963	1483.01
997	28.9301	1481.58
998	28.9639	1474.06
999	28.9977	1472.45
1000	29.0316	1472.4
1001	29.0662	1472.09
1002	29.1002	1471.68
1003	29.1343	1471.58
1004	29.1685	1471.32
1005	29.2039	1469.02
1006	29.2381	1468.38
1007	29.272	1465.3
1008	29.3061	1465.24
1009	29.3414	1464.87
1010	29.3763	1463.4
1011	29.4106	1463.02
1012	29.4454	1461.41
1013	29.4805	1461.24
1014	29.5219	1461.18
1015	29.5681	1460.15
1016	29.6062	1458.83
1017	29.6424	1457.03
1018	29.6771	1456.89
1019	29.7121	1456.16
1020	29.7468	1455.87
1021	29.7812	1420.3
1022	29.8161	1415.34
1023	29.8508	1414.95
1024	29.8864	1414.69
1025	29.9228	1413.69
1027	29.9944	1412.86
1028	30.0314	1410.02
1029	30.0669	1409.68
1030	30.1077	1409.15
1031	30.146	1408.77
1032	30.1853	1407.29
1033	30.2264	1406.89
1034	30.2647	1403.61
1035	30.3037	1402.07
1036	30.3398	1401.88
1037	30.3769	1401.79
1038	30.4128	1401.63
1039	30.4482	1401.45
1040	30.4835	1379.93
1041	30.5183	1379.69
1042	30.5531	1379.49
1043	30.5889	1378.67
1044	30.6244	1378.4
1045	30.6608	1378
1046	30.7086	1377.99
1047	30.7447	1377.04
1048	30.7796	1376.43
1049	30.8148	1375.69
1050	30.8496	1374.18
1051	30.885	1373.8
1052	30.9202	1372.11
1053	30.9555	1371.78
1054	30.9906	1371.52
1055	31.0259	1371.28
1056	31.0616	1371.19
1057	31.097	1370.98
1058	31.1317	1370.93
1060	31.2032	1370.88
1061	31.2386	1370.85
1062	31.2736	1344.31
1063	31.3091	1343.66
1064	31.3443	1343.15
1065	31.3801	1342.7
1066	31.4155	1340.43
1067	31.4508	1339.12
1068	31.4858	1336.66
1069	31.521	1335.92
1070	31.5564	1335.61
1071	31.5926	1335.61
1072	31.6285	1335.55
1073	31.6649	1333.58
1074	31.7002	1333.09
1075	31.7363	1332.56
1076	31.7746	1331.46
1077	31.8115	1331.24
1078	31.8478	1331.03
1079	31.8832	1329.92
1080	31.9194	1326.4
1081	31.9548	1316.92
1082	31.9904	1316.81
1083	32.0254	1316.39
1084	32.0606	1316.39
1085	32.0958	1316.14
1086	32.1309	1315.66
1087	32.1663	1313.61
1088	32.2022	1313.49
1089	32.238	1313.43
1090	32.2741	1311.49
1091	32.3099	1308.54
1092	32.3463	1308.14
1093	32.3817	1308.05
1094	32.4175	1307.37
1095	32.4528	1306.45
1096	32.4889	1305.51
1097	32.5243	1305.17
1098	32.5601	1304.85
1099	32.5956	1303.65
1100	32.6308	1303.21
1101	32.6664	1303
1102	32.7025	1302.32
1103	32.7385	1299.26
1104	32.7743	1298.58
1105	32.8104	1298.55
1106	32.8468	1297.64
1107	32.8826	1297.59
1108	32.9183	1297.55
1109	32.9545	1297.43
1110	32.9906	1297.33
1111	33.0267	1296.4
1112	33.0624	1296.37
1113	33.0977	1296.15
1114	33.1328	1296.05
1115	33.169	1295.26
1116	33.2055	1295.2
1117	33.2437	1294.52
1118	33.2798	1292.45
1119	33.3159	1283.39
1120	33.3519	1282.15
1122	33.4265	1282.12
1123	33.4626	1280.53
1124	33.4985	1279.15
1125	33.5354	1277.68
1127	33.6073	1277.57
1128	33.6429	1277.27
1129	33.6787	1277.18
1130	33.7146	1271.66
1131	33.7535	1270.43
1132	33.7936	1270.29
1133	33.8336	1270.06
1134	33.8723	1270.05
1135	33.9085	1266.51
1136	33.9544	1266.5
1137	34.0025	1265.15
1139	34.0844	1264.41
1140	34.1264	1264.18
1141	34.1631	1263.13
1143	34.242	1262.86
1144	34.2861	1262.78
1145	34.3257	1262.43
1146	34.3644	1261.51
1147	34.4014	1261.41
1148	34.4407	1261.19
1149	34.4785	1260.87
1150	34.5166	1259.95
1151	34.5546	1254.86
1152	34.5934	1254.73
1154	34.6685	1254.25
1155	34.7047	1254.07
1156	34.7405	1253.62
1157	34.7762	1253.32
1158	34.8121	1253.09
1159	34.8479	1251.88
1160	34.8841	1250.2
1161	34.9197	1249.91
1162	34.9562	1248.39
1163	34.9919	1248.22
1164	35.0277	1244.27
1165	35.0637	1227.07
1166	35.0992	1226.02
1167	35.1347	1225.77
1169	35.2098	1225.54
1170	35.2463	1225.26
1171	35.2831	1224.82
1172	35.3212	1223.12
1173	35.3578	1221.94
1174	35.3951	1220.99
1175	35.4308	1219.32
1176	35.4669	1219.1
1179	35.5761	1218.77
1180	35.6128	1218.52
1181	35.6493	1218.5
1182	35.6858	1218.41
1183	35.7216	1218.22
1184	35.7579	1218.12
1185	35.7938	1217.66
1186	35.83	1192.76
1187	35.8661	1192.39
1188	35.903	1191.6
1190	35.9761	1191.15
1191	36.0131	1190.55
1192	36.0499	1190.27
1193	36.0867	1190.21
1194	36.124	1190.21
1195	36.163	1188.19
1197	36.2356	1187.61
1198	36.2722	1187
1199	36.3087	1185.69
1200	36.3449	1185.45
1201	36.3807	1185.38
1202	36.418	1183.44
1203	36.4547	1183.43
1204	36.4924	1183.21
1205	36.5302	1182.63
1206	36.5676	1182.41
1207	36.6046	1181.87
1208	36.6413	1181.39
1209	36.6784	1178.2
1210	36.7154	1177.57
1211	36.7517	1177.3
1212	36.7892	1177.23
1213	36.8283	1177.05
1214	36.8654	1176.84
1215	36.9071	1176.65
1216	36.9522	1174.8
1217	36.994	1174.79
1218	37.0366	1174.17
1219	37.077	1173.96
1220	37.1265	1173.44
1221	37.1651	1173.26
1222	37.2073	1173.25
1223	37.2529	1164.66
1224	37.2928	1164.66
1225	37.3384	1164.45
1226	37.3799	1164.31
1227	37.4225	1164.23
1228	37.4616	1163.39
1229	37.5014	1163.3
1230	37.5401	1162.78
1231	37.5789	1162.76
1232	37.6167	1153.02
1233	37.6587	1152.73
1234	37.7005	1152.42
1235	37.7373	1152.4
1236	37.7747	1149.86
1237	37.8109	1148.88
1238	37.8473	1146.98
1239	37.8841	1146.45
1240	37.9209	1146.34
1241	37.9575	1145.86
1244	38.0679	1145.85
1245	38.1047	1145.04
1246	38.1414	1144.97
1247	38.1787	1143.16
1248	38.2183	1142.94
1249	38.2615	1142.43
1250	38.3467	1141.81
1251	38.4104	1141.48
1252	38.4479	1138.92
1253	38.4847	1138.83
1254	38.5209	1138.77
1255	38.5578	1137.93
1256	38.5952	1136.88
1257	38.632	1135.23
1258	38.669	1134.8
1259	38.7053	1134.52
1260	38.7419	1134.49
1261	38.7791	1079.28
1262	38.8164	1076.53
1263	38.8538	1076.32
1264	38.8907	1076.17
1265	38.9272	1075.9
1266	38.9641	1075.58
1267	39.0009	1075.07
1268	39.0375	1075.01
1269	39.0743	1074.78
1270	39.1116	1074.53
1271	39.1487	1074.24
1272	39.1851	1073.71
1273	39.2222	1073.47
1274	39.2591	1072.83
1275	39.2961	1072.06
1276	39.3329	1071.91
1277	39.3703	1071.83
1278	39.4075	1071.75
1279	39.4445	1071.69
1280	39.481	1067.95
1281	39.5173	1067.8
1283	39.5913	1067.23
1284	39.6279	1067.12
1285	39.6646	1066.98
1287	39.7378	1066.12
1288	39.7742	1065.52
1289	39.8108	1063.93
1290	39.8478	1062.32
1291	39.8843	1061.96
1292	39.921	1061.12
1293	39.9586	1060.7
1294	39.995	1060.34
1295	40.0322	1060.1
1296	40.0689	1060.05
1297	40.1059	1059.73
1298	40.1425	1059.66
1300	40.2164	1059.64
1301	40.2537	1059.47
1302	40.2904	1055.82
1304	40.3642	1054.86
1305	40.4023	1054.53
1306	40.4418	1053.6
1307	40.4799	1052.62
1308	40.5175	1052.03
1309	40.5545	1051.55
1310	40.5933	1051.32
1311	40.6325	1051.32
1312	40.6702	1051.25
1313	40.7077	1050.95
1314	40.7456	1050.73
1315	40.7831	1050.59
1316	40.8201	1050.43
1317	40.8568	1050.13
1318	40.8945	1049.99
1319	40.9316	1049.59
1320	40.9686	1044.96
1321	41.006	1041.14
1322	41.0429	1041.1
1323	41.0796	1038.68
1324	41.1174	1038.67
1325	41.1551	1038.51
1326	41.1921	1038.31
1327	41.2327	1037.35
1328	41.2728	1037.12
1329	41.3204	1036.85
1330	41.3912	1036.13
1331	41.4311	1035.88
1332	41.4687	1035.46
1333	41.5063	1035.18
1335	41.5809	1033.46
1336	41.6186	1031.84
1337	41.6558	1031.37
1338	41.6937	1030.55
1339	41.7312	1030.39
1340	41.7741	1029.63
1341	41.8202	1029.56
1342	41.862	1029.37
1343	41.9	1027.43
1344	41.9373	1026.96
1345	41.9758	1026.92
1346	42.0148	1026.17
1347	42.0529	1026.14
1348	42.0911	1026.12
1349	42.1289	1026.06
1350	42.168	1025.92
1351	42.2057	1025.25
1352	42.2433	1025.15
1353	42.2801	1025.04
1354	42.3182	1024.98
1355	42.3566	1024.56
1356	42.395	1024.48
1357	42.4328	1024.33
1358	42.4744	1022.98
1359	42.5121	1021.53
1360	42.553	1021.02
1362	42.6277	1020.98
1363	42.6648	1020.21
1364	42.7022	1018.6
1366	42.7808	1018.07
1367	42.8208	1017.92
1369	42.9011	1017.87
1370	42.9412	1009.08
1371	42.9793	1008.74
1372	43.017	1008.35
1373	43.0543	1008.25
1374	43.0923	1007.67
1375	43.1305	1005.95
1376	43.1682	1005.88
1377	43.2063	1004.79
1378	43.2428	1004.78
1379	43.28	1004.59
1380	43.3173	1004.57
1381	43.3555	1003.29
1382	43.3926	1002.98
1383	43.4296	1002.85
1385	43.5033	1002.63
1386	43.5404	1002.21
1387	43.5773	1002.12
1388	43.6141	1001.96
1389	43.6512	1000.35
1390	43.6882	999.661
1391	43.7251	998.117
1392	43.7623	998.063
1393	43.7996	997.88
1394	43.8371	997.219
1395	43.8742	997.212
1396	43.9116	996.362
1398	43.985	996.326
1399	44.0223	995.738
1400	44.0595	994.702
1401	44.0966	994.372
1402	44.1341	993.136
1403	44.1716	993.051
1404	44.2085	990.433
1405	44.2451	977.495
1406	44.2823	977.137
1407	44.3197	976.984
1408	44.3564	976.906
1410	44.4305	976.721
1411	44.4674	976.677
1412	44.5052	976.431
1413	44.5423	975.643
1414	44.5797	975.204
1415	44.6165	974.884
1416	44.6539	974.71
1418	44.7338	974.682
1419	44.7712	974.453
1420	44.8082	973.464
1421	44.8454	973.364
1422	44.883	973.321
1423	44.9199	973.199
1424	44.9591	973.063
1425	44.9982	972.383
1426	45.0362	963.896
1427	45.0731	963.687
1428	45.111	963.55
1430	45.1858	963.284
1431	45.2245	962.917
1432	45.262	962.854
1433	45.2997	962.811
1434	45.338	962.766
1435	45.3769	961.16
1436	45.4148	961.155
1437	45.452	960.737
1438	45.4912	960.387
1439	45.528	959.457
1440	45.5654	959.281
1441	45.6023	959.182
1442	45.6397	959.073
1443	45.6774	958.876
1444	45.7168	958.708
1445	45.7542	958.229
1446	45.7915	958.116
1447	45.8295	957.856
1448	45.8668	957.718
1449	45.9038	956.184
1450	45.9408	955.901
1451	45.9775	955.815
1452	46.0144	955.784
1453	46.0515	955.182
1454	46.0884	955.061
1455	46.1255	955.024
1456	46.1624	954.075
1457	46.2008	954.072
1458	46.2384	953.972
1459	46.2762	953.88
1460	46.3164	952.805
1461	46.3545	952.682
1462	46.3915	952.667
1463	46.4291	948.653
1464	46.4665	948.652
1465	46.504	948.591
1466	46.5411	947.65
1467	46.578	947.301
1468	46.6152	947.101
1469	46.6522	946.951
1470	46.6899	946.031
1471	46.727	945.939
1472	46.766	943.335
1473	46.8029	943.01
1474	46.8397	942.786
1475	46.8765	942.695
1476	46.9124	942.145
1477	46.9491	941.826
1478	46.9855	941.219
1479	47.0228	941.114
1480	47.0595	941.076
1481	47.0966	940.649
1482	47.1346	940.529
1483	47.1741	940.464
1484	47.2116	940.429
1485	47.2488	939.582
1486	47.2861	939.418
1487	47.3232	939.15
1488	47.3602	938.986
1489	47.3972	938.569
1490	47.4346	937.393
1491	47.4717	937.377
1492	47.5085	936.602
1493	47.5448	936.54
1494	47.5811	936.419
1495	47.6183	936.045
1496	47.6546	935.437
1497	47.6916	933.632
1498	47.7287	932.847
1499	47.7655	932.712
1500	47.802	932.709
1501	47.8386	882.769
1502	47.8755	881.819
1503	47.9122	881.746
1504	47.9491	881.671
1505	47.9859	880.71
1506	48.0229	880.572
1507	48.0603	880.306
1508	48.0968	879.918
1509	48.1335	879.584
1510	48.172	879.363
1511	48.2098	879.188
1512	48.2475	879.045
1513	48.2846	878.983
1514	48.3245	878.757
1515	48.3688	877.628
1516	48.4134	877.51
1517	48.4527	877.491
1518	48.491	877.361
1519	48.529	877.229
1520	48.5668	876.367
1521	48.6039	876.147
1522	48.6412	875.939
1523	48.6786	875.66
1524	48.716	875.573
1525	48.7535	875.382
1526	48.7908	875.372
1527	48.8286	874.926
1528	48.8656	874.677
1529	48.9022	874.381
1530	48.9395	874.343
1531	48.9767	873.665
1532	49.0135	873.229
1533	49.0506	873.064
1534	49.088	872.949
1535	49.1254	872.823
1536	49.1622	872.789
1537	49.2004	872.763
1538	49.2377	872.623
1539	49.2752	872.585
1540	49.3132	872.561
1541	49.3522	872.428
1542	49.3904	867.803
1544	49.4661	866.308
1545	49.5035	866.082
1546	49.5412	865.793
1547	49.5788	864.723
1548	49.616	864.321
1549	49.6529	863.961
1550	49.6901	863.683
1551	49.7271	863.68
1552	49.7643	863.487
1553	49.8011	863.275
1554	49.8378	862.998
1555	49.8749	862.85
1556	49.9119	862.679
1557	49.949	862.509
1558	49.9861	862.416
1559	50.0232	862.237
1560	50.0601	860.671
1561	50.0973	859.846
1562	50.1338	859.763
1563	50.1704	859.701
1564	50.2078	859.651
1565	50.2451	859.495
1566	50.2822	859.392
1567	50.3194	858.498
1568	50.3571	858.315
1569	50.3947	858.22
1570	50.4325	858.061
1571	50.4707	856.415
1572	50.5078	856.14
1573	50.5453	856.015
1574	50.5825	855.72
1575	50.6197	855.577
1576	50.6571	853.259
1577	50.694	852.81
1578	50.7311	852.082
1579	50.7692	851.905
1580	50.8079	851.615
1581	50.8459	851.241
1582	50.8835	851.024
1583	50.9204	850.505
1584	50.9579	850.101
1585	50.9951	850.09
1586	51.0324	849.843
1587	51.0693	849.841
1588	51.1064	849.819
1589	51.144	849.596
1590	51.1817	849.554
1591	51.2193	849.098
1592	51.2579	849.083
1593	51.296	849.063
1594	51.3338	849.02
1595	51.3717	848.682
1596	51.4097	848.599
1597	51.4474	848.537
1598	51.485	848.426
1599	51.5239	846.591
1600	51.5633	845.317
1601	51.6008	845.175
1602	51.6384	845.155
1603	51.6761	844.141
1604	51.7137	842.838
1605	51.751	842.179
1606	51.7887	841.918
1607	51.8262	841.882
1608	51.8632	841.772
1609	51.9001	841.723
1610	51.937	836.687
1611	51.9736	835.647
1612	52.0108	835.486
1614	52.0848	835.34
1615	52.1228	833.979
1616	52.1602	833.973
1617	52.1975	833.857
1618	52.2348	833.628
1619	52.2719	833.466
1620	52.3094	833.428
1621	52.3462	833.024
1622	52.3835	832.819
1623	52.4205	832.621
1624	52.4575	832.606
1626	52.5318	831.974
1627	52.5687	831.97
1628	52.6059	831.823
1629	52.643	831.67
1630	52.6803	831.195
1631	52.7177	830.566
1634	52.8294	830.367
1635	52.8675	830.352
1636	52.9054	828.934
1638	52.9793	828.386
1639	53.0161	827.733
1640	53.0533	826.965
1642	53.1269	826.71
1643	53.1636	826.628
1644	53.2024	824.257
1645	53.2402	818.859
1646	53.2781	818.672
1647	53.3164	818.624
1648	53.3551	818.575
1650	53.4312	818.317
1652	53.507	817.596
1653	53.5451	816.941
1654	53.5832	816.613
1655	53.6208	815.355
1656	53.6577	815.197
1658	53.7379	815.129
1659	53.7762	815.079
1660	53.8137	815.03
1661	53.8515	814.925
1662	53.8898	814.846
1663	53.928	814.844
1664	53.9657	814.545
1665	54.0034	814.223
1666	54.042	811.778
1667	54.0799	811.508
1668	54.1179	810.952
1670	54.1941	810.609
1671	54.2326	809.193
1672	54.2709	809.104
1673	54.3089	809.037
1675	54.3839	808.542
1677	54.459	808.452
1678	54.4969	808.237
1679	54.5342	807.472
1680	54.5719	807.439
1681	54.61	807.404
1682	54.647	807.332
1683	54.6845	807.227
1684	54.7216	807.057
1685	54.7588	806.735
1686	54.7957	806.692
1687	54.833	806.452
1688	54.8701	806.408
1689	54.9072	805.432
1690	54.9438	804.571
1691	54.9807	804.401
1692	55.0175	804.372
1693	55.0548	804.291
1694	55.0919	804.2
1695	55.1292	803.943
1696	55.1664	803.477
1697	55.2046	803.442
1698	55.2421	802.894
1700	55.3177	802.195
1701	55.3548	802.126
1702	55.3918	802.123
1703	55.4296	800.635
1704	55.4673	800.616
1705	55.5055	800.534
1706	55.5433	800.392
1707	55.5808	800.368
1709	55.6559	800.149
1710	55.6932	799.687
1711	55.7301	799.651
1712	55.7673	799.265
1713	55.8043	798.577
1714	55.8418	798.462
1715	55.8805	798.429
1716	55.9223	798.027
1717	55.9612	797.6
1718	55.9996	797.163
1719	56.0373	796.994
1721	56.1123	796.687
1722	56.1499	796.541
1724	56.2253	796.523
1725	56.2621	795.826
1726	56.3001	795.716
1727	56.3376	795.568
1728	56.3745	795.55
1729	56.4123	795.391
1730	56.4502	794.925
1731	56.4881	794.676
1732	56.5257	794.368
1733	56.563	794.249
1734	56.6009	794.152
1735	56.6381	793.199
1736	56.6752	792.783
1737	56.7126	792.297
1738	56.7498	792.118
1739	56.7871	792.091
1740	56.825	792.063
1741	56.8629	779.585
1742	56.901	779.125
1743	56.9386	778.855
1744	56.9755	778.806
1745	57.0128	778.64
1746	57.0501	778.612
1747	57.0874	778.525
1748	57.1247	778.248
1749	57.1619	778.11
1750	57.1993	777.913
1751	57.237	777.864
1752	57.2746	777.721
1753	57.3119	777.688
1755	57.3871	776.834
1756	57.4251	776.741
1757	57.4621	776.733
1758	57.4996	776.719
1759	57.5375	776.578
1760	57.5753	775.921
1761	57.6127	775.765
1762	57.6504	775.716
1763	57.688	775.411
1764	57.7253	775.329
1765	57.7626	775.126
1766	57.7997	775.11
1767	57.8371	774.762
1768	57.8744	774.42
1769	57.9119	774.079
1770	57.9493	773.974
1771	57.9866	773.741
1772	58.0234	773.641
1773	58.0606	773.584
1774	58.1016	773.362
1776	58.181	773.356
1778	58.2573	773.355
1779	58.2954	773.354
1780	58.3332	773.335
1781	58.3709	773.146
1782	58.409	770.779
1784	58.4839	770.395
1785	58.5214	770.199
1786	58.5587	770.167
1787	58.5958	769.379
1788	58.6336	769.217
1789	58.6714	768.979
1790	58.709	768.896
1791	58.7463	768.894
1792	58.784	768.836
1793	58.8214	768.711
1794	58.8588	768.489
1795	58.8972	768.365
1796	58.9349	768.227
1797	58.9723	768.053
1798	59.0095	767.912
1799	59.0469	767.826
1800	59.0842	767.127
1801	59.1218	766.417
1802	59.1592	766.38
1803	59.1965	766.37
1804	59.2355	766.364
1805	59.2737	766.253
1806	59.3115	766.189
1807	59.3494	765.539
1808	59.3874	765.385
1809	59.4251	764.539
1810	59.4626	763.686
1811	59.4998	762.671
1812	59.5371	762.617
1813	59.574	762.534
1815	59.6469	762.413
1816	59.6835	762.304
1817	59.7203	761.965
1818	59.7573	761.762
1819	59.7942	761.709
1821	59.867	761.453
1822	59.9037	761.296
1823	59.9406	761.215
1824	59.9772	761.007
1825	60.0136	760.877
1826	60.05	760.822
1827	60.0865	760.792
1830	60.1955	760.762
1831	60.2337	760.248
1832	60.2719	760.24
1834	60.3543	760.204
1835	60.3918	760.102
1836	60.4296	759.989
1837	60.4668	759.857
1838	60.5038	759.822
1839	60.5412	758.812
1840	60.5787	758.339
1842	60.6532	758.324
1844	60.729	757.441
1845	60.7665	757.275
1846	60.8038	757.01
1847	60.8409	756.935
1848	60.8787	756.66
1849	60.9161	756.646
1850	60.9531	753.951
1851	60.9903	753.775
1852	61.0276	753.599
1853	61.0643	753.526
1854	61.1009	753.383
1855	61.1379	752.263
1856	61.1751	752.26
1858	61.2509	752.228
1859	61.288	752.129
1860	61.325	752.105
1861	61.3622	751.593
1862	61.3993	751.37
1864	61.4738	751.186
1865	61.5112	750.618
1866	61.5478	750.422
1867	61.5844	750.374
1868	61.6211	750.233
1869	61.658	750.127
1870	61.695	749.524
1871	61.7324	749.363
1876	61.9159	748.971
1877	61.9531	748.941
1878	61.9901	748.831
1879	62.0279	748.574
1880	62.0658	748.111
1882	62.1397	747.799
1883	62.1761	747.793
1884	62.2145	746.433
1885	62.2549	736.411
1886	62.2956	736.379
1887	62.3331	736.352
1888	62.3704	736.271
1889	62.4079	736.175
1891	62.4857	734.698
1892	62.5231	734.45
1893	62.561	733.939
1896	62.6736	733.853
1898	62.7481	733.85
1899	62.785	733.83
1900	62.8219	733.79
1901	62.8589	733.721
1902	62.8963	733.62
1903	62.9332	733.543
1904	62.9703	733.442
1905	63.0074	733.021
1906	63.0449	730.261
1907	63.0816	730.141
1908	63.1185	730.078
1910	63.1938	729.826
1911	63.2314	728.386
1913	63.3095	728.036
1915	63.3856	727.597
1916	63.4235	727.59
1917	63.4613	727.486
1918	63.4991	727.423
1919	63.5362	726.854
1920	63.5736	726.848
1921	63.6112	726.752
1922	63.6488	726.663
1923	63.6864	726.539
1924	63.7243	726.384
1925	63.7626	726.072
1926	63.8	726.006
1927	63.8374	725.793
1928	63.8749	725.736
1929	63.9118	725.718
1930	63.9497	725.533
1932	64.0243	725.519
1933	64.0615	725.453
1934	64.0985	725.36
1935	64.1364	724.687
1936	64.1744	724.464
1937	64.214	724.436
1938	64.2526	723.982
1940	64.3276	723.98
1941	64.3661	723.922
1942	64.4042	723.912
1943	64.4416	722.695
1944	64.4787	722.69
1946	64.5581	722.553
1948	64.6358	722.466
1949	64.6736	722.349
1950	64.7121	722.091
1951	64.7509	722.06
1952	64.7893	721.836
1953	64.8274	721.637
1954	64.8655	721.632
1955	64.9032	721.618
1956	64.941	721.464
1957	64.9788	721.392
1958	65.0168	721.212
1960	65.092	721.205
1961	65.1297	721.167
1962	65.1683	721.049
1964	65.245	721.035
1965	65.2833	720.51
1966	65.3208	720.418
1967	65.3588	720.319
1968	65.3968	720.035
1969	65.435	719.679
1970	65.4728	719.504
1971	65.511	719.398
1972	65.5486	719.142
1974	65.624	719.088
1975	65.6618	719.023
1976	65.7006	718.796
1977	65.738	718.552
1978	65.7754	718.41
1979	65.8128	718.4
1980	65.8501	718.192
1981	65.8884	714.241
1982	65.9269	712.043
1984	66.0029	711.806
1985	66.0412	711.717
1986	66.0792	711.704
1987	66.1168	711.638
1988	66.1552	711.465
1989	66.1932	711.378
1990	66.2307	711.249
1991	66.2687	711.162
1993	66.3453	711.155
1995	66.4223	710.738
1996	66.4605	710.666
1997	66.4987	710.658
1998	66.5363	710.607
1999	66.5742	710.595
2000	66.6117	710.595
2001	66.6495	710.544
2002	66.6875	710.484
2003	66.7293	710.28
2004	66.7714	710.226
2005	66.8096	710.122
2006	66.8477	710.114
2007	66.8865	710.071
2008	66.9239	709.366
2009	66.9616	709.228
2010	67.0004	709.016
2011	67.0391	708.82
2013	67.1145	708.817
2014	67.1528	708.732
2015	67.1908	708.652
2016	67.2283	708.645
2018	67.3038	708.563
2019	67.3417	708.542
2020	67.3806	708.502
2021	67.419	708.331
2022	67.4574	706.71
2023	67.4956	706.696
2024	67.5343	706.361
2025	67.5725	706.259
2026	67.6111	706.212
2027	67.6487	705.603
2028	67.687	705.55
2029	67.7248	705.461
2030	67.7627	705.459
2031	67.8004	705.457
2032	67.8383	705.345
2034	67.9143	705.117
2035	67.952	705.001
2036	67.9895	704.884
2037	68.0277	704.762
2038	68.0658	704.442
2040	68.1422	704.298
2041	68.1803	703.854
2042	68.2181	703.829
2043	68.2557	703.825
2044	68.2945	703.823
2045	68.3328	703.708
2046	68.3712	703.673
2047	68.4093	703.34
2048	68.4479	703.212
2049	68.4856	703.16
2050	68.5233	703.062
2051	68.5616	702.768
2052	68.6005	702.759
2053	68.6388	702.684
2055	68.7158	701.928
2056	68.7544	701.087
2057	68.7926	700.742
2059	68.8694	700.712
2060	68.9115	700.657
2062	68.991	700.597
2064	69.0691	700.419
2065	69.1077	700.393
2066	69.1459	700.295
2067	69.1838	700.278
2069	69.2596	700.239
2070	69.2972	700.215
2071	69.3352	699.973
2072	69.3733	699.937
2073	69.4108	699.583
2075	69.4865	699.397
2077	69.5631	699.287
2078	69.6009	699.282
2079	69.6389	698.666
2080	69.6774	698.406
2082	69.7531	698.401
2083	69.7908	698.383
2084	69.8288	697.588
2085	69.8664	697.275
2086	69.9046	697.145
2087	69.9422	696.948
2088	69.9799	696.895
2089	70.0174	696.871
2090	70.0553	695.693
2091	70.0935	695.449
2092	70.1313	695.315
2094	70.208	695.172
2095	70.2483	694.395
2096	70.2877	694.351
2097	70.3268	694.288
2098	70.3651	694.264
2099	70.4039	694.183
2100	70.4425	694.077
2101	70.4804	693.766
2102	70.5183	693.602
2104	70.5949	693.565
2105	70.633	693.416
2106	70.6707	692.725
2107	70.7085	692.723
2108	70.7462	692.58
2109	70.7844	692.375
2111	70.8595	692.362
2112	70.8975	692.327
2115	71.0129	692.297
2116	71.0522	691.886
2118	71.1354	691.698
2119	71.175	691.558
2120	71.2136	691.06
2121	71.2521	691.053
2123	71.3324	691.029
2124	71.3998	689.49
2125	71.4388	688.512
2127	71.5158	688.498
2131	71.6698	688.39
2132	71.7088	688.078
2133	71.747	687.685
2136	71.8621	687.546
2139	71.9754	687.546
2140	72.0134	687.506
2141	72.0517	687.5
2143	72.1279	687.436
2144	72.1666	687.4
2145	72.2051	686.939
2146	72.2437	686.145
2148	72.3193	686.031
2150	72.395	685.822
2151	72.4328	685.453
2153	72.5089	685.443
2155	72.5854	685.064
2157	72.6609	684.771
2159	72.7374	684.356
2160	72.7759	684.355
2161	72.8143	684.298
2162	72.8527	684.253
2163	72.8907	684.176
2164	72.9287	684.067
2165	72.9672	683.797
2166	73.0055	683.781
2167	73.0442	683.666
2168	73.0825	683.655
2169	73.1201	683.554
2171	73.1979	683.525
2172	73.236	683.516
2173	73.2751	683.454
2174	73.3149	683.36
2175	73.3534	683.277
2177	73.4304	683.272
2178	73.4685	683.107
2180	73.545	683.019
2181	73.5834	682.98
2183	73.6612	681.883
2184	73.6991	681.876
2186	73.776	681.815
2187	73.8137	681.582
2188	73.8514	681.463
2189	73.8894	681.368
2190	73.9272	681.223
2191	73.965	681.194
2192	74.0034	681.009
2193	74.0416	680.805
2194	74.0801	680.758
2195	74.1177	680.7
2196	74.1576	680.497
2197	74.1967	679.994
2198	74.2355	679.88
2199	74.2736	679.808
2200	74.3121	679.793
2202	74.3892	679.583
2204	74.467	679.582
2205	74.5051	679.325
2206	74.5431	679.262
2207	74.5818	679.103
2208	74.6202	678.97
2209	74.6587	678.897
2210	74.6969	678.773
2211	74.7348	678.736
2212	74.7728	678.495
2213	74.8108	677.732
2214	74.8485	677.622
2215	74.8861	677.582
2216	74.9248	677.378
2217	74.9633	677.018
2218	75.0011	677.005
2219	75.0388	676.981
2220	75.077	676.955
2221	75.1151	675.354
2222	75.1533	674.812
2224	75.2292	674.701
2225	75.2672	674.636
2227	75.3433	674.544
2228	75.3816	674.462
2229	75.4205	674.38
2230	75.4629	674.28
2231	75.5018	674.198
2233	75.5792	674.172
2234	75.6185	673.215
2235	75.6569	672.945
2236	75.6959	672.854
2238	75.773	672.797
2239	75.8114	672.787
2241	75.8875	672.654
2243	75.9631	672.523
2245	76.0405	672.46
2246	76.0789	672.408
2248	76.1566	672.089
2249	76.1947	671.872
2250	76.2329	671.785
2251	76.2711	671.611
2253	76.3477	671.596
2254	76.3861	671.504
2255	76.4247	671.464
2257	76.5008	671.366
2258	76.539	671.342
2259	76.577	671.342
2260	76.6157	671.323
2261	76.6536	671.15
2262	76.6917	670.155
2264	76.7695	668.55
2265	76.8082	668.391
2266	76.8471	667.669
2267	76.8854	667.183
2269	76.9616	667.155
2270	76.9997	667.144
2271	77.0383	667.141
2272	77.0768	667.137
2273	77.1158	667.066
2274	77.1548	666.915
2275	77.1935	666.853
2276	77.2323	666.494
2277	77.2707	666.393
2278	77.3095	666.221
2279	77.3478	666.151
2280	77.386	666.1
2281	77.4244	665.778
2282	77.4627	665.736
2283	77.5007	665.733
2284	77.5391	665.73
2285	77.5774	665.721
2286	77.6202	665.665
2287	77.6618	665.512
2288	77.701	665.421
2289	77.7401	665.385
2290	77.7786	665.183
2291	77.8167	664.846
2292	77.8552	664.801
2293	77.8934	664.716
2294	77.9313	664.581
2295	77.9701	664.408
2297	78.0474	664.172
2299	78.1248	664.164
2300	78.1633	663.911
2301	78.2016	663.751
2302	78.2396	663.638
2304	78.3164	663.61
2305	78.3543	663.56
2306	78.3928	663.554
2307	78.431	663.543
2310	78.5459	663.523
2311	78.584	663.284
2312	78.6235	663.253
2313	78.6617	663.157
2314	78.6997	663.143
2315	78.7384	662.967
2317	78.8152	662.908
2318	78.8532	662.905
2319	78.8916	662.489
2320	78.9295	662.477
2322	79.0057	662.409
2324	79.0819	661.776
2325	79.1202	661.701
2326	79.1589	661.554
2327	79.197	661.51
2328	79.2359	661.443
2329	79.274	661.439
2330	79.3128	660.429
2331	79.3599	660.424
2332	79.4006	660.284
2333	79.4399	660.268
2334	79.4788	660.198
2335	79.5179	659.531
2336	79.557	659.501
2337	79.5958	659.415
2338	79.6349	659.405
2339	79.7119	659.367
2340	79.7608	659.086
2341	79.8	659.082
2342	79.8407	658.897
2343	79.88	658.825
2347	80.0358	658.791
2348	80.0749	658.695
2349	80.1141	658.467
2351	80.1926	658.41
2352	80.2325	658.368
2356	80.3889	657.911
2358	80.4666	657.733
2360	80.5443	657.592
2361	80.5833	657.566
2363	80.6613	657.559
2364	80.701	656.494
2365	80.7407	655.843
2367	80.8188	655.765
2368	80.8579	655.758
2370	80.9358	655.743
2372	81.0139	655.723
2373	81.0527	655.509
2374	81.092	655.368
2376	81.171	655.281
2379	81.288	654.876
2380	81.3278	654.376
2381	81.367	654.366
2383	81.4454	654.309
2384	81.4849	654.258
2385	81.5248	654.211
2386	81.5643	653.376
2388	81.6492	653.342
2389	81.6885	653.332
2390	81.7285	653.305
2391	81.768	653.287
2392	81.8086	653.284
2393	81.8479	653.27
2395	81.9273	652.958
2399	82.0876	652.695
2400	82.1273	652.673
2401	82.1671	652.65
2402	82.2071	652.642
2403	82.2459	652.627
2404	82.2858	652.513
2405	82.3258	652.273
2406	82.3658	652.248
2407	82.4048	652.159
2408	82.4439	652.11
2409	82.4845	652.094
2410	82.5239	652.069
2411	82.5645	652.054
2412	82.6044	652.041
2413	82.6447	651.959
2414	82.6844	651.902
2416	82.7643	651.882
2417	82.8039	651.879
2418	82.8434	651.522
2420	82.9278	651.393
2421	82.9682	651.376
2423	83.0484	651.031
2424	83.0886	651.025
2425	83.1693	650.933
2426	83.2436	650.91
2427	83.2836	650.875
2429	83.3624	650.826
2430	83.4049	650.612
2431	83.4472	650.608
2432	83.4879	650.453
2433	83.5281	650.365
2434	83.5684	650.365
2435	83.6089	650.315
2436	83.6489	650.18
2437	83.6889	649.513
2438	83.7292	649.43
2442	83.8877	648.804
2444	83.9663	648.802
2445	84.0054	648.443
2446	84.0444	648.398
2447	84.0896	648.321
2448	84.1318	648.3
2450	84.2142	648.199
2452	84.2937	648.033
2453	84.3359	647.371
2454	84.3764	647.312
2455	84.4178	647.247
2456	84.4582	647.124
2457	84.4988	646.995
2458	84.5389	646.983
2459	84.5802	646.982
2460	84.6202	646.947
2461	84.6597	645.508
2462	84.6994	645.14
2464	84.7786	645.057
2467	84.8974	645.012
2468	84.9369	644.919
2469	84.977	644.849
2470	85.0165	644.768
2471	85.0561	644.648
2473	85.1353	644.539
2474	85.1759	644.304
2475	85.2156	644.214
2476	85.2552	643.869
2477	85.2943	643.869
2478	85.3337	643.865
2479	85.3741	643.863
2480	85.4135	643.723
2481	85.4539	643.685
2482	85.4942	643.646
2483	85.5353	643.609
2484	85.5755	643.604
2485	85.6163	643.589
2486	85.6571	643.56
2487	85.6964	643.449
2488	85.7369	643.246
2489	85.7763	643.115
2490	85.8155	642.309
2491	85.8552	642.182
2493	85.9367	642.155
2494	85.9762	641.918
2496	86.0558	641.913
2498	86.135	641.878
2500	86.2158	641.859
2501	86.2553	641.629
2502	86.2953	640.729
2505	86.4167	640.585
2506	86.4568	639.324
2507	86.4963	638.979
2510	86.6147	638.977
2511	86.6541	638.975
2512	86.6938	638.968
2513	86.7332	638.639
2514	86.7723	638.565
2515	86.8119	638.515
2516	86.8508	638.409
2517	86.89	638.311
2518	86.9296	638.226
2520	87.0088	638.13
2521	87.0481	637.868
2522	87.0872	637.855
2523	87.1277	637.838
2524	87.1666	637.835
2528	87.3251	637.773
2530	87.4042	637.69
2533	87.5232	637.61
2535	87.6019	637.41
2536	87.6411	637
2537	87.6803	636.787
2539	87.7591	636.775
2540	87.7982	636.71
2542	87.8776	636.632
2544	87.9606	636.61
2545	88.0008	636.603
2546	88.0414	636.553
2547	88.0808	636.534
2549	88.1601	636.509
2550	88.1998	636.491
2551	88.2394	636.414
2552	88.2791	636.398
2557	88.4777	636.345
2558	88.5173	636.343
2559	88.5572	636.045
2560	88.5982	636.043
2562	88.6768	636.038
2563	88.716	635.969
2564	88.7555	634.939
2565	88.7959	634.913
2566	88.836	634.808
2567	88.8751	634.724
2570	88.9931	633.859
2572	89.0715	633.785
2573	89.1112	633.772
2574	89.1505	633.734
2575	89.1895	633.173
2578	89.3069	633.12
2579	89.3461	633.087
2580	89.386	633.012
2581	89.426	632.965
2582	89.4653	632.818
2583	89.5043	632.808
2584	89.5433	632.764
2587	89.6619	632.752
2588	89.7011	632.66
2589	89.7402	632.516
2590	89.7793	632.441
2591	89.8182	632.291
2592	89.8569	632.234
2594	89.9365	632.202
2596	90.0152	631.687
2598	90.1006	631.444
2600	90.1845	631.286
2604	90.3448	630.748
2605	90.384	630.441
2606	90.4241	630.431
2607	90.4641	630.367
2608	90.5034	630.339
2613	90.7006	630.292
2616	90.8216	630.234
2619	90.9403	630.093
2621	91.0196	630.092
2623	91.0986	630.045
2624	91.1384	629.97
2625	91.1778	629.891
2626	91.2212	629.247
2627	91.2875	629.227
2628	91.3287	629.177
2631	91.4556	629.162
2633	91.5375	629.147
2635	91.6161	628.91
2639	91.7713	628.757
2640	91.8097	628.732
2641	91.8498	628.73
2642	91.8888	628.705
2643	91.9286	628.628
2644	91.9667	628.529
2645	92.0061	628.313
2646	92.0446	628.258
2647	92.0827	628.225
2648	92.1214	628.206
2649	92.1608	628.155
2651	92.2388	628.155
2652	92.2776	628.153
2653	92.3158	628.134
2654	92.3546	628.071
2655	92.3932	628.068
2656	92.4372	628.045
2657	92.4802	628.027
2658	92.5217	627.971
2661	92.6397	627.96
2662	92.6812	627.954
2663	92.724	627.751
2664	92.7784	627.743
2665	92.819	627.542
2666	92.8585	627.519
2667	92.8981	627.501
2668	92.9386	627.498
2669	92.9788	627.47
2670	93.0185	627.447
2671	93.0592	627.397
2672	93.0976	627.237
2673	93.1372	627.165
2675	93.215	627.149
2676	93.2544	627.112
2677	93.2927	626.857
2678	93.3325	626.78
2679	93.3714	626.757
2680	93.4101	626.707
2682	93.4878	626.653
2684	93.5655	626.492
2685	93.6042	626.365
2686	93.6432	626.332
2687	93.682	626.286
2688	93.7206	626.274
2689	93.7592	626.072
2690	93.7986	625.364
2691	93.8378	625.344
2692	93.8765	625.213
2693	93.9149	625.144
2694	93.9534	625.102
2695	93.9922	624.966
2696	94.0312	624.834
2697	94.0704	624.535
2698	94.109	624.494
2699	94.1482	624.482
2700	94.1874	624.461
2701	94.227	623.765
2702	94.2678	623.631
2703	94.3075	623.581
2704	94.3466	623.537
2705	94.3865	623.228
2706	94.4266	623.092
2707	94.4658	623.046
2708	94.5064	623.036
2709	94.5457	622.985
2710	94.5848	622.914
2711	94.6243	622.893
2714	94.7432	622.826
2715	94.783	622.63
2716	94.8215	622.561
2717	94.861	622.558
2718	94.9009	622.507
2719	94.9398	622.499
2720	94.9801	622.431
2721	95.0189	622.31
2722	95.0593	622.057
2726	95.2192	622.053
2728	95.2984	621.824
2729	95.3376	621.713
2730	95.3777	621.694
2731	95.4164	621.568
2733	95.4956	621.557
2734	95.5435	621.451
2736	95.6289	621.436
2738	95.7144	621.116
2740	95.7933	621.11
2741	95.8324	620.981
2742	95.8731	620.539
2743	95.912	620.461
2744	95.9531	620.436
2745	95.9935	620.198
2746	96.0324	619.865
2747	96.074	619.612
2750	96.1924	619.573
2753	96.3136	619.5
2754	96.3546	619.453
2755	96.3935	619.325
2756	96.4329	619.065
2757	96.4718	618.992
2758	96.5118	618.855
2760	96.5904	618.78
2761	96.6303	618.777
2763	96.7078	618.753
2764	96.7512	618.75
2765	96.793	618.748
2768	96.9154	618.745
2770	96.9952	618.628
2771	97.0349	618.626
2772	97.0755	618.618
2773	97.1155	618.587
2774	97.1556	618.57
2775	97.196	618.394
2776	97.2378	618.361
2777	97.2774	618.173
2778	97.3177	618.165
2780	97.3977	617.963
2783	97.5292	617.915
2784	97.6085	617.875
2785	97.6746	617.836
2786	97.7256	617.806
2787	97.7675	617.803
2789	97.8478	617.795
2790	97.8869	617.783
2792	97.9709	617.759
2793	98.0123	617.754
2794	98.051	617.616
2795	98.0904	617.565
2796	98.1313	617.559
2797	98.1717	617.557
2799	98.2499	617.456
2800	98.2888	616.859
2802	98.3671	616.838
2803	98.4065	616.793
2804	98.4453	616.12
2805	98.4905	616.112
2807	98.5723	616.069
2808	98.6122	616.04
2812	98.7717	615.999
2814	98.8496	615.599
2815	98.889	615.295
2817	98.9926	615.14
2818	99.0478	615.126
2819	99.0943	615.092
2820	99.1333	615.079
2822	99.223	614.955
2824	99.3446	614.891
2827	99.4666	614.889
2828	99.5074	614.83
2829	99.5467	614.606
2832	99.6664	614.589
2833	99.7068	614.518
2834	99.7462	614.498
2835	99.7863	614.471
2836	99.8263	614.426
2838	99.9062	614.268
2840	99.9857	614.197
2843	100.125	614.19
2844	100.166	613.803
2845	100.206	613.3
2847	100.287	613.285
2851	100.45	612.516
2853	100.53	612.36
2856	100.651	612.298
2859	100.77	612.057
2860	100.809	612.028
2862	100.89	612.019
2865	101.009	611.99
2866	101.049	611.626
2869	101.17	611.625
2873	101.331	611.62
2875	101.409	611.394
2876	101.45	611.387
2878	101.528	611.337
2879	101.57	611.234
2881	101.654	611.227
2882	101.696	611.187
2884	101.779	611.111
2885	101.821	610.904
2887	101.901	610.854
2888	101.94	610.828
2889	101.98	610.787
2890	102.02	610.647
2892	102.098	610.647
2893	102.137	610.594
2895	102.223	610.565
2896	102.264	610.512
2897	102.304	610.5
2898	102.344	610.434
2901	102.463	610.415
2902	102.503	610.414
2903	102.541	610.252
2904	102.581	610.162
2905	102.619	610.083
2906	102.659	610.01
2907	102.698	609.996
2908	102.744	609.878
2909	102.787	609.872
2910	102.827	609.851
2911	102.866	609.833
2912	102.905	609.775
2913	102.945	609.723
2915	103.024	609.703
2917	103.103	609.291
2918	103.142	609.258
2924	103.389	609.245
2925	103.428	609.073
2926	103.467	609.047
2927	103.506	608.961
2928	103.547	608.949
2930	103.626	608.84
2931	103.666	608.803
2932	103.705	608.694
2933	103.746	608.593
2934	103.787	608.51
2935	103.827	608.438
2936	103.867	608.373
2937	103.908	608.233
2938	103.948	608.207
2940	104.027	608.186
2941	104.067	607.913
2942	104.108	607.853
2943	104.154	607.697
2944	104.197	607.672
2946	104.277	607.019
2947	104.318	606.968
2948	104.359	606.864
2949	104.399	606.198
2950	104.439	606.144
2951	104.48	606.128
2953	104.56	606.126
2955	104.641	605.993
2956	104.682	605.908
2958	104.761	605.831
2960	104.841	605.71
2961	104.881	605.648
2962	104.921	605.628
2964	105	605.546
2965	105.04	605.506
2966	105.08	605.503
2967	105.12	605.459
2968	105.17	605.191
2969	105.217	605.154
2970	105.258	604.991
2971	105.298	604.907
2972	105.337	604.889
2974	105.416	604.826
2978	105.575	604.758
2980	105.659	604.746
2981	105.704	604.657
2982	105.744	604.342
2983	105.785	604.305
2985	105.865	604.009
2986	105.906	603.812
2987	105.95	603.651
2989	106.031	603.644
2990	106.074	603.634
2991	106.114	603.632
2993	106.194	603.6
2994	106.236	603.524
2995	106.276	603.438
2996	106.316	603.411
2997	106.357	603.277
2998	106.396	603.189
3000	106.476	603.128
3001	106.516	603.108
3002	106.557	603.098
3003	106.596	603.097
3004	106.637	603.09
3006	106.718	603.083
3007	106.757	603.015
3010	106.876	602.912
3013	106.995	602.888
3015	107.074	601.803
3017	107.152	601.661
3019	107.231	601.65
3020	107.27	601.626
3024	107.429	601.617
3025	107.469	601.569
3026	107.508	601.568
3027	107.548	601.566
3028	107.587	601.564
3029	107.627	601.564
3030	107.667	601.563
3031	107.707	601.381
3032	107.746	601.357
3033	107.786	601.354
3034	107.825	601.352
3035	107.865	601.291
3036	107.904	601.288
3037	107.944	601.269
3038	107.983	601.062
3039	108.023	600.798
3040	108.063	600.658
3042	108.144	600.649
3043	108.185	600.577
3044	108.225	600.144
3045	108.264	600.14
3047	108.343	600.104
3051	108.501	600.088
3052	108.541	600.007
3054	108.621	599.94
3055	108.66	599.681
3056	108.699	599.673
3057	108.739	599.648
3058	108.779	599.579
3059	108.818	599.401
3060	108.859	599.321
3062	108.938	599.22
3063	108.978	599.196
3065	109.058	599.19
3068	109.177	599.142
3069	109.217	598.611
3071	109.296	598.533
3072	109.335	598.531
3073	109.375	598.513
3076	109.494	598.479
3077	109.533	598.46
3078	109.573	598.351
3083	109.771	598.316
3084	109.812	598.074
3085	109.851	597.829
3086	109.89	597.806
3087	109.933	597.67
3092	110.134	597.591
3093	110.174	597.535
3096	110.297	597.473
3099	110.418	597.402
3101	110.504	597.402
3102	110.545	597.391
3103	110.59	597.386
3106	110.715	596.916
3110	110.889	596.889
3112	110.972	596.877
3114	111.057	596.79
3115	111.098	596.619
3116	111.138	596.618
3118	111.217	596.085
3119	111.257	594.631
3121	111.338	594.627
3122	111.378	594.56
3124	111.458	594.492
3125	111.498	594.359
3126	111.537	594.358
3127	111.577	594.216
3128	111.617	594.206
3131	111.736	594.193
3132	111.778	594.193
3133	111.823	594.186
3134	111.866	594.168
3135	111.906	594.147
3137	111.989	594.142
3138	112.028	594.04
3140	112.111	594.024
3141	112.151	594.011
3142	112.192	594.003
3143	112.232	593.771
3144	112.274	593.763
3145	112.316	593.692
3146	112.358	593.655
3148	112.44	593.08
3149	112.481	593.057
3152	112.606	592.995
3153	112.646	592.983
3154	112.685	592.982
3155	112.726	592.976
3157	112.814	592.915
3158	112.856	592.867
3162	113.018	592.787
3164	113.097	592.763
3165	113.136	592.592
3166	113.176	592.547
3167	113.215	592.503
3169	113.295	592.47
3170	113.335	592.349
3171	113.375	592.264
3172	113.416	592.209
3173	113.456	592.143
3174	113.495	592.088
3175	113.535	592.062
3176	113.575	591.963
3177	113.616	591.887
3178	113.655	591.877
3180	113.736	591.834
3181	113.776	591.805
3182	113.816	591.341
3183	113.855	591.321
3184	113.895	591.286
3186	113.974	590.689
3187	114.013	590.579
3189	114.093	590.513
3190	114.132	590.466
3191	114.172	590.463
3192	114.213	590.402
3196	114.374	590.333
3198	114.454	590.249
3199	114.496	590.224
3200	114.541	590.182
3201	114.584	590.13
3202	114.625	590.07
3204	114.711	589.966
3206	114.792	589.954
3208	114.871	589.745
3209	114.914	589.464
3210	114.96	589.273
3211	115	589.184
3212	115.041	589.163
3213	115.081	589.144
3214	115.121	589.103
3215	115.161	589.088
3216	115.201	589.082
3218	115.287	589.043
3220	115.373	589.034
3221	115.413	588.997
3222	115.453	588.383
3225	115.573	588.273
3226	115.638	587.8
3227	115.692	587.659
3229	115.772	587.656
3230	115.813	587.652
3233	115.932	587.521
3234	115.971	587.489
3235	116.014	587.449
3236	116.06	587.426
3237	116.099	587.191
3238	116.14	587.119
3241	116.259	587.047
3242	116.298	587.043
3244	116.377	587.043
3246	116.466	587.021
3247	116.507	586.759
3248	116.548	586.755
3250	116.627	586.698
3253	116.748	586.675
3255	116.829	586.575
3256	116.871	585.513
3257	116.912	585.383
3258	116.952	585.376
3259	116.991	585.312
3261	117.071	585.207
3262	117.111	585.201
3264	117.191	585.195
3265	117.23	585.184
3266	117.27	585.175
3270	117.437	584.996
3271	117.477	584.836
3272	117.517	584.82
3275	117.636	584.723
3277	117.714	584.72
3278	117.754	584.655
3279	117.794	584.573
3280	117.834	584.016
3282	117.913	584.014
3283	117.953	583.981
3284	117.993	583.528
3285	118.033	583.521
3287	118.118	583.502
3288	118.161	583.427
3292	118.321	583.366
3293	118.362	583.186
3294	118.403	583.142
3295	118.444	582.728
3296	118.484	582.718
3298	118.564	582.56
3299	118.604	582.522
3300	118.644	582.475
3302	118.737	582.362
3303	118.777	582.259
3305	118.861	582.257
3308	118.98	582.241
3309	119.021	582.085
3316	119.307	582.051
3317	119.347	581.991
3318	119.386	581.952
3319	119.426	581.937
3323	119.583	581.853
3325	119.662	581.81
3327	119.742	581.743
3336	120.098	581.693
3339	120.217	581.659
3340	120.258	581.638
3344	120.419	581.637
3345	120.458	581.537
3346	120.499	581.019
3354	120.818	580.943
3355	120.858	580.797
3356	120.897	580.795
3358	120.976	580.692
3359	121.015	580.627
3360	121.055	580.61
3361	121.095	580.591
3362	121.134	580.583
3363	121.174	580.571
3364	121.213	580.52
3365	121.255	580.399
3366	121.297	580.397
3367	121.337	580.369
3369	121.418	580.361
3371	121.498	580.349
3373	121.58	580.338
3375	121.66	580.315
3377	121.745	580.31
3378	121.787	580.137
3382	121.983	580.13
3383	122.023	580.01
3384	122.063	579.983
3385	122.103	579.934
3386	122.143	579.91
3388	122.222	579.898
3389	122.272	579.89
3392	122.397	579.854
3393	122.437	579.793
3394	122.476	579.788
3395	122.516	579.752
3396	122.555	579.719
3398	122.635	579.704
3400	122.72	579.683
3404	122.884	579.666
3405	122.924	579.558
3406	122.963	579.511
3407	123.004	579.448
3408	123.044	579.445
3409	123.086	579.401
3411	123.169	579.396
3412	123.21	579.359
3413	123.249	579.196
3414	123.29	579.165
3415	123.331	579.079
3416	123.372	578.577
3417	123.414	578.46
3418	123.455	578.445
3419	123.498	578.444
3420	123.539	578.442
3421	123.583	578.262
3426	123.79	578.183
3427	123.83	578.041
3429	123.907	577.996
3430	123.948	577.951
3431	123.987	577.882
3436	124.184	577.838
3438	124.263	577.812
3439	124.302	577.788
3440	124.34	577.758
3442	124.417	577.69
3444	124.494	577.634
3445	124.533	577.414
3446	124.571	577.396
3447	124.61	577.371
3448	124.649	577.005
3449	124.688	576.991
3450	124.727	576.069
3451	124.765	576.03
3452	124.804	576.018
3453	124.842	576.013
3454	124.882	575.985
3455	124.921	575.978
3456	124.96	575.972
3457	125	575.918
3458	125.04	575.889
3460	125.117	575.888
3462	125.195	575.634
3464	125.273	575.629
3465	125.311	575.547
3466	125.35	574.836
3467	125.389	574.742
3469	125.467	574.645
3470	125.506	574.64
3473	125.625	574.606
3475	125.704	574.569
3476	125.743	574.552
3477	125.782	574.432
3478	125.821	574.391
3480	125.899	574.373
3482	125.978	574.368
3483	126.017	574.309
3484	126.056	574.305
3485	126.096	574.297
3488	126.223	574.278
3489	126.261	574.233
3491	126.34	574.225
3492	126.379	574.224
3493	126.418	574.216
3494	126.458	574.206
3495	126.498	574.098
3496	126.536	574.039
3497	126.575	573.91
3499	126.654	573.871
3500	126.693	573.871
3502	126.771	573.844
3503	126.81	573.832
3505	126.889	573.829
3506	126.929	573.812
3507	126.969	573.811
3509	127.047	573.809
3510	127.086	573.799
3511	127.125	573.711
3512	127.165	573.683
3515	127.281	573.642
3516	127.32	573.632
3517	127.36	573.62
3518	127.399	573.57
3520	127.479	573.294
3523	127.596	573.23
3524	127.635	572.935
3526	127.713	572.924
3528	127.794	572.724
3530	127.874	572.033
3531	127.913	571.867
3533	127.993	571.827
3534	128.032	571.805
3535	128.072	571.538
3536	128.111	571.532
3538	128.191	571.503
3539	128.23	571.365
3540	128.27	571.31
3541	128.31	571.291
3542	128.351	571.214
3547	128.549	571.212
3548	128.596	571.188
3549	128.638	571.084
3553	128.843	570.987
3555	128.925	570.984
3556	128.967	570.97
3557	129.007	570.963
3559	129.094	570.943
3563	129.261	570.925
3565	129.341	570.879
3566	129.38	570.857
3567	129.42	570.824
3569	129.499	570.817
3576	129.778	570.774
3577	129.818	570.762
3579	129.898	570.698
3581	129.98	570.675
3584	130.1	570.675
3586	130.179	570.538
3587	130.22	570.514
3589	130.299	570.508
3591	130.378	570.477
3595	130.538	570.352
3596	130.578	570.351
3598	130.657	570.303
3599	130.696	570.215
3600	130.736	570.024
3601	130.775	570.019
3604	130.893	569.972
3605	130.933	569.934
3606	130.973	569.932
3608	131.06	569.92
3609	131.107	569.883
3611	131.191	569.881
3612	131.23	569.875
3613	131.27	569.865
3615	131.349	569.857
3617	131.428	569.853
3618	131.468	569.08
3621	131.586	569.063
3622	131.626	569.059
3623	131.666	568.952
3624	131.706	568.949
3625	131.745	568.926
3626	131.786	568.919
3628	131.869	568.886
3629	131.911	568.884
3633	132.08	568.869
3634	132.122	568.839
3635	132.162	568.829
3638	132.282	568.659
3639	132.323	568.657
3640	132.364	568.637
3644	132.527	568.623
3645	132.568	568.385
3646	132.61	568.337
3647	132.65	568.314
3650	132.769	568.267
3651	132.81	568.24
3652	132.849	568.217
3653	132.889	568.135
3654	132.928	568.112
3655	132.967	568.085
3656	133.007	568.039
3657	133.046	567.98
3658	133.086	567.922
3660	133.165	567.916
3661	133.205	567.909
3663	133.287	567.851
3665	133.368	567.845
3666	133.408	567.567
3667	133.447	567.538
3669	133.526	567.496
3670	133.567	567.455
3671	133.607	567.437
3672	133.647	567.433
3676	133.806	567.396
3677	133.847	567.39
3678	133.886	567.249
3679	133.927	567.217
3680	133.967	567.194
3682	134.047	567.117
3684	134.127	567.107
3685	134.168	567.079
3686	134.207	567.076
3688	134.29	566.874
3689	134.331	566.556
3690	134.372	566.275
3691	134.415	566.235
3692	134.455	566.223
3693	134.497	566.221
3694	134.548	566.2
3696	134.659	566.195
3698	134.742	566.167
3702	134.905	565.98
3705	135.025	565.906
3706	135.065	565.471
3707	135.106	565.459
3708	135.146	565.455
3709	135.187	565.451
3710	135.23	565.442
3713	135.391	565.379
3714	135.438	565.363
3715	135.48	565.203
3716	135.522	565.146
3717	135.562	565.062
3718	135.603	565.03
3720	135.684	565.023
3721	135.723	564.991
3723	135.803	564.938
3724	135.843	564.927
3726	135.925	564.916
3728	136.005	564.8
3733	136.202	564.798
3735	136.281	564.773
3736	136.322	564.558
3737	136.369	564.444
3738	136.409	564.4
3740	136.491	564.392
3743	136.609	564.386
3746	136.74	564.373
3749	136.859	564.296
3751	136.939	564.281
3752	136.978	564.269
3754	137.058	564.259
3755	137.099	564.191
3757	137.178	564.183
3758	137.217	564.156
3760	137.296	562.193
3762	137.375	562.19
3764	137.477	561.915
3765	137.528	561.875
3768	137.648	561.83
3770	137.728	561.451
3773	137.851	561.427
3774	137.891	561.423
3775	137.93	561.107
3777	138.011	561.1
3778	138.052	560.829
3779	138.092	560.747
3780	138.132	560.593
3781	138.172	560.586
3782	138.213	560.517
3787	138.414	560.515
3789	138.494	560.462
3792	138.614	560.454
3793	138.657	560.342
3794	138.697	560.335
3795	138.737	560.321
3796	138.777	560.289
3797	138.817	560.285
3801	138.985	560.28
3803	139.065	560.249
3805	139.147	560.192
3806	139.187	560.184
3808	139.268	560.181
3810	139.348	560.144
3812	139.438	560.141
3815	139.564	560.125
3816	139.604	560.09
3818	139.685	560.09
3819	139.726	560.065
3823	139.886	560.048
3824	139.926	560.044
3825	139.967	559.794
3831	140.204	559.77
3832	140.244	559.767
3833	140.283	559.764
3835	140.363	559.696
3838	140.481	559.651
3839	140.52	559.573
3840	140.56	559.498
3841	140.6	559.497
3842	140.639	559.471
3844	140.719	559.446
3846	140.799	559.426
3849	140.922	559.397
3852	141.04	559.386
3853	141.079	559.384
3855	141.159	559.297
3856	141.199	559.219
3857	141.239	559.217
3858	141.279	559.022
3860	141.359	558.995
3862	141.439	558.987
3863	141.479	558.873
3864	141.518	558.87
3868	141.676	558.687
3871	141.797	558.66
3873	141.876	558.593
3874	141.915	558.589
3875	141.955	558.555
3876	141.994	558.541
3878	142.074	558.34
3879	142.115	558.321
3884	142.315	558.315
3885	142.355	558.136
3886	142.395	558.104
3887	142.434	558.084
3888	142.473	558.074
3890	142.553	558.065
3891	142.593	558.051
3892	142.633	558.018
3893	142.673	557.969
3894	142.712	557.961
3895	142.752	557.913
3896	142.791	557.894
3897	142.831	557.864
3898	142.87	557.845
3900	142.95	557.812
3901	142.993	557.781
3902	143.034	557.778
3903	143.073	557.771
3904	143.113	557.745
3906	143.194	557.63
3907	143.234	557.608
3909	143.314	557.57
3910	143.355	557.537
3911	143.395	557.532
3912	143.435	557.532
3916	143.601	557.494
3917	143.643	557.493
3918	143.69	557.225
3919	143.731	557.218
3921	143.817	557.215
3922	143.857	557.201
3923	143.897	557.181
3924	143.936	557.142
3925	143.976	557.106
3926	144.016	557.105
3927	144.056	557.072
3928	144.096	556.915
3929	144.136	556.841
3930	144.176	556.759
3931	144.216	556.741
3932	144.256	556.736
3933	144.295	556.643
3934	144.346	556.627
3935	144.388	556.613
3938	144.508	556.59
3940	144.589	556.589
3941	144.63	556.509
3942	144.67	556.348
3945	144.789	556.268
3946	144.852	555.493
3949	145.015	555.483
3950	145.055	555.455
3954	145.224	555.438
3955	145.265	555.397
3956	145.305	555.348
3957	145.347	555.326
3958	145.387	555.314
3959	145.427	554.888
3960	145.477	554.838
3962	145.561	554.837
3963	145.603	554.819
3964	145.643	554.799
3965	145.684	554.786
3968	145.806	554.051
3969	145.846	553.695
3973	146.007	553.691
3975	146.087	553.647
3977	146.167	553.573
3983	146.407	553.522
3984	146.446	553.505
3985	146.486	553.503
3986	146.526	553.476
3988	146.607	553.475
3989	146.647	553.469
3991	146.726	553.379
3992	146.766	553.36
3995	146.886	553.339
3996	146.926	553.338
3998	147.005	553.337
3999	147.045	553.311
4000	147.086	552.979
4002	147.166	552.968
4004	147.247	552.788
4005	147.287	552.756
4007	147.368	552.737
4008	147.41	552.628
4010	147.49	552.145
4011	147.531	551.119
4012	147.57	551.118
4014	147.65	551.111
4015	147.69	550.953
4018	147.809	550.9
4019	147.849	550.868
4020	147.888	550.836
4022	147.968	550.766
4023	148.008	550.723
4024	148.049	550.658
4029	148.262	550.643
4036	148.557	550.62
4045	148.929	550.433
4047	149.008	550.403
4048	149.049	550.376
4049	149.089	550.358
4055	149.331	550.356
4056	149.372	550.325
4059	149.495	550.316
4060	149.551	550.312
4061	149.597	550.247
4064	149.722	550.012
4065	149.764	550.007
4068	149.885	549.994
4069	149.927	549.993
4070	149.968	549.974
4071	150.007	549.969
4075	150.169	549.946
4076	150.208	549.94
4080	150.369	549.878
4081	150.41	549.873
4082	150.449	549.85
4083	150.489	549.844
4084	150.529	549.824
4085	150.569	549.75
4089	150.729	549.708
4091	150.808	549.69
4092	150.848	549.683
4093	150.888	549.682
4095	150.968	549.664
4098	151.088	549.467
4102	151.25	549.391
4103	151.29	549.289
4104	151.33	549.283
4105	151.37	549.262
4108	151.49	549.244
4109	151.531	549.222
4112	151.65	549.163
4115	151.773	549.15
4116	151.824	549.138
4118	151.938	549.079
4119	151.992	549.068
4120	152.033	549.063
4121	152.076	549.055
4124	152.201	549.046
4125	152.241	548.947
4126	152.281	548.887
4127	152.323	548.861
4129	152.403	548.779
4130	152.444	548.77
4131	152.484	548.77
4132	152.524	548.761
4133	152.563	548.724
4135	152.654	548.698
4137	152.734	548.623
4138	152.776	548.607
4140	152.857	548.596
4141	152.897	548.368
4144	153.026	548.366
4145	153.071	548.353
4146	153.114	548.302
4147	153.156	548.245
4149	153.237	548.237
4150	153.278	548.181
4151	153.318	548.174
4152	153.359	548.169
4156	153.519	548.132
4157	153.559	548.131
4158	153.601	548.035
4159	153.644	548.03
4161	153.727	548.027
4164	153.847	547.991
4165	153.887	547.978
4166	153.927	547.972
4168	154.008	547.901
4169	154.05	547.858
4170	154.09	547.777
4171	154.13	547.766
4174	154.251	547.753
4177	154.371	547.729
4178	154.411	547.708
4179	154.451	547.665
4180	154.491	547.661
4181	154.531	547.617
4182	154.571	547.569
4183	154.61	547.556
4184	154.65	547.55
4185	154.691	547.492
4186	154.73	546.785
4187	154.771	546.762
4188	154.811	546.722
4189	154.851	546.693
4193	155.011	546.661
4194	155.05	546.659
4195	155.091	546.619
4196	155.131	546.573
4197	155.17	546.491
4200	155.302	546.426
4202	155.4	546.423
4203	155.441	546.415
4204	155.48	546.381
4205	155.521	546.372
4207	155.601	546.338
4208	155.642	546.304
4209	155.684	546.058
4212	155.809	546.056
4217	156.021	545.975
4218	156.064	545.967
4220	156.149	545.886
4222	156.292	545.86
4225	156.417	545.859
4226	156.461	545.847
4229	156.673	545.813
4231	156.772	545.789
4232	156.815	545.772
4235	156.972	545.732
4237	157.124	545.728
4238	157.18	545.727
4239	157.226	545.718
4240	157.276	545.32
4242	157.359	545.312
4244	157.441	545.187
4245	157.483	545.17
4248	157.606	545.132
4249	157.646	545.131
4250	157.687	544.855
4251	157.728	544.691
4255	157.89	544.579
4256	157.932	544.577
4257	157.975	544.574
4258	158.017	544.557
4259	158.059	544.533
4261	158.139	544.527
4262	158.18	544.471
4263	158.22	544.435
4265	158.302	544.427
4268	158.424	544.424
4269	158.466	544.417
4270	158.515	544.354
4272	158.615	544.35
4275	158.745	544.346
4276	158.788	544.238
4280	158.952	544.234
4281	158.994	544.216
4283	159.077	544.215
4285	159.16	543.975
4288	159.283	543.953
4290	159.366	543.91
4292	159.449	543.884
4294	159.53	543.875
4295	159.57	543.827
4296	159.611	543.802
4297	159.653	543.797
4298	159.697	543.795
4299	159.738	543.784
4300	159.78	543.768
4301	159.828	543.744
4304	159.949	543.732
4308	160.11	543.729
4309	160.151	543.726
4311	160.233	543.716
4313	160.318	543.703
4316	160.447	543.701
4320	160.607	543.657
4321	160.647	543.647
4322	160.698	543.629
4323	160.758	543.591
4324	160.798	543.572
4325	160.839	543.509
4326	160.88	543.506
4328	160.96	543.499
4329	161.001	543.458
4333	161.162	543.458
4336	161.282	543.455
4337	161.323	543.452
4338	161.371	543.349
4342	161.54	543.338
4343	161.579	543.274
4344	161.619	543.271
4345	161.661	543.264
4346	161.7	543.252
4347	161.74	543.249
4349	161.82	543.241
4351	161.9	543.239
4352	161.941	543.2
4354	162.023	543.171
4355	162.064	543.139
4358	162.191	543.103
4359	162.231	543.077
4362	162.36	543.074
4364	162.446	543.073
4365	162.487	543.052
4366	162.527	543.031
4367	162.568	542.983
4368	162.608	542.977
4369	162.649	542.951
4372	162.768	542.931
4373	162.809	542.904
4374	162.848	542.893
4375	162.89	542.765
4376	162.931	542.747
4377	162.972	542.698
4378	163.013	542.671
4380	163.094	542.661
4384	163.254	542.61
4385	163.293	542.483
4386	163.335	542.48
4387	163.375	542.476
4388	163.415	542.469
4389	163.456	542.452
4390	163.498	542.414
4391	163.539	542.405
4392	163.582	542.401
4394	163.664	542.393
4396	163.746	542.369
4398	163.827	542.321
4399	163.868	542.319
4400	163.908	542.307
4403	164.028	542.301
4404	164.069	542.272
4405	164.111	542.27
4406	164.152	542.269
4408	164.233	542.241
4410	164.315	542.192
4414	164.478	542.187
4417	164.602	542.182
4418	164.645	542.17
4419	164.686	542.132
4420	164.729	542.13
4421	164.769	542.083
4422	164.81	542.063
4425	164.934	542.008
4426	164.973	541.97
4427	165.014	541.969
4434	165.343	541.968
4435	165.386	541.939
4436	165.427	541.883
4437	165.469	541.849
4438	165.512	541.832
4439	165.552	541.83
4441	165.632	541.806
4444	165.766	541.789
4445	165.807	541.776
4449	165.969	541.649
4455	166.245	541.621
4457	166.333	541.546
4458	166.374	541.541
4460	166.454	541.535
4466	166.695	541.527
4468	166.776	541.523
4472	166.957	541.51
4473	166.997	541.489
4474	167.037	541.481
4480	167.341	541.255
4482	167.421	541.233
4484	167.5	541.11
4485	167.54	541.101
4487	167.63	541.097
4488	167.673	541.057
4489	167.714	541.055
4490	167.759	540.587
4491	167.807	540.52
4492	167.851	540.509
4495	167.977	540.425
4498	168.1	540.411
4499	168.141	540.392
4500	168.181	540.392
4502	168.264	540.333
4508	168.508	540.327
4509	168.548	540.322
4511	168.628	540.305
4516	168.829	540.294
4520	168.989	540.288
4526	169.23	540.271
4527	169.27	540.257
4529	169.352	540.209
4530	169.392	540.208
4534	169.554	540.103
4536	169.635	540.095
4543	169.918	540.07
4544	169.958	540.068
4546	170.039	540.048
4550	170.199	540.045
4553	170.32	540.036
4556	170.441	540.034
4560	170.604	540
4561	170.644	539.989
4562	170.684	539.979
4563	170.725	539.961
4564	170.765	539.918
4565	170.806	539.877
4568	170.926	539.872
4569	170.966	539.845
4570	171.007	539.832
4573	171.127	539.831
4575	171.207	539.819
4576	171.246	539.819
4577	171.287	539.817
4578	171.327	539.678
4579	171.367	539.481
4580	171.407	539.471
4582	171.49	539.462
4583	171.529	539.427
4586	171.65	539.424
4587	171.692	539.407
4588	171.733	539.406
4589	171.774	539.397
4590	171.816	539.371
4591	171.86	539.367
4592	171.902	539.358
4595	172.025	539.34
4598	172.159	539.309
4599	172.204	539.304
4602	172.335	539.303
4604	172.419	539.3
4605	172.461	539.293
4606	172.5	539.261
4607	172.541	539.245
4608	172.584	539.234
4609	172.626	539.188
4610	172.675	539.183
4611	172.749	539.158
4612	172.788	539.153
4614	172.866	539.143
4615	172.905	539.136
4618	173.021	539.095
4620	173.098	539.093
4623	173.211	539.08
4624	173.25	539.067
4625	173.291	539.048
4627	173.376	539.016
4628	173.417	539.014
4629	173.455	539.009
4630	173.494	538.973
4631	173.531	538.97
4632	173.568	538.952
4633	173.606	538.95
4635	173.681	538.924
4636	173.72	538.906
4638	173.797	538.865
4639	173.836	538.864
4640	173.875	538.843
4642	173.95	538.841
4644	174.025	538.815
4646	174.101	538.806
4648	174.178	538.676
4649	174.215	538.655
4651	174.291	538.636
4653	174.373	538.622
4654	174.413	538.609
4656	174.495	538.587
4658	174.578	538.574
4660	174.678	538.573
4661	174.72	538.544
4662	174.762	538.466
4665	174.884	538.388
4666	174.923	538.106
4667	174.963	538.098
4668	175.006	538.096
4669	175.046	538.084
4672	175.168	538.082
4674	175.265	538.08
4675	175.305	538.064
4676	175.347	538.001
4677	175.387	537.969
4678	175.429	537.968
4681	175.551	537.924
4682	175.593	537.918
4684	175.683	537.916
4685	175.726	537.889
4689	175.893	537.823
4690	175.933	537.803
4691	175.977	537.783
4692	176.018	537.781
4693	176.059	537.781
4694	176.1	537.78
4695	176.143	537.779
4697	176.224	537.733
4698	176.264	537.723
4699	176.304	537.676
4703	176.493	537.639
4705	176.574	537.635
4706	176.614	537.623
4707	176.655	537.606
4708	176.698	537.603
4710	176.78	537.581
4711	176.821	537.568
4715	176.982	537.566
4718	177.103	537.566
4719	177.143	537.555
4720	177.184	537.335
4722	177.264	537.328
4724	177.345	537.264
4725	177.385	537.249
4727	177.465	537.236
4728	177.506	537.212
4729	177.545	537.21
4730	177.586	536.791
4731	177.626	536.746
4735	177.786	536.622
4736	177.826	536.611
4737	177.866	536.567
4739	177.946	536.541
4740	177.987	536.521
4742	178.067	536.481
4744	178.148	536.474
4747	178.271	536.473
4748	178.312	536.461
4752	178.474	536.453
4753	178.515	536.444
4754	178.556	536.44
4756	178.636	536.434
4758	178.716	536.428
4759	178.756	536.425
4761	178.836	536.425
4763	178.918	536.424
4766	179.042	536.402
4769	179.164	536.375
4771	179.246	536.343
4774	179.367	536.322
4775	179.408	536.291
4776	179.449	536.285
4780	179.612	536.265
4784	179.822	536.26
4785	179.864	536.237
4786	179.905	536.22
4788	179.987	536.206
4790	180.072	536.186
4791	180.111	536.178
4794	180.233	536.171
4796	180.316	536.171
4797	180.357	536.161
4800	180.48	536.133
4801	180.521	536.132
4802	180.561	536.125
4803	180.602	536.101
4804	180.642	536.101
4805	180.681	536.093
4806	180.72	536.092
4807	180.757	536.087
4809	180.833	536.057
4815	181.059	536.056
4816	181.098	536.052
4817	181.135	536.049
4818	181.174	535.663
4822	181.325	535.661
4823	181.363	535.631
4824	181.401	535.629
4828	181.558	535.618
4829	181.599	535.614
4832	181.719	535.595
4835	181.842	535.579
4838	181.964	535.571
4840	182.045	535.564
4842	182.127	535.55
4844	182.209	535.548
4845	182.249	535.529
4846	182.29	535.516
4847	182.333	535.484
4848	182.373	535.473
4849	182.414	535.454
4851	182.496	535.451
4852	182.537	535.442
4855	182.658	535.429
4856	182.703	535.386
4857	182.75	535.344
4860	182.891	535.337
4863	183.015	535.304
4864	183.055	535.286
4865	183.099	535.128
4867	183.188	534.953
4868	183.228	534.923
4869	183.271	534.904
4870	183.311	534.88
4871	183.353	534.877
4872	183.392	534.86
4876	183.553	534.846
4877	183.594	534.843
4878	183.635	534.793
4879	183.676	534.788
4882	183.797	534.775
4884	183.878	534.738
4885	183.919	534.733
4888	184.045	534.698
4889	184.088	534.692
4891	184.17	534.689
4893	184.251	534.687
4894	184.292	534.675
4897	184.413	534.65
4898	184.452	534.637
4900	184.533	534.633
4901	184.573	534.604
4902	184.614	534.562
4905	184.736	534.532
4906	184.776	534.412
4907	184.817	534.302
4908	184.858	534.279
4912	185.021	534.278
4914	185.104	534.262
4916	185.186	534.201
4917	185.232	534.179
4918	185.273	534.178
4921	185.395	534.156
4922	185.435	534.154
4923	185.478	534.152
4924	185.519	534.15
4925	185.56	534.141
4929	185.724	534.12
4933	185.92	534.113
4935	186.003	534.109
4937	186.088	534.071
4938	186.128	534.066
4943	186.331	534.058
4945	186.415	534.042
4946	186.457	534.036
4948	186.54	534.036
4949	186.584	534.035
4951	186.679	534.033
4954	186.8	533.216
4955	186.842	533.212
4956	186.888	533.206
4960	187.07	533.051
4962	187.154	533.047
4964	187.263	532.985
4965	187.304	532.984
4968	187.429	532.978
4970	187.51	532.686
4972	187.594	532.686
4975	187.717	532.664
4979	187.881	532.626
4982	188.001	532.587
4987	188.203	532.585
4991	188.366	532.556
4993	188.448	532.553
4996	188.568	532.551
5000	188.722	532.551
# FIN	188.722	532.551

