# target=instancias/klimt.png T=240 iters=5000 K=32 seed=auto
iter	segundos	MSE
0	0.00176903	8910.14
1	0.0183813	8897.58
2	0.0357061	8813.72
3	0.0524214	8793.11
4	0.0694638	8779.36
5	0.0860854	8758.46
6	0.104612	8683.16
7	0.121623	8634.6
8	0.138565	8612.41
9	0.155271	8611.45
10	0.172194	8604.97
11	0.189323	8569.98
12	0.207663	8557.33
13	0.224851	8551.46
14	0.241797	8541.57
15	0.25879	8532.55
16	0.275726	8512.22
17	0.292672	8508.81
18	0.310135	8481.13
19	0.327991	8454.6
20	0.345501	8433.81
21	0.362724	8397.35
22	0.380084	8386.07
23	0.400108	8367.68
24	0.418269	8342.49
25	0.435442	8338.42
26	0.452798	8310.49
27	0.470369	8298.06
28	0.488397	8293.04
29	0.507464	8235.38
30	0.525498	8210.14
31	0.543188	8204.78
32	0.560501	8176.83
33	0.578685	8162.3
34	0.596231	8150.67
35	0.615699	8125.69
36	0.633541	8124.47
37	0.652362	8115.67
38	0.66977	8099.38
39	0.687569	8091.07
40	0.70671	8026.69
41	0.724499	8026.04
42	0.742318	8023.59
43	0.760529	7995
44	0.778334	7992.01
45	0.796313	7975.42
46	0.815931	7967.81
47	0.834641	7957.32
48	0.852906	7908.47
49	0.870585	7899.41
50	0.888693	7890.88
51	0.909506	7868.04
52	0.927825	7861.75
53	0.94558	7845.48
54	0.963683	7842.6
55	0.982048	7799.39
56	1.00097	7765.96
57	1.02034	7758.65
58	1.03871	7722.84
59	1.05697	7722.8
60	1.07634	7716.18
61	1.09594	7703.75
62	1.11625	7698.7
63	1.1351	7681.11
64	1.15386	7665.88
65	1.17444	7637.84
66	1.19321	7622.87
67	1.21175	7616.05
68	1.22994	7601.4
69	1.24872	7597.33
70	1.26751	7564.04
71	1.28669	7553.5
72	1.30496	7548.71
73	1.32341	7545.64
74	1.34154	7484.9
75	1.36011	7469.93
76	1.37935	7426.03
77	1.39884	7423.88
78	1.41836	7415.44
79	1.43768	7391.47
80	1.45688	7362.53
81	1.47747	7345.51
82	1.49605	7326.93
83	1.51488	7271.31
84	1.53342	7242.46
85	1.55232	7180.69
86	1.57136	7179.78
87	1.59261	7172.87
88	1.61274	7135.52
89	1.63259	7130.2
90	1.65391	7125.67
91	1.67366	7094.68
92	1.69589	7088.78
93	1.71486	7053.54
94	1.73413	7048.33
95	1.75338	7028.84
96	1.77374	7008.07
97	1.79276	6994.96
98	1.81195	6983.05
99	1.83134	6974.91
100	1.8505	6960.91
101	1.87069	6938.87
102	1.90589	6920.36
103	1.93759	6895.29
104	1.96333	6884.35
105	1.98762	6855.48
106	2.01138	6832.35
107	2.0472	6821.73
108	2.0727	6786.61
109	2.10569	6764.63
110	2.13835	6748.93
111	2.15919	6726
112	2.17974	6719.12
113	2.19982	6719.05
114	2.22099	6708.7
115	2.24085	6658.17
116	2.26056	6653.04
117	2.28134	6623.25
118	2.30196	6606.56
119	2.32318	6602.8
120	2.34442	6581.84
121	2.36416	6546.04
122	2.38387	6529.76
123	2.40346	6413.56
124	2.42464	6407.06
125	2.44557	6389.04
126	2.46554	6385.09
127	2.48532	6382.52
128	2.50558	6380.93
129	2.52699	6374.12
130	2.54878	6362.55
131	2.56869	6355.03
132	2.58867	6353.93
133	2.60848	6340.78
134	2.62882	6335.49
135	2.65273	6333.5
136	2.67337	6328.14
137	2.69551	6289.89
138	2.71995	6281.82
139	2.74003	6267.87
140	2.76031	6261.48
141	2.78101	6260.6
142	2.802	6245.58
143	2.82421	6245.37
144	2.84476	6243.79
145	2.86634	6241.89
146	2.88675	6240.85
147	2.90749	6227.59
148	2.93137	6195.03
149	2.95335	6164.2
150	2.97367	6163.5
151	2.99634	6142.42
152	3.01902	6134.04
153	3.04294	6113.29
154	3.06808	6108.2
155	3.09973	6089.3
156	3.13436	6088.8
157	3.17066	6088.59
158	3.19657	6084.39
159	3.22415	6077.97
160	3.24772	6064.74
161	3.27034	6056.49
162	3.29373	6018.05
163	3.31493	6015.13
164	3.33602	6001.58
165	3.35665	5929.43
166	3.37747	5919.98
167	3.40155	5894.1
168	3.42292	5888.2
169	3.4435	5876.36
170	3.46437	5860.76
171	3.48737	5859.25
172	3.50893	5854.42
173	3.53304	5853.94
174	3.55405	5827.65
175	3.57538	5815.61
176	3.59987	5809.81
177	3.62147	5793.75
178	3.6424	5782.15
179	3.66511	5755.77
180	3.68669	5754.86
181	3.70775	5710.73
182	3.72883	5686.71
183	3.75041	5683.45
184	3.77437	5673.49
185	3.79604	5671.45
186	3.8176	5670.88
187	3.84108	5669.54
188	3.86391	5665.53
189	3.88492	5665.03
190	3.90685	5650.57
191	3.93031	5638.1
192	3.95212	5630.2
193	3.9738	5621.78
194	3.99487	5620.4
195	4.01683	5604.1
196	4.04027	5602.01
197	4.06273	5598.48
198	4.08449	5595.82
199	4.1067	5588.53
200	4.12997	5572.54
201	4.15168	5570.5
202	4.17302	5545.61
203	4.19467	5532.14
204	4.21629	5517.19
205	4.23796	5503.84
206	4.2594	5502.6
207	4.28172	5405.82
208	4.30412	5405.21
209	4.32983	5402.69
210	4.35265	5385.66
211	4.37625	5382.05
212	4.39989	5368.07
213	4.42165	5366.25
214	4.4434	5363.22
215	4.46515	5329.95
216	4.48678	5328.9
217	4.51061	5310.94
218	4.53436	5302.68
219	4.55692	5293.7
220	4.57901	5278.62
221	4.60072	5271.16
222	4.62289	5267.75
223	4.64576	5263.76
224	4.66807	5256.93
225	4.68979	5237.82
226	4.71364	5229.94
227	4.73563	5183.69
228	4.7579	5166.36
229	4.78125	5166.04
230	4.80367	5164.55
231	4.82647	5164.21
232	4.84897	5163.8
233	4.87495	5123.64
234	4.89854	5120.95
235	4.92199	5119.22
236	4.94488	5110.15
237	4.96704	5026.68
238	4.98936	5025.74
239	5.01392	5023.78
240	5.03647	4985.25
241	5.0592	4983.1
242	5.08399	4961.41
243	5.10712	4953.57
244	5.12992	4946.14
245	5.15292	4937.12
246	5.17801	4914.24
247	5.20075	4890.41
248	5.22311	4871.37
249	5.24674	4870.58
250	5.26976	4862.38
251	5.29293	4841.54
252	5.31573	4802.79
253	5.33976	4799.1
254	5.3639	4791.07
255	5.38674	4787.61
256	5.40942	4783.69
257	5.43272	4781.38
258	5.4564	4763.49
259	5.47988	4756
260	5.50285	4743.11
261	5.5264	4730.73
262	5.55173	4724.25
263	5.57499	4719.65
264	5.59939	4711.21
265	5.6232	4709.15
266	5.64628	4704.03
267	5.66974	4703.23
268	5.69295	4701.31
269	5.7366	4699.04
270	5.80108	4697.71
271	5.84562	4693.87
272	5.8823	4664.01
273	5.91146	4663.67
274	5.93978	4659.99
275	5.97695	4656.92
276	6.00143	4651.67
277	6.02596	4634.73
278	6.05133	4631.37
279	6.07488	4629.8
280	6.09834	4600.59
281	6.12245	4600.05
282	6.14694	4596.91
283	6.17047	4554.27
284	6.19419	4550.61
285	6.22018	4539.9
286	6.24547	4521.46
287	6.26905	4517.37
288	6.29268	4498.4
289	6.32297	4488.33
290	6.35646	4484.82
291	6.38041	4469.76
292	6.40443	4460.78
293	6.42853	4458.12
294	6.45497	4456.79
295	6.47905	4416.92
296	6.505	4410.59
297	6.53056	4393.12
298	6.55611	4352.48
299	6.58095	4350.91
300	6.60579	4333.21
301	6.62971	4329.58
302	6.65398	4328.04
303	6.67964	4305.86
304	6.70612	4291.83
305	6.73002	4272.77
306	6.75441	4268.84
307	6.77896	4264
308	6.80373	4248.23
309	6.83037	4247.69
310	6.85471	4230.58
311	6.8801	4227.98
312	6.90433	4220.48
313	6.93044	4219.63
314	6.95459	4165.94
315	6.97825	4165.44
316	7.00224	4158.41
317	7.02799	4156.43
318	7.05191	4148.45
319	7.07559	4128.42
320	7.09937	4102.81
321	7.12302	4094.88
322	7.14657	4090.44
323	7.17285	4069.1
324	7.19943	4050.5
325	7.22647	4047.51
326	7.25383	4043.51
327	7.28099	4041.26
328	7.3074	4037.22
329	7.33366	4036.34
330	7.35831	4035.71
331	7.39437	4029.48
332	7.42345	4026.85
333	7.44814	4010.63
334	7.47267	4007.18
335	7.49854	4000.93
336	7.52334	3994.84
337	7.54884	3948.69
338	7.57348	3944.84
339	7.59929	3935.11
340	7.62386	3931.26
341	7.64981	3922.64
342	7.6749	3914.32
343	7.69963	3871.11
344	7.72736	3867.28
345	7.75164	3865.12
346	7.7767	3846.17
347	7.80149	3836.59
348	7.82762	3802.22
349	7.8524	3796.31
350	7.87836	3791.11
351	7.903	3784.99
352	7.92808	3782.69
353	7.95474	3782.52
354	7.9797	3776.3
355	8.00632	3766.66
356	8.0311	3759.82
357	8.05797	3756.4
358	8.0838	3746.74
359	8.10903	3739.35
360	8.13392	3736.18
361	8.16035	3724.64
362	8.1864	3714.97
363	8.21151	3691.97
364	8.23656	3691.38
365	8.26286	3691.22
366	8.29029	3675.14
367	8.31605	3667.17
368	8.34152	3662.99
369	8.36672	3662.48
370	8.39198	3646.05
371	8.4172	3643.76
372	8.44321	3631.11
373	8.46872	3610.61
374	8.49498	3604.82
375	8.52217	3601.7
376	8.55179	3600.33
377	8.57934	3598.06
378	8.60683	3597.53
379	8.63446	3580.42
380	8.66458	3573.08
381	8.69256	3571.34
382	8.71956	3554.84
383	8.7464	3554.42
384	8.77273	3551.38
385	8.799	3547.86
386	8.82821	3547.64
387	8.85533	3546
388	8.88114	3524.06
389	8.90804	3522.83
390	8.9341	3522.77
391	8.96055	3516.94
392	8.98713	3512.01
393	9.01327	3503.8
394	9.0391	3483.54
395	9.06501	3479.91
396	9.09074	3479.41
397	9.11714	3479.32
398	9.14282	3468.7
399	9.16863	3461.76
400	9.19467	3446.44
401	9.22242	3446.21
402	9.24809	3442.7
403	9.27385	3441.14
404	9.30173	3439.83
405	9.32734	3420.56
406	9.35353	3420.14
407	9.37936	3417.48
408	9.4054	3417
409	9.43241	3413.78
410	9.45929	3412.81
411	9.48912	3406.21
412	9.51594	3404.83
413	9.54225	3403.97
414	9.57042	3403.2
415	9.59802	3396.89
416	9.62553	3393.57
417	9.65321	3370.39
418	9.68076	3362.35
419	9.70718	3340.89
420	9.73403	3336.78
421	9.76231	3312
422	9.78847	3302.59
423	9.81483	3299.92
424	9.84243	3298.54
425	9.86889	3298.51
426	9.895	3298.14
427	9.92275	3297.9
428	9.94936	3297.44
429	9.9782	3296.53
430	10.0049	3264.78
431	10.0315	3259.31
432	10.0586	3257.08
433	10.0859	3251.27
434	10.1131	3250.3
435	10.1419	3243.26
436	10.1705	3242.6
437	10.1977	3242.39
438	10.2243	3240.04
439	10.2538	3239.56
440	10.2803	3238.57
441	10.3075	3237.13
442	10.3346	3230.82
443	10.3627	3227.73
444	10.3894	3226.3
445	10.4173	3222.48
446	10.4447	3221.94
447	10.4713	3214.18
448	10.4979	3213.48
449	10.5248	3204.74
450	10.5533	3200.07
451	10.58	3198.58
452	10.6068	3186.87
453	10.6348	3185.72
454	10.6641	3184.55
455	10.691	3163.15
456	10.718	3162.39
457	10.7465	3159.28
458	10.7733	3159.19
459	10.8006	3158.36
460	10.8288	3136.88
461	10.8567	3117.68
462	10.8862	3112.29
463	10.9148	3106.16
464	10.9466	3102.3
465	10.9768	3094.18
466	11.0044	3089.46
467	11.0322	3086.95
468	11.0618	3082.82
469	11.0907	3080.65
470	11.1187	3080.41
471	11.1458	3078.45
472	11.1733	3078.25
473	11.2007	3061.45
474	11.2279	3058.59
475	11.2553	3058.46
476	11.2833	3056.62
477	11.3102	3038.39
478	11.3374	3037.27
479	11.3668	3037.1
480	11.3938	3029.64
481	11.4223	3029.09
482	11.4506	3004.46
483	11.4783	2983.3
484	11.5058	2981.48
485	11.5334	2981.02
486	11.5614	2944.84
487	11.5902	2939.87
488	11.6173	2928.57
489	11.6447	2928.46
490	11.6751	2925.36
491	11.7038	2904.08
492	11.7313	2873.76
493	11.7586	2866.35
494	11.7868	2860.62
495	11.8151	2859.16
496	11.8425	2858.56
497	11.87	2858.1
498	11.8974	2842.33
499	11.9249	2840.89
500	11.9524	2824.49
501	11.9802	2808.63
502	12.0082	2808.29
503	12.0365	2798.75
504	12.064	2794.56
505	12.092	2794.01
506	12.1211	2790.58
507	12.1488	2789.71
508	12.1774	2788.91
509	12.2058	2785.13
510	12.2341	2773.81
511	12.2623	2773.23
512	12.2907	2767.83
513	12.3186	2765.49
514	12.3467	2764.39
515	12.3747	2762.43
516	12.4043	2746.48
517	12.4325	2737.64
518	12.4605	2735.8
519	12.4887	2735.14
520	12.5174	2717.03
521	12.5452	2716.75
522	12.5735	2714.4
523	12.6029	2684.07
524	12.6317	2683.36
525	12.6602	2679.57
526	12.6883	2678.37
527	12.7176	2676.77
528	12.7472	2649.64
529	12.7803	2642.3
530	12.8128	2640.49
531	12.8529	2632.2
532	12.8885	2631.98
533	12.9193	2628.77
534	12.9487	2628.27
535	12.9812	2622.55
536	13.0117	2618.67
537	13.0404	2614.61
538	13.0694	2605.87
539	13.0992	2605.77
540	13.1279	2603.59
541	13.1567	2599.18
542	13.1856	2598.29
543	13.2158	2594.93
544	13.2455	2593.31
545	13.2752	2592.47
546	13.3073	2586.39
547	13.3362	2580.72
548	13.3668	2572.91
549	13.3957	2572.52
550	13.4256	2565.75
551	13.4546	2564.84
552	13.4855	2564.57
553	13.5148	2564.41
554	13.5451	2552.45
555	13.5751	2551.79
556	13.6046	2536.29
557	13.6338	2536.01
558	13.665	2533.39
559	13.6964	2503.44
560	13.7263	2494.91
561	13.7577	2484.78
562	13.7874	2483.93
563	13.8168	2483.46
564	13.8466	2480.16
565	13.8788	2472.67
566	13.9101	2472.65
567	13.9396	2472.48
568	13.9696	2462.37
569	14.0001	2461.76
570	14.0326	2461.69
571	14.0624	2460.42
572	14.0927	2454.91
573	14.1248	2452.17
574	14.157	2451.54
575	14.1871	2450.62
576	14.2168	2449.89
577	14.2469	2423.33
578	14.2785	2421.26
579	14.3078	2418.07
580	14.3377	2412.96
581	14.3683	2399.08
582	14.3977	2392.82
583	14.4284	2382.92
584	14.4623	2382.6
585	14.494	2379.48
586	14.5241	2372.06
587	14.5558	2370.44
588	14.587	2359.17
589	14.617	2356.94
590	14.6477	2355.77
591	14.679	2355.6
592	14.7109	2353.02
593	14.7416	2352.82
594	14.7737	2351.75
595	14.8037	2351.53
596	14.8341	2345.05
597	14.8665	2343.34
598	14.8967	2334.96
599	14.9268	2332.67
600	14.9578	2331.28
601	14.9896	2325.78
602	15.0199	2325.2
603	15.0531	2312.07
604	15.0862	2311.14
605	15.1174	2310.4
606	15.1741	2310.04
607	15.2115	2305.46
608	15.2427	2304.65
609	15.2762	2302.62
610	15.3078	2300.11
611	15.3394	2299.28
612	15.3699	2296.95
613	15.4011	2292.11
614	15.4321	2290.51
615	15.4623	2287.62
616	15.4937	2287.52
617	15.5254	2276.13
618	15.5555	2275.89
619	15.5862	2273.18
620	15.6171	2272.02
621	15.6476	2271.17
622	15.6779	2270.1
623	15.7083	2269.78
624	15.74	2266.38
625	15.7702	2259.57
626	15.8008	2259.04
627	15.8347	2258.11
628	15.8704	2249.25
629	15.903	2248.98
630	15.9357	2248.87
631	15.9672	2245.02
632	15.9983	2244.24
633	16.0297	2236.61
634	16.0601	2212.84
635	16.0908	2208.62
636	16.1223	2208.19
637	16.1536	2208.15
638	16.1851	2204.24
639	16.2167	2202.41
640	16.2475	2196.32
641	16.278	2196.16
642	16.3087	2194.2
643	16.3405	2192.58
644	16.372	2192.12
645	16.4028	2183.67
646	16.4339	2183.59
647	16.4653	2180.75
648	16.4968	2180.58
649	16.5295	2179.43
650	16.5603	2178.29
651	16.5919	2177.55
652	16.6241	2177.16
654	16.6868	2175.85
655	16.7193	2174.62
656	16.7518	2171.55
657	16.7826	2157.61
658	16.8141	2141.51
659	16.8458	2138.04
660	16.8769	2135.94
661	16.9078	2121.97
662	16.939	2113.89
663	16.9719	2113.61
664	17.0027	2113.1
666	17.066	2113.03
667	17.0969	2112.51
668	17.1279	2112.22
669	17.1593	2112.1
670	17.1913	2087.96
671	17.2222	2083.69
672	17.2539	2083.03
673	17.2863	2080.31
674	17.3176	2079.54
675	17.3493	2075.21
676	17.3825	2075.02
677	17.4146	2074.97
678	17.4458	2074.67
679	17.4769	2074.61
680	17.5103	2074.21
681	17.5414	2073.46
682	17.5733	2071.14
683	17.6049	2070.3
684	17.6368	2066.68
685	17.6689	2061.62
686	17.7001	2060.82
687	17.7322	2054.2
688	17.7634	2053.89
689	17.7949	2052.15
690	17.8269	2050.32
691	17.8583	2048.72
692	17.89	2045.99
693	17.9214	2045.87
694	17.953	2045.64
695	17.9843	2016.28
696	18.0165	2015.72
697	18.0476	2011.17
698	18.0797	2011.04
699	18.1108	2006.73
700	18.142	2005.63
701	18.1748	2003.24
702	18.2062	2000.53
703	18.2377	1991.56
704	18.2704	1987.45
705	18.3019	1978.56
706	18.3337	1977.78
707	18.3662	1972.56
708	18.4005	1968.42
709	18.4317	1968.28
710	18.4633	1968.17
711	18.4959	1967.73
712	18.5271	1967.14
713	18.5585	1960.64
714	18.5908	1960.12
715	18.6229	1959.99
716	18.6545	1959.49
717	18.6869	1943.63
718	18.7189	1934.11
720	18.7817	1931.78
721	18.8143	1931.5
722	18.847	1915.84
723	18.8785	1912.58
724	18.91	1909.47
725	18.9422	1909.35
726	18.9748	1882.3
727	19.0064	1881.15
728	19.0382	1880.61
729	19.0713	1880.34
730	19.103	1880.16
731	19.1349	1876.94
732	19.1665	1866.45
733	19.1996	1864.76
734	19.2322	1864.3
735	19.2654	1863.27
736	19.2978	1862.56
737	19.3294	1862.21
738	19.3617	1855.03
739	19.3944	1854.2
740	19.4278	1831.48
741	19.4602	1824.94
742	19.4925	1823.84
743	19.5265	1823.4
744	19.5607	1823.1
745	19.5945	1822.48
746	19.6282	1822.36
747	19.661	1822.27
748	19.693	1821.72
749	19.7257	1816.21
750	19.7581	1814.96
751	19.7903	1814.77
752	19.8238	1812.8
753	19.8559	1811.52
754	19.8881	1809.66
755	19.9212	1809.2
756	19.9539	1794.44
757	19.9866	1789.42
758	20.0195	1788.75
759	20.0518	1788.71
760	20.0863	1787.7
761	20.1186	1787.65
762	20.1516	1784.05
763	20.1847	1774.1
764	20.218	1771.82
765	20.2515	1771.55
766	20.2855	1771.21
767	20.3178	1770.82
768	20.3513	1770.54
769	20.3858	1768.87
770	20.4186	1767.23
771	20.4523	1764.84
772	20.4872	1764.58
773	20.5204	1764.19
774	20.5534	1764.01
775	20.5878	1755.69
776	20.6208	1754.88
777	20.6549	1753.8
778	20.6889	1752.92
779	20.7218	1751.63
780	20.7548	1751.19
781	20.7887	1744.88
782	20.8214	1744.54
783	20.8561	1743.61
784	20.889	1742.67
785	20.9218	1740.12
786	20.9559	1738.98
787	20.989	1730.51
789	21.0563	1730.18
790	21.0903	1724.58
791	21.1234	1723.12
792	21.1574	1723.01
793	21.1909	1722.89
794	21.2237	1715.87
795	21.2577	1715.78
796	21.292	1702.57
797	21.3251	1702.27
798	21.3581	1700.49
799	21.3924	1689.45
800	21.4276	1681.09
801	21.4605	1671.64
802	21.4941	1671.5
803	21.5281	1671.33
804	21.5617	1664.79
805	21.5949	1660.24
806	21.6293	1660.13
807	21.663	1659.74
808	21.6966	1658.81
809	21.7311	1657.87
811	21.8025	1656.97
812	21.8361	1649.51
813	21.8693	1647.31
814	21.9045	1647.27
815	21.9395	1645.59
816	21.973	1644.99
817	22.0065	1638.77
818	22.0416	1637.97
819	22.0783	1635.14
820	22.1162	1633.71
821	22.1505	1629.29
822	22.185	1626.21
823	22.2189	1601.17
824	22.2522	1600.95
825	22.2876	1599.57
826	22.3215	1598.22
827	22.3549	1594.24
828	22.3899	1593.42
829	22.4234	1592.25
830	22.4571	1590.55
831	22.4903	1588.31
832	22.5237	1587.59
833	22.5584	1587.54
834	22.5922	1586.74
835	22.6255	1583.38
836	22.6601	1580.69
837	22.6945	1577.43
838	22.7282	1567.43
839	22.7619	1566.03
840	22.7972	1565.06
841	22.8332	1562.53
842	22.8676	1562.18
843	22.9033	1561.59
844	22.9373	1561.08
845	22.972	1560.97
846	23.0069	1560.76
847	23.0416	1559.75
848	23.0775	1558.21
849	23.1143	1557.92
850	23.1516	1551.46
851	23.1878	1551.16
852	23.2262	1550.91
853	23.2638	1548.22
854	23.2986	1544.85
855	23.3351	1543.72
856	23.3728	1543.46
857	23.4106	1542.48
858	23.4449	1541.2
859	23.4794	1538.99
860	23.5142	1537.78
861	23.549	1537.26
863	23.6186	1536.98
864	23.653	1535.99
865	23.689	1534.87
866	23.7242	1534.56
867	23.7589	1534.02
868	23.7937	1530.36
869	23.8281	1530.24
870	23.865	1530.18
871	23.8998	1525.24
872	23.9368	1524.75
873	23.9732	1523.8
874	24.0087	1514.58
875	24.0452	1512.85
876	24.08	1512.67
877	24.1155	1512.62
878	24.1501	1499.12
879	24.1858	1498.68
880	24.2207	1496.78
881	24.2551	1496.76
882	24.2906	1496.05
883	24.3274	1495.46
884	24.3619	1495.23
885	24.3979	1492.74
886	24.4332	1492.06
887	24.4685	1491.15
888	24.5054	1491.1
889	24.5414	1490.5
890	24.576	1488.71
891	24.611	1488.09
892	24.6461	1487.38
893	24.681	1487.34
894	24.7172	1486.11
895	24.7537	1485.12
896	24.7893	1483.17
897	24.8267	1480.31
898	24.8617	1477.45
899	24.8969	1476.68
900	24.9318	1476.11
901	24.9664	1471.12
902	25.0027	1464.91
903	25.0376	1464.87
904	25.0742	1463.82
905	25.1135	1463.77
906	25.1483	1463.73
907	25.1834	1463.7
908	25.2216	1463.2
909	25.2585	1462.84
910	25.2946	1452.35
912	25.371	1449.9
913	25.4105	1449.4
914	25.471	1448.8
915	25.5204	1443.83
916	25.5571	1443.82
917	25.5931	1443.42
918	25.6281	1442.89
919	25.6663	1441.51
920	25.7012	1441.5
921	25.7362	1441.23
922	25.7725	1440.77
925	25.8782	1437.86
926	25.9156	1437.34
927	25.9566	1433.71
928	25.9944	1433.55
929	26.0311	1432.49
930	26.0659	1431.21
931	26.1016	1429.96
932	26.1393	1428.57
933	26.1757	1428.54
934	26.2107	1428.53
935	26.2467	1423.81
936	26.2824	1422.52
937	26.3178	1421.82
938	26.3537	1421.73
939	26.3888	1402.33
940	26.4241	1401.74
941	26.4611	1400.2
942	26.4959	1398.38
943	26.5311	1397.85
944	26.5724	1396.75
945	26.6083	1395.7
947	26.6804	1394.28
948	26.7215	1393.78
949	26.7608	1393.71
950	26.8002	1393.62
951	26.8377	1393.45
952	26.873	1392.83
953	26.9085	1389.11
954	26.9449	1386.64
955	26.9807	1386.33
956	27.0158	1386.13
957	27.051	1380.29
958	27.086	1377.3
959	27.124	1375.43
960	27.1666	1373.95
961	27.2057	1369.52
962	27.2417	1368.21
963	27.2767	1367.85
964	27.3127	1367.79
965	27.3482	1367.75
966	27.3837	1350.99
967	27.4202	1350.35
968	27.4554	1350.26
969	27.4912	1350.23
970	27.5276	1349.72
971	27.5635	1347.14
972	27.5994	1344.5
973	27.6359	1342.65
974	27.6716	1342.5
975	27.7073	1342.14
976	27.7517	1342
977	27.8384	1341.78
978	27.8751	1331.87
979	27.9183	1331.32
980	27.9608	1320.79
981	27.9987	1320.56
982	28.0356	1319.82
983	28.0717	1318.78
984	28.1072	1318.12
985	28.144	1318
986	28.1794	1317.91
987	28.2152	1317.89
988	28.2517	1317.55
989	28.2885	1316.99
990	28.3254	1312.75
991	28.3629	1312.17
992	28.3985	1311.45
993	28.4357	1311.14
994	28.473	1311.04
995	28.5086	1309.99
996	28.5451	1307.47
997	28.5817	1306.52
998	28.6182	1306.29
999	28.6571	1305.58
1000	28.7188	1304.71
1001	28.7733	1304.7
1002	28.8092	1302.06
1003	28.8462	1291.19
1004	28.8828	1291.01
1005	28.9189	1290.97
1006	28.9559	1289.56
1007	28.9947	1289.46
1008	29.0318	1288.9
1009	29.069	1288.19
1010	29.1052	1288.16
1011	29.1413	1287.13
1012	29.1783	1287.06
1013	29.2144	1286.93
1014	29.2517	1286.87
1015	29.2884	1285.24
1016	29.3244	1284.95
1017	29.3601	1284.82
1018	29.3985	1284.71
1019	29.4361	1284.66
1020	29.4734	1284.41
1021	29.5106	1282.75
1022	29.5464	1282.62
1023	29.5858	1281.94
1024	29.6226	1281.84
1025	29.6601	1280.95
1026	29.6986	1279.93
1027	29.746	1279.18
1028	29.7832	1278.91
1029	29.8332	1278.86
1030	29.8809	1275.78
1031	29.9218	1274.91
1032	29.9617	1274.73
1033	29.9984	1274.67
1034	30.0346	1273.52
1035	30.0725	1273.47
1036	30.1091	1273.02
1037	30.1453	1272.79
1038	30.1828	1272.24
1039	30.219	1258.51
1040	30.2562	1258.09
1041	30.2932	1257.62
1042	30.3291	1257.17
1043	30.3658	1256.92
1044	30.4027	1256.1
1045	30.4392	1253.8
1046	30.476	1253.74
1047	30.5153	1253.61
1048	30.552	1253.04
1049	30.5889	1252.28
1050	30.6248	1252.22
1051	30.6611	1252.01
1052	30.6974	1249.62
1053	30.734	1247.63
1054	30.7704	1247.62
1055	30.8063	1246.8
1056	30.8435	1246.19
1057	30.8805	1228.16
1058	30.9167	1227.68
1059	30.9542	1227.47
1060	30.9916	1227.36
1061	31.0279	1226.91
1062	31.0659	1225.82
1063	31.1028	1195.02
1064	31.1389	1194.55
1065	31.1757	1193.68
1066	31.2125	1192.39
1067	31.2493	1192.2
1068	31.2875	1192.19
1069	31.3243	1190.94
1070	31.3615	1190.68
1071	31.398	1189.95
1072	31.4341	1189.82
1073	31.4702	1189.77
1074	31.507	1189.17
1075	31.5443	1187.39
1076	31.5804	1185.16
1077	31.6175	1183.66
1078	31.6543	1178.94
1079	31.6904	1177.86
1080	31.7272	1177.15
1081	31.7634	1177.01
1082	31.8011	1176.75
1083	31.8388	1169.86
1084	31.8755	1169.78
1086	31.9494	1169.63
1087	31.9862	1168.76
1088	32.0232	1168.36
1089	32.0603	1168.15
1090	32.0971	1164.33
1091	32.1344	1164.17
1092	32.171	1164.09
1093	32.2081	1161.95
1094	32.2449	1159.49
1095	32.2814	1157.87
1096	32.3184	1157.77
1097	32.3547	1157.41
1098	32.3912	1157.26
1099	32.4285	1155.49
1100	32.4647	1155.27
1101	32.5017	1154.6
1102	32.5379	1154.13
1103	32.5741	1153.87
1104	32.6111	1153.79
1105	32.6482	1151.65
1106	32.6857	1150.83
1107	32.7252	1150.74
1108	32.7614	1150.43
1110	32.8356	1150.4
1111	32.872	1148.97
1112	32.9092	1148.62
1113	32.9474	1147.89
1114	32.9836	1141.25
1115	33.0215	1139.88
1116	33.0581	1139.84
1117	33.0953	1139.75
1118	33.132	1139.34
1119	33.1693	1138.73
1120	33.2056	1136.01
1121	33.2432	1136
1122	33.2797	1135.92
1123	33.3169	1135.38
1124	33.3542	1135.31
1125	33.3912	1134.91
1126	33.4279	1134.77
1127	33.4649	1133.82
1128	33.5031	1133.61
1129	33.5408	1133
1130	33.5776	1132.82
1131	33.6145	1132.35
1132	33.6518	1132.04
1134	33.7255	1131.33
1135	33.7663	1130.42
1136	33.8034	1128.4
1137	33.841	1125.27
1138	33.8778	1124.18
1139	33.9165	1122.34
1141	33.9928	1121.19
1142	34.0301	1121.1
1143	34.0678	1121.04
1144	34.105	1119.79
1145	34.1427	1119.76
1146	34.1789	1119.76
1147	34.2154	1119.08
1148	34.2537	1118.83
1149	34.2914	1118.69
1150	34.3283	1116.39
1151	34.3665	1115.3
1152	34.4037	1112.25
1153	34.4403	1111.8
1154	34.478	1111.65
1155	34.5157	1107.97
1156	34.552	1107.93
1157	34.59	1107.92
1158	34.6263	1107.68
1159	34.6639	1107.32
1160	34.7006	1099.32
1161	34.7434	1099.12
1162	34.7834	1098.74
1163	34.8262	1098.2
1165	34.9125	1093.66
1166	34.9508	1093.44
1167	34.9873	1092.56
1168	35.0244	1092.5
1169	35.0613	1091.72
1170	35.0987	1088.85
1171	35.1365	1088.13
1173	35.2112	1087.63
1174	35.2486	1087.62
1175	35.287	1083.76
1176	35.3249	1082.46
1177	35.3615	1081.79
1178	35.3976	1081.74
1179	35.4372	1073.35
1180	35.4791	1073.08
1181	35.5188	1072.36
1182	35.5558	1071.29
1183	35.5932	1071.19
1184	35.6307	1071.16
1185	35.6671	1070.72
1186	35.7052	1070.52
1187	35.7419	1068.35
1188	35.7794	1068.04
1189	35.816	1068.03
1190	35.8533	1067.93
1191	35.8912	1067.82
1192	35.9274	1066.81
1193	35.9637	1064.59
1194	36.0014	1063.9
1195	36.0383	1063.57
1196	36.0759	1063.45
1197	36.113	1062.88
1198	36.1503	1061.43
1199	36.2074	1059.06
1200	36.2458	1058.1
1201	36.2842	1057.69
1202	36.3216	1055.24
1203	36.3597	1055.04
1204	36.3965	1054.96
1205	36.4333	1054.91
1206	36.4727	1052.37
1207	36.5097	1052.26
1208	36.5472	1052.15
1209	36.5855	1052.15
1210	36.6223	1052.08
1211	36.6621	1051.47
1212	36.6991	1050.76
1213	36.7469	1050.53
1214	36.7936	1050.48
1215	36.8308	1050.45
1216	36.8681	1050.3
1217	36.9097	1049.9
1218	36.952	1042.54
1219	36.9899	1042.51
1220	37.0286	1032.4
1221	37.0659	1031.86
1222	37.1064	1031.66
1223	37.1445	1031.54
1224	37.1828	1030.77
1225	37.2198	1030.6
1226	37.2578	1030.1
1227	37.2956	1030.08
1228	37.3326	1030.04
1229	37.3692	1029.85
1230	37.4064	1028.45
1231	37.444	1028.4
1232	37.4824	1028.28
1233	37.5198	1028.14
1234	37.5566	1028.06
1235	37.5936	1027.74
1236	37.6314	1026.86
1237	37.6683	1023.96
1238	37.7049	1023.89
1239	37.7416	1023.16
1240	37.7796	1018
1241	37.8168	1017.99
1242	37.8537	1016.84
1243	37.8913	1014.56
1244	37.9287	1014.4
1245	37.9677	1014.22
1246	38.0052	1013.83
1247	38.0433	1013.65
1248	38.0806	1013.08
1249	38.1181	1012.64
1250	38.1555	1012.28
1251	38.1925	1012.01
1252	38.2305	1011.96
1253	38.2687	1011.72
1254	38.307	1011.45
1255	38.3445	1011.27
1256	38.3824	1010.55
1257	38.4193	1010.25
1258	38.4563	1010.13
1259	38.4954	1009.95
1260	38.5332	1009.83
1261	38.5712	1007.53
1262	38.6091	1007.42
1263	38.6469	1007.03
1265	38.723	1006.85
1266	38.7609	1006.73
1267	38.7988	1006.36
1268	38.8369	1006.32
1269	38.8751	1006.16
1270	38.9122	1000.9
1271	38.9513	1000.15
1272	38.989	1000.13
1273	39.0263	1000.09
1275	39.1013	1000.04
1276	39.14	999.946
1277	39.1781	999.778
1278	39.2164	999.616
1279	39.2541	998.352
1280	39.2928	998.265
1281	39.3321	997.333
1282	39.3695	997.193
1283	39.4067	996.664
1284	39.445	996.022
1285	39.4825	986.442
1286	39.52	986.385
1287	39.5584	986.341
1288	39.5968	986.227
1289	39.6354	985.287
1290	39.673	985.151
1291	39.7106	982.465
1292	39.7491	981.133
1293	39.7866	980.563
1294	39.824	980.549
1295	39.8624	980.301
1296	39.9004	980.212
1297	39.9376	979.205
1298	39.9755	979.074
1299	40.0129	979.049
1300	40.0506	978.724
1301	40.089	978.716
1302	40.1261	977.945
1303	40.1656	966.398
1304	40.204	966.321
1305	40.2417	965.613
1306	40.2825	962.283
1307	40.3196	962.176
1309	40.3954	961.369
1310	40.4333	961.28
1311	40.4723	960.992
1312	40.5099	960.822
1313	40.5482	960.549
1314	40.5865	960.037
1315	40.624	958.013
1316	40.6615	957.846
1317	40.6999	957.327
1318	40.7374	954.322
1319	40.7752	953.811
1320	40.8143	953.426
1321	40.8523	953.125
1322	40.8916	952.996
1323	40.9306	948.311
1324	40.9694	948.271
1325	41.0072	948.162
1326	41.045	948.009
1327	41.0831	947.694
1328	41.1226	947.684
1329	41.1605	947.564
1330	41.1983	944.607
1331	41.2372	944.54
1332	41.2746	944.493
1333	41.3121	940.857
1334	41.351	940.276
1335	41.3893	939.993
1336	41.4284	939.985
1337	41.467	939.602
1338	41.507	939.189
1339	41.5468	938.537
1341	41.6232	938.427
1342	41.6616	938.374
1343	41.6997	938.153
1344	41.738	938.106
1345	41.7756	937.646
1346	41.8134	937.412
1347	41.8525	936.977
1348	41.8912	936.084
1349	41.9289	936.06
1350	41.9678	936.033
1351	42.0093	935.759
1352	42.0508	935.539
1353	42.1002	935.038
1354	42.1385	934.855
1356	42.2172	934.792
1357	42.2554	934.788
1358	42.2957	933.745
1359	42.3338	933.482
1360	42.3758	932.949
1361	42.4189	932.942
1362	42.4604	932.928
1363	42.5004	932.553
1364	42.543	932.385
1365	42.5832	931.788
1366	42.6231	931.756
1367	42.6642	931.508
1368	42.702	931.418
1369	42.7407	931.091
1370	42.78	930.772
1371	42.8187	930.483
1372	42.8577	930.144
1374	42.9351	929.741
1375	42.9725	928.228
1376	43.0097	927.032
1377	43.0488	925.578
1378	43.0869	925.02
1379	43.1256	924.815
1381	43.2056	924.066
1382	43.2521	923.189
1383	43.2907	923.044
1384	43.3321	922.448
1386	43.4095	922.304
1387	43.4592	921.959
1388	43.5075	919.375
1389	43.5477	919.271
1390	43.5898	917.627
1391	43.6284	917.446
1392	43.6676	916.955
1393	43.7138	916.835
1394	43.7542	916.663
1395	43.7924	914.784
1396	43.8317	914.72
1397	43.8742	914.644
1398	43.9135	914.618
1399	43.9562	914.615
1400	43.9967	914.34
1401	44.0378	914.211
1402	44.1084	913.998
1403	44.1615	913.923
1405	44.2363	912.246
1406	44.2745	912.099
1407	44.3117	911.405
1408	44.3494	911.136
1409	44.3867	910.676
1410	44.4245	909.704
1411	44.4621	909.072
1413	44.5378	908.898
1414	44.5763	908.872
1415	44.6156	904.643
1416	44.6531	903.56
1417	44.6906	902.436
1418	44.7294	902.399
1419	44.7666	899.052
1420	44.8039	898.863
1421	44.8423	898.282
1422	44.8801	895.803
1423	44.9193	895.68
1424	44.9569	895.618
1425	44.9943	895.127
1426	45.0344	893.901
1427	45.0728	893.424
1428	45.1165	893.045
1429	45.1658	893.04
1430	45.2034	892.972
1431	45.2426	892.585
1432	45.2932	891.68
1433	45.3683	889.508
1434	45.4677	889.185
1435	45.507	888.855
1437	45.5857	888.449
1438	45.6256	887.474
1439	45.6661	886.279
1440	45.7062	885.319
1441	45.7453	885.136
1442	45.7849	884.812
1443	45.8237	884.67
1444	45.8627	884.428
1445	45.906	884.387
1446	45.9454	882.563
1447	45.9842	882.537
1448	46.0229	882.492
1449	46.0698	882.49
1450	46.1119	882.366
1451	46.152	882.168
1452	46.1923	882.14
1453	46.2299	882.014
1454	46.2676	881.916
1455	46.3062	881.852
1456	46.3488	881.6
1457	46.3928	881.398
1458	46.4308	880.291
1459	46.4688	880.275
1460	46.5072	879.134
1461	46.5462	879.087
1462	46.5838	878.932
1463	46.623	877.711
1464	46.6605	876.78
1465	46.6987	876.729
1466	46.737	876.356
1467	46.7756	876.33
1468	46.8139	876.187
1469	46.8523	875.682
1470	46.8906	874.386
1471	46.9291	874.282
1472	46.9669	874.207
1473	47.0058	874.101
1474	47.0444	874.067
1475	47.0827	873.896
1476	47.1213	873.323
1477	47.1625	871.35
1478	47.2004	871.147
1479	47.2379	871.081
1480	47.276	863.619
1481	47.3177	863.598
1482	47.3657	862.384
1483	47.4042	860.98
1484	47.4524	860.924
1485	47.4928	860.355
1486	47.5318	859.952
1487	47.5706	859.857
1488	47.6092	859.628
1489	47.6478	859.16
1490	47.6869	858.978
1491	47.7255	858.885
1492	47.7655	858.873
1493	47.8039	858.744
1494	47.8415	858.72
1495	47.8817	858.534
1496	47.9205	857.952
1497	47.9585	857.681
1498	47.9981	857.561
1499	48.0375	857.483
1500	48.0769	857.275
1501	48.1155	854.803
1502	48.1546	854.753
1503	48.192	854.318
1505	48.2699	854.262
1506	48.3077	854.118
1507	48.3453	853.796
1508	48.3837	853.778
1509	48.4217	853.617
1510	48.4596	851.959
1511	48.4983	851.879
1512	48.5362	851.84
1513	48.5741	851.83
1515	48.6506	851.802
1516	48.6883	851.758
1517	48.7279	851.684
1518	48.766	851.639
1519	48.8041	850.404
1520	48.8417	850.331
1521	48.8808	850.069
1522	48.919	849.948
1523	48.9567	849.892
1525	49.0349	849.576
1526	49.073	849.56
1527	49.1122	849.305
1528	49.1527	849.175
1529	49.191	848.055
1530	49.2303	847.96
1531	49.269	847.76
1532	49.3077	847.365
1533	49.3459	847.148
1534	49.385	847.134
1535	49.4245	846.716
1536	49.4637	846.476
1537	49.5029	845.899
1538	49.5415	845.848
1539	49.5796	845.826
1540	49.6184	845.715
1541	49.6595	845.552
1542	49.6984	844.722
1543	49.7389	842.247
1544	49.7774	842.186
1545	49.8169	841.642
1546	49.8551	838.904
1547	49.8935	838.148
1548	49.9316	837.931
1549	49.9708	837.409
1551	50.0502	837.259
1552	50.0887	837.115
1553	50.1292	837.031
1554	50.1707	836.538
1555	50.2086	836.37
1556	50.249	836.184
1557	50.2881	835.868
1558	50.3268	834.203
1559	50.3657	833.813
1560	50.4036	833.717
1562	50.4817	833.682
1563	50.5228	831.512
1564	50.5635	831.501
1565	50.6018	831.479
1566	50.6399	831.381
1567	50.6789	831.275
1568	50.7165	831.27
1569	50.7559	831.203
1570	50.7963	830.219
1571	50.8347	830.186
1572	50.8734	830.146
1573	50.9116	828.323
1574	50.9493	827.903
1575	50.9876	827.697
1576	51.0254	827.667
1577	51.0655	827.474
1578	51.1039	827.407
1579	51.1439	826.961
1580	51.1835	826.837
1581	51.2223	826.811
1583	51.3045	826.561
1584	51.3449	826.349
1585	51.3845	825.598
1586	51.4226	825.596
1587	51.4628	825.442
1589	51.5412	825.328
1590	51.5826	825.271
1591	51.6296	825.165
1592	51.6763	824.945
1593	51.7189	824.552
1594	51.7584	824.441
1595	51.8237	824.408
1596	51.8658	824.404
1598	51.9481	824.213
1599	51.992	824.14
1600	52.0393	823.365
1601	52.0775	823.354
1602	52.1174	823.266
1603	52.1594	823.136
1605	52.2393	822.547
1607	52.3196	822.211
1608	52.3576	822.165
1609	52.3966	821.944
1610	52.4394	821.687
1611	52.4791	821.503
1612	52.5201	821.385
1613	52.5598	821.34
1614	52.5996	821.186
1615	52.6399	819.182
1616	52.6782	818.276
1617	52.7168	818.123
1618	52.757	817.184
1619	52.7963	817.013
1621	52.8777	816.654
1622	52.9163	816.231
1623	52.9568	815.751
1624	52.9957	815.162
1625	53.0344	815.161
1626	53.077	815.109
1627	53.1165	815.066
1628	53.1557	814.592
1629	53.1963	814.573
1630	53.2348	813.155
1631	53.2762	812.758
1632	53.3144	812.597
1633	53.3575	812.315
1634	53.4016	811.843
1635	53.4426	810.489
1636	53.481	810.462
1637	53.5195	810.403
1639	53.5987	810.397
1641	53.6786	810.295
1643	53.7567	809.901
1645	53.8352	809.177
1646	53.8754	809.015
1647	53.9205	808.982
1648	53.9646	808.893
1650	54.0489	808.347
1651	54.0876	807.849
1654	54.2286	807.846
1655	54.2682	805.387
1656	54.3062	804.386
1657	54.3478	804.096
1658	54.3868	804.075
1659	54.426	803.252
1660	54.4665	803.23
1661	54.5048	802.856
1662	54.548	802.294
1663	54.5864	802.068
1664	54.6269	801.983
1665	54.6691	801.625
1666	54.7091	801.015
1667	54.7488	800.524
1668	54.7876	800.493
1669	54.8336	800.48
1670	54.8738	800.419
1671	54.9161	800.38
1672	54.958	799.651
1673	55.0017	798.201
1674	55.0405	798.168
1675	55.0805	798.016
1676	55.1204	797.968
1677	55.1636	797.802
1678	55.2108	797.213
1679	55.2507	796.925
1680	55.2917	796.411
1681	55.3297	796.233
1682	55.3723	796.043
1683	55.417	795.921
1684	55.46	795.831
1685	55.4997	795.789
1686	55.538	795.071
1687	55.5787	795.042
1688	55.619	795.037
1689	55.6576	795.027
1690	55.6962	794.755
1691	55.7364	794.25
1692	55.7747	794.211
1693	55.8135	794.111
1694	55.8518	794.007
1695	55.8924	793.913
1696	55.9309	793.899
1697	55.9688	793.634
1698	56.0071	793.411
1699	56.0462	793.406
1700	56.0848	793.384
1701	56.124	793.36
1702	56.1627	793.337
1703	56.2031	793.323
1704	56.2441	792.92
1705	56.2856	792.842
1706	56.3263	792.816
1707	56.3662	792.807
1708	56.4059	792.757
1709	56.445	792.458
1710	56.4847	792.353
1711	56.5238	791.88
1712	56.5626	791.837
1713	56.6022	791.813
1714	56.6423	791.782
1715	56.681	791.686
1716	56.7201	791.055
1717	56.7599	790.536
1718	56.7986	790.465
1719	56.8387	790.42
1720	56.8806	789.996
1721	56.9189	789.988
1722	56.9576	789.808
1723	56.997	788.831
1724	57.0377	788.721
1725	57.0764	788.585
1726	57.1147	787.328
1727	57.1541	787.294
1728	57.1924	787.273
1729	57.2326	786.203
1730	57.2726	786.086
1731	57.3118	786.004
1732	57.3522	785.984
1733	57.3902	785.975
1734	57.4295	785.949
1735	57.4687	785.812
1736	57.5066	785.72
1737	57.5454	785.439
1738	57.5857	785.436
1739	57.6247	785.386
1740	57.6633	785.278
1741	57.7021	784.219
1742	57.7409	784.176
1743	57.7813	783.902
1744	57.8193	783.857
1745	57.858	783.821
1746	57.8984	783.738
1747	57.9367	783.713
1748	57.9752	783.712
1749	58.0148	783.56
1750	58.053	783.509
1751	58.0919	783.425
1752	58.1312	783.394
1753	58.1694	783.308
1754	58.209	783.308
1755	58.2476	783.279
1756	58.3002	783.255
1757	58.3393	783.183
1759	58.418	779.999
1760	58.4559	779.814
1761	58.4942	779.414
1762	58.5346	779.342
1763	58.5734	778.847
1764	58.6123	778.742
1765	58.651	773.764
1766	58.6891	773.745
1767	58.7294	773.513
1768	58.7681	773.49
1769	58.8072	773.409
1770	58.8468	773.328
1771	58.8859	773.198
1772	58.9241	773.119
1773	58.963	772.819
1774	59.0016	772.787
1776	59.0805	772.614
1777	59.1191	771.949
1778	59.1576	771.926
1779	59.1961	771.888
1780	59.2367	771.756
1781	59.2752	771.502
1782	59.3134	771.38
1783	59.3522	769.758
1784	59.3913	769.667
1785	59.4306	769.318
1786	59.4689	768.705
1787	59.5078	767.926
1789	59.5847	767.527
1790	59.6231	767.331
1791	59.6639	766.929
1792	59.7027	766.853
1793	59.7422	766.727
1794	59.7806	766.397
1796	59.859	766.339
1797	59.8991	766.322
1798	59.9382	765.084
1799	59.9775	764.894
1800	60.0167	764.748
1801	60.0555	764.746
1802	60.0943	764.731
1803	60.1326	762.569
1804	60.1735	762.559
1805	60.2117	762.549
1806	60.2502	762.47
1808	60.3286	762.463
1809	60.3669	762.315
1810	60.4064	761.403
1811	60.4447	761.235
1812	60.4831	761.102
1813	60.5218	760.376
1814	60.5607	760.195
1815	60.5997	759.981
1816	60.642	759.961
1818	60.7188	759.863
1819	60.7572	759.446
1820	60.7964	759.172
1821	60.8345	759.085
1823	60.9139	758.874
1824	60.9535	758.659
1825	60.9924	758.531
1827	61.071	758.158
1828	61.1097	758.152
1829	61.1489	758.118
1830	61.1872	758.097
1831	61.2263	757.981
1833	61.3047	757.735
1834	61.3452	757.582
1837	61.4628	757.58
1838	61.5034	757.498
1839	61.5421	757.148
1840	61.5832	756.908
1841	61.6219	756.877
1842	61.6617	756.724
1843	61.7011	756.626
1844	61.7392	756.563
1845	61.778	756.298
1846	61.8186	756.286
1847	61.8569	756.151
1848	61.8956	756.149
1849	61.9345	756.03
1850	61.9701	755.793
1851	62.0054	755.598
1852	62.0429	754.102
1854	62.1142	753.8
1855	62.1495	752.215
1856	62.1856	751.778
1857	62.222	751.754
1858	62.2587	751.68
1861	62.3674	751.516
1862	62.4028	751.373
1863	62.4382	751.286
1864	62.4743	750.768
1865	62.5094	750.752
1866	62.5459	750.704
1867	62.5824	750.643
1868	62.6178	750.467
1869	62.656	750.451
1870	62.6921	749.834
1873	62.8006	749.556
1874	62.8363	749.212
1875	62.8717	747.583
1876	62.9091	747.522
1877	62.9447	747.481
1878	62.98	747.466
1881	63.0883	747.415
1883	63.1595	747.37
1885	63.2322	746.93
1886	63.2678	746.749
1887	63.3063	746.745
1888	63.3431	746.693
1890	63.4166	746.346
1891	63.452	746.076
1892	63.4896	745.89
1893	63.5252	745.865
1894	63.5622	745.833
1895	63.5976	744.016
1896	63.6342	743.189
1898	63.7125	743.187
1899	63.7543	742.497
1900	63.7965	742.477
1901	63.8361	742.315
1902	63.8753	741.271
1903	63.917	741.113
1904	63.971	741.105
1905	64.0126	740.714
1906	64.0583	740.644
1907	64.0976	739.66
1909	64.1775	739.655
1910	64.2159	739.623
1911	64.2558	739.314
1912	64.2954	738.852
1913	64.3339	737.584
1914	64.373	737.555
1915	64.4117	737.41
1917	64.4899	737.309
1918	64.5288	736.869
1919	64.5681	736.741
1920	64.6092	736.171
1921	64.6503	736.092
1922	64.69	735.934
1924	64.7671	735.906
1925	64.8065	735.894
1926	64.8453	735.309
1927	64.8854	735.293
1928	64.9239	735.274
1929	64.9629	735.268
1930	65.0017	735.256
1931	65.0416	734.918
1932	65.0823	734.726
1933	65.1237	734.657
1934	65.163	734.596
1935	65.2022	734.589
1936	65.2415	734.47
1937	65.2803	734.291
1938	65.3221	734.023
1939	65.361	734.01
1940	65.3997	733.966
1941	65.4387	733.893
1942	65.48	733.871
1943	65.5202	733.765
1944	65.5594	733.601
1946	65.6379	733.545
1947	65.6777	733.504
1948	65.7172	733.448
1949	65.7567	733.215
1950	65.796	733.158
1951	65.8346	733.052
1952	65.8746	733.032
1953	65.915	733.011
1954	65.9546	732.999
1955	65.9935	732.909
1956	66.0325	732.568
1957	66.0712	732.123
1958	66.111	732.104
1959	66.1503	732.067
1960	66.1898	731.83
1961	66.229	731.809
1962	66.2682	731.686
1963	66.3073	731.139
1964	66.3485	731.044
1965	66.387	730.941
1966	66.426	730.531
1967	66.4647	730.455
1968	66.5047	730.431
1969	66.5444	730.058
1970	66.5847	729.947
1971	66.6243	729.802
1972	66.6629	729.782
1974	66.7412	729.699
1975	66.7806	729.627
1976	66.8213	729.402
1977	66.8623	729.319
1978	66.9016	729.198
1979	66.9422	729.131
1980	66.9808	729.092
1981	67.0199	728.394
1982	67.0595	728.352
1983	67.0989	728.203
1984	67.1381	728.17
1985	67.1776	728.123
1986	67.216	728.049
1987	67.2563	727.978
1989	67.3364	727.955
1990	67.3754	727.935
1991	67.4141	727.692
1992	67.454	727.645
1993	67.4938	727.623
1994	67.5326	727.572
1995	67.5716	727.557
1996	67.6112	727.546
1997	67.6521	726.819
1998	67.6938	726.749
1999	67.7323	726.35
2000	67.7715	726.327
2001	67.8117	725.934
2002	67.8508	725.881
2003	67.8909	725.814
2004	67.9296	725.515
2005	67.9694	724.308
2006	68.0091	724.262
2007	68.0485	724.21
2008	68.0872	724.166
2009	68.1265	724.127
2010	68.1662	724.102
2011	68.2049	723.908
2012	68.2455	723.599
2013	68.2865	723.467
2014	68.326	723.454
2016	68.4044	723.361
2017	68.443	723.039
2018	68.4827	723.008
2021	68.6058	722.6
2022	68.6462	722.302
2023	68.6881	721.254
2024	68.7267	721.185
2025	68.767	721.056
2027	68.8442	721.023
2029	68.922	720.984
2031	69.0002	720.319
2032	69.0399	720.23
2033	69.0784	720.118
2034	69.1176	719.701
2038	69.2728	718.969
2039	69.3114	718.749
2040	69.351	718.555
2042	69.4282	718.53
2043	69.468	718.054
2044	69.5069	718.032
2046	69.5853	717.967
2047	69.6246	717.949
2048	69.6634	717.885
2049	69.7057	717.82
2051	69.7857	717.789
2052	69.8248	717.774
2053	69.8665	717.45
2054	69.9067	717.442
2055	69.9463	717.295
2056	69.9848	717.269
2057	70.0212	717.232
2058	70.0587	717.197
2059	70.0951	716.965
2060	70.1318	716.885
2061	70.1694	716.817
2062	70.2073	716.766
2063	70.2438	714.426
2065	70.3189	714.377
2067	70.3936	714.227
2068	70.431	713.736
2069	70.4684	713.196
2070	70.5049	713.158
2071	70.5423	713.129
2073	70.6149	712.832
2074	70.6534	712.609
2078	70.8022	712.377
2079	70.8399	712.292
2080	70.8763	712.135
2081	70.913	712.05
2083	70.9885	711.949
2084	71.0292	711.755
2085	71.0701	711.582
2087	71.1494	711.575
2088	71.1884	711.574
2089	71.2281	711.506
2091	71.3063	711.436
2092	71.3464	711.307
2094	71.4263	711.101
2095	71.468	709.831
2096	71.5066	709.303
2097	71.5455	709.3
2099	71.6242	709.288
2102	71.7417	709.246
2103	71.7807	709.204
2104	71.8208	708.917
2105	71.8601	708.91
2106	71.9	708.901
2107	71.9387	708.892
2108	71.981	708.783
2110	72.0598	708.264
2112	72.1393	708.214
2114	72.2185	708.087
2115	72.2591	705.034
2116	72.2979	704.967
2121	72.4949	704.966
2122	72.5342	704.896
2125	72.6531	704.746
2126	72.6919	704.594
2128	72.7746	704.539
2129	72.8144	704.105
2130	72.8536	703.816
2131	72.8927	703.706
2133	72.9708	703.166
2135	73.0498	702.8
2136	73.0889	702.108
2137	73.1286	702.069
2138	73.1682	702.065
2139	73.2069	701.612
2140	73.2464	701.578
2142	73.3238	700.913
2143	73.3629	700.859
2145	73.442	700.577
2146	73.4812	700.437
2147	73.5212	700.436
2150	73.6386	700.406
2151	73.6783	700.373
2152	73.7176	700.097
2155	73.837	699.958
2157	73.9144	699.895
2158	73.954	699.355
2160	74.0325	698.887
2161	74.0727	698.863
2162	74.1114	698.712
2163	74.1516	698.649
2164	74.1949	698.642
2165	74.2349	698.63
2166	74.275	698.104
2167	74.3147	698.061
2168	74.3534	697.992
2169	74.393	697.966
2170	74.4329	697.95
2171	74.4746	697.915
2172	74.5132	697.819
2173	74.5521	697.723
2174	74.5921	697.664
2175	74.6313	697.654
2176	74.6706	697.595
2177	74.7099	697.36
2178	74.7484	697.302
2179	74.7883	697.281
2180	74.8274	697.263
2181	74.8668	697.225
2182	74.9055	697.215
2183	74.9458	696.405
2184	74.9845	696.166
2185	75.0256	696.078
2186	75.0644	695.98
2187	75.1049	695.963
2188	75.1448	695.95
2189	75.1838	695.826
2190	75.2225	695.665
2191	75.2628	695.631
2192	75.3028	695.603
2193	75.3422	695.551
2194	75.3829	695.534
2195	75.4216	695.455
2196	75.4618	695.168
2197	75.5012	694.738
2198	75.54	694.708
2199	75.579	694.694
2200	75.6185	694.251
2201	75.6584	694.166
2202	75.6978	694.114
2203	75.7376	693.846
2204	75.7773	693.801
2205	75.8169	693.776
2206	75.8559	693.451
2207	75.8946	693.419
2208	75.9352	693.408
2209	75.9753	693.362
2210	76.0144	693.273
2211	76.0553	693.223
2212	76.0942	693.198
2213	76.134	693.125
2214	76.1751	693.117
2215	76.2144	693.013
2216	76.2541	692.989
2217	76.2939	692.905
2218	76.3335	692.837
2219	76.3736	692.779
2220	76.4162	692.766
2221	76.4551	692.032
2224	76.5745	691.945
2225	76.6147	691.868
2226	76.6535	691.809
2228	76.7331	691.784
2229	76.7723	691.729
2230	76.8116	691.677
2231	76.8515	691.494
2232	76.8912	691.471
2233	76.9313	691.461
2235	77.0089	691.369
2236	77.0481	691.327
2237	77.0868	691.304
2238	77.1268	691.15
2239	77.1659	690.911
2241	77.245	690.69
2242	77.2839	690.648
2243	77.326	690.611
2244	77.365	690.533
2246	77.4441	690.517
2247	77.4833	690.476
2248	77.5229	690.419
2249	77.5624	690.412
2250	77.601	690.359
2251	77.6406	690.317
2252	77.6826	690.26
2253	77.7419	690.125
2254	77.7991	690.111
2256	77.8818	690.039
2257	77.9205	689.984
2258	77.959	689.923
2260	78.0357	689.509
2262	78.1093	689.312
2263	78.1473	688.516
2265	78.2204	687.961
2266	78.2584	687.499
2267	78.296	687.484
2270	78.4073	687.426
2271	78.4447	686.551
2272	78.4813	686.468
2273	78.5212	686.381
2274	78.5594	686.043
2276	78.6342	686.007
2278	78.709	685.472
2279	78.7462	685.361
2280	78.7841	685.282
2281	78.8219	685.202
2282	78.8586	685.197
2283	78.8959	685.144
2284	78.934	685.116
2285	78.9716	684.889
2286	79.0083	684.868
2287	79.0489	684.837
2288	79.0875	684.808
2289	79.1275	684.771
2291	79.2049	684.715
2292	79.2445	684.715
2293	79.2833	684.072
2294	79.3235	683.894
2295	79.3632	683.798
2296	79.4026	683.786
2298	79.4807	683.782
2299	79.5192	683.602
2300	79.5577	683.511
2301	79.5986	683.447
2302	79.6375	683.433
2303	79.6772	683.087
2306	79.7963	683.059
2307	79.8355	682.926
2309	79.9135	682.724
2310	79.9522	682.707
2311	79.9906	682.687
2312	80.0305	682.675
2313	80.0714	682.517
2314	80.1124	682.471
2315	80.1508	682.466
2316	80.1892	682.455
2317	80.2289	682.454
2318	80.2673	682.269
2319	80.3055	682.118
2321	80.3827	682.068
2323	80.4604	682.003
2324	80.4989	681.921
2325	80.5379	681.558
2326	80.5762	681.525
2327	80.615	681.518
2328	80.6541	681.517
2330	80.7345	681.351
2331	80.7737	681.285
2334	80.891	681.237
2335	80.9293	680.28
2336	80.9694	680.05
2337	81.0098	680.048
2338	81.0493	679.924
2339	81.0894	679.802
2341	81.167	679.67
2342	81.2057	679.425
2344	81.2839	679.275
2346	81.3618	679.264
2348	81.4409	679.072
2350	81.5186	678.79
2352	81.597	678.762
2353	81.6354	678.659
2354	81.6747	678.63
2355	81.7133	677.107
2356	81.7519	677.079
2358	81.8306	677.068
2361	81.9475	677.038
2362	81.9866	677.031
2363	82.026	676.937
2365	82.1039	676.446
2366	82.1434	676.337
2367	82.1833	676.319
2368	82.2219	676.239
2369	82.2611	674.757
2370	82.3001	674.563
2371	82.3391	674.509
2372	82.3773	674.438
2373	82.4176	674.342
2375	82.4956	673.33
2376	82.534	672.711
2378	82.6115	672.711
2379	82.6508	672.419
2380	82.6906	672.022
2382	82.7694	671.647
2385	82.8932	671.631
2386	82.9368	671.581
2390	83.0956	671.525
2391	83.134	671.523
2392	83.1727	671.346
2393	83.2116	671.216
2395	83.2901	671.181
2398	83.4069	670.981
2399	83.4458	670.972
2400	83.4841	670.829
2401	83.5243	670.812
2402	83.5627	670.789
2403	83.6025	670.728
2404	83.6411	670.679
2405	83.6808	670.663
2406	83.7207	670.309
2407	83.7637	670.265
2408	83.8051	670.218
2409	83.855	670.2
2412	84.0078	670.171
2413	84.0534	670.112
2414	84.0952	670.09
2415	84.1357	670.083
2416	84.1751	670.033
2417	84.2144	669.828
2418	84.2527	669.795
2419	84.2936	669.789
2420	84.3327	669.766
2421	84.3714	669.728
2422	84.4109	669.723
2423	84.4495	669.712
2424	84.4902	669.631
2425	84.5301	669.551
2426	84.5693	669.537
2427	84.609	669.532
2428	84.6488	669.477
2429	84.6872	668.979
2430	84.7262	668.882
2431	84.7662	668.716
2432	84.8049	668.698
2433	84.8442	668.662
2434	84.8847	668.649
2435	84.9244	668.634
2436	84.964	668.4
2437	85.0026	668.094
2438	85.0422	668.049
2439	85.0837	668.021
2440	85.1222	667.823
2441	85.1609	667.793
2442	85.2003	667.652
2443	85.2397	667.477
2444	85.2784	667.407
2445	85.3184	667.339
2446	85.3582	666.993
2447	85.398	666.955
2448	85.4372	666.945
2450	85.5162	666.863
2451	85.5559	666.528
2452	85.5951	666.526
2453	85.6342	666.385
2454	85.6753	666.372
2455	85.7141	666.31
2456	85.7527	666.291
2457	85.7922	666.181
2458	85.8307	666.113
2459	85.8694	666.06
2461	85.9486	665.883
2462	85.987	665.855
2463	86.0261	665.745
2465	86.1037	665.686
2466	86.1423	665.655
2467	86.183	665.653
2468	86.2224	665.649
2469	86.2609	665.618
2471	86.339	665.528
2472	86.3778	665.492
2473	86.4168	665.476
2474	86.4553	665.341
2475	86.4936	665.257
2476	86.5331	665.229
2477	86.5722	665.202
2479	86.6512	665.129
2481	86.7288	664.948
2482	86.7671	664.914
2483	86.8056	664.872
2484	86.8448	664.737
2486	86.9225	664.722
2487	86.9621	664.608
2488	87.0021	664.584
2489	87.0411	664.531
2490	87.0804	664.516
2492	87.1593	664.436
2493	87.1982	664.387
2494	87.2383	664.367
2495	87.2786	664.21
2496	87.3187	664.181
2497	87.3569	663.997
2498	87.3962	663.965
2499	87.4364	663.96
2500	87.4763	663.617
2502	87.5548	663.532
2503	87.595	662.957
2504	87.6355	662.927
2505	87.6743	662.874
2507	87.7518	662.716
2510	87.8707	662.564
2511	87.911	660.622
2513	87.9893	660.517
2514	88.0291	660.324
2516	88.1076	660.321
2518	88.187	660.171
2519	88.2267	660.07
2520	88.2685	660.046
2522	88.3462	660.014
2523	88.3856	659.968
2524	88.424	659.943
2525	88.4625	659.897
2526	88.5013	659.824
2527	88.54	659.823
2528	88.5789	659.803
2529	88.6191	659.774
2530	88.6575	659.454
2531	88.6973	659.368
2535	88.8537	659.278
2536	88.8932	659.238
2539	89.0095	659.138
2540	89.0504	658.689
2541	89.0904	658.67
2542	89.1287	658.664
2543	89.1687	658.371
2545	89.247	658.368
2546	89.2859	658.186
2547	89.3258	658.184
2549	89.4036	658.126
2550	89.4437	658.11
2551	89.4837	658.049
2552	89.5231	657.939
2553	89.5624	657.839
2554	89.6011	657.819
2555	89.6407	657.818
2556	89.6798	657.782
2558	89.7579	657.684
2559	89.7965	657.489
2561	89.8752	657.445
2563	89.9572	657.398
2564	89.9957	657.348
2565	90.0352	657.153
2567	90.1143	657.087
2568	90.1532	657.084
2569	90.1918	656.814
2570	90.2317	656.569
2571	90.2711	656.531
2572	90.3106	656.363
2573	90.3491	656.346
2575	90.4286	655.431
2576	90.467	654.748
2578	90.5441	654.741
2579	90.5853	654.669
2582	90.7032	654.659
2583	90.7453	654.62
2584	90.8029	654.61
2585	90.8462	654.605
2586	90.885	654.587
2587	90.9248	654.584
2588	90.9655	654.426
2591	91.0832	653.916
2592	91.1257	653.897
2594	91.2048	653.886
2595	91.2438	653.218
2596	91.2864	653.187
2601	91.4898	653.139
2603	91.5703	653.086
2605	91.654	652.751
2606	91.6938	652.661
2608	91.7944	652.659
2609	91.8356	652.307
2610	91.8838	651.188
2611	91.9247	651.167
2612	91.9648	651.152
2613	92.0057	651.135
2614	92.0455	651.13
2615	92.0891	650.582
2616	92.1288	650.141
2617	92.1685	650.087
2618	92.2093	650.083
2619	92.2483	649.82
2620	92.2874	649.79
2622	92.3656	649.73
2623	92.4056	649.706
2624	92.4476	649.7
2626	92.5268	649.514
2629	92.6689	649.51
2630	92.708	648.942
2632	92.7878	648.846
2633	92.8265	648.591
2635	92.9131	648.556
2638	93.0365	648.42
2639	93.0885	648.366
2640	93.1307	648.28
2641	93.1718	648.263
2642	93.2115	648.235
2643	93.2526	648.209
2644	93.2934	648.153
2645	93.3328	648.143
2646	93.3736	648.105
2647	93.414	648.094
2648	93.4575	648.018
2649	93.4985	648.016
2650	93.5386	648.006
2652	93.6191	648.001
2653	93.6614	647.976
2654	93.7002	647.937
2655	93.7414	647.904
2656	93.7829	647.841
2657	93.8239	647.648
2658	93.872	647.617
2659	93.915	647.595
2660	93.9567	647.551
2661	93.9957	647.495
2662	94.0366	647.463
2663	94.0765	647.428
2664	94.1166	647.349
2665	94.1562	647.344
2666	94.1974	647.325
2667	94.2371	647.274
2669	94.3354	647.155
2670	94.3745	647.093
2671	94.4137	646.835
2672	94.459	646.827
2673	94.5034	646.788
2674	94.5433	646.768
2675	94.5859	646.767
2676	94.6265	646.569
2677	94.6679	646.259
2678	94.7071	646.215
2679	94.7489	646.213
2680	94.7896	646.106
2681	94.8304	646.08
2683	94.9107	646.004
2684	94.9507	645.994
2685	94.9898	645.96
2686	95.0289	645.66
2687	95.0682	645.628
2688	95.1074	645.44
2689	95.1491	645.42
2690	95.1879	645.311
2691	95.2271	645.306
2692	95.2676	645.298
2693	95.3065	645.181
2694	95.3456	645.153
2695	95.3864	645.108
2696	95.4262	644.995
2697	95.466	644.88
2698	95.505	644.86
2699	95.5439	644.787
2703	95.7006	644.505
2705	95.7822	644.47
2707	95.86	644.441
2708	95.899	644.415
2709	95.9396	644.4
2711	96.0202	644.25
2712	96.0593	644.215
2713	96.0996	644.213
2715	96.1833	644.187
2716	96.2259	644.159
2717	96.2676	644.087
2719	96.3465	643.816
2721	96.4253	643.801
2722	96.4654	643.769
2723	96.5043	643.749
2726	96.6266	643.739
2727	96.6664	643.68
2728	96.706	643.639
2729	96.7473	643.541
2730	96.7862	643.519
2731	96.826	643.498
2733	96.9074	643.423
2734	96.9479	643.409
2738	97.1065	643.384
2739	97.1466	643.376
2740	97.1856	643.165
2741	97.2259	643.108
2743	97.3047	642.885
2744	97.3447	642.842
2745	97.3836	642.813
2747	97.463	642.793
2748	97.503	642.78
2750	97.5841	642.642
2751	97.6246	642.073
2753	97.7088	642.001
2754	97.7493	641.841
2756	97.8291	641.809
2758	97.9092	641.779
2759	97.9501	641.576
2760	97.9896	641.458
2761	98.0311	641.339
2762	98.0704	641.267
2764	98.1519	641.245
2765	98.1911	641.154
2766	98.2318	641.116
2767	98.2713	641.086
2768	98.3106	641.072
2769	98.3508	640.977
2770	98.3922	640.716
2771	98.4395	640.683
2772	98.4922	640.671
2775	98.6196	640.642
2776	98.6585	640.629
2778	98.7387	640.595
2779	98.7802	640.543
2780	98.819	640.289
2781	98.8586	640.264
2783	98.9374	640.021
2786	99.0547	639.974
2787	99.0969	639.939
2789	99.1755	639.891
2790	99.2191	639.882
2791	99.2587	639.791
2792	99.2979	639.738
2793	99.3385	639.327
2794	99.382	639.284
2796	99.4623	639.272
2797	99.5018	639.271
2798	99.5418	639.135
2799	99.6023	639.072
2800	99.6531	638.902
2801	99.7011	638.858
2803	99.7811	638.839
2804	99.8223	638.713
2805	99.8614	638.628
2806	99.9014	638.626
2808	99.9813	638.622
2809	100.02	638.423
2810	100.061	638.225
2812	100.141	638.089
2813	100.18	638.043
2815	100.259	637.412
2817	100.341	637.367
2818	100.381	637.304
2821	100.499	637.183
2822	100.538	637.078
2823	100.579	636.986
2825	100.659	636.979
2827	100.738	636.979
2828	100.777	636.785
2830	100.857	636.743
2831	100.896	636.337
2832	100.935	636.269
2834	101.016	636.256
2835	101.055	635.879
2836	101.095	635.848
2837	101.134	635.845
2841	101.294	635.78
2843	101.373	635.708
2846	101.493	635.634
2849	101.615	635.412
2850	101.655	635.157
2851	101.699	635.118
2855	101.892	634.839
2856	101.932	634.352
2858	102.01	634.322
2859	102.051	634.297
2860	102.092	634.295
2863	102.219	634.265
2865	102.298	634.101
2866	102.337	633.528
2868	102.417	633.375
2869	102.456	633.367
2870	102.498	633.29
2871	102.538	633.289
2872	102.58	633.266
2874	102.677	633.238
2875	102.719	633.202
2881	102.957	633.194
2882	102.996	633.18
2883	103.036	633.154
2884	103.076	633.133
2885	103.117	633.121
2886	103.158	632.987
2887	103.199	632.966
2888	103.239	632.914
2889	103.28	632.908
2890	103.32	632.907
2893	103.443	632.878
2894	103.485	632.864
2895	103.525	632.847
2896	103.567	632.825
2897	103.618	632.7
2898	103.66	632.652
2899	103.705	632.644
2900	103.746	632.625
2901	103.786	632.61
2902	103.827	632.578
2904	103.919	632.536
2905	103.964	632.515
2906	104.007	632.256
2907	104.051	632.254
2908	104.093	632.242
2909	104.133	632.236
2910	104.175	632.164
2911	104.225	631.879
2912	104.271	631.875
2913	104.319	631.829
2914	104.358	631.803
2915	104.399	631.762
2916	104.437	631.559
2917	104.476	631.337
2918	104.515	631.316
2920	104.595	631.262
2921	104.638	631.244
2922	104.686	631.241
2923	104.73	631.183
2924	104.772	631.135
2925	104.811	631.132
2926	104.849	630.805
2927	104.888	630.782
2928	104.928	630.77
2929	104.967	630.768
2930	105.007	630.73
2931	105.045	630.717
2932	105.085	630.706
2933	105.123	630.632
2934	105.162	630.608
2935	105.202	630.572
2936	105.24	630.566
2937	105.279	630.508
2938	105.318	630.495
2939	105.356	630.457
2940	105.394	630.456
2941	105.433	630.416
2943	105.51	630.358
2945	105.589	630.322
2946	105.628	630.26
2947	105.667	630.258
2948	105.706	630.214
2949	105.746	630.199
2951	105.823	629.884
2952	105.862	629.852
2953	105.901	629.852
2955	105.977	629.833
2956	106.017	629.805
2957	106.056	629.777
2959	106.136	629.598
2960	106.176	629.587
2961	106.214	629.357
2962	106.255	629.333
2963	106.293	629.22
2966	106.416	629.21
2967	106.455	629.157
2968	106.494	629.152
2969	106.532	629.09
2971	106.611	628.884
2973	106.689	628.797
2974	106.73	628.793
2975	106.77	628.777
2976	106.812	628.769
2978	106.892	628.755
2980	106.972	628.592
2983	107.09	628.185
2984	107.132	628.166
2986	107.21	628.109
2987	107.251	628.102
2990	107.37	628.033
2991	107.409	626.627
2993	107.489	626.556
2994	107.531	626.473
2996	107.611	626.468
2998	107.689	626.447
2999	107.728	626.262
3000	107.77	626.194
3001	107.809	626.173
3002	107.848	626.151
3004	107.927	626.131
3005	107.968	626.072
3006	108.008	626.048
3007	108.047	626.001
3008	108.085	625.992
3009	108.134	625.963
3010	108.179	625.771
3011	108.238	625.728
3012	108.286	625.706
3016	108.452	625.683
3018	108.532	625.664
3019	108.572	625.573
3020	108.611	625.537
3021	108.651	625.535
3022	108.69	625.525
3023	108.731	625.321
3024	108.77	625.291
3025	108.812	625.282
3026	108.861	625.264
3027	108.906	625.157
3029	108.994	625.098
3030	109.033	625.09
3031	109.074	625.026
3033	109.153	623.589
3034	109.193	623.43
3038	109.355	623.394
3039	109.398	623.278
3040	109.44	623.102
3043	109.557	623.052
3044	109.597	623.025
3045	109.636	622.955
3046	109.676	622.925
3047	109.716	622.905
3048	109.759	622.904
3049	109.804	622.822
3050	109.843	622.727
3051	109.899	622.715
3052	109.942	622.64
3055	110.061	622.273
3056	110.102	622.184
3057	110.142	622.051
3059	110.223	622.049
3061	110.304	621.948
3062	110.344	621.896
3065	110.463	621.896
3066	110.504	621.895
3067	110.546	621.874
3068	110.585	621.705
3071	110.707	621.68
3072	110.747	621.194
3073	110.786	621.124
3075	110.865	620.768
3076	110.914	620.752
3077	110.962	620.744
3080	111.086	619.558
3081	111.127	619.534
3082	111.167	619.513
3083	111.207	619.359
3085	111.286	619.269
3086	111.325	619.203
3088	111.403	619.188
3089	111.442	619.108
3090	111.484	618.88
3094	111.646	618.864
3096	111.735	618.53
3098	111.846	618.523
3099	111.903	618.509
3100	111.961	618.499
3103	112.088	618.451
3105	112.172	618.372
3106	112.211	618.242
3107	112.25	618.227
3109	112.331	618.202
3110	112.37	618.133
3112	112.461	618.123
3113	112.501	617.836
3115	112.581	617.815
3120	112.783	617.805
3121	112.831	617.799
3122	112.897	617.775
3123	112.954	617.708
3124	112.998	617.68
3125	113.039	617.662
3126	113.079	617.488
3127	113.122	617.468
3129	113.204	617.463
3130	113.245	617.455
3132	113.329	617.394
3133	113.369	617.379
3135	113.45	617.318
3136	113.489	617.301
3137	113.53	617.1
3138	113.569	617.072
3139	113.609	617.067
3140	113.651	617.024
3141	113.707	617.013
3142	113.769	616.995
3143	113.823	616.989
3144	113.866	616.955
3145	113.91	616.895
3146	113.955	616.885
3147	114.006	616.881
3148	114.055	616.879
3150	114.147	616.867
3151	114.193	616.754
3152	114.267	616.747
3153	114.334	616.693
3154	114.405	616.681
3155	114.482	616.667
3156	114.55	616.573
3157	114.606	616.395
3158	114.66	616.363
3159	114.704	616.342
3160	114.746	616.313
3161	114.788	616.292
3162	114.828	616.235
3163	114.869	616.061
3164	114.908	616.04
3165	114.949	616.023
3166	114.989	615.717
3167	115.031	615.704
3168	115.073	615.692
3170	115.15	615.638
3171	115.191	615.618
3172	115.231	615.612
3173	115.271	615.563
3174	115.313	615.551
3175	115.353	615.513
3176	115.393	615.477
3177	115.433	615.433
3179	115.519	615.404
3180	115.561	615.404
3181	115.611	615.365
3183	115.692	615.267
3184	115.732	615.19
3185	115.773	615.135
3186	115.814	615.12
3187	115.856	615.113
3188	115.898	615.039
3189	115.94	615.029
3191	116.027	614.817
3192	116.074	614.795
3193	116.134	614.784
3194	116.188	614.764
3195	116.244	614.751
3196	116.294	614.74
3197	116.335	614.716
3198	116.378	614.639
3199	116.421	614.589
3201	116.502	614.416
3202	116.543	614.393
3203	116.585	614.332
3206	116.709	614.324
3208	116.792	614.31
3209	116.833	614.277
3210	116.874	614.261
3211	116.915	614.255
3212	116.957	614.229
3213	116.998	614.154
3214	117.04	614.145
3216	117.12	614.143
3218	117.204	614.135
3220	117.304	614.021
3223	117.427	613.84
3226	117.548	613.701
3227	117.589	613.697
3228	117.642	613.628
3231	117.783	612.057
3233	117.866	612.007
3236	117.988	611.974
3237	118.034	611.962
3238	118.076	611.859
3242	118.243	611.858
3244	118.326	611.815
3245	118.376	611.75
3246	118.435	611.548
3248	118.533	611.54
3249	118.575	611.511
3250	118.615	611.467
3251	118.656	611.456
3255	118.818	611.255
3256	118.86	611.247
3258	118.943	611.219
3259	118.982	610.862
3261	119.063	610.86
3262	119.113	610.853
3263	119.166	610.66
3264	119.207	610.638
3266	119.294	610.614
3267	119.334	610.533
3269	119.416	610.51
3270	119.456	610.496
3271	119.496	610.472
3273	119.575	608.74
3274	119.616	608.727
3275	119.656	608.716
3276	119.695	608.71
3278	119.774	608.685
3280	119.857	608.643
3283	119.974	608.435
3284	120.014	608.428
3285	120.053	608.395
3286	120.094	608.391
3288	120.174	608.391
3289	120.213	608.283
3290	120.253	608.117
3291	120.292	607.97
3292	120.332	607.936
3295	120.451	607.486
3297	120.531	607.47
3299	120.61	607.462
3301	120.691	607.347
3302	120.73	607.337
3303	120.772	607.28
3305	120.85	607.277
3306	120.89	607.226
3308	120.969	607.025
3311	121.089	606.991
3312	121.129	606.935
3315	121.248	606.354
3316	121.288	606.344
3318	121.367	606.342
3321	121.487	606.321
3323	121.566	606.223
3325	121.647	606.041
3326	121.686	606
3328	121.766	605.964
3329	121.806	605.961
3330	121.846	605.733
3331	121.887	605.714
3332	121.928	605.711
3334	122.007	605.71
3335	122.048	605.129
3336	122.089	604.739
3337	122.128	604.496
3338	122.168	604.495
3345	122.452	604.474
3346	122.493	604.389
3348	122.572	604.249
3349	122.614	604.237
3350	122.653	604.11
3352	122.735	604.083
3353	122.774	604.059
3355	122.859	604.021
3359	123.08	603.949
3360	123.123	603.916
3361	123.169	603.911
3362	123.213	603.893
3363	123.252	603.888
3364	123.293	603.858
3365	123.332	603.852
3367	123.415	603.84
3368	123.462	603.836
3369	123.506	603.835
3370	123.545	603.82
3372	123.626	603.81
3373	123.669	603.795
3375	123.764	603.784
3376	123.822	603.774
3377	123.867	603.641
3378	123.908	603.611
3379	123.948	603.609
3380	123.988	603.594
3381	124.03	603.593
3382	124.07	603.581
3383	124.111	603.558
3384	124.152	603.502
3385	124.199	603.484
3386	124.248	603.481
3387	124.293	603.477
3390	124.414	603.359
3391	124.453	603.305
3392	124.493	603.3
3393	124.533	603.268
3394	124.574	603.235
3395	124.613	603.233
3396	124.655	603.165
3397	124.695	603.07
3399	124.777	603.065
3400	124.818	603.05
3401	124.87	603.031
3402	124.922	603.002
3403	124.967	602.893
3404	125.009	602.882
3405	125.049	602.878
3406	125.089	602.654
3407	125.13	602.554
3408	125.169	602.546
3409	125.211	602.54
3410	125.252	602.539
3411	125.293	602.463
3412	125.335	602.456
3413	125.376	602.417
3414	125.417	602.407
3415	125.457	602.379
3416	125.497	602.337
3417	125.536	602.246
3418	125.577	602.241
3419	125.616	602.2
3420	125.656	602.197
3422	125.737	601.574
3423	125.776	601.57
3425	125.855	601.548
3426	125.897	601.544
3427	125.937	601.527
3428	125.977	601.372
3429	126.018	601.351
3431	126.097	601.236
3432	126.137	601.219
3433	126.178	601.208
3435	126.258	601.188
3436	126.297	601.184
3437	126.336	601.169
3438	126.377	600.934
3439	126.418	600.91
3441	126.498	600.815
3442	126.538	600.799
3443	126.578	600.742
3446	126.7	600.734
3448	126.779	600.726
3449	126.819	600.71
3450	126.859	600.703
3451	126.899	600.69
3453	126.979	600.642
3454	127.019	600.345
3456	127.099	600.33
3458	127.197	600.326
3460	127.276	600.271
3463	127.396	600.17
3466	127.516	600.004
3467	127.558	599.992
3468	127.6	599.961
3469	127.643	599.922
3470	127.683	599.85
3471	127.723	598.501
3473	127.803	598.452
3475	127.885	598.45
3476	127.927	598.416
3478	128.013	598.313
3481	128.147	598.282
3482	128.192	598.267
3483	128.237	598.233
3486	128.364	598.203
3487	128.404	598.179
3488	128.444	598.175
3489	128.484	598.134
3490	128.534	598.116
3491	128.579	598.092
3495	128.741	598.04
3496	128.78	598.03
3498	128.862	598.027
3499	128.903	597.876
3500	128.942	597.876
3502	129.023	597.82
3503	129.063	597.657
3504	129.102	597.608
3506	129.186	597.595
3507	129.231	597.554
3509	129.313	597.518
3510	129.353	597.514
3511	129.392	597.472
3513	129.472	597.285
3514	129.513	597.271
3515	129.552	597.261
3517	129.633	597.26
3518	129.673	597.248
3520	129.754	597.196
3523	129.875	597.169
3524	129.916	597.154
3528	130.077	597.138
3529	130.117	597.021
3531	130.199	596.89
3532	130.249	596.854
3535	130.387	596.6
3537	130.468	596.6
3539	130.548	596.558
3541	130.628	596.526
3542	130.67	596.51
3543	130.711	596.261
3544	130.753	596.258
3546	130.838	596.25
3548	130.916	596
3550	130.996	595.984
3551	131.035	595.951
3554	131.154	595.855
3555	131.196	595.434
3556	131.236	595.365
3561	131.434	595.346
3563	131.514	595.227
3565	131.593	595.025
3566	131.632	594.987
3568	131.712	594.98
3570	131.791	594.826
3574	131.95	594.819
3575	131.99	594.748
3576	132.03	594.424
3578	132.109	594.42
3579	132.15	594.369
3580	132.191	594.359
3583	132.31	594.326
3584	132.349	594.322
3586	132.427	594.265
3589	132.547	594.251
3590	132.588	594.129
3592	132.667	594.063
3593	132.708	594.034
3595	132.788	594.033
3601	133.031	594.033
3603	133.112	593.994
3604	133.151	593.992
3605	133.192	593.985
3606	133.232	593.769
3607	133.272	593.764
3608	133.311	593.761
3609	133.352	593.76
3610	133.392	593.748
3613	133.511	593.737
3615	133.59	593.734
3616	133.63	593.715
3617	133.67	593.661
3618	133.71	593.643
3619	133.75	593.642
3620	133.791	593.625
3621	133.831	593.624
3622	133.871	593.612
3623	133.91	593.576
3625	133.991	593.553
3626	134.03	593.552
3628	134.111	593.55
3630	134.194	593.49
3631	134.234	593.434
3632	134.275	593.427
3633	134.315	593.384
3634	134.356	593.369
3635	134.399	593.351
3636	134.439	593.305
3637	134.48	593.232
3638	134.522	593.215
3639	134.562	593.207
3640	134.603	593.192
3641	134.644	593.129
3642	134.685	593.121
3643	134.727	593.107
3644	134.767	593.102
3645	134.81	593.085
3646	134.854	592.864
3647	134.897	592.849
3650	135.061	592.823
3651	135.103	592.781
3653	135.191	592.751
3654	135.234	592.743
3655	135.276	592.728
3656	135.316	592.693
3657	135.359	592.637
3658	135.399	592.637
3659	135.44	592.608
3662	135.564	592.472
3663	135.604	592.437
3664	135.649	592.414
3665	135.69	592.394
3666	135.732	592.375
3667	135.775	592.339
3668	135.815	592.312
3669	135.857	592.309
3671	135.938	592.3
3672	135.979	592.285
3673	136.019	592.279
3675	136.103	592.271
3676	136.148	592.267
3677	136.192	592.266
3678	136.234	592.184
3682	136.398	592.168
3683	136.439	592.15
3686	136.56	592.144
3687	136.601	592.137
3689	136.684	592.125
3691	136.765	592.107
3692	136.806	592.096
3693	136.848	592.049
3694	136.888	592.034
3696	136.968	592.017
3698	137.051	592.003
3699	137.093	591.997
3700	137.135	591.956
3703	137.256	591.931
3707	137.422	591.93
3708	137.464	591.924
3709	137.506	591.922
3710	137.547	591.773
3711	137.588	590.345
3713	137.688	590.293
3716	137.821	590.273
3717	137.861	590.201
3718	137.903	590.169
3722	138.068	590.113
3724	138.149	590.075
3726	138.231	590.042
3728	138.314	590.041
3729	138.354	590.027
3731	138.436	590.019
3733	138.532	590
3735	138.624	589.972
3736	138.666	589.966
3738	138.747	589.955
3739	138.787	589.855
3742	138.907	589.848
3743	138.945	589.697
3744	138.985	589.618
3749	139.187	589.604
3750	139.229	589.603
3751	139.27	589.575
3753	139.357	589.371
3754	139.397	589.369
3756	139.477	589.368
3757	139.516	589.367
3758	139.554	589.367
3760	139.639	589.344
3763	139.759	589.338
3764	139.801	589.314
3766	139.88	589.307
3768	139.961	589.305
3769	140.006	588.939
3771	140.087	588.856
3772	140.128	588.814
3775	140.248	588.699
3777	140.328	588.674
3781	140.497	588.642
3782	140.538	588.637
3783	140.58	588.612
3784	140.622	588.596
3785	140.665	588.595
3786	140.705	588.586
3788	140.785	588.488
3791	140.903	588.453
3792	140.943	588.443
3794	141.024	588.439
3795	141.072	588.287
3796	141.116	588.243
3800	141.276	588.213
3801	141.316	588.199
3802	141.355	588.169
3805	141.488	587.687
3806	141.526	587.666
3808	141.606	587.663
3810	141.685	587.567
3811	141.726	587.551
3812	141.767	587.518
3814	141.848	587.514
3816	141.928	587.233
3823	142.208	587.185
3824	142.249	587.181
3825	142.294	587.13
3828	142.448	587.076
3829	142.489	587.075
3830	142.53	586.771
3832	142.61	586.725
3835	142.731	586.697
3837	142.812	586.668
3838	142.862	586.659
3839	142.905	586.642
3842	143.025	586.638
3843	143.067	586.583
3845	143.151	586.566
3847	143.233	586.563
3848	143.275	586.55
3849	143.32	586.54
3850	143.361	586.535
3852	143.445	586.508
3853	143.486	586.503
3855	143.571	586.477
3856	143.622	586.475
3857	143.664	586.386
3858	143.705	586.377
3859	143.746	586.374
3860	143.789	586.361
3861	143.833	586.345
3862	143.876	586.323
3865	143.998	586.289
3866	144.04	586.283
3867	144.083	586.278
3868	144.137	586.273
3870	144.227	586.243
3871	144.276	586.219
3872	144.325	586.215
3873	144.373	586.193
3874	144.414	586.164
3875	144.459	586.15
3876	144.503	585.981
3877	144.55	585.91
3879	144.633	585.906
3880	144.679	585.801
3881	144.725	585.759
3883	144.805	585.757
3885	144.89	585.75
3886	144.932	585.532
3887	144.971	585.514
3888	145.017	585.504
3889	145.061	585.5
3890	145.101	585.428
3893	145.226	585.403
3894	145.266	585.393
3895	145.307	585.372
3896	145.348	585.315
3897	145.388	585.256
3898	145.428	585.236
3899	145.468	585.204
3904	145.668	585.173
3905	145.708	585.159
3906	145.748	585.149
3907	145.789	585.131
3909	145.871	585.129
3911	145.951	585.068
3912	146.004	585.054
3913	146.056	585.048
3921	146.402	585.047
3922	146.443	585.038
3923	146.483	584.988
3924	146.524	584.957
3926	146.605	584.949
3927	146.644	584.931
3928	146.683	584.918
3929	146.724	584.891
3930	146.764	584.829
3931	146.808	584.815
3932	146.847	584.793
3933	146.887	584.779
3934	146.927	584.763
3936	147.005	584.74
3937	147.045	584.727
3938	147.084	584.709
3939	147.124	584.709
3940	147.164	584.664
3947	147.44	584.661
3948	147.48	584.52
3950	147.56	584.424
3951	147.6	583.267
3953	147.679	583.239
3955	147.757	583.233
3957	147.836	582.655
3961	147.995	582.63
3962	148.037	582.621
3963	148.078	582.323
3964	148.117	582.296
3965	148.158	582.268
3966	148.198	582.235
3967	148.239	582.234
3969	148.317	582.226
3971	148.397	582.219
3973	148.478	582.194
3974	148.519	582.138
3975	148.559	582.111
3976	148.598	582.11
3977	148.639	582.103
3979	148.718	582.083
3983	148.88	581.951
3984	148.922	581.816
3986	149	581.808
3987	149.04	581.738
3989	149.118	581.724
3990	149.159	581.721
3991	149.199	581.714
3993	149.278	581.683
3997	149.435	581.682
3998	149.475	581.674
4000	149.554	581.67
4002	149.633	581.666
4004	149.712	581.627
4007	149.831	581.589
4008	149.873	581.587
4009	149.911	581.484
4010	149.951	581.469
4011	149.993	581.408
4012	150.032	580.7
4015	150.152	580.669
4017	150.232	580.62
4018	150.274	580.614
4019	150.313	580.606
4021	150.393	580.535
4023	150.474	580.486
4024	150.514	580.479
4025	150.556	580.478
4026	150.597	580.475
4028	150.679	580.349
4030	150.766	580.319
4032	150.846	580.303
4035	150.966	580.182
4036	151.007	580.041
4038	151.089	580.004
4041	151.229	580.004
4042	151.27	579.964
4045	151.395	579.763
4046	151.434	579.742
4048	151.514	579.722
4049	151.554	579.611
4050	151.595	579.395
4051	151.635	579.381
4053	151.713	579.369
4054	151.753	579.364
4056	151.833	579.121
4063	152.153	579.115
4064	152.214	579.114
4067	152.368	579.076
4068	152.425	579.069
4070	152.513	578.906
4072	152.595	578.887
4073	152.638	578.824
4075	152.719	578.822
4081	152.959	578.818
4082	152.998	578.807
4083	153.037	578.771
4084	153.077	578.76
4085	153.119	578.75
4087	153.199	578.741
4088	153.238	578.728
4090	153.32	578.711
4092	153.399	578.71
4094	153.478	578.708
4095	153.517	578.667
4096	153.557	578.656
4097	153.597	578.604
4098	153.636	578.588
4099	153.677	578.583
4100	153.716	578.575
4101	153.755	578.562
4102	153.798	578.557
4103	153.836	578.53
4104	153.876	578.486
4105	153.915	578.457
4106	153.954	578.453
4107	153.994	578.445
4109	154.073	578.222
4110	154.112	578.2
4111	154.152	578.156
4112	154.191	578.151
4113	154.23	578.131
4114	154.272	578.116
4115	154.312	578.114
4116	154.356	578.003
4117	154.409	577.913
4118	154.456	577.909
4119	154.511	577.903
4120	154.55	577.843
4121	154.593	577.771
4122	154.635	577.723
4124	154.718	577.331
4125	154.757	577.307
4126	154.798	577.103
4127	154.838	577.09
4128	154.879	577.088
4129	154.919	577.075
4130	154.969	577.042
4132	155.054	577.041
4133	155.094	577.03
4137	155.254	576.998
4138	155.294	576.975
4139	155.333	576.955
4142	155.457	576.926
4145	155.598	576.91
4146	155.638	576.899
4147	155.677	576.897
4149	155.76	576.885
4150	155.799	576.852
4151	155.839	576.795
4152	155.878	576.794
4153	155.923	576.783
4154	155.969	576.782
4155	156.008	576.776
4156	156.049	576.745
4157	156.09	576.725
4158	156.13	576.686
4161	156.254	576.675
4162	156.295	576.667
4163	156.337	576.636
4166	156.46	576.634
4170	156.643	576.56
4172	156.725	576.556
4173	156.767	576.525
4174	156.808	576.509
4176	156.888	576.495
4177	156.929	576.489
4178	156.97	576.475
4179	157.01	576.47
4180	157.05	576.418
4181	157.09	576.391
4182	157.133	576.389
4183	157.173	576.388
4185	157.252	576.385
4186	157.291	576.38
4187	157.33	576.352
4188	157.372	576.32
4189	157.411	576.27
4190	157.45	576.118
4191	157.492	575.247
4193	157.572	575.216
4194	157.612	575.192
4195	157.654	575.188
4198	157.774	575.174
4199	157.814	575.171
4201	157.894	575.165
4202	157.935	575.155
4203	157.978	575.041
4204	158.018	575.005
4206	158.107	574.98
4211	158.307	574.973
4212	158.348	574.92
4215	158.469	574.902
4216	158.51	574.897
4217	158.549	574.855
4218	158.592	574.849
4219	158.631	574.272
4220	158.671	574.255
4223	158.791	574.143
4224	158.831	574.131
4225	158.871	574.127
4226	158.912	574.122
4227	158.951	574.11
4229	159.029	574.096
4230	159.072	574.088
4232	159.153	574.056
4233	159.193	573.989
4234	159.232	573.986
4235	159.274	573.978
4237	159.357	573.976
4238	159.399	573.975
4240	159.479	573.932
4243	159.599	573.917
4244	159.64	573.904
4248	159.8	573.901
4249	159.839	573.89
4250	159.879	573.877
4251	159.918	573.819
4252	159.957	573.461
4255	160.076	573.453
4257	160.158	573.429
4258	160.2	573.407
4259	160.239	573.399
4261	160.319	573.355
4263	160.4	573.331
4264	160.44	573.31
4265	160.481	573.309
4266	160.523	573.305
4267	160.562	573.295
4268	160.605	573.22
4272	160.766	572.614
4273	160.806	572.612
4275	160.885	572.51
4276	160.924	572.507
4278	161.018	572.496
4282	161.207	572.44
4284	161.292	571.827
4285	161.334	571.736
4286	161.373	571.729
4288	161.458	571.729
4289	161.501	571.71
4290	161.541	571.591
4291	161.583	571.566
4296	161.789	571.356
4297	161.828	571.343
4298	161.868	571.296
4300	161.946	571.287
4303	162.067	571.253
4305	162.147	571.137
4307	162.226	571.137
4310	162.343	571.043
4311	162.382	571.039
4313	162.461	570.988
4314	162.5	570.94
4318	162.658	570.929
4319	162.699	570.854
4321	162.776	570.853
4323	162.855	570.852
4324	162.894	570.815
4325	162.935	570.81
4327	163.014	570.804
4330	163.134	570.796
4333	163.257	570.791
4334	163.301	570.785
4335	163.34	570.775
4337	163.421	570.75
4338	163.463	570.74
4339	163.503	570.738
4340	163.545	570.73
4342	163.626	570.718
4343	163.673	570.689
4345	163.759	570.689
4346	163.805	570.685
4347	163.846	570.681
4349	163.93	569.933
4350	163.97	569.93
4352	164.055	569.928
4353	164.095	569.914
4354	164.134	569.9
4355	164.173	569.899
4356	164.212	569.832
4357	164.254	569.8
4358	164.301	569.791
4359	164.348	569.766
4360	164.387	569.749
4361	164.428	569.729
4362	164.468	569.699
4364	164.55	569.637
4366	164.637	569.426
4367	164.677	569.426
4368	164.719	569.423
4369	164.768	569.365
4370	164.813	569.355
4371	164.855	569.285
4372	164.898	569.281
4373	164.939	569.274
4374	164.978	569.26
4376	165.06	569.243
4377	165.102	569.202
4378	165.144	569.195
4379	165.185	569.176
4380	165.231	569.174
4383	165.38	569.16
4384	165.421	569.156
4385	165.465	569.135
4386	165.505	569.13
4387	165.548	569.121
4388	165.587	569.12
4389	165.63	569.113
4391	165.712	569.097
4392	165.751	569.078
4393	165.792	569.054
4398	166.001	569.045
4402	166.174	569.034
4403	166.222	569.017
4406	166.351	569.013
4409	166.472	569.005
4410	166.511	568.948
4412	166.59	568.942
4413	166.63	568.902
4414	166.67	568.766
4416	166.754	568.757
4418	166.836	568.744
4419	166.876	568.74
4420	166.918	568.719
4424	167.077	568.597
4427	167.196	568.564
4428	167.237	568.44
4429	167.283	568.438
4431	167.367	568.327
4433	167.466	568.286
4434	167.508	568.267
4439	167.719	568.229
4444	167.916	568.191
4445	167.955	568.158
4446	167.995	568.14
4447	168.035	568.134
4449	168.111	568.132
4451	168.189	568.114
4452	168.228	568.104
4454	168.305	568.062
4456	168.383	568.043
4458	168.461	568.036
4459	168.499	567.991
4462	168.614	567.989
4463	168.653	567.888
4464	168.694	567.885
4465	168.743	567.866
4467	168.822	567.766
4470	168.94	567.751
4471	168.978	567.706
4472	169.017	567.68
4473	169.056	567.626
4476	169.173	567.625
4477	169.22	567.624
4478	169.305	567.623
4480	169.422	567.515
4481	169.462	567.504
4482	169.504	567.484
4483	169.544	567.477
4488	169.741	567.475
4489	169.78	567.454
4490	169.821	567.393
4491	169.86	567.334
4492	169.9	567.278
4495	170.02	567.184
4496	170.06	567.184
4497	170.1	567.183
4498	170.14	567.118
4499	170.18	567.116
4500	170.221	567.116
4501	170.259	567.087
4503	170.337	567.072
4504	170.376	567.071
4505	170.424	567.07
4506	170.468	567.068
4507	170.513	567.065
4508	170.555	566.639
4509	170.598	566.399
4511	170.679	565.994
4512	170.722	565.915
4513	170.761	565.907
4514	170.801	565.903
4515	170.84	565.798
4516	170.88	565.761
4521	171.08	565.757
4522	171.119	565.749
4523	171.159	565.727
4524	171.197	565.656
4525	171.237	565.634
4526	171.275	565.614
4528	171.353	565.609
4529	171.392	565.594
4530	171.433	565.548
4533	171.551	565.538
4534	171.591	565.509
4536	171.671	565.358
4538	171.752	565.324
4544	172.004	565.297
4546	172.085	565.294
4547	172.126	565.29
4550	172.248	565.203
4551	172.289	565.2
4559	172.632	565.199
4561	172.715	565.196
4563	172.797	565.195
4564	172.837	565.189
4565	172.88	565.185
4567	172.959	565.177
4568	172.998	565.174
4569	173.039	565.173
4572	173.159	565.168
4573	173.199	565.164
4576	173.32	565.163
4577	173.36	564.994
4578	173.4	564.992
4579	173.44	564.986
4580	173.479	564.97
4581	173.517	564.967
4582	173.561	564.951
4584	173.641	564.933
4585	173.681	564.927
4586	173.722	564.92
4587	173.761	564.911
4589	173.841	564.896
4590	173.879	564.882
4591	173.918	564.878
4592	173.957	564.875
4593	173.996	564.857
4594	174.036	564.846
4596	174.115	564.796
4597	174.154	564.73
4599	174.233	564.729
4600	174.271	564.725
4601	174.31	564.686
4602	174.351	564.667
4604	174.43	564.552
4605	174.47	564.551
4606	174.509	564.434
4607	174.547	564.418
4610	174.665	564.415
4611	174.703	564.374
4612	174.743	564.374
4613	174.783	564.363
4614	174.821	564.359
4615	174.861	564.34
4616	174.9	564.334
4617	174.941	564.307
4618	174.983	564.28
4619	175.023	564.272
4620	175.063	564.269
4622	175.14	564.259
4624	175.218	564.22
4625	175.258	564.218
4626	175.296	564.215
4627	175.335	563.978
4629	175.414	563.974
4632	175.531	563.966
4633	175.569	563.946
4635	175.649	563.943
4636	175.688	563.941
4640	175.844	563.916
4642	175.922	563.911
4643	175.961	563.896
4646	176.077	563.894
4647	176.116	563.89
4649	176.195	563.884
4650	176.235	563.647
4652	176.313	563.643
4653	176.352	563.618
4654	176.391	563.611
4657	176.509	562.397
4658	176.548	562.384
4659	176.588	562.384
4663	176.746	562.377
4664	176.786	562.316
4665	176.825	562.263
4667	176.903	562.232
4668	176.943	562.198
4670	177.02	562.194
4671	177.06	561.504
4672	177.099	561.422
4673	177.137	561.387
4676	177.256	561.288
4679	177.373	561.276
4680	177.412	561.268
4681	177.452	561.169
4684	177.569	561.148
4686	177.648	561.141
4687	177.687	561.132
4688	177.726	561.109
4689	177.764	561.106
4692	177.881	561.093
4694	177.96	561.066
4695	178	561.018
4696	178.04	561.014
4698	178.119	561.013
4699	178.159	560.828
4701	178.237	560.808
4703	178.314	560.724
4704	178.354	560.691
4705	178.393	560.661
4706	178.433	560.657
4707	178.472	560.652
4710	178.591	560.647
4711	178.63	560.611
4713	178.709	560.591
4714	178.749	560.59
4716	178.828	560.589
4717	178.868	560.588
4718	178.907	560.582
4720	178.986	560.293
4721	179.025	560.293
4724	179.144	560.264
4726	179.221	560.26
4727	179.261	560.248
4728	179.3	560.244
4730	179.377	560.22
4731	179.417	560.175
4732	179.456	560.153
4734	179.534	560.13
4735	179.574	560.099
4736	179.614	560.095
4738	179.692	560.032
4740	179.77	560.019
4741	179.809	559.943
4742	179.848	559.937
4743	179.887	559.933
4745	179.965	559.93
4746	180.004	559.927
4748	180.082	559.81
4749	180.122	559.804
4751	180.2	559.801
4752	180.239	559.789
4754	180.317	559.784
4755	180.357	559.684
4756	180.397	559.671
4757	180.438	559.667
4760	180.554	559.655
4761	180.593	559.642
4762	180.633	559.63
4765	180.752	559.612
4766	180.791	559.602
4770	180.948	559.59
4771	180.988	559.572
4774	181.105	559.569
4776	181.182	559.425
4778	181.26	559.402
4779	181.3	559.397
4780	181.338	559.394
4786	181.574	559.382
4789	181.693	559.381
4790	181.732	559.316
4795	181.928	559.315
4796	181.966	559.307
4797	182.005	559.306
4798	182.046	559.297
4799	182.085	559.263
4801	182.163	559.261
4802	182.202	559.259
4803	182.242	559.258
4804	182.282	559.256
4805	182.323	559.251
4807	182.404	559.239
4810	182.526	559.237
4811	182.566	559.189
4815	182.726	559.187
4816	182.766	559.172
4817	182.808	559.157
4818	182.849	559.141
4819	182.889	559.141
4820	182.929	559.135
4822	183.009	559.123
4823	183.049	559.104
4824	183.09	559.101
4825	183.133	559.091
4826	183.175	559.089
4828	183.258	559.088
4830	183.34	559.042
4831	183.381	559.019
4832	183.422	559.016
4833	183.462	558.999
4835	183.543	558.996
4836	183.583	558.981
4837	183.623	558.959
4839	183.708	558.955
4840	183.748	558.955
4841	183.789	558.936
4844	183.911	558.864
4845	183.952	558.831
4846	183.993	558.618
4847	184.034	558.609
4848	184.074	558.607
4849	184.115	558.589
4850	184.156	558.582
4851	184.198	558.582
4853	184.291	558.578
4854	184.335	558.577
4855	184.38	558.572
4858	184.512	558.554
4859	184.554	558.552
4860	184.594	558.549
4862	184.675	558.549
4864	184.758	558.547
4865	184.802	558.544
4866	184.846	558.535
4867	184.888	558.507
4868	184.929	558.478
4869	184.974	558.464
4870	185.016	558.457
4872	185.128	558.45
4873	185.174	558.435
4874	185.215	558.432
4875	185.258	558.427
4876	185.297	558.418
4882	185.541	558.411
4883	185.581	558.401
4885	185.662	558.396
4886	185.701	558.391
4887	185.741	558.385
4889	185.821	558.373
4890	185.859	558.323
4893	185.977	558.304
4894	186.019	558.297
4897	186.137	558.205
4898	186.175	558.184
4899	186.215	558.178
4900	186.254	558.165
4901	186.293	558.147
4903	186.372	558.115
4904	186.411	558.065
4907	186.53	558.037
4908	186.571	558.011
4910	186.65	558.008
4911	186.69	557.384
4912	186.729	557.372
4913	186.77	557.331
4921	187.082	557.307
4922	187.123	557.305
4924	187.202	557.274
4926	187.281	557.235
4928	187.359	557.221
4932	187.518	557.202
4934	187.6	557.184
4935	187.638	557.174
4936	187.677	557.163
4939	187.794	557.112
4942	187.914	557.104
4943	187.952	557.027
4945	188.031	556.986
4949	188.185	556.985
4951	188.264	556.975
4953	188.343	556.902
4955	188.421	556.884
4958	188.549	556.881
4960	188.629	556.638
4961	188.668	556.637
4963	188.746	556.632
4964	188.785	556.493
4966	188.863	556.485
4968	188.942	556.484
4971	189.06	556.436
4972	189.099	556.418
4975	189.216	556.408
4978	189.334	556.387
4981	189.452	556.37
4985	189.609	556.37
4986	189.647	556.366
4988	189.727	556.268
4992	189.887	556.253
4994	189.966	555.736
4995	190.004	555.634
4996	190.043	555.621
4998	190.12	555.597
5000	190.198	555.585
# FIN	190.198	555.585

