# target=instancias/klimt.png T=240 iters=5000 K=32 seed=auto
iter	segundos	MSE
0	0.00200292	10622.1
1	0.017669	10612.6
2	0.0338883	10607.7
3	0.0494201	10602.6
4	0.0647343	10597.4
5	0.0801351	10538.1
6	0.0969858	10514.6
7	0.113449	10505.5
8	0.129185	10488
9	0.144679	10486.4
10	0.160572	10486.1
11	0.176831	10430.4
12	0.192952	10428.2
13	0.209072	10425.4
14	0.225144	10419.8
15	0.241124	10400.7
16	0.25743	10361.8
17	0.274466	10360.9
18	0.291443	10314.8
19	0.307533	10314.7
20	0.324029	10266.5
21	0.340811	10232.1
22	0.357124	10195.8
23	0.373611	10192.8
24	0.389812	10187.7
25	0.406112	10167.1
26	0.423244	10166.3
27	0.440498	10166.2
28	0.456941	10163.3
29	0.473847	10123.3
30	0.491671	10076.1
31	0.510581	10072.7
32	0.528687	10057.3
33	0.545384	10038.4
34	0.561457	9970.39
35	0.577975	9968.16
36	0.594432	9936.78
37	0.611939	9933.33
38	0.629165	9916.92
39	0.646928	9890.37
40	0.663224	9880.66
41	0.679797	9866.83
42	0.697007	9844.75
43	0.714815	9844.3
44	0.731215	9824.92
45	0.747783	9802.69
46	0.765151	9784.46
47	0.782968	9770.89
48	0.800008	9743.82
49	0.816706	9697.04
50	0.833541	9677.88
51	0.851124	9667.96
52	0.868559	9577.05
53	0.888847	9506.27
54	0.907474	9472.21
55	0.941023	9471.35
56	0.985812	9470
57	1.00906	9469.9
58	1.02954	9461.66
59	1.05035	9461.5
60	1.07278	9448.26
61	1.09679	9382.51
62	1.11775	9348.89
63	1.13652	9327.23
64	1.15557	9325.2
65	1.17426	9324.93
66	1.1944	9317.85
67	1.21319	9310.67
68	1.23125	9293.64
69	1.24981	9279.82
70	1.27074	9233.95
71	1.29023	9219.32
72	1.30815	9203.33
73	1.3261	9192.42
74	1.34448	9185.05
75	1.36358	9184.35
76	1.38124	9145.59
77	1.40002	9127.85
78	1.41945	9116.87
79	1.43992	9086.08
80	1.45928	9064.65
81	1.47894	9058.77
82	1.50106	9009.84
83	1.52142	9007.36
84	1.54092	8997.66
85	1.55952	8991.78
86	1.58063	8932.59
87	1.59932	8932.3
88	1.62032	8928.4
89	1.6432	8882.35
90	1.66133	8869.81
91	1.67949	8868.08
92	1.69867	8863.94
93	1.71988	8858.15
94	1.73871	8833.48
95	1.75763	8711.85
96	1.77955	8686.05
97	1.80063	8677.44
98	1.81986	8666.37
99	1.83843	8623.15
100	1.85787	8618.81
101	1.8765	8614.88
102	1.89514	8594.33
103	1.91362	8588.7
104	1.93226	8576.17
105	1.9507	8575.86
106	1.96922	8574.89
107	1.98766	8558.73
108	2.00626	8539.14
109	2.02535	8489.06
110	2.04504	8443.23
111	2.06406	8442.83
112	2.08227	8419.6
113	2.10085	8418.23
114	2.12124	8385.69
115	2.14297	8333.79
116	2.16475	8325.37
117	2.18347	8324.96
118	2.20227	8315.34
119	2.22266	8311.53
120	2.2429	8305.95
121	2.26249	8305.07
122	2.28206	8304.46
123	2.30118	8254.72
124	2.31966	8224.63
125	2.33816	8189.24
126	2.35661	8182.06
127	2.3763	8158.41
128	2.39703	8143
129	2.41592	8107.17
130	2.43444	8037.57
131	2.45448	8036.77
132	2.47464	8016.58
133	2.49447	8009.33
134	2.51503	7947.8
135	2.53381	7929.47
136	2.55275	7885.41
137	2.57226	7872.1
138	2.59213	7857.7
139	2.61139	7828.06
140	2.63047	7819.34
141	2.65143	7812.08
142	2.6706	7790.7
143	2.69017	7740.23
144	2.70949	7736.51
145	2.72897	7733.83
146	2.74971	7732.63
147	2.76889	7683.1
148	2.78772	7680.67
149	2.80671	7665.45
150	2.82676	7624.68
151	2.84689	7620.65
152	2.86634	7608.37
153	2.88541	7604.09
154	2.90446	7603.56
155	2.92352	7595.25
156	2.94272	7594.1
157	2.96238	7593.17
158	2.9816	7579.56
159	3.00078	7573.2
160	3.02038	7572.98
161	3.03978	7524.1
162	3.06058	7515
163	3.08534	7464.28
164	3.10642	7464.21
165	3.12745	7445.7
166	3.14808	7440.12
167	3.17218	7439.85
168	3.19298	7433.35
169	3.21312	7428.16
170	3.23332	7419.13
171	3.25382	7412.01
172	3.27409	7405.58
173	3.2955	7400.07
174	3.31508	7394.37
175	3.33477	7389.87
176	3.35479	7372.81
177	3.37569	7371.8
178	3.397	7356.73
179	3.41665	7343.02
180	3.43625	7336.92
181	3.45699	7328.58
182	3.47699	7325.57
183	3.49664	7307.62
184	3.51735	7297.99
185	3.53704	7291.17
186	3.55831	7235.74
187	3.5785	7231.08
188	3.59856	7200.86
189	3.61934	7191.61
190	3.64035	7189.47
191	3.66238	7186.97
192	3.68237	7163.56
193	3.70314	7158.91
194	3.72482	7158.91
195	3.74484	7139.56
196	3.76491	7138.07
197	3.78563	7133.86
198	3.80543	7133.27
199	3.82761	7122.3
200	3.84836	7116.93
201	3.86867	7102.45
202	3.88973	7081.59
203	3.91229	7056.71
204	3.93348	7043.33
205	3.95414	7043.21
206	3.97493	7042.54
207	3.99513	7041.22
208	4.01582	7017.41
209	4.03704	7015.96
210	4.05786	6992.32
211	4.07886	6977.6
212	4.10053	6970.43
213	4.12138	6888.87
214	4.14186	6883.51
215	4.16243	6848.96
216	4.18397	6848.08
217	4.20607	6847.24
218	4.22693	6839.81
219	4.24781	6824.98
220	4.26926	6823.21
221	4.29096	6771.43
222	4.3131	6762.19
223	4.3338	6759.35
224	4.35453	6710.24
225	4.37656	6667.65
226	4.39834	6643.71
227	4.41982	6603.67
228	4.44088	6603.13
229	4.46366	6599.82
230	4.48562	6558.27
231	4.50664	6555.14
232	4.53524	6546.39
233	4.57272	6543.84
234	4.5938	6541.45
235	4.61551	6537.61
236	4.63683	6535.96
237	4.65808	6530.04
238	4.6817	6511.65
239	4.70344	6509.55
240	4.72529	6498.38
241	4.74639	6496.25
242	4.76783	6494.47
243	4.78956	6494.23
244	4.81153	6491.46
245	4.83297	6414.64
246	4.85416	6406.58
247	4.87546	6405.16
248	4.8987	6404.09
249	4.92077	6403.72
250	4.94313	6402.07
251	4.96589	6394.05
252	4.98788	6391.04
253	5.00975	6376.78
254	5.03129	6368.06
255	5.05375	6353.58
256	5.07644	6324.01
257	5.09864	6323.88
258	5.12063	6298.89
259	5.14272	6298.88
260	5.16535	6274.28
261	5.18834	6245.02
262	5.21015	6229.13
263	5.23213	6228.23
264	5.25467	6225.06
265	5.27737	6220.37
266	5.30484	6219.55
267	5.33614	6219.27
268	5.35784	6218.39
269	5.38161	6203.41
270	5.40394	6187.98
271	5.42676	6187.73
272	5.44848	6181.53
273	5.47078	6168.71
274	5.49307	6127.3
275	5.51573	6123.91
276	5.53832	6117.55
277	5.56088	6095.25
278	5.58354	6078.75
279	5.60613	6072.6
280	5.62914	6072.33
281	5.65117	6072.28
282	5.67343	6057.54
283	5.69578	6056.24
284	5.71959	6055.84
285	5.7424	6029.95
286	5.76471	6028.32
287	5.78851	6019.22
288	5.81247	6010.26
289	5.83546	5994.8
290	5.85789	5989.9
291	5.88025	5987.04
292	5.90263	5960.73
293	5.92601	5943.67
294	5.94837	5923.47
295	5.97099	5923.11
296	5.99408	5922.82
297	6.01818	5921.03
298	6.04242	5914.59
299	6.06672	5914.58
300	6.08997	5903
301	6.1136	5857.07
302	6.13642	5837.06
303	6.15975	5816.85
304	6.18443	5814.05
305	6.2104	5809.03
306	6.23644	5806.93
307	6.2611	5806.88
308	6.28448	5806.51
309	6.3079	5804.77
310	6.33142	5739.97
311	6.35484	5721.63
312	6.37902	5715.43
313	6.40263	5708.9
314	6.42635	5703.75
315	6.44949	5703.47
316	6.47244	5673.97
317	6.49758	5669.08
318	6.52213	5656.59
319	6.54617	5650.12
320	6.56956	5619.47
321	6.59394	5613.44
322	6.61881	5585.33
323	6.6424	5583.11
324	6.66608	5576.03
325	6.69048	5560.94
326	6.71391	5535.71
327	6.73731	5535.33
328	6.76114	5531.63
329	6.78617	5490.17
330	6.81017	5471.96
331	6.83475	5471.78
332	6.85823	5465.27
333	6.88298	5458.09
334	6.90683	5431.65
335	6.93052	5375.39
336	6.9543	5374.72
337	6.97849	5342.47
338	7.00453	5305.99
339	7.02927	5287.15
340	7.05399	5287
341	7.07792	5286.45
342	7.10606	5283.09
343	7.13392	5282
344	7.19631	5277.45
345	7.23558	5271.39
346	7.26126	5270.33
347	7.28577	5269.12
348	7.30973	5260.73
349	7.33441	5215.44
350	7.36009	5209.77
351	7.38539	5209.68
352	7.40951	5207.51
353	7.43453	5207
354	7.4595	5200.84
355	7.48557	5183.29
356	7.52034	5182.37
357	7.54912	5181.94
358	7.58076	5180.68
359	7.60521	5179.11
360	7.62938	5177.2
361	7.65677	5177.15
362	7.68093	5175.4
363	7.7057	5149.49
364	7.73026	5138.46
365	7.75636	5125.77
366	7.78151	5116.96
367	7.80653	5115.01
368	7.83105	5113.11
369	7.85723	5077.18
370	7.88252	5066.08
371	7.90894	5065.8
372	7.93352	5058.42
373	7.96037	5055.34
374	7.98612	5046.98
375	8.01065	5045.04
376	8.03699	5030.37
377	8.0625	5009.16
378	8.08735	5001.15
379	8.11278	4994.28
380	8.1383	4986.72
381	8.16316	4984.62
382	8.18829	4949.98
383	8.21457	4904.21
384	8.2407	4904.11
385	8.26645	4903.96
386	8.29168	4901.58
387	8.31673	4887.33
388	8.342	4886.92
389	8.36716	4877.37
390	8.39264	4862.14
391	8.41755	4850.73
392	8.44378	4844.33
393	8.46995	4832.75
394	8.49499	4832.72
395	8.52004	4830.72
396	8.54708	4827.74
397	8.57335	4827.46
398	8.59892	4801.7
399	8.62943	4797.3
400	8.66455	4797.14
401	8.70244	4781.79
402	8.73081	4778.03
403	8.75637	4746.64
404	8.78396	4746.19
405	8.80836	4742.47
406	8.83384	4741.74
407	8.85912	4741.55
408	8.88612	4736.55
409	8.91203	4733.19
410	8.93707	4727.28
411	8.96272	4713.81
412	8.98853	4709.74
413	9.01502	4708.17
414	9.0396	4707.98
415	9.06456	4707.22
416	9.09138	4691.86
417	9.11824	4683.21
418	9.14295	4678.55
419	9.16788	4675.87
420	9.19515	4674.74
421	9.22055	4643.12
422	9.24545	4642.58
423	9.27184	4630.35
424	9.29688	4613.26
425	9.32205	4612.14
426	9.34741	4592.09
427	9.37421	4589.57
428	9.40017	4581.88
429	9.42594	4580.16
430	9.4519	4578.49
431	9.47676	4577.34
432	9.50218	4575.22
433	9.52867	4574.53
435	9.57926	4546.71
436	9.60512	4541.88
437	9.63222	4540.23
438	9.65752	4520.43
439	9.68279	4515.29
440	9.70803	4513.92
441	9.73783	4503.33
442	9.77282	4487.83
443	9.80018	4485.45
444	9.82535	4420.94
445	9.8508	4409.56
446	9.87679	4408.58
447	9.9024	4408.08
448	9.93037	4377.02
449	9.95607	4376.76
450	9.98208	4368.69
451	10.0095	4364.65
452	10.036	4354.78
453	10.062	4335.71
454	10.0887	4333.1
455	10.1154	4303.6
456	10.1423	4303.52
457	10.1688	4301.78
458	10.195	4300.96
459	10.2224	4297.19
460	10.2485	4295.82
461	10.2755	4275.57
462	10.3022	4274.03
463	10.3282	4271.75
464	10.3539	4205.33
465	10.3794	4174.19
466	10.4063	4161.57
467	10.4328	4141.76
468	10.4585	4141.26
469	10.4842	4140.97
470	10.5104	4109.47
471	10.5371	4108.38
472	10.5631	4092.9
473	10.589	4091.02
474	10.6158	4089.48
475	10.6418	4088.18
476	10.6686	4086.11
477	10.6951	4085.47
478	10.721	4071.11
479	10.7478	4070.19
480	10.7742	4055.33
481	10.8024	4055.18
482	10.8293	4052.91
483	10.8555	4048.27
484	10.8822	4047.96
485	10.9093	4015.03
486	10.9352	4004.42
487	10.9616	4004.06
488	10.9877	4003.09
489	11.0151	4001.97
490	11.0418	3997.73
491	11.0685	3991.46
492	11.0959	3990.68
493	11.1221	3990.19
494	11.1488	3985.94
495	11.1761	3978.17
496	11.2025	3959.09
497	11.2299	3949.85
498	11.2568	3936.29
499	11.2852	3936.27
500	11.3126	3902.25
501	11.3402	3889.04
502	11.3669	3883.61
503	11.3934	3883.48
504	11.4203	3881.69
505	11.4479	3881.56
506	11.4755	3880.97
507	11.5024	3880.65
508	11.5298	3880.03
509	11.5567	3875.75
510	11.5847	3871.65
511	11.6115	3871.57
512	11.6385	3871.47
513	11.6655	3865.84
514	11.6926	3855.25
515	11.7194	3855.15
516	11.7477	3854.62
517	11.7751	3853.12
518	11.8031	3841.99
519	11.8311	3839.1
520	11.8593	3839.04
521	11.887	3839.03
522	11.915	3830.3
523	11.9425	3828.51
525	11.9972	3826.84
526	12.0252	3825.9
527	12.0528	3820.07
528	12.0814	3806.95
529	12.1095	3805.61
530	12.1379	3795.61
531	12.1652	3794.43
532	12.1929	3757.54
533	12.2204	3753.46
534	12.2488	3709.74
535	12.2763	3709.6
536	12.3037	3709.3
537	12.3322	3707.68
538	12.36	3707.68
539	12.3875	3707.67
540	12.4149	3706.1
541	12.4424	3656.76
542	12.4708	3641.95
543	12.4991	3618.77
544	12.5273	3616.3
545	12.5553	3607.11
546	12.5841	3599.46
547	12.6118	3599.4
548	12.6398	3598.57
549	12.6688	3597.66
550	12.697	3564.64
551	12.7259	3555.2
552	12.7538	3535.2
553	12.783	3535.06
554	12.8111	3532.11
555	12.839	3530.49
556	12.867	3529.18
557	12.8955	3528.07
558	12.9234	3516.54
559	12.9524	3512.25
560	12.9818	3458.51
561	13.0102	3456.59
562	13.0396	3429.77
563	13.0683	3429.56
564	13.0974	3429.36
565	13.1259	3412.51
566	13.1543	3407.47
567	13.1837	3405.58
568	13.2135	3401.93
569	13.2417	3359.08
570	13.2704	3343.99
571	13.2996	3342.87
572	13.3287	3337.17
573	13.3578	3335.85
574	13.3876	3316.19
575	13.4158	3260.52
576	13.4446	3259.58
577	13.4736	3226.85
578	13.5033	3213.07
579	13.5322	3204.62
580	13.5616	3204.58
581	13.5913	3204.19
582	13.62	3203.66
583	13.6488	3203.24
584	13.6816	3201.29
585	13.713	3194.57
586	13.7418	3194.31
587	13.7704	3193.8
588	13.7992	3190.37
589	13.8297	3167.89
590	13.8581	3163.13
591	13.8868	3163.08
592	13.9159	3162.17
593	13.9447	3161.03
594	13.9733	3155.74
595	14.0018	3137.84
596	14.0301	3137.41
597	14.06	3137.35
598	14.0895	3136.07
599	14.1184	3134.17
600	14.1481	3133.06
601	14.1773	3133.01
602	14.2066	3132.65
603	14.2361	3128.1
604	14.265	3126
605	14.2935	3124.3
606	14.3227	3123.83
607	14.3523	3123.25
608	14.3814	3122.59
609	14.412	3108.76
610	14.4407	3104.96
611	14.4714	3104.41
612	14.5009	3100.12
613	14.5301	3098.5
614	14.559	3073.17
615	14.5888	3065.82
616	14.6179	3051.28
617	14.6469	3048.08
618	14.6777	3045.77
619	14.707	3044.4
620	14.736	3043.03
621	14.7662	3042.87
622	14.7957	3040.5
623	14.825	3019.05
624	14.8551	3019.01
625	14.8861	3018.97
626	14.9151	3018.87
627	14.9447	3006.14
628	14.9755	3005.79
629	15.0047	3005.02
630	15.035	2998.69
631	15.0646	2993.97
632	15.0936	2987.54
633	15.1233	2983.71
634	15.1534	2983.65
635	15.183	2983.44
636	15.2126	2983.28
637	15.2424	2983.03
638	15.272	2971.03
639	15.3013	2968.84
640	15.3316	2968.77
641	15.361	2959.29
642	15.3903	2958.96
643	15.42	2957.62
644	15.4497	2957.1
645	15.4793	2946.8
646	15.5085	2946.55
647	15.5387	2946.42
648	15.5687	2940.63
649	15.5979	2940.04
650	15.6284	2939.26
651	15.658	2937.06
652	15.6873	2934.03
653	15.7169	2933.11
654	15.7473	2933
655	15.778	2932.07
656	15.8074	2930.8
657	15.8381	2921.3
658	15.8708	2917.58
659	15.9011	2916.85
660	15.9318	2916.22
661	15.9622	2908.94
662	15.9928	2908.77
663	16.0244	2898.69
664	16.0537	2874.18
665	16.0834	2874.09
666	16.1138	2839.29
667	16.1445	2838
668	16.1749	2832
669	16.2049	2830.55
670	16.2367	2829.25
671	16.2693	2826.18
672	16.2989	2825.2
673	16.3297	2824.35
674	16.3598	2824.33
675	16.3896	2809.13
676	16.4193	2808.41
677	16.4508	2807.53
678	16.4818	2779.56
679	16.5129	2778.58
680	16.5439	2777.45
681	16.5753	2774.33
682	16.6057	2770.43
683	16.6357	2769
684	16.6662	2743
685	16.6964	2742.92
686	16.727	2742.75
687	16.7585	2742.1
688	16.7891	2716.98
689	16.819	2716.21
690	16.849	2710.97
691	16.8817	2710.68
692	16.9122	2697.77
693	16.9443	2695.87
694	16.9742	2695.04
695	17.0055	2690.01
696	17.0362	2689.96
697	17.0672	2689.33
698	17.0987	2687.76
699	17.13	2683.57
700	17.1606	2682.97
701	17.1914	2648.08
702	17.2219	2647.62
703	17.2522	2647
704	17.2824	2640.02
705	17.3144	2625.91
706	17.3453	2620.94
707	17.3761	2616.91
708	17.409	2616.78
709	17.4399	2616.13
710	17.4705	2600.59
711	17.5021	2600.54
712	17.5342	2592.09
713	17.5647	2590.65
714	17.5964	2588.08
715	17.6284	2587.69
716	17.6587	2586.53
717	17.6927	2585.93
718	17.7237	2583.01
719	17.7547	2582.58
720	17.7872	2581
721	17.8183	2580.82
722	17.8486	2578.66
723	17.8801	2578.62
724	17.9113	2578.57
725	17.9419	2577.27
726	17.9743	2564.77
727	18.0066	2564.73
728	18.0384	2564.7
729	18.0705	2562.66
730	18.1022	2559.91
731	18.1328	2556.9
732	18.1649	2556.55
733	18.1973	2556.5
734	18.228	2556.17
735	18.2589	2555.01
736	18.2909	2549.71
737	18.3229	2538.99
738	18.3539	2529.11
739	18.385	2529.09
740	18.4172	2514.26
741	18.4483	2512.21
742	18.4795	2504.41
743	18.5148	2503.78
744	18.5467	2503.68
745	18.5789	2503.61
746	18.6114	2503.09
747	18.6437	2502.53
748	18.676	2501.99
749	18.7071	2501.89
750	18.7378	2499.36
751	18.7712	2499.26
752	18.8022	2499.24
753	18.8346	2492.11
754	18.8662	2487.77
755	18.8972	2487.09
756	18.9289	2487.03
757	18.9609	2483.37
758	18.9919	2481.4
759	19.0224	2476.56
760	19.0542	2476.44
761	19.0869	2476.42
762	19.1191	2476.14
763	19.1501	2476.02
764	19.1823	2475.6
765	19.2142	2474.75
766	19.2451	2474.42
767	19.276	2474.4
768	19.3071	2466.96
769	19.3386	2466.33
770	19.3714	2465.58
771	19.4027	2464.42
772	19.4337	2403.5
773	19.4655	2400.56
774	19.497	2398.21
776	19.5681	2398.16
777	19.5999	2397.62
778	19.6312	2397.59
779	19.6625	2397.5
780	19.6963	2394.27
781	19.728	2348.54
782	19.7598	2346.76
783	19.7917	2341.82
784	19.8233	2341.59
785	19.8558	2341.58
786	19.8883	2338.63
787	19.9198	2338.48
788	19.9508	2336.71
789	19.9836	2336.52
790	20.0164	2332.91
791	20.0474	2329.13
792	20.0795	2317.14
793	20.112	2314.58
794	20.1432	2313.07
795	20.1758	2312.66
796	20.2082	2310.13
797	20.2403	2308.41
798	20.2721	2305.84
799	20.3038	2305.22
800	20.336	2268
801	20.3687	2266.7
802	20.4003	2239.15
803	20.4318	2238.98
804	20.4638	2238.65
805	20.4954	2236
806	20.5284	2233.31
807	20.5608	2232.02
808	20.5927	2231.76
809	20.6254	2219.39
810	20.6571	2215.4
811	20.6887	2214.6
812	20.7221	2205.32
813	20.7558	2204.9
814	20.7875	2202.54
815	20.8193	2148.07
816	20.851	2146.24
817	20.8832	2094.86
818	20.916	2088.61
819	20.9476	2088.15
820	20.9795	2087.9
821	21.012	2087.69
822	21.0441	2087.61
823	21.0762	2086.7
824	21.1089	2086.05
825	21.1416	2074.11
826	21.1732	2073.81
827	21.2054	2072.58
828	21.2372	2072.3
829	21.2686	2059.4
830	21.3026	2058.29
831	21.3353	2058.22
832	21.3669	2057.93
833	21.3987	2057.74
834	21.4303	2054.06
835	21.4631	2043.93
836	21.4947	2043.9
837	21.53	2043.66
838	21.5662	2040.27
839	21.6001	2039.62
840	21.6377	2038.65
841	21.67	2038.61
842	21.7017	2038.37
843	21.7347	2035.4
844	21.7692	2034.79
845	21.8011	2033.61
846	21.8334	2033.24
847	21.8671	2032.72
849	21.9307	2028
850	21.9642	2027.11
851	22.0054	2026.98
852	22.0457	2016.22
853	22.0781	2014.96
854	22.1115	2010.7
855	22.1446	2009.79
856	22.1764	2007.47
857	22.2088	2006.21
858	22.2423	2005.32
859	22.2742	2003.83
860	22.3061	2003.7
861	22.3382	2003.61
862	22.3709	1984.43
863	22.4052	1974.65
864	22.4401	1974.61
866	22.5062	1974.4
867	22.5434	1973.01
868	22.5789	1972.78
869	22.6133	1971.64
870	22.6461	1957.06
871	22.679	1956.84
872	22.711	1955.18
873	22.7436	1952.77
874	22.7759	1952.61
875	22.8089	1952.31
876	22.8414	1952.25
877	22.8752	1951.65
878	22.9102	1950.91
879	22.9423	1949.84
880	22.9748	1949.78
881	23.0082	1941.92
882	23.0406	1941.79
883	23.0729	1937.56
884	23.1054	1937.49
885	23.1394	1929.39
886	23.1716	1929.31
887	23.2035	1929.28
888	23.2367	1928.23
889	23.2709	1927.81
890	23.3054	1927.51
891	23.3383	1925.65
892	23.3714	1923.79
893	23.4035	1923.55
894	23.4358	1923.29
895	23.4687	1922.48
896	23.5043	1921.98
897	23.5383	1921.94
898	23.5736	1919.9
900	23.6395	1918.71
901	23.6717	1889.86
902	23.707	1889.73
903	23.7413	1886.63
904	23.7744	1876.15
905	23.8088	1876.08
906	23.8426	1860.42
907	23.875	1859.74
908	23.9073	1855.72
909	23.941	1854.58
910	23.9738	1854.45
911	24.0064	1853.75
912	24.0399	1853.19
913	24.0728	1851.46
915	24.1423	1842.33
916	24.1746	1839.72
917	24.2075	1838.78
918	24.2403	1838.18
919	24.2742	1835.89
920	24.3068	1835.75
921	24.3393	1830.92
922	24.3731	1829.59
923	24.4069	1829.37
924	24.4416	1828.89
925	24.4766	1828.66
926	24.5092	1828.62
927	24.5418	1828.15
928	24.5771	1789.5
929	24.6121	1789.3
930	24.6466	1783.01
931	24.6803	1782.57
932	24.7147	1777.66
933	24.7501	1776.15
935	24.8182	1771.32
937	24.886	1770.81
938	24.9192	1770.45
939	24.954	1770.2
940	24.9883	1769.12
941	25.0217	1764.74
942	25.0636	1764.47
943	25.1035	1764.05
944	25.1361	1754.87
945	25.169	1754.65
946	25.2032	1750.95
947	25.2374	1747.76
948	25.2717	1747.75
949	25.3053	1747.2
950	25.3391	1743.63
951	25.3754	1743.37
952	25.4096	1735.93
953	25.4425	1733.99
954	25.4763	1733.53
955	25.5102	1733.25
956	25.5431	1732.02
957	25.5766	1731.81
958	25.6096	1729.97
959	25.6447	1729.76
960	25.6781	1727.61
961	25.7162	1727.59
962	25.7496	1714.01
963	25.7853	1713.99
964	25.819	1713.89
965	25.852	1711.72
966	25.8872	1696.63
967	25.9207	1696.61
968	25.9534	1696.49
969	25.9864	1695.04
970	26.0215	1694.35
971	26.0543	1692.84
972	26.0878	1692.75
973	26.1219	1692.6
974	26.1549	1692.56
975	26.1886	1691.86
976	26.2236	1690.93
977	26.2581	1674.37
978	26.2911	1667.48
979	26.3241	1667.46
980	26.3596	1659
981	26.3938	1656.53
982	26.4267	1656.33
983	26.4609	1656.24
984	26.4946	1655.52
985	26.5277	1654.96
986	26.5617	1654.2
987	26.5969	1653.45
988	26.6299	1652.99
989	26.6645	1652.96
990	26.7009	1651.19
991	26.7441	1651.1
992	26.7783	1651.09
993	26.8137	1648.95
994	26.8499	1647.47
995	26.8877	1647.14
997	26.9552	1646.78
998	26.9891	1644.94
999	27.0234	1644.43
1000	27.0604	1644.31
1001	27.0947	1644.27
1002	27.128	1641.54
1003	27.162	1641.47
1004	27.1977	1641.2
1005	27.2313	1641.14
1006	27.2658	1641
1007	27.3002	1640.98
1008	27.3339	1640.45
1009	27.3673	1640.04
1010	27.4018	1639.12
1011	27.4356	1638.2
1012	27.4691	1605.83
1013	27.504	1603.81
1014	27.5404	1602.87
1015	27.5744	1602.86
1016	27.6094	1602.78
1017	27.6453	1602.65
1018	27.6793	1602.57
1019	27.7137	1602.57
1020	27.7485	1601.85
1021	27.7835	1565.43
1022	27.8188	1565.05
1023	27.8525	1564.21
1024	27.888	1563.85
1025	27.9226	1563.79
1026	27.9559	1562.8
1027	27.9904	1562.74
1028	28.0249	1560.56
1029	28.0612	1560.33
1030	28.0967	1556.75
1031	28.1306	1555.51
1032	28.1654	1554.18
1033	28.1991	1553.65
1034	28.2327	1553.35
1035	28.2675	1553.27
1036	28.3012	1551.64
1037	28.3353	1549.31
1038	28.3703	1548.62
1039	28.4043	1548.06
1040	28.4386	1519.96
1041	28.4737	1519.59
1042	28.5073	1504.02
1043	28.5414	1503.79
1044	28.5756	1503.67
1045	28.6095	1502.09
1046	28.644	1500.4
1047	28.6778	1500.01
1048	28.7116	1499.57
1049	28.7469	1487.61
1050	28.7809	1478.81
1051	28.8161	1476.94
1052	28.8498	1475.44
1053	28.8842	1475.31
1054	28.9185	1474.42
1055	28.9535	1462.09
1056	28.9919	1461.37
1057	29.0285	1450.65
1058	29.0719	1448.97
1059	29.1092	1448.72
1061	29.1788	1448.56
1062	29.2136	1448.39
1063	29.248	1448.24
1064	29.284	1447.68
1065	29.3185	1445.5
1066	29.3529	1444.06
1067	29.3882	1438.8
1068	29.4247	1438.37
1069	29.4592	1434.43
1070	29.4946	1431.87
1072	29.5644	1431.76
1073	29.5996	1431.61
1074	29.6338	1428.76
1075	29.6699	1424.2
1076	29.7039	1424.05
1077	29.74	1423.75
1078	29.7741	1423.71
1079	29.8093	1422.42
1080	29.8445	1420.38
1081	29.8794	1420.34
1082	29.9136	1420.17
1083	29.9493	1418.94
1084	29.9834	1418.87
1085	30.0182	1418.19
1087	30.0885	1417.94
1088	30.1234	1417.72
1089	30.1579	1416.24
1090	30.1923	1415.99
1091	30.2281	1415.88
1092	30.2629	1414.8
1093	30.2982	1414.4
1094	30.3336	1404.57
1095	30.3688	1404.13
1096	30.4036	1395.79
1097	30.4403	1394.33
1098	30.4742	1394.22
1099	30.5082	1393.43
1100	30.5429	1393.27
1101	30.5772	1393.16
1102	30.6117	1382.4
1103	30.6471	1380.45
1104	30.6811	1380.44
1106	30.763	1380.36
1107	30.7977	1378.54
1108	30.8324	1378.15
1109	30.8666	1377.92
1110	30.902	1371.73
1111	30.9363	1371.51
1112	30.9718	1369.56
1113	31.0066	1369.23
1114	31.0414	1369.05
1116	31.1108	1369.03
1117	31.1452	1368.57
1118	31.1822	1367.84
1119	31.2187	1367.02
1120	31.2533	1367.02
1121	31.2883	1365.87
1122	31.3225	1365.8
1123	31.3597	1365.33
1124	31.3949	1365.28
1125	31.4302	1362.6
1126	31.4649	1362.44
1127	31.4995	1362.42
1128	31.5351	1360.78
1129	31.5696	1359.86
1130	31.6039	1359.59
1131	31.6384	1358.59
1132	31.6731	1358.42
1134	31.7445	1358.34
1136	31.8146	1357.84
1137	31.8497	1357.82
1138	31.8844	1356.75
1140	31.9539	1356.3
1141	31.9887	1356.01
1142	32.023	1355.85
1143	32.0586	1354.45
1144	32.0935	1351.61
1145	32.1283	1351.6
1146	32.1641	1349.08
1147	32.2	1348.29
1148	32.2351	1344.97
1149	32.2696	1344.58
1150	32.306	1344.55
1151	32.3437	1343.94
1152	32.3827	1343.6
1155	32.4916	1338.77
1156	32.5259	1337.26
1157	32.562	1335.98
1158	32.5982	1335.9
1159	32.6329	1332.85
1160	32.6681	1332.32
1161	32.7035	1329.72
1162	32.7388	1329.54
1163	32.7741	1329.24
1164	32.81	1328.91
1165	32.8457	1328.88
1166	32.8821	1328.87
1167	32.9179	1328.77
1168	32.9535	1307.49
1169	32.9901	1307.24
1170	33.026	1302.94
1171	33.0622	1302.71
1172	33.0972	1299.51
1173	33.1328	1298.19
1174	33.1674	1297.92
1175	33.2028	1296.4
1177	33.2716	1296
1178	33.306	1295.98
1179	33.3415	1295.36
1180	33.3776	1295.29
1181	33.4185	1294.17
1182	33.4533	1293.77
1183	33.4878	1293.72
1184	33.523	1292.78
1186	33.5935	1290.2
1187	33.6285	1284.94
1188	33.6638	1284.91
1189	33.6989	1284.19
1190	33.734	1282.82
1191	33.7715	1282.54
1192	33.806	1280.27
1193	33.8406	1279.52
1194	33.8773	1279.34
1195	33.9126	1279.01
1196	33.948	1278.33
1197	33.9839	1278.11
1198	34.02	1276.64
1199	34.0542	1276.3
1200	34.0892	1275.42
1201	34.1247	1275.29
1202	34.1594	1273.68
1203	34.1951	1273.68
1204	34.2311	1273.5
1205	34.2657	1273.26
1206	34.3014	1264.66
1207	34.3373	1264.65
1208	34.3724	1264.53
1209	34.4075	1263.97
1210	34.4435	1263.89
1211	34.4786	1263.41
1212	34.5138	1263.39
1213	34.5509	1263.38
1214	34.5866	1263.34
1215	34.6222	1263.19
1216	34.6585	1262.78
1217	34.6931	1260.6
1218	34.7294	1259.27
1219	34.7673	1259.24
1220	34.8025	1233.37
1221	34.8418	1232.1
1222	34.8815	1230.97
1223	34.9163	1230.73
1224	34.9532	1230.43
1225	34.9888	1230.3
1226	35.0242	1229.83
1227	35.0602	1222.9
1228	35.0963	1222.34
1229	35.1317	1222.32
1230	35.1673	1221.68
1231	35.2029	1221.66
1232	35.2405	1221.56
1233	35.2764	1221.27
1234	35.3132	1220.61
1235	35.348	1220.42
1236	35.3852	1220.34
1237	35.4206	1220.1
1238	35.4566	1219.84
1239	35.4913	1219.33
1240	35.5265	1219.26
1241	35.5632	1219.24
1242	35.5992	1218.95
1243	35.6366	1218.88
1244	35.6715	1218.58
1245	35.7094	1218.54
1246	35.746	1218.4
1247	35.7811	1218.37
1248	35.8172	1217.6
1249	35.8523	1217.24
1250	35.8879	1216.65
1251	35.9243	1216.36
1252	35.9591	1180.61
1253	35.9948	1168.45
1254	36.0312	1166.9
1256	36.1053	1166.85
1257	36.1409	1166.8
1258	36.1756	1166.8
1259	36.2118	1166.79
1260	36.2478	1166.33
1261	36.2832	1130.8
1262	36.3202	1130.36
1263	36.3549	1129.82
1264	36.3898	1129.25
1265	36.4257	1128.62
1266	36.4611	1128.35
1267	36.4975	1128.3
1268	36.5327	1127.89
1269	36.5688	1127.84
1270	36.6036	1125.8
1271	36.6404	1125.66
1272	36.6793	1125.48
1274	36.7543	1124.66
1275	36.7903	1124.59
1276	36.8273	1123.37
1277	36.8631	1122.81
1278	36.898	1122.41
1279	36.9335	1121.55
1280	36.9683	1097.12
1281	37.003	1097.05
1282	37.0385	1092.73
1283	37.0749	1092.48
1284	37.1121	1092.43
1285	37.1476	1092.19
1286	37.1835	1091.71
1287	37.2188	1090.97
1288	37.2543	1090.53
1289	37.29	1090.36
1290	37.3251	1084.42
1291	37.3613	1084.16
1292	37.4269	1083.8
1293	37.4857	1083.7
1294	37.5222	1082.48
1295	37.5581	1080.15
1296	37.5933	1079.72
1297	37.6292	1077.35
1298	37.6641	1076.73
1299	37.7015	1076.39
1301	37.7738	1076.3
1302	37.8136	1076.17
1303	37.8502	1076.11
1304	37.8863	1075.79
1305	37.9214	1075.73
1306	37.9575	1075.41
1307	37.9928	1075.4
1308	38.0282	1075.33
1309	38.0648	1074.32
1310	38.1006	1073.37
1311	38.1387	1073.16
1312	38.1802	1073.04
1313	38.2165	1072.92
1314	38.2541	1072.43
1315	38.2891	1072.26
1316	38.3246	1072.23
1317	38.3606	1072.22
1319	38.4313	1072.02
1320	38.468	1070.5
1321	38.5036	1070.47
1322	38.5419	1070.35
1323	38.5795	1069.02
1324	38.6148	1069
1325	38.6519	1068.62
1327	38.7271	1068.59
1328	38.7648	1068.48
1329	38.8003	1067.94
1330	38.8366	1067.34
1331	38.8732	1067.26
1332	38.9084	1064.01
1333	38.9453	1063.82
1334	38.9842	1062.83
1335	39.0192	1062.7
1336	39.057	1061.34
1337	39.092	1060.85
1338	39.1275	1060.85
1339	39.1634	1059.72
1340	39.1989	1059.56
1341	39.2353	1059.45
1342	39.2712	1055.79
1343	39.306	1053.46
1344	39.3432	1053.45
1346	39.4141	1053.33
1347	39.4508	1051.76
1348	39.4872	1051.02
1349	39.5231	1050.86
1350	39.5597	1049.43
1351	39.5949	1049.29
1352	39.63	1048.85
1353	39.6656	1048.66
1354	39.7018	1048.52
1356	39.7727	1048.51
1357	39.8079	1048.47
1358	39.8444	1046.89
1360	39.9233	1046.88
1361	39.9771	1046.08
1363	40.0604	1045.91
1365	40.1327	1044.49
1366	40.1685	1044.26
1367	40.2048	1044.25
1368	40.2406	1044.06
1369	40.2764	1043.75
1370	40.3146	1043.41
1371	40.3517	1043.4
1372	40.3988	1042.86
1374	40.4708	1042.84
1375	40.5065	1042.15
1376	40.5418	1041.54
1377	40.5775	1041.48
1378	40.6141	1040.6
1379	40.6502	1040.52
1380	40.6857	1040.33
1382	40.7576	1040.14
1383	40.793	1039.21
1384	40.8307	1037.13
1385	40.8662	1037.08
1386	40.9012	1036.25
1387	40.9381	1035.68
1388	40.9729	1033.48
1389	41.008	1032.59
1390	41.0432	1032.56
1391	41.0785	1032.46
1393	41.1503	1032.45
1395	41.2236	1031.02
1396	41.2584	1030
1397	41.2935	1029.63
1398	41.3298	1029.27
1399	41.3668	1028.64
1400	41.4019	1028.51
1401	41.4392	1026.09
1403	41.5099	1025.65
1404	41.5461	1025.5
1405	41.5801	1025.47
1407	41.6498	1025.33
1408	41.6864	1008.33
1409	41.7216	1007.66
1410	41.7582	1003.97
1411	41.7954	1003.94
1412	41.8304	1002.11
1413	41.8679	1001.76
1414	41.9022	1001.72
1417	42.0074	1001.46
1418	42.0436	1001.38
1419	42.0806	1000.76
1420	42.1197	1000.58
1421	42.1572	1000.03
1422	42.1972	999.525
1423	42.2362	999.472
1424	42.2777	999.31
1425	42.3165	998.093
1426	42.3533	996.042
1427	42.3885	993.398
1429	42.4579	993.302
1430	42.4943	992.694
1431	42.5307	992.591
1432	42.5652	992.142
1433	42.6002	991.351
1435	42.6685	991.157
1436	42.7033	990.682
1437	42.7376	990.615
1438	42.7731	989.616
1439	42.8083	989.455
1440	42.8425	988.566
1441	42.8793	988.533
1442	42.914	988
1443	42.9497	987.975
1444	42.9847	987.937
1445	43.0199	987.778
1446	43.0561	985.078
1447	43.0907	985.05
1448	43.1259	984.963
1449	43.1608	984.813
1450	43.1959	984.489
1451	43.2306	984.274
1452	43.2677	984.243
1453	43.3025	984.207
1454	43.3384	984.011
1455	43.373	983.914
1456	43.41	982.771
1457	43.4446	981.756
1458	43.4798	981.574
1459	43.5172	981.563
1460	43.5556	975.845
1461	43.5914	975.04
1462	43.6279	974.915
1463	43.6622	974.88
1464	43.6974	974.489
1465	43.7332	974.46
1466	43.7685	974.328
1467	43.8039	973.659
1468	43.8386	973.38
1469	43.8734	973.268
1470	43.9093	972.92
1471	43.9455	972.906
1472	43.9809	972.894
1473	44.0156	972.252
1474	44.0516	971.966
1475	44.0875	971.912
1477	44.1573	971.289
1478	44.1948	971.17
1479	44.2299	970.995
1480	44.2661	970.984
1481	44.3015	970.926
1482	44.3424	970.818
1483	44.3787	970.775
1484	44.4134	970.507
1485	44.4506	969.64
1486	44.4856	969.569
1487	44.5204	969.419
1488	44.5566	968.93
1489	44.5922	968.669
1490	44.628	968.019
1491	44.6641	967.999
1492	44.6992	955.788
1493	44.7348	955.464
1494	44.7696	955.354
1495	44.8044	955.352
1496	44.8408	955.326
1497	44.8757	955.276
1498	44.9108	955.257
1499	44.9461	955.246
1500	44.9808	955.021
1501	45.0168	944.058
1502	45.0528	943.903
1503	45.0882	943.518
1504	45.1267	943.213
1505	45.1624	943.104
1506	45.1976	942.816
1508	45.2695	942.335
1509	45.3053	941.648
1510	45.3411	940.647
1511	45.3792	940.583
1512	45.4139	940.447
1513	45.449	940.297
1514	45.4837	938.773
1515	45.5191	938.639
1516	45.5545	938.321
1517	45.5896	938.27
1518	45.6252	937.531
1519	45.6651	935.934
1520	45.7024	919.275
1521	45.7378	919.241
1522	45.7726	916.792
1523	45.8092	916.762
1524	45.8467	916.645
1525	45.8828	916.554
1526	45.919	916.133
1527	45.9548	915.624
1528	45.9905	915.491
1529	46.0268	915.129
1530	46.0625	907.267
1531	46.0983	907.076
1532	46.1346	906.878
1533	46.171	906.681
1535	46.2426	904.933
1536	46.279	903.527
1537	46.3142	903.385
1538	46.3505	903.283
1541	46.457	901.99
1542	46.4941	901.887
1543	46.5314	901.846
1544	46.5684	901.655
1545	46.6041	901.606
1546	46.6406	901.406
1547	46.6758	901.394
1548	46.7122	901.348
1549	46.7592	900.891
1550	46.7952	900.694
1551	46.831	900.153
1552	46.8674	900.069
1553	46.9036	899.963
1554	46.9391	899.771
1555	46.9744	899.456
1556	47.0101	899.339
1557	47.0469	899.334
1559	47.1182	899.133
1560	47.1561	898.925
1561	47.1921	898.877
1562	47.228	898.765
1563	47.2655	897.779
1564	47.3029	897.778
1565	47.3398	897.589
1566	47.3749	896.553
1567	47.4111	896.425
1568	47.4475	896.382
1569	47.4829	896.275
1570	47.5183	895.985
1571	47.5558	895.902
1572	47.5912	895.079
1573	47.6271	895.067
1574	47.6636	893.694
1575	47.6992	893.604
1576	47.7345	893.268
1577	47.7713	892.512
1578	47.808	892.457
1579	47.8441	892.397
1580	47.8799	892.373
1581	47.9162	892.301
1582	47.953	891.803
1583	47.9885	890.5
1584	48.0245	890.498
1585	48.0609	890.496
1586	48.0967	890.432
1587	48.1337	889.147
1588	48.17	888.828
1589	48.2069	888.721
1590	48.2428	887.899
1591	48.2811	887.659
1592	48.3166	887.315
1593	48.3525	887.104
1594	48.3889	887.044
1595	48.4246	886.986
1597	48.4975	886.904
1598	48.5345	886.291
1599	48.571	886.289
1600	48.6064	886.286
1601	48.6442	885.861
1602	48.681	885.653
1603	48.7167	885.432
1604	48.7527	885.398
1605	48.7897	884.597
1606	48.8255	884.436
1607	48.8623	884.428
1608	48.8987	884.252
1609	48.9344	883.822
1610	48.9706	882.882
1611	49.0077	882.644
1612	49.0432	882.562
1615	49.1504	881.923
1616	49.1858	881.656
1617	49.2236	881.643
1618	49.2591	880.771
1621	49.3684	879.636
1622	49.4059	879.524
1623	49.4421	878.636
1624	49.4803	876.85
1625	49.5167	876.848
1626	49.5532	876.386
1627	49.5905	875.943
1628	49.6263	875.252
1629	49.6632	875.085
1630	49.7	875.07
1631	49.736	875.06
1635	49.882	874.421
1636	49.918	873.731
1637	49.9539	873.424
1638	49.9906	873.316
1639	50.027	872.818
1640	50.0629	872.756
1641	50.0991	871.223
1643	50.1708	871.188
1644	50.2084	870.998
1645	50.2441	870.969
1647	50.3176	870.813
1648	50.3541	869.271
1649	50.3903	869.045
1650	50.4258	868.396
1651	50.4626	868.175
1652	50.4981	867.711
1653	50.5346	867.18
1655	50.6075	864.674
1656	50.6475	864.581
1657	50.6853	864.398
1658	50.7214	864.193
1659	50.7597	864.01
1661	50.8348	863.83
1662	50.8725	863.175
1663	50.9087	862.972
1666	51.0181	861.576
1667	51.055	860.721
1668	51.0904	860.709
1669	51.1266	860.675
1670	51.1627	860.01
1672	51.2358	859.675
1673	51.272	859.344
1675	51.3466	859.222
1676	51.3835	858.218
1677	51.4191	857.563
1678	51.4562	856.946
1679	51.4919	856.618
1680	51.528	856.058
1681	51.565	856.033
1682	51.6024	855.696
1684	51.6748	855.674
1685	51.712	855.618
1686	51.7487	853.289
1687	51.7848	853.139
1688	51.8224	853.059
1689	51.8611	852.667
1690	51.8982	852.631
1691	51.9357	852.383
1692	51.9714	852.349
1693	52.0072	852.277
1694	52.0431	851.917
1695	52.0789	851.736
1696	52.1153	851.265
1697	52.1521	850.882
1698	52.1877	849.67
1699	52.2253	849.669
1700	52.2622	848.895
1702	52.3347	848.155
1703	52.3744	848.123
1704	52.412	847.969
1705	52.45	847.934
1706	52.4873	847.916
1707	52.5251	847.276
1708	52.5735	847.141
1709	52.6108	847.131
1710	52.6484	846.589
1711	52.6854	846.559
1712	52.7212	846.556
1713	52.7572	845.97
1714	52.7936	845.894
1715	52.831	845.596
1716	52.867	845.571
1717	52.9035	844.65
1718	52.941	844.617
1720	53.0383	844.615
1721	53.0802	844.559
1722	53.1177	844.503
1723	53.1557	844.48
1724	53.1937	843.742
1725	53.2308	842.622
1727	53.3045	842.588
1728	53.3413	842.148
1729	53.3785	841.993
1730	53.4178	841.802
1731	53.4551	841.675
1732	53.4913	830.5
1733	53.5273	829.963
1734	53.5655	823.531
1735	53.6019	823.525
1736	53.6385	823.459
1737	53.6757	823.438
1738	53.7127	823.422
1739	53.7485	823.411
1740	53.7854	823.243
1741	53.822	809.996
1742	53.8588	809.786
1743	53.8972	809.506
1744	53.9349	809.304
1745	53.971	809.223
1746	54.0085	809.141
1747	54.0452	809.099
1748	54.0816	808.65
1750	54.1589	808.071
1752	54.2417	808.004
1753	54.2782	807.841
1754	54.3164	807.568
1755	54.3528	807.557
1756	54.3904	807.347
1757	54.4269	805.652
1758	54.4651	805.585
1759	54.5025	805.139
1760	54.54	804.451
1761	54.577	804.407
1762	54.6131	803.494
1763	54.6507	803.38
1764	54.6891	803.287
1765	54.726	803.279
1766	54.7626	803.056
1767	54.7996	802.328
1768	54.8377	802.094
1769	54.8755	801.683
1770	54.9121	801.194
1771	54.9484	801.114
1772	54.9869	801.043
1773	55.0256	801.001
1775	55.098	800.243
1776	55.1363	800.025
1777	55.1724	799.374
1778	55.209	799.181
1781	55.343	798.882
1782	55.3822	798.858
1783	55.4376	798.751
1784	55.4755	798.62
1785	55.5138	798.605
1786	55.5538	798.521
1787	55.5933	798.472
1788	55.6317	798.458
1789	55.669	797.751
1790	55.7073	797.598
1791	55.7452	797.134
1792	55.7817	797.056
1793	55.8238	796.965
1794	55.8623	796.845
1795	55.8999	796.686
1796	55.9404	796.649
1797	55.9785	796.605
1799	56.0567	796.532
1801	56.1299	796.51
1802	56.1682	796.425
1803	56.2059	795.685
1804	56.2426	795.679
1805	56.279	795.643
1806	56.3169	795.614
1807	56.3555	795.495
1808	56.393	795.345
1810	56.466	795.315
1811	56.504	795.255
1812	56.5404	794.926
1813	56.5776	794.898
1814	56.6175	794.427
1815	56.6543	794.274
1816	56.6919	794.234
1817	56.7288	794.083
1818	56.7647	794.036
1819	56.803	793.829
1820	56.8392	793.817
1821	56.8762	793.75
1822	56.9144	793.233
1823	56.951	792.047
1825	57.0251	791.973
1826	57.0612	791.894
1827	57.098	791.007
1828	57.135	790.676
1829	57.1716	790.595
1830	57.2093	790.196
1831	57.2475	790.128
1832	57.2834	790.011
1833	57.3331	789.985
1834	57.3753	789.519
1835	57.4125	789.273
1838	57.5254	788.958
1839	57.5621	788.86
1840	57.5997	788.847
1841	57.6364	788.071
1842	57.6737	787.669
1843	57.7102	787.353
1844	57.7463	787.35
1845	57.783	786.777
1846	57.8199	786.77
1847	57.8574	786.768
1848	57.894	786.733
1849	57.9324	786.413
1850	57.9696	786.173
1851	58.015	785.867
1852	58.055	785.803
1853	58.093	785.802
1854	58.1306	785.748
1855	58.1697	785.353
1856	58.2065	785.353
1857	58.243	785.344
1858	58.2806	785.006
1860	58.3548	784.874
1862	58.4285	784.804
1863	58.4647	784.039
1864	58.5011	782.909
1865	58.5399	782.897
1866	58.5773	782.582
1867	58.6138	782.34
1868	58.6504	781.932
1869	58.6888	781.862
1870	58.7251	781.851
1871	58.7637	781.849
1873	58.8386	781.317
1874	58.8764	781.317
1875	58.9134	781.139
1876	58.9499	780.609
1877	58.987	780.322
1879	59.0607	779.895
1880	59.0992	779.853
1881	59.1365	778.488
1882	59.1739	778.477
1884	59.2493	778.145
1885	59.2881	778.084
1887	59.3614	778.024
1888	59.3977	777.084
1889	59.4345	776.945
1890	59.4716	776.395
1891	59.5079	776.201
1892	59.5441	776.12
1893	59.5834	775.919
1894	59.6235	775.807
1896	59.6976	775.78
1897	59.7352	775.68
1898	59.772	775.62
1899	59.8087	775.543
1903	59.9572	775.188
1904	59.9953	775.15
1905	60.0318	775.016
1906	60.0749	773.044
1907	60.1157	772.732
1908	60.1539	772.678
1909	60.195	772.658
1910	60.2311	771.364
1912	60.307	771.295
1913	60.3437	771.214
1914	60.3801	771.023
1915	60.4196	770.99
1916	60.4592	770.374
1917	60.4969	770.135
1919	60.5717	770.074
1920	60.6083	769.335
1921	60.6464	769.3
1922	60.6923	768.933
1923	60.7446	768.924
1924	60.7823	768.91
1925	60.8198	768.862
1926	60.8577	768.542
1927	60.8945	768.501
1928	60.932	768.419
1929	60.9689	768.329
1931	61.0443	768.206
1932	61.0812	768.186
1933	61.1208	768.158
1934	61.1595	767.465
1935	61.1962	767.343
1936	61.2339	767.32
1937	61.2704	767.269
1938	61.3088	767.133
1940	61.3821	766.78
1942	61.4569	766.669
1943	61.495	766.636
1944	61.5344	766.466
1945	61.5715	766.436
1946	61.6083	766.426
1947	61.6464	766.282
1948	61.6826	766.178
1949	61.7391	766.162
1950	61.7851	765.908
1951	61.8253	765.555
1953	61.9028	765.403
1954	61.9405	765.367
1955	61.9798	765.011
1956	62.0166	764.993
1957	62.055	764.924
1958	62.0945	764.86
1960	62.1693	764.859
1961	62.2062	764.848
1962	62.2426	764.795
1963	62.2806	764.78
1964	62.3175	764.476
1966	62.3909	764.387
1967	62.4288	764.309
1968	62.4654	763.985
1969	62.5033	763.848
1970	62.5413	763.51
1971	62.578	763.267
1972	62.6195	761.286
1973	62.6559	761.032
1974	62.6923	760.768
1975	62.7308	760.764
1976	62.7678	760.696
1977	62.8048	760.678
1978	62.8418	760.671
1979	62.8805	760.646
1980	62.9185	760.492
1981	62.9551	749.956
1982	62.9926	749.832
1983	63.0299	749.675
1984	63.0688	749.281
1985	63.1103	749.215
1987	63.1954	749.207
1988	63.2344	748.848
1989	63.2733	748.837
1990	63.3128	748.756
1991	63.3552	748.749
1992	63.4062	748.532
1993	63.4525	748.414
1994	63.493	748.3
1995	63.5395	748.176
1996	63.5941	748.003
1997	63.6332	747.285
1998	63.6721	747.164
1999	63.71	746.817
2000	63.7492	745.909
2001	63.7863	745.875
2002	63.8256	745.066
2003	63.8647	744.959
2004	63.9016	744.857
2006	63.9816	744.566
2007	64.0264	744.505
2008	64.0643	744.45
2009	64.1028	744.2
2010	64.1409	743.95
2011	64.1787	743.385
2012	64.2186	743.282
2013	64.2555	743.243
2015	64.3316	742.951
2016	64.3689	742.798
2017	64.4063	742.407
2018	64.4445	742.285
2021	64.5585	741.965
2022	64.5968	741.899
2023	64.6347	741.877
2024	64.6711	741.809
2025	64.7079	741.757
2026	64.7464	741.739
2027	64.7835	741.712
2029	64.8579	741.663
2030	64.8956	741.552
2031	64.9332	741.504
2032	64.97	741.401
2033	65.007	741.327
2034	65.0449	740.869
2035	65.0822	740.781
2036	65.1191	740.74
2037	65.1576	740.697
2039	65.2337	740.58
2040	65.2707	740.487
2041	65.3076	740.479
2042	65.3453	740.335
2043	65.3821	739.773
2044	65.4198	739.769
2047	65.5338	739.362
2048	65.5722	739.343
2050	65.6461	739.334
2051	65.6841	739.295
2052	65.7218	738.982
2053	65.7588	738.966
2054	65.7955	738.724
2055	65.8349	738.658
2056	65.8719	738.575
2057	65.9097	738.388
2058	65.9463	738.357
2059	65.9835	738.257
2060	66.0212	738.077
2061	66.0594	737.929
2062	66.0966	736.919
2063	66.1353	735.653
2065	66.2114	735.586
2066	66.2483	735.571
2067	66.2852	735.304
2068	66.3246	735.192
2069	66.3612	735.083
2070	66.3982	734.449
2071	66.4357	734.375
2072	66.4726	734.179
2073	66.5098	734.154
2074	66.547	734.097
2075	66.5838	733.98
2076	66.6204	733.955
2078	66.6946	733.857
2079	66.7318	733.469
2080	66.7698	733.463
2081	66.8071	732.94
2082	66.8467	732.892
2083	66.8838	732.848
2084	66.9212	732.765
2085	66.9599	732.439
2087	67.0348	732.405
2089	67.1105	732.208
2090	67.1499	732.013
2091	67.1867	731.887
2092	67.2253	731.498
2094	67.3193	731.496
2095	67.3586	731.011
2096	67.4037	731.003
2097	67.4423	730.978
2098	67.4813	730.598
2100	67.5566	730.547
2103	67.7213	730.175
2104	67.7582	729.237
2105	67.7949	729.233
2106	67.8333	729.1
2107	67.87	728.691
2108	67.9075	728.419
2109	67.9446	728.373
2110	67.9833	728.368
2111	68.021	728.367
2113	68.0959	728.236
2115	68.1719	728.151
2116	68.2099	727.922
2117	68.2496	727.7
2119	68.3232	727.357
2120	68.3601	727.321
2121	68.4003	726.647
2122	68.4393	726.369
2124	68.518	726.257
2125	68.557	726.209
2127	68.6364	726.19
2128	68.6744	726.138
2129	68.7223	726.052
2130	68.761	725.923
2131	68.7993	725.488
2134	68.9105	725.441
2135	68.9476	724.488
2136	68.9859	724.474
2137	69.0235	724.384
2139	69.0998	724.363
2142	69.2142	724.287
2143	69.2509	723.628
2144	69.2923	723.477
2145	69.3302	723.362
2146	69.3677	722.401
2147	69.406	721.631
2148	69.4437	721.584
2152	69.6128	721.533
2153	69.6593	721.455
2155	69.7356	721.437
2156	69.7759	720.72
2157	69.8139	720.565
2159	69.89	720.541
2160	69.9313	720.303
2161	69.9697	720.303
2162	70.0085	719.943
2164	70.0894	719.926
2165	70.1306	719.92
2166	70.1697	719.615
2167	70.2072	719.56
2168	70.2464	719.495
2169	70.2836	719.441
2170	70.3235	719.404
2171	70.363	719.219
2172	70.4024	719.199
2173	70.4401	719.188
2174	70.4768	718.944
2175	70.5152	718.841
2176	70.5526	718.829
2177	70.5908	718.753
2178	70.6294	718.716
2180	70.705	718.224
2182	70.7809	718.179
2183	70.8202	718.137
2184	70.8572	718.019
2185	70.8943	718.008
2186	70.9347	717.978
2187	70.9719	717.891
2188	71.0088	717.735
2189	71.0468	717.695
2190	71.0849	717.589
2191	71.1234	717.447
2192	71.1608	717.424
2193	71.1979	717.336
2195	71.2762	717.125
2196	71.3155	717.1
2197	71.3534	717.043
2198	71.392	717.008
2200	71.4692	716.992
2201	71.5064	716.984
2202	71.5437	716.745
2203	71.5821	716.73
2204	71.619	716.631
2205	71.6574	716.629
2206	71.6951	716.568
2207	71.7321	716.538
2208	71.7694	716.342
2209	71.8086	716.257
2210	71.8544	716.215
2211	71.8972	715.899
2212	71.9349	715.46
2213	71.9727	715.326
2214	72.0096	715.078
2215	72.0474	715.024
2217	72.1228	715.012
2218	72.1609	715.002
2219	72.2011	714.998
2221	72.2772	714.254
2222	72.3152	714.011
2223	72.354	713.646
2224	72.392	713.498
2225	72.4398	713.47
2226	72.4951	713.399
2227	72.5502	713.389
2228	72.5881	713.068
2229	72.628	713.058
2230	72.6673	712.785
2231	72.7071	712.773
2232	72.7461	712.747
2233	72.786	712.605
2234	72.8258	712.452
2235	72.8631	712.441
2236	72.901	712.419
2237	72.9407	712.319
2238	72.978	712.255
2239	73.0164	712.124
2240	73.0535	711.693
2241	73.0908	711.68
2242	73.13	711.489
2243	73.1675	711.397
2244	73.2068	711.376
2245	73.246	711.367
2246	73.2845	711.277
2247	73.3222	711.237
2248	73.3609	711.205
2250	73.4367	711.133
2251	73.4764	710.883
2252	73.5136	710.853
2253	73.5535	710.716
2255	73.6264	710.359
2256	73.6659	710.289
2257	73.7153	709.612
2258	73.7543	709.498
2261	73.8645	709.365
2262	73.9014	709.307
2263	73.9375	709.302
2264	73.975	709.265
2265	74.0113	709.258
2267	74.0845	709.242
2270	74.195	709.1
2272	74.2721	709.037
2273	74.3085	708.969
2274	74.3453	708.936
2275	74.3834	708.863
2276	74.4194	708.83
2277	74.4562	708.814
2278	74.4936	708.793
2279	74.5398	708.69
2280	74.5861	708.675
2281	74.6228	708.652
2282	74.668	708.648
2283	74.7049	708.064
2284	74.7432	708.05
2287	74.8568	708.009
2288	74.8953	707.961
2289	74.934	707.956
2291	75.0119	707.91
2292	75.05	707.737
2293	75.0899	707.664
2294	75.1285	707.618
2295	75.1695	707.519
2296	75.2096	707.476
2297	75.2482	707.413
2298	75.2863	707.388
2299	75.3229	707.139
2300	75.3615	707.133
2301	75.3985	707.068
2302	75.4362	707.048
2303	75.4724	706.519
2305	75.5457	706.476
2306	75.5823	706.283
2307	75.6195	706.025
2308	75.6565	705.766
2309	75.6933	705.689
2310	75.7303	705.077
2311	75.7683	705.003
2312	75.8064	704.924
2313	75.8432	704.912
2315	75.9159	704.778
2316	75.9536	704.631
2317	75.9905	704.631
2318	76.0283	704.404
2319	76.0664	704.221
2320	76.1039	704.221
2321	76.1419	704.018
2322	76.1805	703.995
2323	76.2193	703.941
2324	76.2559	703.901
2325	76.2922	703.609
2326	76.3291	703.601
2327	76.367	703.585
2329	76.441	703.527
2330	76.4786	703.089
2331	76.516	703.019
2332	76.5535	702.942
2333	76.5901	702.92
2335	76.6658	702.66
2337	76.7408	702.641
2338	76.7779	702.425
2340	76.8516	702.399
2343	76.9643	701.972
2344	77.0015	701.415
2345	77.0392	701.41
2346	77.0769	701.286
2347	77.1156	700.971
2348	77.1542	700.762
2350	77.2302	700.756
2351	77.2671	700.756
2355	77.4154	700.673
2356	77.4537	700.185
2357	77.4902	699.978
2359	77.5661	699.646
2360	77.6026	699.609
2361	77.6403	698.958
2362	77.6772	698.913
2364	77.7511	698.85
2365	77.7901	698.819
2366	77.8276	698.809
2367	77.8644	698.766
2368	77.9015	698.449
2369	77.9384	698.399
2370	77.9765	697.956
2371	78.0142	697.802
2373	78.0897	696.919
2376	78.2233	696.864
2377	78.287	696.83
2382	78.4807	696.829
2383	78.5174	696.582
2386	78.6322	696.002
2391	78.8224	695.994
2393	78.896	695.847
2395	78.9715	695.836
2396	79.0098	694.915
2397	79.0476	694.808
2398	79.0854	694.655
2399	79.1247	694.593
2400	79.1618	694.361
2402	79.2408	694.12
2403	79.2809	694.114
2404	79.3186	694.107
2405	79.3563	694.015
2406	79.3972	693.818
2407	79.4345	693.745
2408	79.4794	693.644
2409	79.5174	693.607
2410	79.5581	693.243
2411	79.5954	693.044
2412	79.6332	693.025
2413	79.6701	693.017
2414	79.7073	692.845
2415	79.746	692.758
2416	79.7827	692.521
2417	79.8201	692.375
2418	79.8575	692.253
2419	79.8955	692.252
2420	79.9354	691.93
2422	80.0104	691.915
2424	80.0855	691.783
2425	80.1231	691.775
2426	80.1616	691.717
2427	80.1985	691.624
2428	80.2454	691.447
2429	80.2996	691.427
2430	80.3489	691.361
2431	80.3899	691.343
2433	80.4693	691.231
2435	80.5482	691.103
2436	80.5859	691.097
2437	80.6246	691.085
2438	80.6632	691.051
2439	80.7029	691.025
2440	80.7402	691.01
2441	80.7788	690.985
2442	80.8216	690.951
2443	80.8636	690.923
2444	80.9013	690.842
2445	80.9414	690.776
2446	80.9788	690.74
2447	81.0163	690.726
2448	81.0538	690.556
2449	81.0918	690.462
2450	81.1299	690.428
2451	81.1678	690.402
2452	81.2057	689.723
2453	81.2428	689.535
2454	81.2798	689.397
2455	81.3177	689.36
2456	81.3559	689.353
2457	81.3933	689.348
2458	81.4339	689.344
2459	81.473	689.329
2460	81.5107	689.326
2461	81.5481	688.727
2462	81.5878	688.702
2463	81.6252	688.478
2464	81.664	688.376
2465	81.7016	688.353
2468	81.8157	688.024
2471	81.9291	687.979
2472	81.9666	687.947
2473	82.005	687.812
2474	82.0419	687.708
2476	82.1166	687.661
2477	82.1538	687.385
2478	82.1916	687.286
2479	82.2297	687.129
2481	82.3046	687.109
2482	82.343	686.762
2483	82.3846	686.755
2485	82.4699	686.664
2486	82.5094	686.548
2488	82.59	686.506
2490	82.6769	686.444
2491	82.7138	686.21
2492	82.7524	686.204
2495	82.8658	685.969
2496	82.9028	685.908
2497	82.9408	685.831
2498	82.9789	685.735
2500	83.0556	685.72
2501	83.097	685.629
2502	83.139	685.584
2503	83.185	685.573
2504	83.2288	685.489
2505	83.2742	685.461
2507	83.3625	685.427
2508	83.4053	685.424
2509	83.4508	685.334
2510	83.4878	685.289
2512	83.5656	685.237
2513	83.6045	685.187
2514	83.6436	685.15
2515	83.7231	685.124
2519	83.8897	685.015
2522	84.0068	684.928
2523	84.0463	684.444
2524	84.0863	684.442
2528	84.2393	684.369
2529	84.2781	684.342
2531	84.3566	684.323
2532	84.3953	684.223
2533	84.4335	684.198
2534	84.4717	683.846
2535	84.5103	683.783
2537	84.5868	683.755
2538	84.6241	683.682
2539	84.6616	683.033
2540	84.6994	683.031
2541	84.7374	683.024
2542	84.7757	682.447
2543	84.8138	681.814
2546	84.9262	681.79
2547	84.9638	680.87
2548	85.0029	680.326
2549	85.0399	680.298
2550	85.0777	680.245
2551	85.1163	680.164
2552	85.1538	680.083
2553	85.1912	680.066
2556	85.3028	680.035
2558	85.3789	679.915
2559	85.4181	679.842
2562	85.5359	679.835
2563	85.5745	679.818
2564	85.6122	679.774
2567	85.7271	679.767
2568	85.7653	679.76
2569	85.8033	679.719
2570	85.8425	679.553
2571	85.88	679.536
2572	85.9184	679.461
2573	85.9577	679.459
2574	85.9958	679.458
2575	86.0672	678.866
2577	86.186	678.862
2580	86.301	678.79
2583	86.4352	678.544
2584	86.4748	678.095
2585	86.52	678.093
2587	86.6006	677.656
2589	86.6781	677.464
2591	86.7552	677.446
2595	86.9197	677.392
2596	86.9577	677.228
2597	86.9975	677.108
2599	87.0753	676.87
2600	87.1133	676.843
2601	87.1527	676.248
2604	87.266	676.182
2605	87.3038	676.164
2607	87.3779	676.13
2608	87.4172	675.495
2609	87.4546	675.463
2611	87.5306	675.425
2612	87.5698	675.42
2613	87.6071	674.963
2617	87.7611	674.961
2619	87.836	674.957
2622	87.9483	674.915
2623	87.99	674.682
2626	88.1029	674.295
2630	88.2582	673.807
2631	88.296	673.755
2636	88.4887	672.997
2637	88.5265	672.898
2639	88.6018	672.817
2640	88.6394	672.767
2642	88.7151	672.618
2643	88.7538	672.611
2644	88.7917	672.598
2645	88.8307	672.55
2646	88.8708	671.901
2647	88.9087	671.841
2648	88.9493	671.723
2649	88.9883	671.611
2650	89.0381	671.536
2651	89.076	671.45
2652	89.114	671.425
2653	89.1531	671.404
2654	89.1916	671.288
2655	89.2306	671.259
2656	89.2684	671.244
2657	89.3064	671.238
2658	89.3514	671.183
2660	89.4312	671.028
2661	89.4702	670.877
2662	89.5203	670.869
2664	89.5994	670.607
2666	89.6762	670.533
2667	89.7144	670.423
2668	89.7517	670.322
2670	89.8277	670.276
2671	89.8658	670.244
2672	89.9045	670.224
2674	89.9798	670.22
2675	90.0184	670.036
2676	90.0558	670.034
2677	90.096	670.017
2678	90.1344	669.988
2680	90.215	669.975
2681	90.2534	669.971
2682	90.2909	669.947
2683	90.3293	669.931
2684	90.3673	669.895
2686	90.4425	669.885
2687	90.4807	669.848
2688	90.5189	669.71
2689	90.5599	669.671
2690	90.6017	669.643
2691	90.6402	669.63
2692	90.679	669.254
2693	90.7213	669.137
2694	90.7629	668.968
2695	90.8018	668.946
2697	90.878	668.906
2698	90.9161	668.904
2699	90.9534	668.89
2700	90.9918	668.846
2701	91.0295	668.446
2703	91.1061	668.312
2704	91.1449	668.286
2705	91.1833	668.273
2706	91.2218	668.265
2707	91.2615	668.259
2708	91.3002	667.947
2710	91.3781	667.85
2712	91.455	667.833
2713	91.4927	667.613
2714	91.5345	667.524
2715	91.5726	667.522
2716	91.6213	667.511
2717	91.669	666.802
2718	91.7229	666.301
2719	91.7626	666.141
2721	91.845	666.116
2722	91.8832	665.776
2723	91.9227	665.771
2724	91.9609	665.771
2725	92.0023	665.764
2728	92.1219	665.722
2730	92.2095	665.694
2731	92.2495	665.508
2732	92.2922	665.388
2733	92.334	665.385
2735	92.4139	664.867
2736	92.4531	664.835
2737	92.4917	664.829
2739	92.5674	664.823
2741	92.6455	664.738
2742	92.6829	664.559
2743	92.7206	664.547
2744	92.759	664.524
2745	92.7979	664.465
2747	92.8781	664.447
2750	93.0051	664.406
2752	93.0869	664.357
2753	93.1265	664.316
2754	93.1657	664.293
2758	93.3184	664.292
2759	93.3584	664.29
2761	93.4347	664.28
2762	93.4723	664.265
2763	93.5133	664.014
2764	93.551	664.008
2768	93.7029	663.869
2772	93.8644	663.808
2773	93.9044	663.807
2774	93.9417	663.544
2775	93.9798	663.472
2777	94.0558	663.42
2778	94.0945	663.37
2779	94.1328	663.04
2780	94.1721	662.989
2781	94.2117	662.984
2782	94.2491	662.651
2784	94.3249	662.651
2785	94.3629	662.637
2786	94.4008	662.615
2787	94.4381	662.356
2788	94.4762	662.275
2789	94.5167	662.258
2790	94.5552	661.917
2791	94.5936	661.855
2792	94.6312	661.854
2796	94.7833	661.837
2797	94.8214	661.828
2798	94.8607	661.668
2800	94.9391	661.668
2801	94.978	661.506
2803	95.0564	661.489
2804	95.0947	661.47
2806	95.1723	661.467
2807	95.2103	661.46
2808	95.2497	661.233
2809	95.2881	661.174
2811	95.3651	661.025
2812	95.4044	661.017
2813	95.4448	660.996
2814	95.4827	660.876
2815	95.5217	660.542
2817	95.597	660.536
2818	95.6347	660.523
2819	95.6731	660.516
2820	95.7106	660.481
2823	95.8251	660.427
2824	95.8635	659.94
2825	95.902	659.94
2827	95.9777	659.759
2829	96.0545	659.474
2830	96.0928	659.466
2831	96.1309	658.613
2836	96.32	658.461
2837	96.3593	658.365
2839	96.4341	658.132
2840	96.4727	658.055
2841	96.5103	657.999
2842	96.5491	657.973
2845	96.6623	657.948
2847	96.7554	657.907
2848	96.7972	654.811
2850	96.8725	654.488
2851	96.9123	654.444
2853	96.9894	654.322
2854	97.0282	654.265
2861	97.317	654.227
2863	97.3934	654.219
2864	97.4321	654.204
2866	97.5225	653.902
2870	97.6778	653.844
2871	97.7186	653.84
2872	97.7568	653.833
2873	97.7953	653.76
2876	97.9139	653.381
2877	97.9519	653.3
2878	97.9916	653.237
2879	98.0292	653.1
2880	98.0678	653.073
2882	98.1479	652.94
2883	98.1858	652.935
2884	98.2314	652.919
2885	98.2714	652.903
2886	98.3099	652.624
2887	98.3495	652.601
2888	98.3872	652.496
2889	98.4277	652.467
2890	98.4695	652.289
2891	98.5136	652.255
2892	98.5631	652.241
2893	98.6043	652.228
2894	98.6479	652.135
2895	98.6878	652.125
2896	98.727	652.114
2897	98.7756	652.097
2899	98.8539	652.095
2900	98.8915	652.049
2901	98.9298	651.482
2903	99.0083	651.47
2904	99.049	651.301
2906	99.127	651.238
2907	99.1647	651.221
2908	99.2025	651.144
2909	99.2407	651.099
2910	99.2786	651.096
2911	99.3172	651.059
2912	99.3568	650.951
2915	99.473	650.855
2916	99.5118	650.837
2918	99.5925	650.812
2920	99.6852	650.794
2921	99.7245	650.792
2922	99.7636	650.765
2923	99.803	650.748
2924	99.8415	650.709
2925	99.8799	650.69
2926	99.92	650.651
2927	99.9584	650.618
2928	99.9975	650.501
2929	100.036	650.406
2930	100.073	650.375
2931	100.112	650.368
2932	100.15	650.184
2933	100.189	650.131
2934	100.227	649.971
2935	100.266	649.949
2937	100.344	649.901
2938	100.384	649.9
2939	100.422	649.887
2941	100.501	649.659
2942	100.539	649.594
2943	100.577	649.481
2944	100.616	649.312
2945	100.653	649.253
2946	100.694	649.149
2948	100.773	648.904
2950	100.848	648.898
2952	100.927	648.859
2953	100.966	648.693
2955	101.041	648.673
2957	101.118	648.602
2958	101.161	648.465
2960	101.237	647.991
2961	101.276	647.954
2962	101.314	647.808
2963	101.352	647.803
2964	101.391	647.798
2965	101.429	647.789
2966	101.468	647.682
2968	101.545	647.526
2969	101.583	647.318
2970	101.622	647.307
2971	101.66	646.852
2972	101.698	646.819
2973	101.736	646.714
2975	101.815	646.311
2977	101.893	646.081
2978	101.93	646.013
2979	101.968	646.01
2981	102.043	645.96
2982	102.082	645.923
2983	102.122	645.884
2984	102.162	645.866
2985	102.2	645.851
2987	102.276	645.828
2988	102.315	645.808
2990	102.393	645.763
2992	102.474	645.707
2993	102.513	645.666
2994	102.553	645.632
2995	102.592	645.62
3000	102.799	645.62
3001	102.838	645.616
3003	102.921	645.375
3004	102.959	645.336
3009	103.221	645.308
3010	103.258	645.27
3012	103.341	645.22
3013	103.381	644.85
3014	103.423	644.105
3015	103.469	644.044
3017	103.564	644.032
3018	103.607	644.005
3019	103.648	643.849
3020	103.689	643.843
3021	103.731	643.825
3022	103.771	643.666
3023	103.813	643.601
3024	103.852	643.583
3025	103.89	643.583
3026	103.93	643.543
3027	103.973	643.332
3028	104.011	643.161
3029	104.049	643.132
3030	104.088	642.857
3031	104.129	642.756
3032	104.178	642.723
3033	104.228	642.7
3035	104.315	642.58
3037	104.397	642.579
3038	104.435	642.563
3041	104.556	642.522
3043	104.639	642.516
3044	104.68	642.499
3045	104.718	642.127
3047	104.798	642.12
3048	104.838	641.799
3049	104.879	641.715
3052	104.996	641.706
3053	105.035	641.706
3054	105.076	641.572
3055	105.116	641.286
3057	105.197	641.285
3058	105.236	641.18
3063	105.435	641.013
3064	105.474	640.568
3066	105.556	640.472
3067	105.594	640.056
3068	105.63	640.001
3069	105.669	639.898
3070	105.705	639.895
3071	105.744	639.87
3074	105.861	639.868
3075	105.9	639.8
3076	105.939	639.766
3077	105.976	639.741
3078	106.015	639.738
3079	106.052	639.569
3080	106.089	639.486
3081	106.127	639.46
3082	106.165	639.442
3085	106.282	639.43
3087	106.357	639.406
3088	106.394	638.58
3089	106.432	638.57
3090	106.47	638.416
3091	106.518	638.371
3092	106.564	638.339
3093	106.604	638.25
3094	106.641	638.246
3096	106.716	638.219
3097	106.754	638.211
3100	106.865	638.198
3101	106.901	638.115
3102	106.94	638.113
3104	107.016	638.018
3106	107.093	637.967
3108	107.17	637.965
3111	107.283	637.942
3115	107.436	637.941
3116	107.474	637.589
3117	107.513	637.542
3119	107.589	637.419
3120	107.627	637.399
3121	107.667	637.399
3122	107.709	637.217
3124	107.787	637.204
3125	107.827	637.166
3126	107.869	637.026
3127	107.908	636.978
3128	107.946	636.918
3129	107.983	636.787
3130	108.024	636.741
3131	108.061	636.7
3132	108.103	636.684
3133	108.142	636.643
3134	108.179	636.575
3135	108.22	636.549
3136	108.257	636.545
3137	108.294	636.531
3138	108.335	636.49
3140	108.412	636.299
3141	108.451	636.067
3142	108.49	636.067
3143	108.532	636.025
3144	108.569	635.782
3145	108.607	635.778
3146	108.651	635.676
3147	108.689	635.661
3148	108.729	635.6
3149	108.768	635.59
3151	108.844	635.548
3152	108.882	635.541
3155	109	635.469
3156	109.04	635.446
3158	109.117	635.428
3160	109.196	635.405
3161	109.234	635.397
3162	109.274	635.384
3163	109.311	635.375
3166	109.425	635.345
3167	109.463	635.321
3168	109.504	635.185
3169	109.542	635.125
3170	109.579	635.094
3171	109.62	635.064
3172	109.658	634.752
3174	109.736	634.631
3175	109.774	634.623
3177	109.856	634.584
3178	109.897	634.583
3179	109.949	634.574
3181	110.041	634.191
3182	110.08	634.175
3183	110.119	634.102
3184	110.16	634.026
3185	110.198	634.018
3186	110.236	633.971
3188	110.313	633.792
3190	110.39	633.774
3192	110.47	633.76
3193	110.509	633.569
3195	110.586	633.564
3197	110.664	633.509
3198	110.703	633.318
3200	110.78	632.889
3201	110.818	632.875
3202	110.861	632.535
3203	110.9	632.532
3204	110.937	632.521
3205	110.976	632.505
3208	111.091	632.406
3210	111.166	632.399
3211	111.205	632.327
3216	111.397	632.322
3217	111.437	632.16
3219	111.513	632.026
3221	111.591	631.977
3222	111.63	631.974
3223	111.667	631.969
3224	111.705	631.968
3225	111.742	631.95
3227	111.817	631.933
3228	111.854	631.907
3230	111.93	631.888
3232	112.007	631.867
3233	112.046	631.85
3234	112.083	631.843
3236	112.16	631.815
3237	112.198	631.766
3243	112.424	631.374
3244	112.462	631.354
3249	112.651	631.308
3250	112.688	631.296
3252	112.765	631.268
3253	112.802	631.227
3254	112.841	630.475
3255	112.88	630.397
3257	112.958	630.363
3258	112.997	630.333
3259	113.036	630.216
3260	113.075	630.182
3262	113.153	620.916
3264	113.231	620.91
3265	113.268	620.901
3266	113.308	620.896
3267	113.345	620.648
3268	113.383	620.508
3269	113.422	620.5
3270	113.46	620.075
3271	113.497	619.973
3272	113.535	619.97
3275	113.648	619.928
3276	113.688	619.927
3282	113.914	619.925
3283	113.952	619.905
3284	113.99	619.892
3286	114.064	619.891
3288	114.141	619.675
3289	114.184	619.581
3290	114.222	619.347
3294	114.375	619.154
3295	114.413	618.973
3298	114.529	618.97
3303	114.721	618.817
3304	114.763	618.672
3305	114.804	618.661
3307	114.884	618.537
3309	114.961	618.464
3310	114.999	618.461
3311	115.038	618.448
3312	115.075	618.448
3313	115.114	618.444
3314	115.153	618.441
3316	115.229	618.428
3317	115.268	618.345
3319	115.347	618.161
3320	115.385	618.084
3321	115.425	618.011
3322	115.465	617.978
3325	115.581	617.962
3326	115.62	617.96
3327	115.659	617.933
3328	115.697	617.641
3329	115.737	617.619
3330	115.774	617.579
3336	116.005	617.571
3338	116.083	617.552
3339	116.121	617.486
3341	116.198	617.471
3346	116.393	617.419
3353	116.659	617.413
3357	116.81	617.39
3359	116.886	617.265
3361	116.96	617.262
3362	116.998	617.139
3363	117.036	617.134
3364	117.074	617.131
3365	117.112	617.005
3366	117.149	616.992
3367	117.187	616.955
3368	117.225	616.888
3369	117.263	616.664
3370	117.301	616.635
3373	117.415	616.628
3374	117.453	616.555
3375	117.49	616.536
3376	117.528	616.504
3377	117.567	616.475
3379	117.643	616.472
3380	117.681	616.346
3381	117.719	616.145
3382	117.758	616.138
3383	117.797	616.133
3384	117.837	615.975
3385	117.877	615.94
3386	117.915	615.863
3388	117.991	615.816
3389	118.03	615.764
3390	118.07	615.71
3391	118.108	615.691
3392	118.145	615.686
3394	118.224	615.63
3395	118.262	615.588
3396	118.301	615.582
3398	118.397	615.568
3400	118.474	615.549
3401	118.512	615.52
3403	118.593	615.519
3404	118.631	615.484
3406	118.71	615.429
3407	118.747	615.385
3408	118.786	615.283
3409	118.823	615.234
3410	118.862	615.2
3411	118.9	615.17
3412	118.941	615.023
3413	118.979	614.998
3414	119.017	614.931
3415	119.054	614.925
3417	119.131	614.9
3418	119.172	614.899
3419	119.21	614.887
3420	119.25	614.885
3421	119.288	614.252
3422	119.327	614.14
3423	119.365	614.082
3424	119.404	614.006
3425	119.443	614.006
3426	119.481	613.994
3428	119.559	613.879
3431	119.674	613.857
3432	119.712	613.799
3433	119.749	613.732
3438	119.941	613.668
3439	119.978	613.586
3441	120.055	613.46
3442	120.095	613.225
3443	120.134	613.222
3444	120.173	613.211
3445	120.211	613.205
3446	120.249	613.157
3448	120.327	612.966
3450	120.403	612.92
3451	120.441	612.895
3453	120.516	612.86
3457	120.668	612.725
3458	120.705	612.714
3459	120.746	612.652
3460	120.784	612.647
3461	120.821	612.568
3462	120.86	612.555
3464	120.936	612.55
3465	120.975	612.538
3467	121.05	612.534
3470	121.164	612.513
3471	121.202	612.501
3472	121.24	612.472
3473	121.278	612.452
3474	121.317	612.445
3475	121.355	611.918
3477	121.43	611.876
3479	121.506	611.871
3483	121.658	611.597
3484	121.696	611.597
3490	121.923	611.508
3492	121.999	611.505
3493	122.04	611.339
3495	122.12	611.265
3497	122.201	611.246
3499	122.278	611.201
3500	122.32	611.183
3501	122.368	611.174
3502	122.408	610.994
3504	122.486	610.994
3508	122.645	610.972
3509	122.684	610.94
3511	122.767	610.886
3514	123.01	610.87
3515	123.055	610.84
3516	123.094	610.836
3517	123.133	610.835
3519	123.224	610.832
3523	123.385	610.823
3524	123.423	610.81
3526	123.51	610.806
3527	123.552	610.806
3528	123.59	610.706
3530	123.677	610.664
3532	123.761	610.625
3533	123.806	610.601
3534	123.845	610.528
3535	123.884	610.308
3536	123.922	610.296
3538	123.998	610.264
3540	124.076	610.262
3543	124.191	609.72
3545	124.267	609.702
3546	124.306	609.655
3547	124.344	609.558
3549	124.422	609.549
3551	124.499	609.533
3553	124.576	609.508
3554	124.614	609.498
3556	124.692	609.446
3557	124.731	609.439
3558	124.769	609.432
3559	124.809	609.318
3560	124.847	609.241
3562	124.923	609.192
3563	124.962	609.188
3565	125.04	609.176
3567	125.116	609.154
3568	125.158	608.897
3570	125.234	608.833
3571	125.274	608.827
3572	125.312	608.804
3576	125.464	608.803
3577	125.503	608.399
3578	125.541	608.38
3580	125.617	608.378
3583	125.734	608.37
3585	125.811	608.314
3586	125.85	608.198
3591	126.041	608.193
3592	126.079	608.156
3596	126.235	608.103
3597	126.274	608.094
3601	126.43	608.089
3602	126.468	607.986
3603	126.507	607.982
3604	126.545	607.979
3605	126.585	607.958
3606	126.624	607.941
3607	126.662	607.911
3608	126.703	607.835
3609	126.744	607.687
3610	126.782	607.678
3611	126.822	607.677
3612	126.86	607.674
3613	126.9	607.672
3614	126.939	607.575
3615	126.978	607.565
3617	127.055	607.535
3618	127.092	607.493
3620	127.173	607.401
3621	127.211	607.315
3622	127.249	607.313
3623	127.289	607.306
3624	127.328	607.182
3625	127.365	607.147
3626	127.405	607.134
3628	127.484	607.086
3629	127.524	607.084
3631	127.602	607.043
3634	127.721	606.957
3636	127.798	606.949
3638	127.89	606.938
3640	127.968	606.897
3643	128.087	606.859
3647	128.244	606.826
3648	128.281	606.787
3649	128.321	606.726
3650	128.36	606.697
3651	128.4	606.679
3652	128.438	606.566
3653	128.477	606.557
3654	128.514	606.517
3655	128.552	606.514
3657	128.63	606.485
3658	128.668	606.483
3659	128.708	606.473
3661	128.787	606.397
3663	128.864	606.351
3664	128.902	606.332
3667	129.017	606.318
3668	129.055	606.215
3671	129.17	606.182
3672	129.208	606.147
3673	129.246	606.117
3678	129.438	606.022
3679	129.478	605.911
3681	129.554	605.909
3682	129.592	605.77
3683	129.631	605.767
3684	129.672	605.762
3686	129.75	605.32
3688	129.828	605.15
3689	129.866	605.128
3690	129.905	605.124
3691	129.946	605.065
3693	130.023	605.029
3694	130.061	604.017
3696	130.147	604.004
3697	130.187	603.8
3698	130.224	603.777
3699	130.263	603.722
3701	130.34	603.67
3703	130.42	603.632
3704	130.461	603.616
3705	130.501	603.593
3706	130.542	603.582
3707	130.582	603.567
3710	130.701	603.555
3712	130.781	603.53
3713	130.82	603.519
3714	130.861	603.514
3715	130.9	603.503
3717	130.978	603.477
3719	131.056	603.462
3721	131.138	603.461
3723	131.219	603.138
3724	131.258	603.137
3729	131.454	603.136
3731	131.533	603.133
3732	131.572	603.132
3733	131.613	603.001
3734	131.651	602.936
3735	131.69	602.859
3737	131.766	602.775
3738	131.805	602.736
3739	131.843	602.635
3740	131.882	602.602
3742	131.959	602.532
3745	132.074	602.531
3749	132.227	602.456
3750	132.266	602.401
3751	132.304	602.353
3752	132.342	602.303
3754	132.419	602.295
3759	132.612	602.293
3763	132.765	602.289
3767	132.919	602.282
3768	132.958	602.084
3769	132.997	602.06
3770	133.036	602.032
3772	133.114	602.001
3774	133.19	601.949
3775	133.231	601.611
3778	133.346	601.597
3783	133.537	601.503
3784	133.577	601.41
3785	133.615	601.406
3786	133.653	601.381
3787	133.691	601.234
3790	133.808	601.225
3791	133.846	601.215
3794	133.96	601.197
3799	134.155	601.091
3800	134.195	601.044
3802	134.272	600.936
3803	134.311	600.895
3805	134.387	600.886
3806	134.424	600.885
3807	134.464	600.868
3808	134.502	600.783
3809	134.541	600.776
3811	134.617	600.734
3812	134.656	600.674
3813	134.694	600.671
3816	134.807	600.639
3817	134.846	600.63
3820	134.962	600.57
3822	135.039	600.57
3823	135.077	600.555
3828	135.267	600.552
3829	135.305	600.547
3830	135.343	600.477
3831	135.381	600.476
3832	135.421	600.442
3833	135.459	600.433
3836	135.574	600.424
3837	135.613	600.418
3838	135.651	600.373
3840	135.728	599.986
3841	135.767	599.984
3842	135.805	599.9
3843	135.844	599.897
3844	135.882	599.896
3846	135.96	599.85
3847	135.999	599.847
3848	136.037	599.771
3849	136.075	599.655
3850	136.114	599.618
3852	136.192	599.616
3853	136.231	599.61
3854	136.269	599.542
3855	136.307	599.533
3856	136.346	599.507
3857	136.385	599.497
3858	136.422	599.493
3860	136.5	599.424
3861	136.538	599.276
3862	136.576	599.272
3863	136.615	599.237
3864	136.653	599.103
3865	136.693	599.073
3866	136.731	599.066
3868	136.808	599.062
3869	136.847	599.058
3871	136.924	599.04
3872	136.962	599.037
3873	137	599.032
3874	137.039	599.026
3876	137.116	599.022
3877	137.155	598.976
3878	137.193	598.968
3880	137.27	598.963
3881	137.309	598.947
3883	137.386	598.929
3884	137.424	598.908
3886	137.5	598.907
3887	137.537	598.881
3888	137.575	598.852
3889	137.613	598.815
3890	137.65	598.794
3891	137.688	598.751
3894	137.8	598.464
3895	137.837	598.461
3897	137.911	598.443
3899	137.986	598.439
3900	138.024	598.17
3901	138.061	598.098
3902	138.099	598.091
3903	138.136	598.066
3904	138.174	598.048
3907	138.286	598.042
3908	138.324	597.91
3911	138.438	597.885
3915	138.588	597.783
3917	138.662	597.778
3918	138.7	597.709
3919	138.737	597.673
3920	138.776	597.552
3921	138.816	597.545
3922	138.864	597.412
3924	138.955	597.406
3925	138.994	597.404
3926	139.032	597.354
3927	139.071	597.333
3928	139.109	597.208
3930	139.186	597.197
3931	139.224	597.147
3933	139.302	597.044
3934	139.339	596.751
3935	139.379	596.633
3939	139.53	596.604
3941	139.656	596.601
3943	139.74	596.598
3944	139.78	596.542
3945	139.819	596.526
3947	139.895	596.515
3949	139.971	596.506
3950	140.009	596.505
3952	140.085	596.493
3953	140.122	596.484
3954	140.161	596.479
3957	140.294	596.462
3959	140.371	596.454
3961	140.447	596.45
3963	140.531	596.222
3964	140.57	596.222
3966	140.649	596.215
3971	140.844	595.525
3973	140.923	595.502
3975	141	595.44
3977	141.121	595.415
3979	141.201	595.378
3980	141.24	595.374
3981	141.278	595.371
3982	141.316	595.315
3984	141.399	595.314
3985	141.439	595.313
3987	141.539	595.248
3989	141.616	595.24
3990	141.658	595.141
3991	141.697	595.124
3992	141.736	595.111
3996	141.896	595.098
3997	141.936	595.092
3999	142.013	594.89
4000	142.051	594.89
4004	142.205	594.881
4005	142.243	594.807
4006	142.282	594.801
4008	142.377	594.737
4010	142.493	594.613
4012	142.575	594.596
4014	142.673	594.588
4015	142.744	594.334
4020	142.974	594.332
4025	143.184	594.332
4026	143.228	594.331
4027	143.269	594.181
4028	143.309	594.131
4029	143.349	594.115
4030	143.389	594.114
4031	143.431	594.11
4034	143.562	594.109
4035	143.601	593.989
4037	143.678	593.979
4039	143.756	593.902
4040	143.795	593.855
4045	144.013	593.855
4047	144.093	593.84
4048	144.136	593.825
4049	144.18	593.804
4053	144.395	593.742
4054	144.44	593.638
4056	144.536	593.615
4059	144.653	593.582
4060	144.692	593.436
4066	144.929	593.42
4068	145.006	593.419
4069	145.044	593.418
4071	145.122	593.407
4075	145.279	593.402
4076	145.318	593.382
4079	145.437	593.37
4080	145.477	593.353
4081	145.514	593.351
4082	145.553	593.279
4083	145.593	593.272
4084	145.631	593.24
4085	145.67	593.237
4086	145.712	593.201
4087	145.762	593.189
4088	145.804	593.16
4089	145.846	593.088
4092	145.965	593.075
4093	146.006	593.072
4094	146.046	593.006
4095	146.086	592.998
4096	146.127	592.989
4097	146.165	592.957
4098	146.205	592.942
4099	146.245	592.94
4100	146.284	592.919
4101	146.322	592.883
4102	146.363	592.878
4103	146.404	592.873
4104	146.443	592.76
4105	146.482	592.611
4106	146.521	592.546
4107	146.563	592.488
4108	146.601	592.477
4109	146.644	592.469
4111	146.722	592.464
4116	146.938	592.446
4117	146.977	592.428
4118	147.015	592.414
4120	147.098	592.405
4121	147.137	592.39
4122	147.178	592.381
4123	147.217	592.37
4124	147.257	592.36
4126	147.335	592.36
4127	147.375	592.333
4129	147.454	592.311
4130	147.497	592.295
4131	147.537	592.256
4133	147.62	592.214
4134	147.668	592.192
4136	147.767	592.191
4137	147.805	592.184
4138	147.856	592.182
4139	147.896	592.174
4140	147.934	592.091
4141	147.978	592.069
4142	148.022	592.065
4143	148.063	592.037
4144	148.101	592.029
4147	148.217	592.027
4148	148.256	591.879
4155	148.522	591.878
4157	148.598	591.87
4158	148.637	591.831
4159	148.675	591.636
4161	148.751	591.635
4162	148.789	591.524
4163	148.827	591.518
4164	148.867	591.513
4168	149.021	591.512
4169	149.058	591.488
4170	149.097	591.483
4171	149.135	591.435
4173	149.213	591.388
4174	149.252	591.209
4175	149.291	591.114
4177	149.368	591.048
4178	149.407	591
4181	149.523	590.991
4182	149.561	590.985
4184	149.637	590.976
4185	149.676	590.967
4187	149.797	590.966
4188	149.836	590.962
4193	150.028	590.953
4194	150.066	590.934
4196	150.144	590.92
4197	150.182	590.904
4203	150.41	590.66
4211	150.717	590.643
4212	150.755	590.635
4213	150.793	590.626
4214	150.832	590.568
4215	150.871	590.515
4217	150.947	590.506
4218	150.985	590.504
4219	151.023	590.471
4220	151.062	590.466
4221	151.1	590.464
4222	151.138	590.454
4226	151.292	590.447
4227	151.33	589.993
4228	151.369	589.989
4229	151.41	589.961
4231	151.486	589.955
4232	151.524	589.929
4233	151.562	589.92
4236	151.677	589.917
4237	151.716	589.906
4238	151.753	589.877
4240	151.831	589.876
4243	151.946	589.864
4244	151.984	589.864
4246	152.061	589.854
4247	152.099	589.848
4250	152.214	589.625
4251	152.253	589.547
4252	152.292	589.521
4253	152.33	589.437
4254	152.368	589.433
4255	152.406	589.255
4257	152.483	589.254
4258	152.52	588.97
4264	152.75	588.956
4266	152.826	588.928
4267	152.864	588.898
4270	152.979	588.896
4271	153.02	588.892
4277	153.255	588.826
4278	153.293	588.811
4279	153.331	588.804
4280	153.37	588.766
4283	153.483	588.751
4285	153.56	588.737
4286	153.6	588.728
4287	153.639	588.713
4290	153.754	588.683
4291	153.792	588.683
4292	153.831	588.628
4293	153.869	588.619
4294	153.907	588.598
4300	154.138	588.597
4302	154.215	588.573
4303	154.253	588.562
4308	154.446	588.553
4309	154.483	588.529
4311	154.56	588.525
4316	154.75	588.484
4317	154.788	588.483
4319	154.866	588.407
4320	154.905	588.376
4322	154.981	588.305
4323	155.02	588.301
4324	155.058	588.298
4325	155.098	588.285
4327	155.174	588.284
4328	155.213	588.238
4329	155.252	588.15
4332	155.367	588.133
4333	155.405	588.13
4335	155.483	588.125
4336	155.521	588.108
4337	155.563	588.102
4338	155.601	588.064
4339	155.639	588.061
4340	155.678	588.044
4342	155.756	588.018
4343	155.796	588.017
4344	155.834	587.956
4345	155.873	587.945
4346	155.912	587.882
4347	155.951	587.859
4348	155.989	587.854
4349	156.028	587.854
4356	156.296	587.854
4357	156.334	587.845
4358	156.372	587.84
4360	156.449	587.831
4361	156.487	587.819
4362	156.525	587.815
4363	156.565	587.806
4366	156.68	587.804
4367	156.718	587.778
4369	156.794	587.758
4370	156.832	587.734
4371	156.871	587.721
4373	156.947	587.707
4374	156.985	587.675
4375	157.024	587.664
4376	157.063	587.663
4377	157.101	587.639
4378	157.139	587.639
4379	157.178	587.627
4380	157.217	587.607
4383	157.333	587.594
4384	157.372	587.584
4386	157.449	587.58
4387	157.487	587.578
4388	157.525	587.503
4391	157.641	587.496
4395	157.795	587.491
4396	157.832	587.478
4397	157.872	587.464
4398	157.909	587.43
4399	157.948	587.398
4401	158.027	587.393
4402	158.066	587.354
4404	158.144	587.352
4408	158.299	587.303
4410	158.377	587.299
4413	158.493	587.287
4414	158.531	587.259
4418	158.684	587.245
4424	158.914	587.236
4427	159.029	587.234
4428	159.068	587.225
4432	159.224	587.224
4433	159.264	587.224
4434	159.302	587.218
4435	159.341	587.203
4437	159.418	587.184
4440	159.532	587.183
4443	159.648	587.009
4444	159.687	587.007
4451	159.954	587.003
4452	159.992	586.985
4453	160.031	586.976
4454	160.069	586.954
4455	160.108	586.91
4457	160.186	586.908
4459	160.263	586.888
4460	160.302	586.887
4461	160.341	586.886
4464	160.463	586.886
4465	160.505	586.88
4466	160.543	586.878
4467	160.583	586.539
4469	160.66	586.534
4470	160.699	586.51
4471	160.738	586.5
4476	160.931	586.495
4478	161.01	586.468
4480	161.087	586.454
4481	161.125	586.448
4484	161.243	586.443
4486	161.321	586.436
4490	161.476	586.324
4491	161.513	586.307
4492	161.554	586.271
4495	161.672	586.202
4497	161.749	586.202
4498	161.789	586.177
4500	161.865	586.177
4502	161.943	586.17
4505	162.058	586.164
4507	162.134	586.1
4511	162.287	586.099
4512	162.328	586.094
4513	162.367	586.087
4515	162.444	585.982
4517	162.521	585.898
4519	162.6	585.843
4520	162.639	585.793
4523	162.759	585.785
4525	162.836	585.777
4527	162.914	585.764
4529	162.995	585.75
4534	163.188	585.749
4540	163.426	585.742
4550	163.824	585.717
4555	164.036	585.717
4558	164.162	585.713
4559	164.204	585.712
4561	164.29	585.685
4562	164.331	585.644
4564	164.418	585.642
4565	164.461	585.638
4566	164.5	585.637
4567	164.541	585.635
4568	164.581	585.59
4569	164.619	585.51
4570	164.658	585.468
4572	164.736	585.463
4573	164.775	585.46
4574	164.815	585.42
4575	164.855	585.417
4576	164.894	585.401
4577	164.987	585.396
4578	165.041	585.367
4582	165.208	585.31
4584	165.29	585.267
4585	165.33	585.264
4586	165.368	585.212
4587	165.408	585.166
4588	165.448	585.142
4589	165.488	585.138
4592	165.604	585.135
4593	165.642	585.125
4594	165.682	585.122
4597	165.797	585.087
4598	165.835	585.083
4599	165.875	585.056
4600	165.913	585.055
4601	165.952	585.053
4602	165.991	585.039
4603	166.029	585.024
4604	166.069	585.012
4606	166.146	585.01
4607	166.186	584.973
4608	166.225	584.972
4609	166.27	584.955
4610	166.309	584.939
4611	166.35	584.937
4612	166.388	584.826
4614	166.469	584.774
4615	166.51	584.766
4617	166.588	584.746
4618	166.628	584.746
4619	166.671	584.737
4622	166.792	584.735
4623	166.831	584.722
4624	166.871	584.704
4626	166.948	584.692
4627	166.988	584.689
4628	167.027	584.626
4633	167.227	584.624
4636	167.344	584.608
4637	167.383	584.591
4638	167.422	584.554
4639	167.461	584.5
4640	167.502	584.356
4641	167.54	584.266
4642	167.58	584.129
4644	167.658	584.127
4645	167.697	584.126
4648	167.813	584.097
4650	167.902	584.092
4656	168.156	584.086
4657	168.196	584.068
4658	168.245	584.067
4659	168.287	584.064
4662	168.407	584.062
4664	168.49	584.051
4665	168.528	584.041
4667	168.606	584.038
4668	168.645	584.03
4670	168.724	584.027
4671	168.768	584.006
4674	168.887	583.992
4677	169.007	583.987
4682	169.205	583.977
4683	169.243	583.741
4686	169.36	583.72
4687	169.399	583.683
4691	169.554	583.683
4692	169.593	583.663
4695	169.711	583.629
4698	169.83	583.625
4699	169.869	583.604
4700	169.909	583.603
4702	169.986	583.583
4706	170.142	583.577
4708	170.219	583.564
4711	170.347	583.548
4716	170.542	583.546
4717	170.58	583.538
4718	170.619	583.521
4719	170.656	583.519
4720	170.7	583.515
4721	170.741	583.498
4724	170.854	583.494
4726	170.931	583.488
4728	171.006	583.475
4730	171.081	583.432
4732	171.167	583.412
4733	171.21	583.404
4734	171.248	583.401
4735	171.286	583.274
4737	171.361	583.273
4738	171.398	583.22
4742	171.551	583.216
4745	171.665	583.216
4746	171.703	583.196
4747	171.748	583.177
4751	171.937	583.176
4755	172.089	582.981
4757	172.163	582.97
4759	172.239	582.95
4765	172.465	582.945
4767	172.551	582.937
4769	172.627	582.932
4771	172.704	582.922
4776	172.894	582.918
4780	173.056	582.912
4783	173.171	582.886
4789	173.399	582.885
4793	173.551	582.882
4795	173.628	582.879
4798	173.743	582.798
4799	173.781	582.766
4801	173.863	582.764
4802	173.906	582.745
4803	173.946	582.738
4805	174.022	582.732
4806	174.061	582.683
4807	174.1	582.676
4808	174.137	582.666
4809	174.176	582.624
4810	174.214	582.619
4812	174.301	582.613
4814	174.381	582.574
4815	174.419	582.569
4816	174.457	582.553
4817	174.495	582.549
4818	174.533	582.462
4820	174.609	582.45
4821	174.648	582.447
4822	174.686	582.438
4823	174.723	582.433
4824	174.763	582.391
4825	174.802	582.351
4826	174.84	582.338
4827	174.88	582.268
4833	175.113	582.254
4835	175.19	582.25
4836	175.228	582.249
4837	175.266	582.234
4838	175.304	582.231
4840	175.381	582.221
4841	175.42	582.21
4846	175.627	582.207
4847	175.665	582.178
4850	175.784	582.163
4851	175.822	582.157
4852	175.862	582.121
4854	175.939	582.08
4855	175.978	582.078
4856	176.016	582.072
4857	176.055	582.065
4858	176.095	582.063
4859	176.133	582.05
4860	176.173	582.042
4864	176.325	582.04
4867	176.442	582.037
4868	176.481	582.028
4877	176.825	582.016
4878	176.863	581.999
4880	176.939	581.977
4882	177.014	581.905
4884	177.09	581.905
4886	177.168	581.852
4888	177.244	581.834
4889	177.283	581.826
4890	177.32	581.826
4898	177.628	581.823
4899	177.666	581.799
4903	177.818	581.798
4905	177.895	581.775
4907	177.971	581.771
4909	178.049	581.768
4910	178.088	581.766
4911	178.126	581.611
4913	178.204	581.553
4914	178.242	581.545
4917	178.357	581.543
4919	178.434	581.522
4921	178.512	581.519
4923	178.588	581.372
4924	178.627	581.371
4925	178.665	581.364
4931	178.896	581.36
4932	178.934	581.349
4934	179.011	581.114
4935	179.048	581.078
4937	179.126	581.075
4939	179.204	581.025
4942	179.32	581
4949	179.589	580.997
4951	179.665	580.934
4952	179.704	580.93
4953	179.743	580.902
4960	180.012	580.901
4963	180.127	580.898
4966	180.244	580.897
4968	180.322	580.872
4972	180.476	580.87
4974	180.553	580.85
4975	180.592	580.766
4977	180.668	580.765
4978	180.708	580.753
4980	180.784	580.753
4982	180.861	580.729
4985	180.976	580.727
4987	181.053	580.725
4994	181.321	580.724
4997	181.437	580.687
4999	181.514	580.664
5000	181.552	580.624
# FIN	181.552	580.624

