# target=instancias/mona.png T=240 iters=5000 K=32 seed=auto
iter	segundos	MSE
0	0.0018322	14267
1	0.0188721	14261.6
2	0.0358132	14229.6
3	0.0525936	14193.1
4	0.0694498	14122.4
5	0.0870038	14118.3
6	0.103952	14057.9
7	0.1209	14038.9
8	0.138509	14022.1
9	0.155517	13938.5
10	0.172847	13914.2
11	0.190165	13913.1
12	0.207229	13881.4
13	0.225433	13853.5
14	0.243129	13720.1
15	0.261117	13695.6
16	0.278268	13674.3
17	0.295552	13635.7
18	0.31292	13631.8
19	0.330352	13628.8
20	0.347714	13625.9
21	0.365209	13562.3
22	0.382706	13519.4
23	0.400147	13483.1
24	0.417524	13420.9
25	0.435182	13334.9
26	0.452601	13334.4
27	0.470951	13308.5
28	0.488759	13273.7
29	0.507185	13261.6
30	0.525379	13259.8
31	0.54398	13189.8
32	0.562948	13153.3
33	0.582213	13031.5
34	0.602144	13018.8
35	0.621323	13006
36	0.642951	12973.7
37	0.661381	12893.3
38	0.680327	12870.1
39	0.700084	12798
40	0.718508	12718.1
41	0.737022	12640.6
42	0.75515	12631
43	0.773149	12617.4
44	0.792007	12544.8
45	0.809967	12542.3
46	0.827591	12539
47	0.84552	12492.7
48	0.862933	12482.1
49	0.880981	12440.9
50	0.898936	12419.7
51	0.916385	12419.3
52	0.934055	12274.9
53	0.951905	12081.5
54	0.970409	12050.3
55	0.989938	12049
56	1.00898	12043.2
58	1.04637	12042.1
59	1.06468	11984
60	1.08336	11955.2
61	1.10173	11905.6
62	1.11996	11905.1
63	1.13838	11855.8
64	1.15702	11848.7
65	1.17497	11832.3
66	1.19344	11832.2
67	1.21231	11797.2
68	1.23036	11693.9
69	1.24943	11671.7
70	1.26835	11614.7
71	1.28656	11605.4
72	1.30477	11531.5
73	1.32319	11531.3
74	1.34166	11449
75	1.36031	11427.7
76	1.379	11357.4
77	1.39813	11324.7
78	1.41714	11269.8
79	1.43616	11260.5
80	1.45591	11256.2
81	1.47495	11255.9
82	1.49428	11253.7
83	1.51275	11216.8
84	1.53145	11215.2
85	1.55007	11204.2
86	1.56882	11183.1
87	1.58769	11183.1
88	1.6064	11162.8
89	1.62541	11089.2
90	1.64423	11052.8
91	1.66338	11004.2
92	1.68239	10989.8
93	1.70121	10975.8
94	1.72104	10944.3
95	1.73987	10756.9
96	1.75955	10726.9
97	1.77866	10670.1
98	1.79925	10620.8
99	1.81964	10612.8
100	1.83927	10587.9
101	1.85974	10581.6
102	1.87949	10561.7
103	1.89889	10547.9
104	1.91874	10533.7
105	1.93948	10510.7
106	1.95908	10507.4
107	1.97862	10466.4
108	1.99761	10459.4
109	2.01684	10408
110	2.03599	10347.6
111	2.05493	10341.1
112	2.07408	10337.5
113	2.09326	10319.8
114	2.11312	10301.4
115	2.13323	10275.4
116	2.15312	10275.4
117	2.17311	10261.5
118	2.19241	10261.4
119	2.21182	10241.9
120	2.23122	10180.4
121	2.25103	10131.6
122	2.27116	10130.5
123	2.29059	10009.2
124	2.31011	9972.08
125	2.33089	9963.29
126	2.35077	9962.48
127	2.37039	9916.7
128	2.38998	9907.68
129	2.41065	9897.29
130	2.43106	9896.95
131	2.45148	9892.43
132	2.47144	9877.26
133	2.4913	9875.64
134	2.51109	9871.7
135	2.531	9863.07
136	2.55148	9820.41
137	2.57155	9806.86
138	2.59162	9790.75
139	2.61224	9790
140	2.6324	9788.23
141	2.65271	9715.67
142	2.67492	9676.6
143	2.69955	9673.26
144	2.71997	9668.61
145	2.74092	9613.7
146	2.7613	9608.2
147	2.78169	9589.44
148	2.80198	9460.41
149	2.82253	9452.28
150	2.84321	9452.28
151	2.86359	9448.49
152	2.88381	9447.5
153	2.9042	9429.66
154	2.92475	9429.54
155	2.94555	9419.68
156	2.96686	9400.75
157	2.98881	9394.35
158	3.01013	9387.34
159	3.03326	9373.26
160	3.05554	9371.02
161	3.0763	9341.43
162	3.09697	9339.02
163	3.11825	9321.45
164	3.14156	9321.43
165	3.16399	9222.7
166	3.18673	9176.33
167	3.21823	9150.43
168	3.24101	9148.45
169	3.26228	9147.31
170	3.28305	9113.78
171	3.30371	9105.71
172	3.32503	9103.16
173	3.34706	9078.06
174	3.36799	9077.97
175	3.38917	9065.07
176	3.41032	9046.66
177	3.43247	9046.5
178	3.45466	9015.58
179	3.47622	9012.21
180	3.49796	8981.27
181	3.51956	8954.16
182	3.54084	8892.02
183	3.56202	8855.64
184	3.58304	8852.45
185	3.60474	8836.87
186	3.62664	8836.57
187	3.64782	8819.38
188	3.66889	8818.3
189	3.69026	8746.95
190	3.7117	8744.48
191	3.73313	8738.07
192	3.75466	8737.89
193	3.77697	8694.89
194	3.79845	8632.3
195	3.82036	8632.16
196	3.84301	8631.62
197	3.86488	8616.77
198	3.88633	8604.05
199	3.90812	8598.67
200	3.92981	8573.31
201	3.95127	8500.11
202	3.97313	8489.05
203	3.99449	8439.37
204	4.01608	8348.6
205	4.03771	8323.23
206	4.05909	8317.88
207	4.08054	8266.3
208	4.1022	8264.83
209	4.12397	8257.54
210	4.14572	8248.16
211	4.16727	8235.22
212	4.18919	8233.47
213	4.21146	8159.95
214	4.23824	8130.23
215	4.26353	8096.9
216	4.28556	8088.07
217	4.30916	8070.15
218	4.33125	8070.07
219	4.353	8039.13
220	4.3754	7969.54
221	4.39767	7969.24
222	4.41979	7968.43
223	4.44253	7958.36
224	4.46475	7905.43
225	4.48705	7888.92
226	4.50998	7870.04
227	4.5348	7869.12
228	4.55963	7868.33
229	4.5855	7859.69
230	4.61607	7838.94
231	4.639	7838.81
232	4.66117	7830.64
233	4.68418	7824.31
234	4.70697	7819.9
235	4.72905	7795.97
236	4.75145	7774.52
237	4.77401	7732.07
238	4.79754	7683.8
239	4.82003	7683.63
240	4.84224	7683.16
241	4.86504	7665.68
242	4.88815	7652
243	4.9114	7628.26
244	4.9371	7541.31
245	4.96278	7539.96
246	4.98905	7503.68
247	5.014	7493.04
248	5.03864	7484.82
249	5.06227	7462.32
250	5.08514	7460.98
251	5.1078	7460.97
252	5.13054	7460.5
253	5.15376	7428.92
254	5.17839	7265.68
255	5.20126	7252.63
256	5.22494	7249.19
257	5.24835	7246.92
258	5.27265	7241
259	5.29718	7240.82
260	5.32123	7239.99
261	5.3454	7191.99
262	5.36919	7161.69
263	5.39264	7128.36
264	5.41595	7127.86
265	5.4407	7107.35
266	5.46393	7107.27
267	5.48734	7090.98
268	5.51127	7074.17
269	5.53524	7062.96
270	5.56073	7061.06
271	5.58444	7030.34
272	5.60815	7008.23
273	5.63221	6893.38
274	5.65726	6889.54
275	5.68093	6885.01
276	5.70486	6873.91
277	5.72824	6843.06
278	5.75179	6841.68
279	5.77594	6823.79
280	5.79946	6790.88
281	5.82315	6707.84
282	5.84706	6706.28
283	5.87208	6704.58
284	5.89622	6690.43
285	5.9208	6689.46
286	5.94648	6684.45
287	5.97122	6645.52
288	5.99584	6643.23
289	6.02212	6640.54
290	6.04634	6631.74
291	6.07048	6631.66
292	6.09519	6543.52
293	6.12018	6478.87
294	6.14423	6467.34
295	6.17031	6467.15
296	6.19546	6450.03
297	6.22	6450
298	6.24415	6446.68
299	6.26853	6441.28
300	6.2928	6412.11
301	6.31788	6400.39
302	6.34202	6398.2
303	6.36625	6381.87
304	6.3909	6379.85
305	6.41713	6375.79
306	6.44175	6375.05
307	6.46606	6353.47
308	6.49042	6321.24
309	6.51499	6320.58
310	6.53957	6308.13
311	6.56462	6300.17
312	6.58871	6254.49
313	6.61368	6253.88
314	6.63825	6212.8
315	6.6632	6190.58
316	6.68793	6163.61
317	6.71426	6155.27
318	6.74565	6150.5
319	6.77481	6148.38
320	6.8179	6124.89
321	6.85212	6124.65
322	6.87922	6121.26
323	6.90567	6100.44
324	6.93324	6081.89
325	6.95872	6081.62
326	6.98494	6071.11
327	7.01261	6071.05
328	7.03837	6066.78
329	7.06552	5997.97
330	7.09044	5966.56
331	7.11527	5900.03
332	7.14021	5878.48
333	7.16566	5856.1
334	7.19105	5851.62
335	7.21626	5801.95
336	7.24245	5798.49
337	7.26851	5788.32
338	7.29438	5781.19
339	7.31963	5780.89
340	7.34537	5778.92
341	7.37088	5778.78
342	7.39783	5772.92
343	7.424	5768.53
344	7.45084	5767.17
345	7.47872	5755.64
346	7.50479	5752.45
347	7.53021	5744.42
348	7.55606	5742.38
349	7.58228	5706.55
350	7.60811	5704.49
351	7.63396	5702.95
352	7.66047	5701.82
353	7.6865	5698.78
354	7.71306	5695.82
355	7.74127	5693.06
356	7.77007	5693.05
357	7.8074	5677.72
358	7.83388	5677.29
359	7.85977	5654.83
360	7.88536	5642.16
361	7.91108	5531.36
362	7.93718	5531.33
363	7.96475	5464.59
364	7.99017	5449.62
365	8.01573	5432.11
366	8.04262	5430.47
367	8.07382	5419.79
368	8.09979	5416.94
369	8.12615	5416.62
370	8.15234	5416.37
371	8.17971	5410.41
372	8.20619	5319.2
373	8.23185	5306.19
374	8.25852	5304.35
375	8.28523	5293.77
376	8.31117	5229.5
377	8.33699	5229.05
378	8.36388	5227.07
379	8.39001	5226.88
380	8.41951	5224.4
381	8.45183	5223.73
382	8.47963	5216.59
383	8.51195	5213.4
384	8.55109	5212.33
385	8.57883	5175.96
386	8.60716	5173.49
387	8.63333	5131.61
388	8.6603	5049.21
389	8.68646	5045.41
390	8.71269	5042.5
391	8.73958	5039.52
392	8.766	5038.02
393	8.79297	5024.43
394	8.82023	5020.55
395	8.84739	5016
396	8.8736	4998.28
397	8.89994	4966.9
398	8.92682	4962.51
399	8.95518	4961.89
400	8.98283	4955.54
401	9.01122	4948.63
402	9.03972	4947.81
403	9.06621	4902.58
404	9.09305	4902.37
405	9.12022	4785.78
406	9.14706	4744.05
407	9.17371	4725.06
408	9.20047	4724.2
409	9.22786	4722.3
410	9.25515	4698.74
411	9.28272	4695.94
412	9.31319	4695.49
413	9.35434	4694.71
414	9.39757	4694.68
415	9.43249	4691.95
416	9.45946	4665.83
417	9.49585	4665.77
418	9.52765	4657.56
419	9.55621	4654.92
420	9.58365	4629.89
421	9.61208	4609.64
422	9.64352	4597.48
423	9.67273	4575.32
424	9.70437	4571.75
425	9.73163	4570.29
426	9.75905	4569.48
427	9.78699	4569.24
428	9.81487	4568.13
429	9.84315	4558.19
430	9.87137	4556.39
431	9.89881	4553.37
432	9.92738	4553.12
433	9.95468	4530.34
434	9.98207	4477.91
435	10.0111	4475.58
436	10.0385	4470.14
437	10.067	4467.46
438	10.0965	4463.35
439	10.1253	4450.71
440	10.1533	4440.15
441	10.1809	4397.62
442	10.2086	4395.63
443	10.2361	4368.39
444	10.2637	4361.63
445	10.2939	4352.36
446	10.3216	4350.1
447	10.3501	4344.5
448	10.3788	4344.35
449	10.4065	4332.87
450	10.4348	4329.59
451	10.4628	4320.58
452	10.4905	4320.47
453	10.5188	4314.16
454	10.5469	4313.85
455	10.5747	4272.65
456	10.6034	4271.43
457	10.6314	4260.59
458	10.6591	4260.56
459	10.6877	4259.71
460	10.7164	4232.43
461	10.744	4231.51
462	10.7719	4230.89
463	10.8005	4219.17
464	10.8285	4208.17
465	10.857	4200.2
466	10.8851	4196.15
467	10.9136	4194.8
468	10.9423	4194.6
469	10.9712	4191.18
470	10.9996	4187.38
471	11.028	4185.53
472	11.0563	4176.07
473	11.0865	4167.8
474	11.1162	4167.31
475	11.153	4154.99
476	11.1839	4148.24
477	11.2128	4080.71
478	11.2412	4048.08
479	11.2702	4045.14
480	11.299	4044.76
481	11.336	4043.84
482	11.3688	4040.96
483	11.3976	4025.77
484	11.4335	3996.56
485	11.4675	3996.24
486	11.497	3981.44
487	11.5265	3979.6
488	11.5551	3977.84
489	11.5846	3964.17
490	11.6129	3963.3
491	11.6416	3963.3
492	11.6707	3962.52
493	11.7009	3960.41
494	11.7293	3892.59
495	11.7582	3842.48
496	11.7898	3838.81
497	11.8206	3838.6
498	11.8507	3819
499	11.8797	3816.88
500	11.9106	3816.53
501	11.9404	3815.61
502	11.9702	3806.45
503	11.9993	3774
504	12.0291	3769.88
505	12.0593	3768.09
506	12.0912	3767.81
507	12.1235	3764.8
508	12.1531	3761.41
509	12.1845	3759.95
510	12.2174	3758.94
511	12.2479	3756.55
512	12.2777	3753.25
513	12.3075	3693.59
514	12.3376	3693.31
515	12.3676	3692.75
516	12.3981	3691.16
517	12.4279	3682.34
518	12.4578	3681.12
519	12.4873	3660.95
520	12.5177	3623.35
521	12.5475	3617.84
522	12.5773	3617.22
523	12.6069	3615.19
524	12.6368	3613.3
525	12.6796	3612.71
526	12.7094	3612.5
527	12.7396	3601.4
528	12.7696	3599.29
529	12.7997	3592.51
530	12.8311	3574.85
531	12.8611	3574.82
532	12.8912	3550.77
533	12.9207	3548.76
534	12.9504	3548.75
535	12.9802	3548.73
536	13.0102	3543.73
537	13.0404	3543.01
538	13.0697	3542.82
539	13.0995	3542.43
540	13.1296	3536.17
541	13.16	3535.61
542	13.1898	3527.46
543	13.2205	3526.02
544	13.251	3522.65
545	13.2808	3521.85
546	13.3104	3519.12
547	13.3405	3507.43
548	13.3701	3474.46
549	13.4018	3474.46
550	13.4353	3472.81
551	13.4664	3469.23
552	13.4972	3444.56
553	13.5274	3443.9
554	13.557	3403.37
555	13.5875	3401.66
556	13.6177	3399.73
557	13.6476	3396.57
558	13.6828	3394.19
559	13.7152	3394.19
560	13.7497	3378.64
561	13.7823	3378.54
562	13.8129	3378.48
563	13.8438	3343.18
564	13.875	3340.19
565	13.9054	3339.11
566	13.9357	3336.89
567	13.9681	3336.87
568	14.001	3336.5
569	14.0317	3243.22
570	14.0654	3232.2
571	14.0982	3203.21
572	14.1294	3201.41
573	14.1613	3200.22
574	14.1928	3199.45
575	14.2239	3184.82
576	14.2559	3183.98
577	14.2877	3180.87
578	14.3183	3179.66
579	14.3504	3178.08
580	14.3812	3178.06
581	14.4121	3177.95
582	14.443	3177.57
583	14.475	3176.64
584	14.5059	3176.38
585	14.5367	3174.16
586	14.5676	3173.74
587	14.6038	3169.92
588	14.6357	3169.31
589	14.6663	3140.71
590	14.6968	3128.54
591	14.7278	3128.07
592	14.759	3126.68
593	14.7901	3114.5
594	14.8218	3111.74
595	14.8535	3111.24
596	14.8844	3111.2
597	14.9151	3110.43
598	14.9467	3109.53
599	14.979	3099.52
600	15.0111	3095.58
601	15.0424	3034.79
602	15.0736	3034.4
603	15.1054	3024.49
604	15.1379	3021.38
605	15.1693	3012.75
606	15.2005	3004.83
607	15.2327	3003.39
608	15.2657	2996.35
609	15.298	2993.99
610	15.3299	2993.88
611	15.3621	2992.61
612	15.394	2977.52
613	15.4269	2976.32
614	15.4601	2975.59
615	15.4995	2975.05
616	15.5396	2963.93
617	15.5738	2962.96
618	15.6089	2961
619	15.659	2960.94
620	15.6912	2960.21
621	15.7236	2958.33
622	15.7561	2957.27
623	15.7883	2956.76
624	15.8203	2956.54
625	15.8577	2937.78
626	15.8968	2934.69
627	15.9298	2928.9
628	15.9619	2864.67
629	15.9938	2864.5
630	16.0252	2863.1
631	16.0574	2861.57
632	16.0894	2861.23
633	16.1214	2858.89
634	16.1558	2858.86
635	16.1894	2857.63
636	16.2218	2853.06
637	16.2539	2850.91
638	16.289	2848.86
639	16.3243	2845.43
640	16.3584	2838.73
641	16.392	2835.58
642	16.4246	2835.36
643	16.4567	2825.51
644	16.4933	2825.41
645	16.5272	2764.13
646	16.562	2757.4
647	16.5946	2756.89
648	16.6269	2756.81
649	16.6594	2755.75
650	16.6924	2741.63
651	16.7255	2740.83
652	16.7592	2740.36
653	16.7918	2740.05
654	16.824	2739.96
655	16.8568	2739.02
656	16.8887	2737.44
657	16.9217	2737.42
658	16.9539	2735.97
659	16.987	2734.98
660	17.0218	2675.73
661	17.0545	2674.3
662	17.0872	2671.24
663	17.1214	2655.08
664	17.1541	2653.59
665	17.1866	2653.38
666	17.2198	2653.17
667	17.252	2648.34
668	17.2849	2648.03
669	17.318	2645.09
670	17.3513	2645.04
671	17.3843	2643.36
672	17.4176	2643.28
673	17.4506	2636.7
674	17.4834	2635.92
675	17.5167	2633.09
676	17.5504	2633.08
677	17.5835	2632.15
678	17.6163	2629.1
679	17.6504	2628.87
680	17.6832	2625.98
681	17.7177	2610.17
682	17.7519	2608.08
683	17.7855	2591.67
684	17.8193	2591.12
685	17.8535	2589.73
686	17.8863	2587.49
687	17.9198	2574.47
689	17.9863	2572.22
690	18.0203	2572.18
691	18.0533	2569.49
692	18.0865	2569.06
693	18.12	2547.71
694	18.1529	2546.62
695	18.1866	2530.73
696	18.22	2520.18
697	18.2529	2516.06
698	18.2856	2515.83
699	18.3187	2515.4
700	18.3522	2501.31
701	18.387	2501.23
702	18.4201	2500.93
703	18.4532	2499.88
704	18.488	2489.63
705	18.5208	2485.94
706	18.5534	2483.71
707	18.5875	2481.56
708	18.6207	2481.2
709	18.6536	2480.28
710	18.6865	2465.73
711	18.72	2464.87
712	18.7525	2463.87
713	18.7858	2462.48
714	18.82	2462.31
715	18.8527	2457.6
716	18.8856	2451.62
717	18.9191	2447.52
718	18.9519	2445.84
719	18.9847	2445.28
720	19.0182	2444.2
721	19.0517	2443.56
722	19.0848	2443.39
723	19.1182	2443.06
724	19.151	2410.34
725	19.1845	2410.2
726	19.2177	2409.85
727	19.2515	2409.26
728	19.2872	2409.17
729	19.3211	2399.65
730	19.354	2399.12
731	19.3871	2399.11
732	19.4208	2397.96
733	19.4543	2397.14
734	19.4876	2339.62
735	19.5212	2275.27
736	19.5553	2273.83
737	19.5892	2273.46
738	19.6225	2262.09
739	19.6567	2262.08
740	19.6901	2262.04
741	19.7239	2260.73
742	19.7579	2256.8
743	19.7909	2251.76
744	19.8245	2251.02
745	19.8589	2250.51
746	19.8927	2249.54
747	19.926	2249.28
748	19.9597	2248.9
749	19.9935	2248.18
750	20.0268	2248.14
751	20.0602	2247.38
752	20.094	2232.66
753	20.1272	2230.24
754	20.1609	2228.37
755	20.1952	2227.8
756	20.2292	2227.39
757	20.2627	2226.31
758	20.2964	2225.82
759	20.3314	2223.11
760	20.3654	2218.53
761	20.399	2215.88
762	20.4331	2211.02
763	20.4698	2208.23
764	20.504	2207.57
765	20.543	2207.55
766	20.5832	2204
767	20.618	2201.65
768	20.6527	2200.97
769	20.6867	2199
770	20.7215	2198.29
771	20.7564	2198.2
772	20.7902	2192.18
773	20.8249	2190.28
774	20.8602	2190.18
775	20.8953	2190.1
776	20.9302	2189.15
777	20.9651	2187.87
778	21.0005	2187.67
779	21.0353	2187.1
780	21.07	2185.21
781	21.1041	2183.88
782	21.1393	2181.76
783	21.1743	2180.94
784	21.2085	2178.85
785	21.2436	2178.23
786	21.2782	2177.44
787	21.3132	2175.98
788	21.3494	2164.69
789	21.3846	2164.65
790	21.4194	2164.2
791	21.4542	2163.7
792	21.4888	2155.44
793	21.5235	2155.2
794	21.5584	2127.79
795	21.593	2126.94
796	21.6286	2126.46
797	21.6632	2125.9
798	21.6984	2125.09
799	21.7335	2125.01
800	21.7682	2114.47
801	21.8041	2113.68
802	21.8396	2113.28
803	21.8748	2086.15
804	21.9105	2083.72
805	21.9458	2083.63
806	21.9807	2083.34
807	22.0156	2083.33
808	22.0506	2082.63
809	22.0854	2020.61
810	22.1214	2013.96
811	22.1568	1921.97
812	22.2076	1921.48
813	22.2437	1921.43
814	22.2785	1921.25
815	22.3146	1921.07
816	22.3497	1920.67
817	22.386	1920.1
818	22.4212	1917.55
819	22.4562	1917.32
820	22.4912	1917.21
821	22.5281	1916.98
822	22.5639	1914.68
823	22.5997	1914.61
825	22.6725	1914.37
826	22.7092	1914.04
827	22.7476	1910.76
828	22.7842	1910.66
829	22.8205	1909.7
830	22.8557	1906.4
831	22.8918	1906.33
832	22.9275	1905.68
833	22.9631	1897.51
834	22.999	1896.45
835	23.035	1896.35
836	23.0702	1896.28
837	23.1063	1895.8
838	23.1415	1894.42
839	23.1768	1893.03
840	23.2137	1891.44
841	23.2501	1884.41
842	23.2858	1884.33
843	23.3212	1881.17
844	23.3577	1878.43
845	23.3938	1877.43
846	23.4287	1876.48
847	23.4643	1875.82
848	23.5001	1873.91
849	23.5364	1873.73
850	23.5721	1873.61
851	23.6109	1873.44
852	23.6471	1871.3
853	23.6828	1870.81
854	23.7194	1870.8
855	23.7553	1870.69
856	23.7916	1866.99
857	23.839	1866.98
858	23.8792	1865.88
859	23.9155	1865.86
860	23.9528	1864.95
861	23.9896	1862.25
862	24.0256	1861.55
863	24.0629	1861.16
865	24.135	1846.37
866	24.1717	1844.15
867	24.2084	1841.35
868	24.2444	1815.86
869	24.2831	1814.72
870	24.3207	1814.71
871	24.3569	1804.92
872	24.3951	1804.65
873	24.4341	1804.02
874	24.4716	1803.98
875	24.5082	1803.9
876	24.5463	1803.65
877	24.5852	1802.43
878	24.6233	1802.24
879	24.6602	1800.88
880	24.6988	1795.4
881	24.7345	1794.52
882	24.7708	1794.39
884	24.8466	1794.26
885	24.8825	1776.1
886	24.924	1775.57
887	24.9648	1775.37
888	25.0008	1775.31
889	25.0408	1773.86
890	25.0782	1770.48
891	25.1152	1770.25
892	25.1529	1769.66
894	25.2268	1769.58
895	25.2643	1768.7
896	25.3019	1766.94
897	25.3384	1766.94
898	25.3753	1766.16
899	25.4124	1763.48
900	25.4497	1708.95
901	25.4862	1705.13
902	25.5263	1702.21
903	25.5654	1693.81
904	25.6021	1692.16
905	25.6401	1692.01
907	25.7157	1689.96
908	25.7517	1689.56
910	25.8276	1689.53
911	25.8643	1688.34
912	25.9011	1688.26
913	25.9371	1687.39
914	25.9737	1678.62
915	26.0098	1677.3
916	26.0458	1677.29
917	26.0829	1677.13
918	26.1204	1676.72
919	26.1585	1676.52
920	26.1945	1668.81
921	26.2312	1663.39
922	26.267	1662.85
923	26.3038	1654.14
924	26.3405	1653.98
925	26.3786	1653.27
926	26.416	1653.17
927	26.4559	1649.12
928	26.4944	1648.99
929	26.5332	1648.63
930	26.5701	1648.53
931	26.6061	1647.49
932	26.6436	1647.43
933	26.6809	1644.15
934	26.7183	1643.89
935	26.7549	1642.52
936	26.791	1641.33
937	26.8285	1641.15
938	26.8664	1641.13
939	26.9064	1641
940	26.9438	1632.16
941	26.9806	1632.09
942	27.0175	1631.63
943	27.0649	1631.32
944	27.1027	1629.14
945	27.1429	1625.93
946	27.1798	1624.02
947	27.2172	1621.32
948	27.2541	1620.91
949	27.2908	1620.62
950	27.327	1614.52
951	27.3641	1613.88
952	27.4017	1611.09
953	27.4386	1611.02
954	27.4749	1610.99
955	27.5112	1606.49
957	27.5865	1604.53
958	27.6233	1604.3
959	27.6606	1603.66
960	27.7023	1603.32
961	27.7403	1603.04
962	27.7769	1602.83
963	27.8132	1601.86
964	27.8504	1600.57
965	27.8876	1600.4
966	27.9243	1598.1
967	27.962	1598
968	27.9984	1597.89
969	28.0359	1590.12
970	28.0728	1589.98
971	28.1093	1589.94
972	28.1465	1589.91
973	28.1838	1589.16
974	28.2222	1541.64
975	28.2594	1497.78
976	28.2958	1495.61
977	28.3331	1495.49
978	28.3715	1483.07
979	28.4089	1482.96
980	28.4469	1482.54
981	28.4836	1481.75
982	28.522	1480.69
983	28.5602	1479.7
984	28.5981	1479.16
985	28.6354	1478.65
986	28.6747	1478.56
987	28.7118	1478.44
988	28.7492	1478.19
989	28.7868	1477.78
990	28.8241	1477.58
991	28.8617	1476.37
992	28.8998	1464.71
993	28.9375	1463.27
994	28.9761	1463.23
995	29.0142	1463.14
996	29.0519	1462.84
997	29.0891	1461.98
998	29.1266	1461.88
999	29.1641	1461.87
1000	29.2041	1461.05
1001	29.2412	1459.18
1002	29.2794	1457.15
1003	29.3186	1456.84
1004	29.3617	1456.59
1005	29.3989	1456.52
1006	29.4371	1454.51
1007	29.4748	1451.5
1008	29.5122	1450.72
1009	29.55	1450.34
1010	29.5871	1449.16
1011	29.6247	1449.15
1012	29.6619	1448.52
1013	29.699	1448.36
1014	29.7362	1448.2
1015	29.7737	1448.2
1016	29.8106	1448.08
1017	29.8487	1447.99
1018	29.8868	1447.97
1019	29.9237	1447.55
1020	29.9614	1445.3
1021	30	1443.65
1022	30.0372	1441.75
1023	30.0747	1440.63
1024	30.1119	1440.6
1025	30.1502	1440.2
1026	30.1874	1440
1027	30.2251	1439.86
1028	30.2631	1434.6
1029	30.3013	1434.58
1030	30.3387	1434.32
1031	30.3769	1433.97
1032	30.415	1425.99
1033	30.4552	1425.78
1034	30.495	1407.57
1035	30.5328	1407.37
1036	30.5718	1406.63
1037	30.6124	1406.17
1038	30.6564	1405.69
1040	30.7417	1403.32
1041	30.79	1400.66
1042	30.8537	1400.04
1043	30.894	1384.9
1044	30.9333	1384.44
1045	30.9731	1384.38
1046	31.0119	1384.01
1047	31.0516	1384.01
1048	31.0924	1383.96
1049	31.1308	1338.37
1050	31.1724	1334.93
1051	31.2113	1275.76
1052	31.2495	1275.75
1053	31.2875	1275.55
1054	31.3266	1275.16
1055	31.3647	1273.27
1056	31.4035	1272.9
1057	31.4432	1272.83
1058	31.4815	1271.51
1059	31.5206	1271.18
1060	31.5677	1271.05
1061	31.6083	1270.97
1062	31.6469	1269.17
1063	31.6847	1267.58
1064	31.7223	1267.56
1065	31.7601	1267.05
1066	31.7989	1265.56
1067	31.8367	1264.83
1068	31.8747	1264.73
1069	31.9122	1262.22
1070	31.9501	1262.09
1072	32.0273	1261.93
1073	32.0656	1261.45
1074	32.1034	1258.8
1075	32.1411	1258.67
1076	32.1789	1258.31
1077	32.2166	1257.27
1078	32.2564	1257.14
1079	32.3017	1257.04
1080	32.3496	1256.18
1081	32.3977	1253.22
1082	32.4373	1252.45
1083	32.4768	1249.78
1084	32.5167	1249.53
1085	32.5662	1245.27
1086	32.6064	1243.78
1087	32.6459	1243.07
1088	32.687	1235.51
1089	32.7257	1235.19
1090	32.7628	1235.08
1091	32.8006	1234.57
1092	32.8376	1234.46
1093	32.875	1234.2
1094	32.9128	1233.36
1095	32.9491	1232.54
1096	32.9871	1232.12
1097	33.024	1232.11
1098	33.0606	1231.98
1099	33.0977	1231.94
1100	33.1353	1231.78
1101	33.1731	1231.46
1102	33.2102	1231.35
1103	33.2466	1230.22
1104	33.2858	1230.22
1105	33.3225	1230
1106	33.36	1229.85
1107	33.4042	1229.44
1108	33.4453	1224.82
1109	33.487	1224.16
1110	33.5248	1224.08
1111	33.562	1223.61
1112	33.6002	1223.38
1113	33.6383	1223.3
1114	33.6785	1223.16
1115	33.7166	1223.09
1116	33.7549	1222.5
1117	33.7939	1222.45
1118	33.8339	1221.39
1119	33.8711	1220.62
1120	33.9093	1218.14
1121	33.9465	1217.69
1122	33.9852	1217.32
1124	34.0601	1217.27
1125	34.098	1203.22
1126	34.1352	1202.59
1127	34.1726	1202.47
1129	34.2466	1201.63
1130	34.2844	1196.6
1131	34.3217	1196.15
1132	34.359	1195.99
1134	34.4341	1195.92
1135	34.4722	1195.67
1136	34.5096	1195.04
1137	34.5479	1195.03
1138	34.586	1194.24
1139	34.6237	1193.79
1140	34.6621	1126.99
1141	34.6989	1126.6
1143	34.7761	1122.37
1144	34.8132	1122.01
1145	34.8509	1121.6
1147	34.9261	1121.44
1148	34.9688	1120.11
1150	35.0446	1119.88
1151	35.0829	1119.12
1152	35.1214	1119.11
1153	35.1596	1118.39
1154	35.1973	1112.27
1155	35.2348	1110.44
1157	35.3094	1110.44
1158	35.3473	1109.31
1159	35.3853	1109.12
1160	35.424	1105.68
1161	35.4619	1104.83
1162	35.4998	1104.15
1163	35.539	1101.88
1164	35.5764	1101.77
1165	35.6151	1100.89
1166	35.6534	1099.97
1167	35.6978	1097.71
1168	35.7383	1097.45
1169	35.7769	1096.68
1171	35.8588	1096.13
1172	35.8972	1096.1
1173	35.9356	1093.52
1174	35.9775	1093.2
1175	36.0161	1092.22
1176	36.056	1091.47
1177	36.0962	1091.29
1178	36.14	1091.12
1179	36.1785	1090.96
1180	36.218	1089.97
1182	36.2941	1088.88
1183	36.3326	1087.64
1184	36.3717	1086.76
1185	36.414	1083.25
1186	36.4529	1081.83
1187	36.4915	1079.98
1188	36.5297	1079.59
1189	36.571	1079.19
1190	36.6105	1076.44
1191	36.649	1076.39
1192	36.6869	1076.3
1193	36.7247	1075.91
1194	36.7633	1075.72
1195	36.8018	1063.04
1196	36.8397	1061.88
1197	36.8779	1061.43
1199	36.9551	1061.33
1200	36.994	1061.26
1201	37.0336	1061.25
1202	37.0729	1061.06
1203	37.1107	1060.74
1204	37.1501	1038.08
1205	37.1883	1038.05
1206	37.2264	1037.93
1207	37.2657	1037.64
1208	37.3035	1037.63
1209	37.3423	1033.46
1210	37.3812	1033.24
1211	37.4194	1033.14
1212	37.4586	1033.08
1213	37.5096	1032.29
1214	37.5492	990.048
1215	37.6101	936.288
1216	37.6566	935.879
1218	37.733	926.942
1219	37.7727	926.81
1220	37.8121	926.297
1221	37.8508	925.993
1222	37.889	925.044
1223	37.9273	924.68
1224	37.9659	924.35
1225	38.0079	924.121
1226	38.047	923.924
1227	38.0849	923.598
1228	38.1235	923.411
1229	38.1613	923.336
1230	38.2014	923.321
1231	38.241	922.499
1232	38.2797	919.777
1233	38.32	919.614
1234	38.3585	919.313
1235	38.3991	919.11
1236	38.4388	918.954
1237	38.478	918.699
1238	38.5171	918.623
1239	38.5572	918.463
1240	38.5955	918.001
1241	38.635	914.676
1242	38.6736	913.876
1243	38.7115	913.644
1244	38.7506	912.607
1245	38.7892	912.536
1246	38.8272	911.946
1247	38.8672	911.072
1248	38.9068	909.475
1249	38.9464	908.56
1250	38.9865	907.433
1251	39.0256	907.332
1252	39.0647	907.248
1253	39.105	907.107
1255	39.1829	907.103
1256	39.2222	907.035
1257	39.2624	907.009
1258	39.3014	906.983
1259	39.3417	906.849
1260	39.3808	906.331
1261	39.42	905.853
1262	39.4592	904.447
1263	39.4989	903.839
1264	39.5391	903.689
1265	39.5804	903.673
1267	39.6621	903.646
1268	39.701	900.861
1269	39.7415	900.787
1270	39.7828	900.686
1271	39.827	900.487
1272	39.868	900.393
1273	39.9089	899.894
1274	39.9479	897.83
1275	39.9878	897.795
1276	40.0308	897.746
1277	40.071	897.719
1278	40.1125	897.382
1279	40.1531	897.382
1280	40.1957	894.951
1281	40.2352	893.668
1282	40.2751	892.511
1283	40.3149	890.791
1284	40.3541	890.774
1285	40.3952	890.686
1286	40.4351	890.435
1287	40.4758	890.415
1288	40.516	890.287
1289	40.5554	783.151
1290	40.596	780.438
1291	40.6397	748.86
1292	40.682	743.326
1293	40.7258	742.728
1295	40.8068	741.278
1296	40.8456	741.115
1297	40.8861	741.02
1298	40.9253	740.381
1299	40.9657	739.925
1300	41.0075	739.92
1302	41.0887	739.738
1303	41.128	739.375
1304	41.1711	739.291
1305	41.2103	739.262
1306	41.25	736.989
1307	41.2893	734.972
1308	41.3292	734.831
1309	41.3701	734.233
1310	41.4138	734.142
1312	41.4974	733.979
1313	41.5396	726.301
1314	41.5806	725.987
1315	41.6212	725.773
1316	41.6618	725.764
1317	41.7028	725.56
1318	41.7421	725.373
1319	41.7829	725.349
1320	41.8282	725.047
1321	41.8698	724.65
1322	41.9102	723.327
1323	41.9503	721.347
1324	41.9906	721.053
1325	42.0308	720.524
1326	42.0713	718.165
1327	42.1114	717.573
1328	42.1517	717.038
1329	42.1923	717.025
1331	42.2779	716.922
1332	42.3204	716.892
1333	42.3624	716.754
1334	42.4029	715.03
1335	42.4431	714.767
1336	42.4877	714.686
1337	42.5361	714.571
1338	42.5762	714.058
1339	42.617	714.02
1340	42.6568	713.889
1341	42.6969	713.272
1342	42.7399	713.176
1343	42.7796	712.625
1344	42.8208	712.396
1345	42.8603	712.275
1346	42.9011	712.023
1347	42.9419	711.773
1348	42.9828	710.264
1349	43.0233	709.7
1352	43.1447	709.525
1353	43.1844	709.481
1354	43.2257	709.388
1355	43.266	709.377
1356	43.3071	708.419
1357	43.3481	708.373
1358	43.3888	708.192
1359	43.4294	707.989
1360	43.4706	707.235
1361	43.5115	707.153
1362	43.5522	707.047
1363	43.5918	706.96
1364	43.6317	706.883
1365	43.6714	687.306
1366	43.7115	687.246
1367	43.7525	687.234
1369	43.8329	687.158
1370	43.8731	686.599
1371	43.9134	686.367
1372	43.9533	686.328
1374	44.034	686.288
1375	44.0755	685.967
1376	44.1164	685.443
1377	44.1562	685.437
1378	44.196	684.865
1379	44.2362	684.322
1380	44.2757	631.239
1381	44.3168	631.091
1382	44.3574	630.756
1383	44.3989	627.79
1384	44.4397	627.778
1385	44.4816	627.509
1387	44.5679	627.485
1388	44.608	627.388
1389	44.6496	627.285
1390	44.6901	627.199
1391	44.7305	626.797
1392	44.7728	626.723
1393	44.813	626.183
1394	44.8532	625.079
1395	44.8939	625.055
1397	44.974	624.988
1398	45.0145	624.359
1399	45.0557	624.286
1400	45.0967	615.935
1401	45.1375	615.231
1402	45.178	615.117
1403	45.2183	613.643
1405	45.3002	612.825
1406	45.3402	612.74
1407	45.3815	611.616
1408	45.4309	611.525
1409	45.4752	611.393
1410	45.5186	611.389
1411	45.5787	609.82
1412	45.6201	609.768
1413	45.661	608.685
1414	45.702	608.461
1416	45.7837	607.403
1417	45.8244	607.294
1420	45.9454	607.033
1421	45.9854	607.007
1422	46.0267	606.329
1423	46.0677	606.175
1424	46.1083	605.604
1425	46.1484	604.114
1426	46.1919	603.155
1427	46.2325	602.979
1428	46.2758	602.534
1429	46.3158	602.406
1430	46.3583	600.515
1431	46.4024	600.122
1432	46.4434	599.989
1433	46.4863	599.732
1434	46.5267	599.728
1435	46.5682	598.497
1436	46.61	597.251
1437	46.6506	597.123
1439	46.7428	597.091
1440	46.7838	597.055
1441	46.8258	596.958
1442	46.8664	596.94
1443	46.9096	596.815
1444	46.9497	561.472
1445	46.9904	561.324
1446	47.0316	561.125
1447	47.0725	561.123
1448	47.1142	561.118
1449	47.1557	559.897
1450	47.1957	559.875
1451	47.2385	559.832
1452	47.2796	559.819
1453	47.3212	559.586
1454	47.3631	554.614
1455	47.4049	545.435
1456	47.4458	544.84
1457	47.4884	544.83
1458	47.5289	543.041
1459	47.5711	543.033
1460	47.6127	542.91
1461	47.6532	542.633
1462	47.6937	542.278
1463	47.7359	541.943
1464	47.7764	541.758
1465	47.8167	541.717
1466	47.8584	541.633
1467	47.8991	541.457
1468	47.9415	541.448
1469	47.9824	541.419
1470	48.0241	541.412
1471	48.0664	541.199
1472	48.1081	539.65
1473	48.1543	539.524
1474	48.1964	539.313
1475	48.2395	539.264
1476	48.2807	539.228
1477	48.3229	538.962
1478	48.3657	538.944
1479	48.4071	538.893
1480	48.449	538.66
1481	48.491	538.222
1482	48.5331	538.207
1483	48.5746	538.145
1484	48.6155	538.02
1485	48.6585	537.862
1486	48.6995	537.642
1487	48.7406	537.137
1488	48.7827	537.036
1489	48.8242	536.949
1490	48.867	536.599
1491	48.9113	536.422
1492	48.9522	536.27
1493	48.9937	536.2
1494	49.035	536.163
1495	49.0774	536.127
1496	49.1181	536.019
1497	49.1596	535.928
1498	49.2001	535.901
1499	49.2416	535.844
1500	49.2824	535.042
1501	49.3236	534.49
1502	49.3656	533.305
1503	49.4061	533.126
1504	49.4473	533.077
1505	49.4886	532.949
1506	49.5302	532.875
1507	49.5709	532.841
1508	49.6116	529.293
1509	49.6534	529.278
1510	49.6964	529.192
1511	49.7725	529.097
1512	49.8175	528.242
1513	49.8583	528.175
1514	49.9002	525.028
1515	49.9422	524.735
1516	49.9836	524.612
1518	50.0676	524.341
1519	50.1085	524.34
1520	50.1504	522.325
1521	50.1913	521.912
1522	50.2325	521.815
1523	50.2741	520.607
1524	50.316	520.414
1526	50.3988	520.284
1527	50.44	520.218
1528	50.4824	520.201
1529	50.5242	516.378
1530	50.5665	515.401
1531	50.6074	502.101
1533	50.6904	502.086
1534	50.7317	501.988
1536	50.8143	501.866
1537	50.8555	501.783
1538	50.8963	501.405
1539	50.9373	501.287
1540	50.9789	501.243
1541	51.0263	501.198
1542	51.0713	501.077
1543	51.1141	501.035
1544	51.1551	501.006
1545	51.1962	500.872
1546	51.2372	500.585
1547	51.2783	500.339
1548	51.3206	500.303
1549	51.3671	500.206
1550	51.4156	499.918
1552	51.4989	499.717
1553	51.5407	499.459
1554	51.5815	499.405
1555	51.6233	499.338
1556	51.6649	499.331
1557	51.7069	499.312
1558	51.7491	499.208
1560	51.8327	499.083
1561	51.8749	498.919
1562	51.9159	498.345
1563	51.9582	497.153
1564	51.999	496.899
1565	52.0416	496.612
1566	52.083	496.31
1567	52.1268	496.096
1568	52.1686	495.665
1569	52.2112	495.659
1570	52.2542	495.652
1571	52.2958	495.594
1572	52.3369	495.546
1573	52.3795	495.479
1574	52.4211	495.204
1576	52.5039	495.179
1577	52.5452	494.702
1578	52.5865	494.382
1579	52.628	494.34
1580	52.669	493.967
1581	52.7108	493.581
1582	52.7527	493.526
1583	52.795	493.295
1584	52.836	492.57
1585	52.877	492.505
1586	52.9183	492.061
1587	52.9599	491.994
1588	53.0009	484.409
1589	53.0432	484.316
1590	53.0843	484.139
1591	53.1259	483.984
1592	53.168	483.896
1593	53.2088	483.584
1594	53.2518	483.473
1595	53.294	483.348
1597	53.3778	483.257
1598	53.4187	481.838
1599	53.4607	481.76
1600	53.5023	481.254
1601	53.5437	481.169
1602	53.5847	481.136
1603	53.6258	480.784
1604	53.668	480.776
1605	53.7089	478.556
1606	53.7509	478.403
1608	53.8336	478.365
1609	53.8747	477.6
1611	53.9592	477.339
1612	54.0007	477.228
1613	54.042	477.115
1614	54.0841	477.077
1615	54.1259	476.873
1616	54.1689	476.691
1617	54.2105	476.672
1618	54.2537	476.41
1620	54.3428	458.178
1621	54.3854	458.153
1623	54.4694	456.499
1624	54.5109	456.204
1625	54.5588	456.062
1626	54.6005	456.01
1627	54.6426	456.003
1628	54.6841	455.949
1630	54.7681	455.917
1631	54.8102	455.739
1632	54.858	455.715
1633	54.9009	455.48
1634	54.9432	454.587
1635	54.9997	454.434
1636	55.0423	454.423
1637	55.0849	454.175
1638	55.127	453.96
1639	55.1742	453.906
1640	55.2165	450.431
1641	55.2579	450.104
1642	55.2994	449.847
1643	55.3506	449.392
1644	55.3954	449.281
1645	55.4403	448.859
1646	55.4856	448.662
1647	55.5284	448.247
1648	55.5698	448.162
1650	55.6547	448.13
1651	55.6967	447.653
1652	55.7435	447.596
1653	55.7857	446.998
1654	55.828	446.911
1656	55.9116	446.413
1658	56	446.357
1660	56.0835	446.286
1661	56.125	446.283
1662	56.1684	445.977
1665	56.2943	444.191
1666	56.3364	443.635
1667	56.3784	439.53
1670	56.5029	435.807
1671	56.5448	435.664
1672	56.5864	435.51
1673	56.6278	435.233
1675	56.7119	433.713
1676	56.7535	433.698
1677	56.7973	433.673
1680	56.922	433.524
1681	56.9632	433.368
1682	57.0068	433.238
1683	57.0487	433.166
1684	57.0955	431.843
1685	57.1379	431.77
1686	57.1796	431.749
1687	57.2214	431.708
1688	57.2632	431.696
1689	57.3059	431.29
1690	57.3488	431.101
1691	57.3912	430.976
1692	57.44	430.956
1693	57.4854	430.817
1694	57.5305	430.112
1695	57.5761	405.543
1696	57.621	405.301
1697	57.6686	405.238
1698	57.7114	404.4
1699	57.7538	404.359
1700	57.7952	404.324
1701	57.837	404.127
1702	57.8793	404.114
1703	57.9205	403.835
1704	57.9621	403.749
1705	58.0037	403.273
1706	58.0452	402.907
1707	58.087	402.682
1709	58.1709	402.661
1710	58.2131	402.608
1711	58.257	402.359
1712	58.3019	401.775
1713	58.346	401.729
1714	58.3909	401.182
1715	58.4355	401.167
1716	58.4791	401.153
1717	58.5235	400.931
1718	58.5652	400.908
1719	58.6089	400.874
1720	58.6507	400.748
1721	58.6935	400.693
1722	58.7374	400.671
1723	58.7794	400.565
1724	58.8226	400.039
1725	58.8651	399.886
1726	58.9094	399.738
1727	58.9509	399.391
1728	58.9942	399.37
1729	59.0363	399.18
1730	59.0787	399.031
1732	59.1626	398.946
1733	59.2051	398.891
1735	59.2903	398.864
1736	59.333	398.824
1737	59.3782	398.719
1738	59.4206	398.704
1739	59.4729	397.744
1740	59.5219	397.341
1741	59.5646	397.21
1742	59.6079	395.971
1743	59.652	395.895
1744	59.6939	395.847
1745	59.738	395.846
1746	59.7801	395.683
1747	59.8221	395.673
1748	59.8681	394.651
1749	59.9109	394.638
1750	59.9534	394.156
1751	59.9973	394.05
1752	60.0395	392.118
1753	60.0826	391.924
1754	60.1243	391.717
1755	60.1665	391.651
1756	60.2095	391.524
1757	60.2525	391.402
1758	60.2962	391.197
1759	60.3392	391.197
1760	60.3816	390.886
1761	60.424	390.711
1762	60.4672	390.645
1763	60.5088	389.649
1765	60.5932	389.6
1766	60.6346	389.367
1767	60.6781	389.355
1768	60.7217	389.156
1769	60.7656	381.872
1770	60.8109	381.145
1771	60.8562	380.478
1772	60.8977	380.47
1773	60.9407	380.424
1776	61.0669	380.363
1777	61.1091	380.249
1778	61.1507	379.93
1779	61.1936	379.771
1781	61.2772	379.677
1782	61.3192	379.54
1783	61.3609	379.505
1784	61.4025	379.466
1785	61.4459	379.436
1786	61.4874	378.723
1787	61.5293	378.28
1788	61.5717	378.167
1789	61.6136	378.112
1791	61.6979	378.033
1792	61.7405	377.712
1793	61.7842	376.865
1794	61.8274	376.65
1796	61.9147	376.643
1798	61.9987	376.551
1801	62.1384	376.508
1802	62.1818	376.147
1803	62.2249	375.688
1804	62.2692	375.596
1805	62.3128	375.445
1806	62.3559	372.94
1807	62.3998	372.673
1808	62.4416	372.253
1812	62.611	372.084
1813	62.653	372.063
1814	62.6959	372.038
1816	62.7804	372.021
1817	62.8233	371.98
1818	62.8673	371.94
1819	62.9096	371.905
1820	62.9515	371.894
1821	62.994	371.49
1822	63.037	371.455
1823	63.0795	371.317
1824	63.1222	371.127
1825	63.1637	371.114
1826	63.2071	370.96
1827	63.2494	370.892
1828	63.2928	370.382
1829	63.3354	369.788
1831	63.4214	369.777
1832	63.4639	369.682
1833	63.5063	369.653
1834	63.5487	368.946
1836	63.6331	368.908
1837	63.676	368.9
1838	63.7186	368.727
1839	63.761	368.701
1840	63.803	368.378
1842	63.89	367.915
1843	63.9325	367.881
1844	63.9749	367.85
1845	64.0175	364.944
1846	64.0602	364.67
1849	64.1869	364.663
1850	64.2303	364.599
1851	64.2753	364.585
1852	64.3173	364.468
1853	64.36	364.081
1854	64.4036	364.078
1856	64.4888	363.727
1857	64.5314	363.713
1858	64.5748	363.638
1860	64.6607	361.302
1861	64.7038	361.257
1862	64.7509	360.985
1863	64.7959	360.144
1864	64.8378	360.085
1865	64.8803	359.87
1867	64.9667	359.847
1868	65.0092	359.559
1869	65.0515	359.516
1870	65.0942	359.501
1871	65.1379	359.312
1872	65.1812	359.247
1873	65.2239	358.425
1874	65.2666	356.362
1876	65.3523	356.271
1877	65.3955	355.939
1878	65.4396	355.854
1879	65.4817	355.772
1880	65.525	344.124
1881	65.5684	343.934
1882	65.6114	343.927
1883	65.6535	343.711
1884	65.6962	342.085
1885	65.7395	341.972
1886	65.7805	341.808
1887	65.8219	341.708
1888	65.8631	341.675
1889	65.9048	341.6
1890	65.9472	341.432
1891	65.9893	341.142
1892	66.0311	340.695
1893	66.0729	340.35
1894	66.1144	340.254
1895	66.1558	340.125
1896	66.198	338.95
1898	66.2809	338.897
1899	66.3221	338.893
1900	66.3638	338.771
1901	66.406	338.667
1902	66.4485	338.103
1903	66.491	338.061
1905	66.5743	337.77
1906	66.6163	337.225
1907	66.7061	335.933
1910	66.8372	333.971
1912	66.9323	333.952
1914	67.0184	333.868
1915	67.0621	333.254
1916	67.1095	333.092
1917	67.1538	333.051
1920	67.2797	333.034
1921	67.3231	332.975
1922	67.3648	332.955
1923	67.4077	332.82
1924	67.452	331.687
1925	67.494	331.674
1926	67.5361	331.638
1927	67.5788	331.426
1928	67.6204	331.423
1929	67.663	331.06
1930	67.706	331.055
1932	67.7921	331.032
1933	67.8343	330.915
1934	67.8769	330.805
1935	67.9186	328.947
1936	67.9607	328.837
1937	68.0042	328.819
1938	68.0463	328.35
1939	68.0881	328.337
1940	68.1321	328.28
1941	68.1766	328.089
1942	68.2192	328.086
1943	68.2617	327.956
1944	68.3035	327.946
1945	68.3455	327.945
1946	68.3873	327.913
1947	68.4291	327.871
1948	68.4704	327.859
1949	68.5128	327.776
1950	68.5583	327.738
1951	68.6023	327.597
1952	68.6441	326.722
1953	68.6865	326.542
1954	68.7282	326.538
1955	68.7698	326.528
1957	68.8538	326.493
1958	68.8957	326.342
1959	68.9375	326.321
1961	69.0275	326.142
1962	69.0697	326.132
1963	69.1124	326.103
1964	69.155	326.008
1965	69.1981	325.97
1966	69.2397	325.829
1967	69.2845	325.534
1968	69.3283	325.506
1969	69.3726	325.414
1970	69.4255	325.393
1972	69.5105	325.301
1973	69.553	325.243
1974	69.5955	325.172
1975	69.6382	325.155
1976	69.6815	325.154
1977	69.7245	325.081
1978	69.7669	325.063
1979	69.8275	324.736
1980	69.8735	324.555
1981	69.9303	324.467
1982	69.9895	324.008
1983	70.0614	323.873
1984	70.1034	323.86
1985	70.1468	323.851
1986	70.1915	323.819
1987	70.2363	323.784
1988	70.2813	322.985
1990	70.3685	322.569
1991	70.4162	322.468
1992	70.46	321.64
1993	70.5024	321.207
1994	70.5444	321.085
1995	70.5871	320.819
1996	70.6321	320.616
1998	70.7233	320.481
1999	70.7668	320.48
2000	70.8099	320.287
2001	70.8531	320.122
2002	70.896	320.07
2003	70.9383	319.688
2004	70.9824	319.677
2007	71.1096	319.667
2008	71.1517	319.493
2009	71.1947	317.177
2010	71.2382	316.896
2011	71.2811	315.858
2012	71.3235	315.722
2013	71.3664	315.572
2014	71.4091	315.543
2015	71.4528	315.542
2016	71.4962	315.539
2017	71.5397	315.437
2019	71.6258	315.415
2020	71.6697	315.374
2021	71.7131	315.358
2022	71.7567	315.327
2023	71.799	315.308
2025	71.8863	315.287
2026	71.929	315.131
2027	71.972	315.058
2028	72.0148	315.025
2029	72.0574	315.004
2031	72.1424	314.97
2032	72.1862	314.545
2033	72.229	314.082
2034	72.2715	313.98
2035	72.3156	313.874
2036	72.3582	313.87
2038	72.4565	313.69
2041	72.5887	313.583
2042	72.6319	313.156
2043	72.6754	312.735
2044	72.7195	312.696
2045	72.7631	312.609
2046	72.8058	311.909
2047	72.8487	311.47
2048	72.8942	310.688
2050	72.9824	310.665
2051	73.0257	310.654
2052	73.0687	310.622
2053	73.1121	310.56
2054	73.1545	310.37
2056	73.2403	310.339
2057	73.2833	310.21
2058	73.327	310.177
2059	73.3707	310.139
2061	73.456	309.866
2062	73.4984	309.801
2063	73.5422	309.672
2064	73.5845	309.562
2065	73.6271	309.556
2066	73.6703	309.186
2067	73.7137	309.163
2068	73.7573	308.289
2069	73.8005	307.47
2072	73.9308	307.41
2073	73.9751	307.373
2074	74.0179	305.802
2076	74.1028	305.747
2077	74.1459	305.736
2078	74.1901	304.298
2079	74.2333	304.235
2080	74.278	304.226
2082	74.3649	303.992
2084	74.4622	303.974
2085	74.5054	303.669
2090	74.7224	303.578
2092	74.8095	303.454
2093	74.8584	303.348
2096	74.9872	303.244
2097	75.0321	303.23
2098	75.0791	303.119
2100	75.1656	301.757
2101	75.2091	301.706
2102	75.2521	301.635
2103	75.2956	300.411
2104	75.3394	300.384
2105	75.3871	300.283
2106	75.4321	300.272
2108	75.5195	300.028
2110	75.6079	300.014
2112	75.6946	299.949
2113	75.7378	299.768
2114	75.7809	298.361
2116	75.868	298.251
2117	75.928	298.166
2118	75.9722	298.054
2119	76.016	297.995
2120	76.0592	295.447
2121	76.104	295.282
2122	76.1484	295.019
2123	76.1914	294.964
2124	76.2367	294.884
2125	76.2813	294.779
2127	76.3688	294.625
2128	76.4123	294.615
2130	76.4994	294.554
2131	76.5437	294.486
2132	76.5865	294.011
2133	76.6297	293.716
2134	76.6751	293.703
2135	76.7222	293.624
2136	76.7651	293.362
2137	76.8106	293.295
2138	76.8573	293.104
2139	76.9026	292.962
2141	76.9925	292.922
2143	77.0792	292.555
2146	77.2124	292.155
2147	77.2584	291.21
2150	77.3881	290.234
2151	77.4308	290.204
2152	77.4747	290.169
2154	77.5606	289.894
2155	77.6042	289.395
2156	77.6474	289.363
2157	77.6909	289.347
2159	77.7838	289.299
2160	77.8276	289.279
2161	77.8711	289.25
2162	77.9156	289.248
2163	77.9585	289.186
2164	78.002	288.788
2165	78.0472	288.615
2166	78.0916	288.565
2167	78.1352	288.52
2168	78.1789	288.516
2169	78.2225	288.321
2170	78.2652	288.315
2171	78.3093	288.31
2172	78.3526	288.308
2173	78.3961	288.285
2174	78.4397	288.029
2175	78.483	287.441
2176	78.5286	287.345
2178	78.6156	287.049
2179	78.6581	287.036
2180	78.7009	287.022
2181	78.7443	286.898
2182	78.7871	286.637
2183	78.832	286.517
2184	78.8756	286.409
2185	78.9188	286.32
2186	78.9627	286.304
2187	79.0066	286.086
2188	79.05	286.05
2189	79.0932	286.022
2190	79.1367	286.01
2191	79.1809	285.972
2192	79.2241	285.888
2193	79.2672	285.86
2194	79.31	285.764
2195	79.3534	285.763
2196	79.4004	285.701
2197	79.4451	285.627
2198	79.4947	285.614
2200	79.5835	285.574
2201	79.6269	285.481
2202	79.6704	285.463
2203	79.7143	285.455
2204	79.7577	285.449
2205	79.8021	285.415
2206	79.8462	285.261
2207	79.8899	284.861
2208	79.9352	284.85
2209	79.9894	284.622
2210	80.0509	284.546
2212	80.1417	284.521
2215	80.2798	284.509
2216	80.3238	284.497
2217	80.3679	284.445
2218	80.411	284.438
2219	80.4545	284.357
2220	80.498	284.281
2221	80.5424	284.179
2222	80.5877	284.101
2223	80.6315	284
2224	80.6753	283.995
2225	80.7194	283.991
2227	80.8058	283.981
2228	80.8491	283.288
2229	80.8925	283.281
2230	80.9358	283.159
2231	80.9804	283.113
2232	81.0245	282.445
2233	81.0681	282.273
2234	81.1117	282.17
2235	81.1551	282.098
2236	81.1989	282.054
2238	81.2846	281.928
2239	81.3284	281.927
2240	81.3719	281.848
2241	81.4158	281.728
2242	81.4595	281.659
2243	81.5028	281.421
2247	81.6822	281.267
2248	81.7266	280.993
2249	81.7712	279.798
2250	81.8152	278.719
2251	81.8581	278.716
2252	81.9029	278.597
2253	81.9461	278.574
2257	82.122	278.422
2259	82.2087	278.403
2260	82.2534	278.402
2262	82.3415	278.313
2263	82.3855	278.298
2264	82.433	278.255
2265	82.4771	278.211
2266	82.5203	278.084
2267	82.5638	277.998
2269	82.6533	277.864
2270	82.6981	277.708
2272	82.7881	277.518
2273	82.8332	277.329
2274	82.8781	277.309
2275	82.9227	277.26
2276	82.9668	277.254
2277	83.0102	277.206
2278	83.0541	277.097
2281	83.1876	277.049
2282	83.2317	276.998
2283	83.2752	276.121
2284	83.3253	276.075
2285	83.3716	276.024
2286	83.4166	275.625
2287	83.4622	275.343
2288	83.506	275.187
2291	83.6399	275.099
2294	83.791	274.666
2295	83.8395	274.468
2296	83.8855	274.432
2297	83.9301	274.369
2299	84.0205	274.337
2300	84.065	274.331
2301	84.1095	274.181
2302	84.1542	274.136
2303	84.1997	273.816
2304	84.244	273.741
2305	84.2888	273.713
2306	84.3325	273.576
2307	84.3767	273.553
2308	84.4198	273.003
2309	84.4655	272.695
2312	84.5994	272.658
2313	84.6433	272.554
2314	84.692	272.439
2317	84.8412	272.328
2318	84.885	272.148
2319	84.9315	272.101
2320	84.9755	271.998
2321	85.0199	271.961
2322	85.0661	271.914
2324	85.155	271.893
2326	85.2435	271.825
2328	85.3374	271.809
2329	85.3829	271.787
2332	85.5187	271.727
2333	85.5643	271.618
2336	85.6966	271.526
2337	85.7419	271.524
2338	85.7861	271.466
2339	85.8299	271.423
2340	85.8734	270.39
2341	85.9169	270.339
2343	86.0086	269.784
2345	86.0985	269.761
2346	86.1419	269.752
2348	86.2317	269.731
2350	86.3198	269.715
2352	86.4091	269.696
2353	86.4534	269.475
2354	86.5033	267.682
2355	86.5519	267.681
2358	86.6979	267.653
2360	86.7856	265.545
2361	86.8291	265.529
2363	86.9167	265.351
2364	86.9608	264.661
2365	87.0053	264.626
2366	87.0556	264.577
2367	87.1023	264.549
2368	87.1469	264.544
2370	87.2347	264.522
2372	87.3241	264.486
2373	87.3694	264.312
2374	87.4132	264.312
2376	87.5024	264.211
2377	87.5487	264.098
2378	87.5925	264.026
2379	87.6358	263.854
2380	87.6806	263.811
2381	87.724	263.765
2383	87.8118	263.652
2385	87.8999	263.503
2386	87.9432	263.401
2387	87.9865	262.87
2389	88.0749	262.83
2390	88.1188	261.587
2392	88.2084	261.572
2394	88.2973	261.46
2395	88.342	261.043
2401	88.6351	261.035
2402	88.6801	261.021
2403	88.7256	260.984
2404	88.7722	260.604
2405	88.8178	260.539
2406	88.8635	260.513
2407	88.9081	260.469
2408	88.9517	260.446
2409	88.9968	259.468
2410	89.0401	259.466
2411	89.0845	259.462
2412	89.1283	259.453
2413	89.173	259.316
2415	89.2626	258.748
2416	89.307	258.715
2418	89.3961	258.603
2419	89.4402	258.548
2420	89.4835	258.535
2421	89.5286	258.407
2422	89.5724	258.335
2423	89.6158	258.232
2424	89.6621	258.1
2425	89.7061	258.072
2427	89.7943	258.065
2429	89.883	258.046
2430	89.9286	257.999
2431	89.972	257.978
2432	90.0163	257.838
2434	90.1074	257.82
2435	90.1522	257.807
2436	90.197	257.762
2437	90.2425	257.725
2438	90.302	257.716
2440	90.3944	257.576
2442	90.4851	257.553
2443	90.5318	257.528
2444	90.5776	257.516
2445	90.623	257.495
2446	90.6682	257.379
2447	90.7172	257.076
2448	90.7629	257.056
2449	90.8198	256.852
2450	90.8835	256.771
2452	90.9954	256.751
2454	91.0843	256.728
2455	91.1313	256.72
2456	91.18	256.712
2457	91.2243	256.651
2458	91.2684	256.641
2459	91.3121	256.632
2460	91.3563	256.578
2461	91.4026	256.504
2462	91.4467	256.42
2463	91.4914	256.389
2464	91.5358	256.384
2465	91.5807	256.378
2467	91.6698	256.375
2468	91.7133	256.103
2470	91.8019	256.077
2471	91.8466	256.054
2472	91.8921	255.846
2473	91.938	255.72
2474	91.9827	255.581
2475	92.0284	255.53
2476	92.0753	255.512
2478	92.1655	255.423
2479	92.2104	255.423
2480	92.2543	255.331
2481	92.298	255.243
2482	92.3436	255.226
2483	92.3874	254.876
2486	92.5234	254.865
2487	92.568	254.757
2488	92.6162	254.579
2489	92.6621	253.894
2490	92.7078	253.824
2491	92.7523	253.612
2492	92.7969	253.528
2493	92.8406	253.504
2496	92.9725	253.5
2497	93.0172	253.452
2500	93.1513	253.452
2501	93.1962	253.45
2502	93.2416	253.385
2504	93.3299	253.343
2505	93.3751	253.334
2506	93.4196	253.15
2509	93.5584	252.984
2512	93.6916	252.892
2513	93.736	252.804
2514	93.7803	252.782
2515	93.8239	252.525
2516	93.8696	252.52
2518	93.9612	252.432
2522	94.1548	252.027
2523	94.204	251.879
2524	94.2493	251.851
2526	94.3386	251.537
2527	94.3842	251.428
2529	94.4733	251.382
2530	94.5182	251.343
2532	94.6064	251.34
2533	94.6508	251.29
2534	94.6944	251.018
2535	94.7398	250.741
2536	94.785	250.717
2537	94.8314	250.672
2538	94.8756	250.645
2539	94.9195	250.634
2541	95.0143	250.174
2543	95.1042	250.114
2544	95.1486	250.107
2545	95.1937	250.093
2546	95.2392	250.027
2547	95.285	250.018
2548	95.3301	249.867
2549	95.3835	249.703
2551	95.4777	249.63
2552	95.5244	249.621
2553	95.5687	249.591
2554	95.614	249.549
2556	95.7063	249.509
2557	95.7519	249.469
2558	95.8028	247.771
2559	95.8484	247.751
2563	96.0286	247.745
2564	96.0747	247.724
2566	96.1663	247.648
2568	96.2569	247.625
2569	96.3015	247.545
2572	96.4378	247.528
2573	96.4826	247.493
2576	96.6233	247.337
2577	96.6673	247.335
2578	96.7138	247.318
2580	96.8031	246.997
2582	96.8921	246.959
2583	96.9371	246.441
2584	96.9844	246.423
2586	97.0782	246.417
2588	97.17	246.282
2590	97.2615	246.28
2592	97.3526	246.271
2594	97.4441	245.191
2595	97.4889	245.189
2598	97.6252	245.053
2599	97.6694	245.019
2600	97.7137	244.436
2603	97.846	244.243
2604	97.8891	244.165
2605	97.9327	244.093
2606	97.9759	244.053
2607	98.0205	244.029
2608	98.0635	243.966
2613	98.2884	243.818
2616	98.4197	243.435
2617	98.4641	243.395
2618	98.5071	243.36
2619	98.5515	243.341
2621	98.6401	243.288
2626	98.8579	243.253
2627	98.9031	242.912
2629	98.9908	242.871
2630	99.0489	241.881
2634	99.2319	241.817
2635	99.279	241.57
2636	99.3245	241.471
2639	99.4642	241.444
2642	99.5941	241.441
2643	99.6372	241.417
2644	99.6808	241.249
2645	99.7239	241.091
2646	99.7671	241.082
2647	99.81	241.061
2648	99.8543	241.055
2649	99.8975	241.041
2650	99.9405	241.003
2651	99.9843	240.998
2652	100.027	240.992
2653	100.071	240.987
2654	100.116	240.981
2655	100.164	240.632
2656	100.208	240.605
2658	100.297	240.522
2659	100.344	240.519
2660	100.388	240.488
2661	100.432	240.381
2662	100.48	240.262
2663	100.525	240.188
2664	100.568	240.181
2665	100.613	240.113
2666	100.665	240.112
2669	100.799	240.087
2670	100.844	240.058
2671	100.888	240.028
2672	100.933	239.931
2673	100.976	239.9
2674	101.02	239.819
2675	101.065	239.796
2678	101.21	239.777
2680	101.305	239.739
2681	101.35	239.65
2682	101.407	239.636
2683	101.459	239.624
2684	101.506	239.602
2685	101.551	239.56
2686	101.598	239.469
2687	101.642	239.345
2689	101.732	239.239
2690	101.776	239.149
2692	101.864	239.147
2693	101.909	239.143
2696	102.04	239.117
2697	102.084	239.101
2698	102.129	239.088
2699	102.172	239.041
2700	102.217	238.979
2701	102.262	238.881
2702	102.307	238.823
2703	102.351	238.812
2704	102.396	238.806
2705	102.442	238.799
2706	102.493	238.789
2707	102.541	238.786
2708	102.59	238.544
2710	102.699	238.469
2711	102.744	238.434
2712	102.788	238.311
2713	102.833	238.285
2714	102.876	238.243
2715	102.92	238.21
2716	102.964	238.207
2718	103.051	238.131
2720	103.139	238.082
2721	103.183	238.003
2722	103.228	237.982
2723	103.273	237.91
2725	103.364	237.885
2726	103.412	237.827
2727	103.464	237.725
2728	103.511	237.714
2729	103.555	237.531
2730	103.599	237.441
2731	103.643	237.163
2733	103.734	237.157
2734	103.796	237.154
2737	103.931	237.109
2739	104.02	237.094
2740	104.064	237.089
2742	104.154	237.081
2743	104.198	237.076
2744	104.241	236.947
2745	104.286	236.937
2747	104.376	236.917
2749	104.468	236.886
2750	104.513	236.881
2752	104.604	236.661
2753	104.648	236.565
2754	104.693	236.552
2756	104.78	236.549
2757	104.824	236.53
2758	104.868	236.449
2762	105.044	236.349
2763	105.088	236.245
2764	105.133	236.238
2765	105.176	235.894
2766	105.221	235.698
2767	105.265	235.622
2769	105.352	235.615
2770	105.396	235.491
2771	105.44	235.474
2773	105.527	235.445
2774	105.571	235.384
2775	105.617	235.316
2776	105.663	235.308
2777	105.707	235.28
2779	105.796	235.224
2780	105.84	235.186
2781	105.883	235.012
2783	105.971	234.972
2785	106.059	234.948
2786	106.103	234.924
2787	106.148	234.908
2788	106.191	234.847
2789	106.235	234.476
2793	106.413	234.403
2794	106.458	234.249
2797	106.591	234.232
2799	106.68	234.221
2800	106.724	234.164
2804	106.901	234.157
2810	107.173	234.012
2812	107.269	233.982
2817	107.514	233.968
2819	107.602	233.964
2820	107.647	233.712
2824	107.837	233.704
2828	108.018	233.535
2832	108.197	233.522
2833	108.244	233.478
2834	108.29	232.345
2835	108.333	232.343
2837	108.423	232.297
2842	108.647	232.283
2844	108.735	232.241
2845	108.78	232.224
2847	108.868	232.222
2848	108.913	232.217
2850	109.001	232.103
2854	109.179	232.084
2856	109.269	231.82
2858	109.379	231.791
2861	109.518	231.771
2863	109.608	231.718
2866	109.741	231.669
2867	109.786	231.454
2869	109.875	231.414
2870	109.919	230.725
2872	110.011	230.714
2873	110.055	230.073
2874	110.099	229.964
2875	110.144	229.842
2877	110.235	229.798
2879	110.33	229.746
2880	110.376	229.741
2882	110.467	229.739
2884	110.562	229.732
2885	110.61	229.7
2886	110.654	229.688
2887	110.703	229.682
2888	110.752	229.678
2889	110.799	229.613
2890	110.846	229.607
2891	110.891	229.604
2892	110.935	229.599
2893	110.98	229.548
2894	111.024	229.537
2895	111.069	228.771
2896	111.116	228.754
2898	111.208	228.692
2899	111.252	228.684
2900	111.298	228.657
2901	111.346	228.557
2902	111.393	228.539
2903	111.437	228.509
2904	111.484	228.437
2905	111.528	228.435
2907	111.618	228.412
2909	111.709	228.38
2910	111.759	228.348
2912	111.847	228.285
2913	111.935	228.263
2915	112.045	228.262
2920	112.278	228.248
2921	112.324	228.154
2922	112.369	228.15
2923	112.42	228.144
2924	112.466	228.13
2925	112.513	228.103
2926	112.557	228.048
2927	112.641	227.893
2929	112.756	227.762
2932	112.896	227.751
2937	113.12	227.738
2938	113.166	227.728
2939	113.211	227.718
2940	113.256	227.646
2941	113.301	227.56
2942	113.345	227.527
2944	113.437	227.524
2945	113.483	227.515
2946	113.527	227.495
2947	113.573	227.487
2948	113.617	227.447
2950	113.708	227.398
2951	113.752	227.372
2954	113.892	227.179
2955	113.937	227.152
2956	113.981	227.151
2958	114.07	227.036
2959	114.114	227.034
2960	114.159	227.003
2961	114.203	226.985
2963	114.293	226.898
2967	114.478	226.81
2968	114.536	226.805
2969	114.581	226.676
2971	114.675	226.5
2973	114.763	226.491
2975	114.854	226.423
2977	114.944	226.329
2979	115.041	226.324
2981	115.131	226.323
2982	115.175	226.295
2983	115.219	226.292
2985	115.308	226.286
2987	115.414	226.191
2988	115.467	226.187
2989	115.512	226
2990	115.558	225.977
2992	115.648	225.942
2993	115.695	225.919
2994	115.739	225.892
2996	115.83	225.886
2997	115.886	225.862
2998	115.934	225.791
3000	116.023	225.79
3001	116.069	225.759
3002	116.113	225.717
3003	116.158	225.693
3004	116.202	225.684
3005	116.246	224.958
3006	116.291	224.808
3008	116.379	224.767
3009	116.424	224.76
3010	116.468	224.75
3011	116.513	224.716
3012	116.559	224.714
3013	116.604	224.71
3014	116.648	224.66
3015	116.693	224.632
3016	116.738	224.628
3017	116.783	224.614
3021	116.961	224.598
3022	117.006	224.585
3023	117.054	224.549
3025	117.144	224.547
3028	117.281	224.447
3029	117.326	224.33
3031	117.415	224.327
3032	117.459	224.317
3033	117.504	224.228
3034	117.549	224.188
3037	117.684	224.185
3040	117.82	224.141
3041	117.866	224.134
3043	117.954	224.08
3046	118.09	224.066
3050	118.268	223.989
3052	118.356	223.965
3054	118.446	223.964
3055	118.494	223.961
3057	118.585	223.94
3059	118.676	223.933
3060	118.725	223.734
3062	118.814	223.723
3068	119.086	223.465
3069	119.131	223.452
3070	119.175	223.444
3074	119.351	222.748
3075	119.396	222.736
3076	119.441	222.734
3080	119.617	222.003
3082	119.716	221.935
3087	119.943	221.929
3088	119.988	221.917
3089	120.033	221.898
3090	120.078	221.894
3091	120.13	221.892
3094	120.265	221.86
3096	120.353	221.549
3097	120.399	221.523
3098	120.444	221.49
3099	120.49	221.454
3101	120.579	221.447
3102	120.624	221.404
3103	120.669	221.379
3104	120.713	221.367
3106	120.804	221.362
3110	120.987	220.683
3112	121.078	220.506
3113	121.123	219.863
3114	121.168	219.83
3115	121.212	219.729
3117	121.302	219.721
3119	121.39	219.703
3121	121.479	219.702
3122	121.524	219.698
3125	121.676	219.689
3126	121.72	219.687
3127	121.765	219.683
3128	121.81	219.682
3129	121.855	218.636
3131	121.943	218.63
3133	122.031	218.622
3134	122.076	218.307
3135	122.12	218.246
3136	122.164	218.222
3138	122.254	218.204
3139	122.299	218.201
3140	122.344	218.193
3141	122.388	218.122
3142	122.433	218.092
3143	122.479	218.076
3144	122.523	218.072
3145	122.568	218.057
3146	122.613	218.057
3147	122.658	218.048
3149	122.747	218.043
3150	122.791	218.032
3152	122.882	217.991
3154	122.971	217.985
3155	123.016	217.969
3157	123.115	217.948
3161	123.297	217.853
3162	123.343	217.846
3163	123.388	217.824
3164	123.433	217.821
3165	123.477	217.794
3166	123.524	217.716
3167	123.57	217.252
3168	123.615	217.226
3169	123.66	217.165
3170	123.706	217.153
3172	123.797	217.14
3173	123.842	217.135
3174	123.888	217.133
3176	123.977	217.125
3177	124.023	217.114
3178	124.068	217.111
3181	124.214	217.082
3182	124.259	216.261
3184	124.349	216.258
3185	124.394	216.247
3186	124.439	216.233
3188	124.529	216.218
3190	124.623	216.152
3191	124.668	216.131
3192	124.715	216.092
3193	124.761	216.035
3194	124.807	216.022
3195	124.852	216.01
3196	124.9	216.009
3198	124.992	215.973
3199	125.038	215.973
3200	125.084	215.957
3201	125.129	215.893
3202	125.175	215.892
3207	125.405	215.821
3208	125.45	215.818
3209	125.496	215.79
3212	125.635	215.775
3213	125.68	215.77
3214	125.725	215.77
3217	125.86	215.69
3219	125.95	215.685
3221	126.04	215.677
3222	126.086	215.673
3223	126.131	215.641
3225	126.22	215.634
3227	126.312	215.629
3229	126.404	215.463
3232	126.54	215.009
3233	126.587	214.845
3234	126.635	214.809
3236	126.725	214.807
3238	126.815	214.749
3240	126.908	214.738
3242	126.999	214.55
3243	127.045	214.53
3245	127.135	214.466
3246	127.179	212.252
3247	127.224	212.22
3250	127.357	212.209
3251	127.403	212.19
3254	127.545	212.137
3256	127.643	212.11
3257	127.69	212.082
3259	127.781	212.069
3260	127.826	212.059
3261	127.87	212.009
3262	127.939	211.995
3263	127.984	211.982
3265	128.076	211.978
3266	128.121	211.938
3268	128.212	211.676
3269	128.258	211.53
3271	128.347	211.507
3272	128.393	211.505
3273	128.439	211.449
3274	128.486	211.412
3275	128.532	211.411
3277	128.622	211.405
3280	128.763	211.367
3284	128.943	211.363
3286	129.034	211.335
3287	129.08	211.265
3288	129.125	211.265
3290	129.217	211.235
3293	129.353	211.204
3294	129.398	211.197
3297	129.535	211.184
3300	129.674	210.993
3301	129.721	210.98
3303	129.821	210.892
3304	129.867	210.889
3305	129.912	210.843
3308	130.045	210.72
3310	130.133	210.719
3312	130.22	210.715
3314	130.309	210.026
3315	130.353	210.025
3320	130.575	208.423
3327	130.882	208.415
3334	131.219	208.396
3336	131.31	208.182
3338	131.397	208.148
3339	131.442	208.119
3342	131.574	208.082
3346	131.75	208.001
3347	131.794	207.699
3348	131.842	207.664
3350	131.931	206.974
3352	132.019	206.937
3353	132.063	206.809
3355	132.152	206.586
3357	132.24	206.58
3360	132.371	206.572
3362	132.46	206.569
3363	132.504	206.564
3365	132.592	206.553
3366	132.637	206.55
3368	132.725	206.548
3369	132.769	206.498
3370	132.814	206.496
3371	132.859	206.496
3372	132.903	206.494
3373	132.947	206.48
3374	132.991	206.421
3375	133.035	206.027
3376	133.079	206.021
3378	133.167	206.007
3379	133.211	206.001
3380	133.256	205.99
3381	133.3	205.936
3383	133.389	205.928
3384	133.434	205.896
3385	133.477	205.828
3390	133.696	205.823
3391	133.74	205.812
3392	133.784	205.718
3393	133.828	205.711
3395	133.916	205.71
3396	133.961	205.708
3401	134.182	205.625
3402	134.226	205.62
3403	134.27	205.541
3404	134.315	205.353
3405	134.37	205.338
3406	134.419	205.271
3407	134.473	205.22
3409	134.561	205.126
3412	134.694	205.116
3413	134.738	205.107
3414	134.786	205.081
3415	134.831	205.074
3417	134.922	205.032
3418	134.967	205.026
3419	135.013	205.019
3420	135.058	205.018
3421	135.102	205.015
3422	135.147	204.985
3424	135.235	204.969
3425	135.285	204.96
3426	135.337	204.952
3427	135.407	204.946
3428	135.453	204.932
3429	135.498	204.931
3432	135.631	204.858
3433	135.677	204.805
3435	135.767	204.78
3438	135.912	204.747
3439	135.958	204.747
3440	136.002	204.736
3441	136.046	204.705
3443	136.138	204.688
3447	136.317	204.627
3448	136.361	204.615
3449	136.407	204.567
3451	136.496	204.496
3452	136.54	204.49
3453	136.589	204.484
3454	136.633	204.481
3456	136.722	204.469
3457	136.769	204.403
3459	136.858	204.402
3461	136.948	204.394
3462	136.992	204.377
3463	137.036	204.375
3465	137.125	204.375
3466	137.169	204.357
3468	137.262	204.315
3469	137.306	204.255
3472	137.462	204.217
3474	137.56	204.174
3476	137.667	204.152
3478	137.76	204.133
3480	137.854	204.07
3482	137.944	204.052
3483	137.989	203.985
3485	138.09	203.605
3486	138.145	203.546
3488	138.237	203.539
3490	138.331	203.533
3491	138.378	203.516
3493	138.469	203.442
3494	138.513	203.413
3497	138.648	203.411
3499	138.739	203.36
3500	138.785	203.36
3501	138.83	203.282
3503	138.918	203.223
3504	138.963	203.223
3505	139.008	203.218
3507	139.099	203.203
3508	139.145	203.037
3513	139.371	202.997
3514	139.415	202.991
3515	139.46	202.988
3517	139.55	202.988
3520	139.683	202.962
3522	139.772	202.882
3524	139.86	202.867
3527	139.994	202.83
3528	140.038	202.829
3530	140.131	202.827
3537	140.446	202.802
3539	140.564	202.782
3540	140.624	202.771
3541	140.678	202.767
3543	140.768	202.735
3544	140.814	202.708
3548	141.004	202.603
3549	141.048	202.602
3550	141.094	202.599
3554	141.292	202.075
3555	141.337	202.057
3557	141.428	202.038
3560	141.563	201.16
3561	141.607	201.148
3567	141.874	201.136
3571	142.052	201.132
3572	142.098	201.116
3575	142.238	201.1
3576	142.284	200.97
3577	142.329	200.955
3578	142.376	200.904
3579	142.421	200.902
3586	142.741	200.86
3587	142.787	200.692
3588	142.832	200.592
3590	142.921	200.062
3593	143.054	199.952
3594	143.1	199.92
3595	143.145	199.736
3597	143.233	199.681
3599	143.321	199.68
3601	143.41	199.679
3602	143.454	199.678
3603	143.499	199.677
3605	143.589	199.676
3606	143.635	199.667
3607	143.679	199.659
3608	143.724	199.657
3609	143.769	199.591
3610	143.814	199.587
3611	143.859	199.584
3612	143.906	199.583
3613	143.951	199.543
3614	143.996	199.511
3615	144.042	199.447
3616	144.087	199.439
3618	144.181	199.415
3619	144.225	199.413
3620	144.271	199.408
3621	144.318	199.358
3622	144.363	199.357
3623	144.409	199.352
3624	144.454	199.344
3625	144.499	199.338
3627	144.588	199.337
3629	144.677	199.326
3630	144.721	199.318
3635	144.962	199.317
3637	145.051	199.276
3641	145.23	199.231
3642	145.274	199.227
3643	145.32	199.221
3644	145.366	199.205
3645	145.41	199.166
3646	145.454	199.086
3647	145.499	199.036
3649	145.589	199.013
3650	145.635	199.006
3652	145.723	199.003
3654	145.813	199.001
3656	145.904	198.985
3657	145.949	198.975
3658	145.993	198.973
3659	146.037	198.937
3661	146.126	198.923
3662	146.172	198.899
3663	146.217	198.88
3664	146.262	198.877
3665	146.308	198.865
3667	146.396	198.856
3669	146.486	198.851
3670	146.531	198.818
3673	146.664	198.816
3675	146.754	198.784
3676	146.799	198.779
3678	146.889	198.75
3680	146.979	198.742
3683	147.116	198.656
3685	147.207	198.647
3687	147.297	198.592
3688	147.342	198.588
3690	147.431	198.578
3691	147.476	198.504
3692	147.521	198.485
3696	147.704	198.481
3697	147.751	198.403
3702	147.977	198.387
3703	148.021	198.386
3705	148.109	198.384
3707	148.199	198.379
3708	148.244	198.362
3709	148.288	198.353
3712	148.427	198.331
3713	148.471	198.286
3714	148.516	198.249
3716	148.609	198.225
3717	148.654	198.223
3718	148.698	198.208
3720	148.788	198.166
3722	148.878	198.154
3723	148.922	198.102
3724	148.968	198.099
3725	149.014	197.079
3728	149.148	197.074
3730	149.24	197.074
3732	149.336	197.071
3733	149.389	197.069
3734	149.434	197.05
3736	149.524	197.039
3737	149.569	197.039
3739	149.659	197.024
3740	149.704	197.003
3741	149.748	196.937
3743	149.838	196.888
3744	149.884	196.826
3745	149.928	196.799
3749	150.113	196.742
3752	150.247	196.739
3753	150.292	196.733
3759	150.56	196.732
3760	150.605	196.723
3761	150.65	196.661
3762	150.696	196.638
3775	151.279	196.635
3777	151.369	196.615
3780	151.506	196.589
3781	151.551	196.583
3783	151.642	196.541
3784	151.687	196.477
3785	151.732	196.412
3789	151.912	196.396
3790	151.957	196.393
3794	152.136	196.046
3795	152.181	196.043
3796	152.226	196.038
3797	152.271	195.924
3800	152.404	195.219
3805	152.631	195.21
3807	152.722	195.206
3809	152.812	195.179
3811	152.902	195.177
3816	153.123	195.043
3817	153.168	195.035
3818	153.213	195.021
3822	153.392	195.003
3828	153.665	194.899
3830	153.754	194.626
3834	153.933	194.608
3835	153.978	194.504
3836	154.025	194.503
3839	154.159	194.503
3840	154.204	194.491
3841	154.249	194.491
3842	154.294	194.489
3843	154.34	194.482
3845	154.43	194.48
3846	154.476	194.47
3847	154.521	194.465
3848	154.566	194.454
3849	154.61	194.281
3850	154.655	194.273
3851	154.701	194.273
3852	154.745	194.27
3854	154.834	194.223
3855	154.88	194.056
3856	154.925	194.046
3858	155.015	194.036
3859	155.059	194.033
3860	155.105	194.031
3861	155.15	193.98
3863	155.24	193.973
3864	155.285	193.967
3865	155.33	193.962
3866	155.375	193.96
3867	155.42	193.947
3868	155.466	193.946
3869	155.511	193.944
3870	155.556	193.941
3872	155.645	193.89
3873	155.69	193.887
3875	155.78	193.887
3876	155.826	193.886
3877	155.873	193.883
3882	156.097	193.877
3883	156.142	193.874
3884	156.186	193.873
3885	156.231	193.865
3886	156.275	193.787
3887	156.32	193.74
3891	156.502	193.723
3892	156.547	193.712
3894	156.637	193.696
3895	156.682	193.694
3896	156.729	193.673
3897	156.775	193.629
3898	156.82	193.629
3901	156.967	193.476
3902	157.012	193.443
3904	157.101	193.44
3905	157.146	193.433
3907	157.238	193.43
3910	157.374	193.407
3911	157.419	193.394
3912	157.465	193.38
3914	157.554	193.347
3915	157.6	193.339
3916	157.644	193.334
3917	157.689	193.328
3921	157.867	193.319
3923	157.957	193.264
3926	158.096	193.261
3927	158.143	193.139
3928	158.192	193.139
3929	158.243	192.866
3931	158.335	192.828
3932	158.381	192.806
3933	158.427	192.754
3937	158.607	192.698
3939	158.697	192.697
3942	158.834	192.639
3944	158.924	192.636
3945	158.969	192.634
3946	159.014	192.628
3948	159.104	192.627
3952	159.282	192.588
3953	159.328	192.572
3954	159.373	192.543
3955	159.427	192.514
3956	159.476	192.508
3957	159.522	192.484
3958	159.567	192.479
3959	159.613	192.478
3960	159.657	192.475
3963	159.794	192.467
3965	159.884	192.415
3966	159.928	192.289
3968	160.018	192.283
3973	160.247	192.275
3976	160.381	192.262
3977	160.427	192.261
3979	160.516	192.104
3980	160.561	192.095
3981	160.606	192.09
3982	160.651	192.05
3983	160.697	192.025
3984	160.743	191.824
3985	160.788	191.764
3988	160.923	191.744
3992	161.103	191.744
3994	161.192	191.585
3995	161.242	191.57
3996	161.314	191.567
3997	161.364	191.559
4000	161.556	191.553
4002	161.646	191.534
4007	161.871	191.532
4010	162.006	191.528
4013	162.152	191.526
4018	162.394	191.437
4020	162.487	191.421
4026	162.761	191.414
4027	162.806	191.391
4028	162.853	191.299
4030	162.943	191.29
4033	163.081	191.218
4034	163.127	190.971
4040	163.396	190.863
4044	163.575	190.86
4047	163.709	190.857
4049	163.799	190.781
4051	163.888	190.779
4052	163.933	190.764
4056	164.118	190.643
4057	164.162	190.463
4058	164.207	190.205
4061	164.345	190.203
4063	164.437	190.157
4065	164.528	189.936
4066	164.573	189.785
4067	164.62	189.75
4068	164.666	189.69
4070	164.765	189.511
4074	164.946	189.457
4075	164.99	189.373
4081	165.263	189.364
4082	165.307	189.364
4088	165.58	189.307
4090	165.67	189.303
4092	165.759	189.299
4094	165.849	189.253
4095	165.894	189.222
4096	165.939	189.219
4098	166.028	189.199
4099	166.073	189.195
4101	166.163	189.169
4102	166.207	189.163
4104	166.297	189.158
4107	166.432	189.151
4109	166.521	189.143
4110	166.567	189.136
4112	166.656	189.124
4114	166.746	189.115
4116	166.84	189.114
4118	166.93	189.087
4121	167.066	189.068
4122	167.111	189.065
4124	167.2	189.06
4125	167.245	189.059
4126	167.289	189.024
4127	167.333	188.994
4128	167.378	188.859
4129	167.422	188.848
4131	167.512	188.841
4132	167.557	188.84
4135	167.694	188.838
4137	167.786	188.821
4138	167.831	188.818
4140	167.921	188.812
4142	168.011	188.805
4144	168.1	188.794
4145	168.146	188.788
4147	168.236	188.785
4150	168.371	188.78
4151	168.416	188.771
4152	168.461	188.661
4153	168.506	188.569
4154	168.551	188.337
4155	168.596	188.32
4156	168.641	188.317
4160	168.82	188.306
4163	168.957	188.186
4167	169.142	188.077
4168	169.189	188.072
4169	169.234	187.931
4170	169.278	187.731
4171	169.324	187.649
4172	169.37	187.622
4174	169.459	187.617
4175	169.506	187.604
4176	169.551	187.596
4177	169.596	187.553
4179	169.685	187.542
4181	169.775	187.539
4182	169.821	187.531
4185	169.955	187.526
4186	170.001	187.515
4188	170.094	187.508
4189	170.139	187.501
4191	170.228	187.488
4192	170.272	187.459
4193	170.317	187.436
4194	170.362	187.411
4196	170.451	187.362
4197	170.496	187.359
4198	170.541	187.358
4200	170.631	187.348
4202	170.721	187.337
4204	170.811	187.316
4205	170.857	187.26
4206	170.902	187.234
4207	170.947	187.213
4208	170.992	187.16
4209	171.036	187.139
4211	171.125	187.134
4212	171.17	187.133
4216	171.352	187.132
4217	171.397	187.131
4219	171.487	187.12
4223	171.667	187.096
4224	171.713	187.069
4225	171.757	187.06
4227	171.847	187.052
4232	172.071	187.035
4233	172.116	187.035
4234	172.161	186.982
4235	172.208	186.97
4236	172.253	186.966
4239	172.396	186.963
4240	172.44	186.922
4242	172.531	186.918
4243	172.575	186.902
4244	172.62	186.889
4247	172.755	186.878
4251	172.934	186.844
4255	173.116	186.843
4257	173.206	186.827
4259	173.297	186.807
4260	173.341	186.805
4261	173.388	186.801
4262	173.434	186.795
4263	173.478	186.774
4264	173.523	186.76
4265	173.568	186.757
4270	173.791	186.66
4274	173.972	186.557
4276	174.066	186.553
4277	174.11	186.538
4282	174.341	186.529
4284	174.43	186.519
4285	174.475	186.516
4287	174.565	186.508
4289	174.658	185.99
4290	174.703	185.989
4292	174.793	185.88
4293	174.837	185.823
4295	174.927	185.82
4296	174.972	185.743
4297	175.018	185.729
4298	175.063	185.715
4302	175.242	185.702
4303	175.287	185.63
4304	175.332	185.612
4306	175.423	185.566
4307	175.467	185.565
4310	175.607	185.414
4315	175.83	185.347
4321	176.099	185.326
4322	176.144	185.326
4323	176.188	185.325
4324	176.234	185.306
4327	176.369	185.303
4328	176.413	185.3
4330	176.503	185.297
4331	176.548	185.293
4332	176.592	185.291
4334	176.682	185.248
4335	176.727	185.247
4336	176.772	185.241
4338	176.862	185.226
4339	176.907	185.218
4340	176.964	185.218
4341	177.01	185.192
4342	177.055	185.192
4343	177.1	185.182
4344	177.145	185.176
4345	177.19	185.176
4346	177.234	185.169
4348	177.324	185.158
4349	177.369	185.155
4350	177.413	185.149
4351	177.458	185.136
4352	177.503	185.107
4354	177.592	185.105
4355	177.637	185.105
4356	177.682	185.104
4357	177.727	185.094
4358	177.773	185.092
4363	178.004	185.09
4364	178.05	185.088
4366	178.142	185.059
4367	178.188	185.049
4368	178.233	185.023
4369	178.278	185.001
4371	178.367	184.998
4375	178.547	184.996
4377	178.642	184.992
4378	178.69	184.989
4379	178.738	184.974
4380	178.783	184.949
4381	178.828	184.945
4382	178.872	184.894
4384	178.964	184.89
4385	179.009	184.889
4386	179.054	184.888
4387	179.099	184.88
4388	179.145	184.865
4390	179.235	184.865
4393	179.376	184.856
4394	179.421	184.823
4395	179.466	184.807
4396	179.511	184.803
4398	179.6	184.801
4400	179.692	184.798
4401	179.737	184.757
4403	179.827	184.725
4405	179.916	184.714
4406	179.962	184.713
4407	180.009	184.65
4408	180.055	184.645
4410	180.144	184.644
4411	180.189	184.614
4413	180.279	184.612
4417	180.46	184.573
4423	180.731	184.568
4425	180.821	184.564
4426	180.866	184.541
4428	180.957	184.54
4432	181.137	184.511
4434	181.227	184.509
4436	181.319	184.498
4440	181.499	184.49
4442	181.592	184.482
4444	181.675	184.478
4448	181.841	184.453
4449	181.882	184.434
4451	181.965	184.425
4454	182.089	184.409
4456	182.173	184.408
4457	182.215	184.404
4459	182.296	184.397
4463	182.462	184.385
4464	182.503	184.353
4467	182.626	184.347
4472	182.832	184.343
4473	182.873	184.34
4474	182.914	184.324
4475	182.957	184.319
4477	183.04	184.315
4480	183.167	184.293
4482	183.257	184.269
4487	183.481	184.198
4490	183.617	184.181
4497	183.957	184.16
4499	184.048	184.145
4500	184.093	184.065
4505	184.322	184.042
4510	184.548	184.029
4511	184.594	183.993
4514	184.731	183.767
4517	184.865	183.757
4519	184.955	183.731
4520	185	183.233
4527	185.315	183.226
4529	185.405	183.096
4533	185.585	183.055
4536	185.72	182.993
4538	185.81	182.963
4541	185.945	182.956
4543	186.05	182.88
4547	186.272	182.873
4550	186.408	182.672
4555	186.636	182.653
4559	186.816	182.646
4560	186.863	182.643
4561	186.908	182.639
4562	186.953	182.574
4564	187.042	182.567
4565	187.087	182.566
4566	187.132	182.564
4567	187.177	182.547
4568	187.221	182.544
4570	187.31	182.544
4571	187.356	182.543
4574	187.491	182.478
4575	187.537	182.341
4576	187.582	182.339
4578	187.673	182.326
4579	187.718	182.295
4580	187.763	182.289
4581	187.808	182.275
4582	187.853	182.245
4584	187.943	182.243
4585	187.989	182.24
4589	188.171	182.227
4590	188.217	182.224
4591	188.263	182.221
4594	188.405	182.214
4598	188.59	182.214
4601	188.73	182.186
4602	188.776	182.184
4603	188.82	182.179
4605	188.912	182.179
4606	188.957	182.168
4607	189.002	182.163
4609	189.092	182.162
4610	189.137	182.133
4612	189.227	182.132
4614	189.317	182.114
4616	189.406	182.102
4617	189.451	182.096
4618	189.496	182.094
4619	189.541	182.092
4620	189.586	182.079
4622	189.673	182.005
4623	189.716	182.001
4625	189.801	181.998
4626	189.843	181.996
4627	189.885	181.991
4628	189.927	181.982
4631	190.053	181.978
4634	190.18	181.96
4635	190.222	181.952
4636	190.264	181.952
4641	190.474	181.925
4642	190.516	181.925
4644	190.601	181.919
4645	190.648	181.91
4646	190.693	181.845
4647	190.74	181.753
4648	190.786	181.752
4649	190.831	181.656
4651	190.922	181.634
4652	190.967	181.616
4654	191.058	181.613
4656	191.148	181.604
4657	191.193	181.576
4658	191.239	181.535
4659	191.285	181.533
4661	191.376	181.532
4665	191.555	181.527
4668	191.688	181.505
4672	191.869	181.432
4673	191.915	181.401
4674	191.96	181.398
4675	192.004	181.389
4676	192.05	181.388
4677	192.096	181.387
4680	192.231	181.38
4681	192.275	181.373
4683	192.365	181.255
4684	192.409	181.203
4686	192.499	181.183
4687	192.545	181.147
4688	192.59	181.137
4689	192.636	181.135
4690	192.681	181.134
4691	192.725	181.132
4693	192.817	181.131
4694	192.861	181.119
4696	192.969	181.114
4697	193.014	181.113
4699	193.105	181.099
4701	193.195	181.09
4704	193.33	181.066
4707	193.464	181.065
4713	193.737	181.05
4714	193.782	181.035
4716	193.872	181.034
4719	194.007	181.033
4720	194.052	181.014
4723	194.188	180.98
4726	194.325	180.98
4729	194.463	180.979
4730	194.507	180.889
4735	194.731	180.878
4736	194.776	180.876
4738	194.865	180.872
4739	194.91	180.85
4740	194.955	180.827
4745	195.181	180.821
4750	195.411	180.814
4751	195.456	180.786
4754	195.591	180.694
4755	195.637	180.692
4756	195.682	180.692
4758	195.772	180.674
4760	195.861	180.298
4761	195.906	180.297
4762	195.95	180.288
4766	196.131	180.278
4767	196.175	180.276
4771	196.354	180.275
4772	196.399	180.257
4776	196.577	180.213
4777	196.622	180.197
4778	196.667	180.173
4781	196.801	180.172
4782	196.845	180.139
4783	196.89	180.089
4787	197.069	180.082
4790	197.204	179.978
4795	197.431	179.933
4801	197.702	179.93
4804	197.828	179.922
4805	197.872	179.919
4806	197.914	179.909
4807	197.956	179.879
4808	197.999	179.861
4810	198.083	179.859
4811	198.125	179.857
4812	198.167	179.854
4814	198.251	179.822
4815	198.296	179.819
4816	198.337	179.817
4818	198.422	179.809
4819	198.464	179.804
4820	198.507	179.796
4821	198.55	179.789
4822	198.596	179.777
4823	198.642	179.767
4824	198.692	179.759
4825	198.737	179.755
4826	198.783	179.754
4827	198.829	179.749
4829	198.92	179.739
4830	198.964	179.735
4832	199.053	179.697
4834	199.143	179.693
4835	199.188	179.692
4837	199.28	179.691
4838	199.326	179.634
4841	199.46	179.59
4842	199.507	179.587
4844	199.597	179.585
4845	199.642	179.582
4846	199.69	179.528
4849	199.824	179.524
4851	199.918	179.485
4853	200.009	179.483
4854	200.053	179.476
4855	200.098	179.476
4857	200.187	179.471
4859	200.277	179.468
4860	200.321	179.452
4862	200.417	179.441
4864	200.508	179.439
4865	200.553	179.438
4874	200.956	179.431
4875	201.001	179.428
4876	201.045	179.426
4877	201.09	179.408
4880	201.224	179.404
4881	201.269	179.403
4883	201.358	179.381
4886	201.494	179.371
4887	201.539	179.294
4888	201.583	179.294
4889	201.628	179.201
4891	201.721	179.188
4892	201.766	179.168
4893	201.811	179.165
4897	201.989	179.134
4899	202.079	179.132
4902	202.218	179.129
4903	202.263	179.118
4905	202.352	179.115
4908	202.486	179.111
4909	202.531	179.101
4912	202.667	179.079
4914	202.756	179.071
4916	202.846	179.069
4920	203.025	179.064
4922	203.115	179.059
4923	203.159	179.016
4924	203.204	179.014
4925	203.248	179.007
4930	203.473	179.006
4931	203.518	179.004
4936	203.742	178.998
4939	203.877	178.989
4941	203.968	178.96
4944	204.11	178.939
4945	204.157	178.923
4954	204.569	178.896
4955	204.613	178.893
4956	204.657	178.887
4959	204.792	178.887
4960	204.836	178.884
4962	204.925	178.876
4969	205.236	178.875
4970	205.28	178.824
4972	205.369	178.822
4979	205.683	178.818
4980	205.726	178.779
4982	205.812	178.769
4990	206.173	178.767
4994	206.354	178.723
4995	206.398	178.722
5000	206.609	178.491
# FIN	206.609	178.491

