# target=instancias/mona.png T=240 iters=5000 K=32 seed=auto
iter	segundos	MSE
0	0.00193245	14410
1	0.018096	14387.4
2	0.0346567	14382.6
3	0.0506281	14356.1
4	0.0668303	14325.3
5	0.0830851	14295.1
6	0.0996767	14206.4
7	0.116142	14108
8	0.132493	14025.5
9	0.148836	13976.5
10	0.165503	13939.7
11	0.182239	13939.6
12	0.199074	13911.5
13	0.21606	13875.2
14	0.233516	13874.9
15	0.25025	13862.1
16	0.266773	13817.2
17	0.283369	13808.9
18	0.300577	13800.9
19	0.318303	13786.4
20	0.336016	13766.6
21	0.353154	13593.3
22	0.370592	13592.6
23	0.387301	13577
24	0.40405	13482.2
25	0.421162	13464
26	0.438317	13442.5
27	0.455664	13384.9
28	0.474396	13364.3
29	0.493241	13304.9
30	0.514666	13206
31	0.532052	13177.3
32	0.549108	13079.3
33	0.566351	12996.7
34	0.584283	12983.3
35	0.602401	12965.2
36	0.620369	12917.3
37	0.63802	12915.9
38	0.655232	12888
39	0.672949	12845.6
40	0.690682	12840.9
41	0.708593	12826
42	0.725927	12766.9
43	0.743363	12732.6
44	0.761865	12720.4
45	0.780131	12673
46	0.797724	12647.9
47	0.815428	12643.6
48	0.833101	12626.4
49	0.851056	12615.2
50	0.870345	12534.3
51	0.888329	12501.4
52	0.906781	12498.9
53	0.924967	12486.8
54	0.943271	12423.6
55	0.962987	12390
56	0.982267	12356.6
57	1.00005	12340.6
58	1.01855	12340.2
59	1.03745	12322.2
60	1.05671	12262.9
61	1.07517	12244.8
62	1.09329	12200.8
63	1.11201	12195.4
64	1.13269	12180.1
65	1.15178	11998.7
66	1.17018	11970.5
67	1.18844	11948.4
68	1.20672	11882.8
69	1.22556	11845.1
70	1.24484	11643.8
71	1.2638	11643.8
72	1.28239	11640.7
73	1.30169	11624
74	1.32035	11620.4
75	1.33882	11576
76	1.35748	11572
77	1.376	11570.4
78	1.39523	11551.7
79	1.4154	11525
80	1.43408	11435.5
81	1.45259	11421.7
82	1.47159	11348.1
83	1.49497	11247.7
84	1.52514	11230.4
85	1.55337	11213.5
86	1.58952	11200.8
87	1.62421	11195.2
88	1.6603	11194.9
89	1.70989	11155.7
90	1.74388	11141.1
91	1.76609	11124.8
92	1.79239	11029.5
93	1.82092	10970.2
94	1.84211	10925.7
95	1.86102	10910.4
96	1.87982	10899.9
97	1.9002	10894
98	1.92034	10885.3
99	1.94054	10875.8
100	1.96037	10875.7
101	1.9804	10866.1
102	2.00217	10841.4
103	2.02148	10790.8
104	2.0404	10759.3
105	2.05971	10732.9
106	2.07952	10684.6
107	2.09922	10666
108	2.11865	10655.2
109	2.13799	10654.2
110	2.15769	10641
111	2.17841	10640.7
112	2.19847	10516.6
113	2.21809	10439.2
114	2.23738	10439
115	2.25704	10334.7
116	2.27702	10326.4
117	2.29706	10326.2
118	2.31639	10292.1
119	2.33639	10277.5
120	2.35639	10197.6
121	2.37664	10120.7
122	2.39677	9954.77
123	2.41626	9944.71
124	2.43573	9944.67
125	2.4557	9870.22
126	2.47638	9808.04
127	2.49684	9753.25
128	2.51769	9752.29
129	2.53921	9735.53
130	2.55944	9720.74
131	2.57938	9714.92
132	2.59917	9710.65
133	2.61986	9697.17
134	2.64053	9684.93
135	2.66045	9671.51
136	2.68035	9670.28
137	2.70317	9663.72
138	2.72707	9645.84
139	2.74885	9617.43
140	2.76911	9617.42
141	2.78998	9612.25
142	2.81126	9593.79
143	2.8312	9591.71
144	2.85109	9589.87
145	2.8708	9511.42
146	2.89063	9501.08
147	2.9122	9480.88
148	2.93312	9472.04
149	2.95328	9403.71
150	2.97359	9402.17
151	2.99351	9352.14
152	3.01389	9308.6
153	3.03545	9252.05
154	3.05615	9219.23
155	3.07631	9212.22
156	3.09734	9183.82
157	3.11775	9182.04
158	3.13852	9153.76
159	3.1588	9146.35
160	3.17882	9132.56
161	3.19949	9046.33
162	3.22067	9028.01
163	3.24121	9018.83
164	3.26126	9011.08
165	3.28163	9009.51
166	3.3023	8981.6
167	3.32309	8981
168	3.3439	8959.25
169	3.36466	8948.94
170	3.38528	8912.43
171	3.40734	8911.88
172	3.42825	8909.67
173	3.44844	8904.03
174	3.46883	8897.19
175	3.48924	8878.35
176	3.50954	8836.85
177	3.52972	8832.4
178	3.55053	8812.65
179	3.57091	8790.18
180	3.59181	8780.19
181	3.61266	8724.19
182	3.63352	8706.67
183	3.65411	8688.27
184	3.6747	8681.74
185	3.69546	8678.78
186	3.7162	8645.88
187	3.73727	8630.32
188	3.75817	8626.8
189	3.77898	8622.72
190	3.80026	8606.73
191	3.82124	8604.66
192	3.8422	8604.36
193	3.86299	8599.99
194	3.88379	8598.7
195	3.90445	8595.92
196	3.92525	8580.27
197	3.94659	8561.71
198	3.96778	8549.72
199	3.98911	8536.14
200	4.01044	8495.54
201	4.03155	8491.37
202	4.05275	8487.23
203	4.07395	8482.13
204	4.09608	8476.42
205	4.12043	8466.13
206	4.14423	8463.02
207	4.16809	8453.03
208	4.19114	8423
209	4.21382	8370.69
210	4.23732	8365.41
211	4.2597	8356.23
212	4.28329	8354.94
213	4.30508	8354.93
214	4.32792	8353.04
215	4.3502	8323.02
216	4.37191	8309.67
217	4.39367	8298.44
218	4.41568	8262.35
219	4.43894	8243.55
220	4.46928	8207.02
221	4.49621	8205.61
222	4.52018	8154.95
223	4.54301	8146.84
224	4.56727	8144.82
225	4.58978	8140.66
226	4.61356	8092.82
227	4.63537	8029.43
228	4.65669	8014.56
229	4.67968	7988.44
230	4.70251	7979.99
231	4.72585	7963.33
232	4.74808	7934.59
233	4.76991	7928.55
234	4.79267	7927.96
235	4.81648	7899.39
236	4.8391	7893.07
237	4.8609	7871.03
238	4.88303	7870.41
239	4.90543	7867.73
240	4.92843	7859.62
241	4.95043	7844.28
242	4.97233	7841.92
243	4.99505	7799.62
244	5.0176	7796.13
245	5.03973	7755.7
246	5.06171	7728.63
247	5.08394	7719.92
248	5.10648	7588.76
249	5.13329	7556.85
250	5.16563	7528.39
251	5.19175	7528.33
252	5.21396	7525.26
253	5.23602	7517.71
254	5.25837	7514.29
255	5.28071	7501.59
256	5.30336	7500.39
257	5.32652	7496.43
258	5.34906	7495.61
259	5.37121	7482.85
260	5.39391	7461.51
261	5.41661	7369.22
262	5.43912	7369.16
263	5.46155	7353.56
264	5.48725	7288.8
265	5.51624	7282.33
266	5.5401	7275.18
267	5.5644	7183.55
268	5.58786	7153.43
269	5.61077	7083.09
270	5.63384	7015.7
271	5.65832	7009.48
272	5.68119	6918.86
273	5.70419	6896.99
274	5.72736	6891.56
275	5.75112	6888.94
276	5.77804	6831.86
277	5.80699	6830.61
278	5.84506	6824.35
279	5.87596	6795.97
280	5.89981	6792.37
281	5.92272	6784.76
282	5.94629	6733.48
283	5.97026	6721.59
284	5.99408	6712.46
285	6.01724	6687.64
286	6.04043	6662.75
287	6.06353	6661.19
288	6.08784	6658.69
289	6.11129	6649.5
290	6.13462	6582.44
291	6.1589	6562.82
292	6.18266	6562.73
293	6.20769	6555.95
294	6.2351	6526.09
295	6.26001	6502.84
296	6.28338	6487.51
297	6.30721	6477.47
299	6.35455	6409.56
300	6.378	6405.7
301	6.40201	6393.66
302	6.42632	6368.67
303	6.45068	6347.84
304	6.47589	6338.85
305	6.49963	6226.45
306	6.52355	6221.99
307	6.54775	6215.01
308	6.57182	6205.04
309	6.59586	6128.64
310	6.61992	6043.85
311	6.6448	6043.35
312	6.66875	6031.76
313	6.69261	6008.81
314	6.71673	6005
315	6.74079	6003.44
316	6.76481	5997.77
317	6.78909	5995
318	6.81351	5955.17
319	6.83783	5936.35
320	6.86266	5927.11
321	6.88947	5898.42
322	6.91565	5785.62
323	6.94306	5729.09
324	6.9681	5708.25
325	6.9925	5707.4
326	7.01696	5687.99
327	7.04213	5653.4
328	7.06644	5653.18
329	7.09171	5636.34
330	7.11661	5624.9
331	7.14112	5622.38
332	7.16567	5595.45
333	7.19018	5529.07
334	7.21477	5518.96
335	7.23938	5467.96
336	7.26476	5467.5
337	7.29005	5433.86
338	7.31462	5428.16
339	7.33992	5417.52
340	7.36489	5417.27
341	7.39	5407.28
342	7.4156	5407.2
343	7.44022	5397.96
344	7.46529	5391.26
345	7.49131	5381.36
346	7.5164	5353.57
347	7.54127	5352.51
348	7.56836	5336.5
349	7.59523	5336.07
350	7.6211	5323.33
351	7.6483	5322.64
352	7.6738	5309.76
353	7.69974	5301.61
354	7.72539	5295.67
355	7.75097	5225.89
356	7.77798	5224.76
357	7.80343	5224.75
358	7.8289	5131.1
359	7.85439	5122.08
360	7.88016	5047.66
361	7.90599	4997.99
362	7.93187	4943.66
363	7.95722	4937.7
364	7.9831	4937.42
365	8.00891	4907.93
366	8.03485	4861.06
367	8.06036	4831.77
368	8.08622	4831.57
369	8.11258	4831.26
370	8.13877	4826.48
371	8.16477	4813.81
372	8.19045	4813.56
373	8.21685	4811.65
374	8.24235	4806.5
375	8.26803	4798.45
376	8.29376	4789.1
377	8.31971	4788.07
378	8.34555	4742.16
379	8.37136	4713.27
380	8.39746	4713.26
381	8.42353	4684.29
382	8.4501	4670.43
383	8.47605	4653.59
384	8.50206	4650.54
385	8.52786	4631.56
386	8.55435	4580.64
387	8.58028	4577.8
388	8.60662	4573.79
389	8.63254	4533.32
390	8.65911	4531.2
391	8.68589	4465.95
392	8.7118	4456.65
393	8.73762	4454.57
394	8.76358	4442.5
395	8.78969	4441.75
396	8.81628	4431.18
397	8.84235	4422.95
398	8.86843	4421.67
399	8.89455	4411.66
400	8.921	4403.02
401	8.9469	4391.18
402	8.97384	4380.06
403	9.00018	4377.87
404	9.02688	4373.56
405	9.05305	4373.52
406	9.08002	4364.15
407	9.10715	4363.37
408	9.13405	4358.91
409	9.16079	4358.04
410	9.18707	4314.99
411	9.21365	4313.74
412	9.2413	4313.74
413	9.268	4311.39
414	9.29451	4309.7
415	9.32071	4295.26
416	9.348	4279.38
417	9.3748	4276.65
418	9.40099	4270.43
419	9.42778	4268.07
420	9.45453	4265.9
421	9.48168	4248.43
422	9.50872	4237.05
423	9.53514	4228.73
424	9.5618	4222.14
425	9.58819	4220.4
426	9.61454	4211.07
427	9.64141	4201.54
428	9.66825	4191.3
429	9.69527	4186.76
430	9.72243	4181.69
431	9.74956	4180.28
432	9.77708	4179.84
433	9.80405	4176.97
434	9.83133	4176.42
435	9.85851	4174.24
436	9.88676	4172.05
437	9.91423	4163.7
438	9.94182	4159.27
439	9.98199	4158.51
440	10.0453	4143.09
441	10.079	4141.02
442	10.1077	4136.13
443	10.1353	4133.37
444	10.1632	4131.91
445	10.1909	4124.17
446	10.2183	4105.86
447	10.2453	4097.8
448	10.2725	4082.34
449	10.3002	4064.2
450	10.3278	4049.5
451	10.3551	4045.03
452	10.3831	4043.92
453	10.4106	4043.8
454	10.4381	4043.1
455	10.4652	4041.18
456	10.4926	4023.83
457	10.5206	4017.15
458	10.5481	4011.21
459	10.5754	3988.64
460	10.603	3984.65
461	10.6305	3984.61
462	10.658	3971.41
463	10.6852	3966.81
464	10.7125	3963.47
465	10.7404	3962.39
466	10.7677	3946.18
467	10.795	3929.98
468	10.8223	3925.53
469	10.8498	3923.37
470	10.8778	3919.08
471	10.9051	3910.62
472	10.9326	3851.34
473	10.9606	3840.94
474	10.9886	3838.52
475	11.0164	3828.36
476	11.0444	3827.72
477	11.0725	3826.61
478	11.101	3826.41
479	11.1285	3819.91
480	11.1565	3818.59
481	11.1842	3806.69
482	11.2122	3806.66
483	11.2405	3778.62
484	11.2683	3775.67
485	11.3044	3745.42
486	11.333	3717.43
487	11.3612	3702.42
488	11.3897	3646.55
489	11.4174	3614
490	11.4453	3587.24
491	11.4733	3587.18
492	11.501	3579.82
493	11.5305	3578.03
494	11.5596	3571.77
495	11.5875	3569.62
496	11.6158	3569.08
497	11.6438	3568.75
498	11.6727	3568.33
499	11.7009	3559.04
500	11.7299	3544.35
501	11.7579	3531.59
502	11.7861	3531.59
503	11.8146	3516.75
504	11.8432	3511.69
505	11.8719	3510.94
506	11.9002	3502.76
507	11.9287	3487.1
508	11.9574	3486.49
509	11.9857	3449.59
510	12.0142	3436.47
511	12.043	3413.39
512	12.0717	3393.73
513	12.1005	3370.88
514	12.1291	3367.35
515	12.1582	3366.25
516	12.1873	3364.39
517	12.2164	3363.74
518	12.2455	3361.59
519	12.2746	3350.48
520	12.304	3334.68
521	12.3333	3325.02
522	12.3628	3310.74
523	12.425	3309.77
524	12.4877	3309.28
525	12.5261	3292.61
526	12.5551	3290.29
527	12.5848	3289.28
528	12.6143	3288.41
529	12.6433	3280.08
530	12.6721	3248.9
531	12.7013	3245.45
532	12.7307	3245.23
533	12.7597	3238.72
534	12.7896	3214.17
535	12.8189	3207.43
536	12.848	3192.56
537	12.8771	3192.02
538	12.9068	3191.63
539	12.9364	3174.64
540	12.966	3161.58
541	12.9961	3141.88
542	13.0252	3120.47
543	13.0551	3092.11
544	13.0847	3084.61
545	13.1145	3078.05
546	13.1443	3064.59
547	13.1744	3063.83
548	13.2047	3062.27
549	13.2354	3038.77
550	13.265	3024.2
551	13.2946	3023.26
552	13.3246	3021.46
553	13.3549	3017.16
554	13.3844	3013.97
555	13.4144	3012.55
556	13.445	3009.26
557	13.4754	3003.73
558	13.509	2989.17
559	13.5393	2966.77
560	13.5694	2963.07
561	13.5996	2906.48
562	13.6302	2828.15
563	13.6606	2765.3
564	13.6914	2762.86
565	13.7212	2759.23
566	13.751	2747.98
567	13.7809	2731.49
568	13.8111	2731.37
569	13.8409	2730.57
570	13.8711	2723.02
571	13.901	2722.78
572	13.9307	2699.44
573	13.9609	2695.88
574	13.9911	2649.78
575	14.0212	2632.42
576	14.052	2632.2
577	14.0824	2628.86
578	14.113	2628.51
579	14.143	2625.82
580	14.1738	2625.29
581	14.2046	2621.23
582	14.2349	2619.39
583	14.2663	2615.83
584	14.2971	2615.26
585	14.3283	2611.75
586	14.3598	2608.12
587	14.3903	2607.85
588	14.4209	2607.03
589	14.4513	2606.99
590	14.4821	2597.24
591	14.5128	2597.1
592	14.5434	2587.46
593	14.5743	2582.75
594	14.6051	2582.19
595	14.6356	2563.09
596	14.6675	2562.91
597	14.6982	2562.91
598	14.729	2551.24
599	14.7602	2543.17
600	14.791	2538.02
601	14.822	2447.18
602	14.8536	2427.35
604	14.9164	2421.41
605	14.9482	2417.39
606	14.9799	2406.56
607	15.0113	2382.17
608	15.0423	2381.04
609	15.0733	2379.2
610	15.1047	2374.73
611	15.1361	2362.83
612	15.1669	2362.35
613	15.1984	2359.85
614	15.23	2356.78
615	15.2613	2352.34
616	15.2928	2345.5
617	15.3251	2343
618	15.3568	2331.12
619	15.3879	2300.22
620	15.4201	2300.2
621	15.4515	2286.77
622	15.4827	2284.48
623	15.5136	2284.44
624	15.5449	2283.54
625	15.5768	2279.12
626	15.6087	2252.6
627	15.6399	2252.4
628	15.6718	2246.04
629	15.7051	2241.4
630	15.7379	2241.23
631	15.7697	2230
632	15.8012	2228.6
633	15.8329	2221.41
634	15.8656	2213.12
635	15.898	2213.09
636	15.9298	2210.28
637	15.9616	2209.96
638	15.993	2208.2
639	16.0252	2205.75
640	16.0577	2203.17
641	16.0908	2165.27
642	16.1223	2162.48
643	16.154	2160.69
644	16.1871	2160.01
645	16.2193	2159.98
646	16.2515	2154.69
647	16.2843	2154.02
648	16.316	2151.71
649	16.3477	2151.09
650	16.3799	2140.94
651	16.4118	2140.4
652	16.4435	2140.28
653	16.4767	2135.66
654	16.5104	2135.12
655	16.5423	2131.6
656	16.5751	2130.73
657	16.6076	2126.26
658	16.6452	2119.98
659	16.6783	2118.78
660	16.7261	2118.63
661	16.7627	2115.55
662	16.7958	2102.45
663	16.831	2099.83
664	16.8639	2099.35
665	16.9079	2099.11
666	16.9466	2088.86
667	16.9952	2083.2
668	17.0385	2083.05
669	17.0764	2075.37
670	17.1153	2074.13
671	17.1491	2071.95
672	17.1828	2071.72
673	17.2167	2071.43
674	17.2501	2070.84
675	17.2834	2068.7
676	17.317	2067.49
677	17.3505	2061.26
678	17.3832	2059.9
679	17.4164	2059.65
680	17.4489	2057.96
681	17.4826	2057.5
682	17.5162	2053.24
683	17.5497	2049.48
684	17.5823	2049.05
685	17.6164	2040.37
686	17.6491	2034.21
687	17.683	2031.46
688	17.7172	2027.65
689	17.7501	2025.96
690	17.7839	2023.33
691	17.8178	2020.67
692	17.8878	2019.7
693	17.9562	2019.69
694	17.9992	2019.25
695	18.0338	2017.49
696	18.0681	2005.08
697	18.1054	2000.59
698	18.1425	1999.9
699	18.1764	1987.88
700	18.2116	1986.79
701	18.2443	1986.7
702	18.278	1983.12
703	18.3114	1982.97
704	18.3442	1981.34
705	18.3776	1981.24
706	18.4116	1973.35
707	18.4453	1971.7
708	18.4794	1969.88
709	18.5133	1968.12
710	18.5461	1965.11
711	18.5797	1962.99
712	18.6133	1915.35
713	18.6469	1914.5
714	18.6802	1914.35
715	18.7137	1907.81
716	18.7469	1907.71
717	18.7796	1906.56
718	18.8126	1902.98
719	18.8459	1898.38
720	18.8791	1897.57
721	18.9129	1892.3
722	18.9455	1892.29
723	18.9786	1890.43
724	19.0114	1888.31
725	19.0492	1886.79
726	19.0938	1886.01
727	19.1379	1880.69
728	19.1723	1788.01
729	19.2055	1753.83
730	19.2396	1745.45
731	19.2727	1745.4
732	19.3058	1744.72
733	19.3398	1743.88
734	19.3736	1740.75
735	19.4065	1740.44
736	19.44	1740.2
737	19.473	1740.03
738	19.5061	1739.95
739	19.5402	1738.84
740	19.5731	1736.99
741	19.6064	1712.66
742	19.6399	1712.65
743	19.6732	1711.65
744	19.707	1709.34
745	19.7403	1709.32
746	19.7733	1707.79
747	19.8065	1673.09
748	19.8399	1672.16
749	19.8748	1656.12
750	19.9104	1652.65
751	19.9437	1649.38
752	19.9772	1640.44
753	20.0105	1639.5
754	20.0442	1637.88
755	20.0776	1637.39
756	20.1128	1636.36
757	20.1471	1635.35
758	20.1825	1635.12
759	20.2172	1633.74
760	20.2521	1630.75
761	20.2859	1628.64
762	20.3204	1615.95
763	20.3544	1614.19
764	20.388	1614.11
765	20.4221	1613.09
766	20.4601	1612.51
767	20.5047	1612.36
768	20.5428	1610.73
769	20.5807	1610.51
770	20.6143	1609.37
771	20.6481	1605.74
772	20.6824	1605.63
773	20.7159	1585.14
774	20.7497	1568.18
775	20.7837	1565.99
776	20.8189	1559.65
777	20.8526	1559.25
778	20.8869	1558.65
779	20.9204	1556.44
780	20.9544	1538.01
781	20.988	1537.35
782	21.0218	1513.04
783	21.0556	1512.32
784	21.0893	1504.93
785	21.1231	1488.22
786	21.1579	1472.68
787	21.1925	1471.41
788	21.2305	1470.01
789	21.2696	1468.71
790	21.3037	1468.06
791	21.3379	1466.03
792	21.3721	1465.45
793	21.4074	1465.01
794	21.4493	1460.12
795	21.4866	1459.14
796	21.5325	1458.7
797	21.5672	1456.86
798	21.6032	1456.57
799	21.6372	1455.93
800	21.6716	1453.8
801	21.7063	1413.25
802	21.741	1357.74
803	21.7759	1339.67
804	21.8107	1332.06
805	21.8447	1331.75
806	21.8789	1329.29
807	21.9136	1326.98
808	21.9478	1326.35
809	21.982	1311.78
810	22.017	1311.17
811	22.0518	1311.08
812	22.0867	1302.72
813	22.122	1295.63
814	22.1566	1261.34
815	22.1912	1253.99
816	22.2257	1252.26
817	22.2602	1250.1
818	22.2949	1248.26
819	22.3294	1244.66
820	22.3643	1243.08
821	22.4033	1238.69
822	22.4395	1237.94
823	22.4748	1237.8
824	22.5105	1237.12
825	22.5449	1234.62
826	22.5798	1230.21
827	22.615	1229.64
828	22.6503	1228.25
829	22.686	1228.23
830	22.7206	1211.47
831	22.7558	1210.93
832	22.7909	1209.82
833	22.8253	1208.02
834	22.8603	1207.91
835	22.8962	1200.51
836	22.9309	1199.8
837	22.9655	1199.8
838	23.0005	1192.38
839	23.0353	1191.44
840	23.0703	1187.99
841	23.1078	1186.05
842	23.1477	1179.01
844	23.2176	1178.49
845	23.2563	1173
846	23.2916	1156.04
847	23.328	1132.93
848	23.3631	1132.87
849	23.3983	1131.04
850	23.4339	1130.57
851	23.4702	1128.78
852	23.5055	1126.87
853	23.5415	1126.85
854	23.577	1126.48
855	23.6132	1120.51
856	23.6517	1117.83
857	23.6896	1116.51
858	23.7256	1113.76
859	23.7624	1112.71
860	23.7984	1112.59
861	23.8342	1110.16
863	23.9063	1104.61
864	23.9424	1104.3
865	23.9791	1101.45
866	24.0161	1088.96
867	24.0519	1088.73
868	24.0876	1087.82
869	24.123	1077.74
870	24.16	1076.76
871	24.1954	1060.87
872	24.2314	1060.76
873	24.2678	1060.72
874	24.3033	1060.31
875	24.3401	1060.27
876	24.3764	1058.55
877	24.4134	1058.14
878	24.449	1057.13
879	24.4845	1056.25
881	24.5573	1048.4
882	24.5941	1043.47
883	24.6295	1041.84
884	24.6678	1041.58
885	24.7074	1040.81
886	24.7454	1039.21
887	24.7824	1038.99
888	24.8201	1038.75
889	24.8556	1038.71
890	24.8909	1037.72
891	24.9276	1037.44
892	24.9639	1037.44
893	24.9994	1036.09
894	25.0349	1035.22
895	25.0706	1034.25
896	25.1076	1033.79
897	25.1451	1030.82
898	25.1817	1028.25
899	25.2177	1027.39
900	25.2534	1026.7
901	25.2897	1021.33
902	25.3257	1017.03
903	25.3612	1015.12
904	25.3971	1014.98
905	25.4424	1014.81
906	25.4891	1013.61
907	25.5388	1013.39
908	25.5742	1012.55
909	25.6103	1012.2
910	25.6461	1010.44
911	25.6826	1009.45
912	25.7182	1009.31
913	25.7536	1006.75
914	25.7892	1005.84
915	25.8248	1004.79
916	25.8609	1002.94
917	25.8969	997.731
918	25.9333	996.65
919	25.9686	996.489
920	26.0216	995.487
921	26.0685	995.009
922	26.1086	994.574
923	26.1455	994.401
924	26.182	994.259
925	26.2181	993.225
926	26.2547	987.416
927	26.291	986.124
928	26.3271	984.164
929	26.3631	976.294
930	26.4005	971.437
931	26.4377	969.937
932	26.4739	969.607
933	26.5111	969.606
934	26.5525	969.464
935	26.5931	968.695
936	26.6326	967.012
937	26.6684	966.612
938	26.7049	966.088
939	26.7428	957.246
940	26.7819	956.272
941	26.8182	956.159
942	26.8545	950.899
943	26.8902	950.812
944	26.9264	946.563
945	26.9673	946.536
946	27.0061	945.482
947	27.0432	945.189
948	27.0796	945.148
949	27.1153	935.15
950	27.1513	934.691
951	27.1875	934.602
952	27.2234	930.107
954	27.2955	929.641
955	27.3313	922.228
956	27.3679	922.161
957	27.4038	921.713
958	27.4396	921.514
959	27.4763	920.14
960	27.5124	919.434
961	27.5481	917.638
962	27.5835	917.62
963	27.6194	915.709
964	27.6557	915.466
965	27.6925	913.615
966	27.7293	913.558
967	27.7662	912.808
968	27.802	911.583
969	27.8389	904.643
970	27.8757	897.303
971	27.9116	897.286
972	27.9476	896.604
973	27.9846	896.509
974	28.0204	894.36
975	28.0575	894.335
976	28.0943	894.218
977	28.1309	894.166
978	28.1675	894.128
979	28.2123	893.776
980	28.2522	893.601
981	28.29	889.046
983	28.3629	888.691
984	28.3998	888.337
985	28.4372	887.659
986	28.4752	887.107
987	28.512	885.917
988	28.5492	885.168
989	28.5858	877.407
990	28.6224	874.724
991	28.6592	874.592
992	28.6959	872.114
993	28.7329	871.567
994	28.7711	870.882
995	28.8083	870.692
996	28.8458	870.349
997	28.8836	869.984
998	28.9226	869.863
999	28.963	869.59
1000	28.9999	869.002
1001	29.0372	865.939
1002	29.0755	865.619
1003	29.1126	865.467
1004	29.1525	863.344
1005	29.1962	863.148
1006	29.242	862.292
1007	29.2802	862.044
1008	29.3172	861.262
1009	29.3538	861.23
1010	29.3907	861.021
1011	29.4282	860.192
1012	29.4654	860.033
1013	29.5023	859.789
1014	29.5399	856.898
1015	29.5775	856.838
1016	29.615	856.018
1017	29.6518	855.76
1018	29.6887	855.629
1019	29.7259	852.459
1020	29.7636	851.014
1021	29.8051	850.652
1022	29.8431	846.244
1023	29.8808	846.135
1024	29.9176	842.862
1025	29.9546	839.172
1026	29.9914	838.458
1027	30.0294	838.061
1028	30.067	837.439
1029	30.1043	836.618
1031	30.1791	835.599
1032	30.2172	835.451
1033	30.2539	834.727
1034	30.2908	829.418
1035	30.3281	829.254
1036	30.3652	828.875
1037	30.4021	828.58
1038	30.4392	828.492
1039	30.476	826.603
1040	30.5136	825.873
1041	30.5516	817.304
1042	30.5886	796.725
1043	30.6256	785.599
1044	30.6631	785.49
1045	30.7	785.4
1046	30.737	784.708
1047	30.7743	784.46
1048	30.8126	784.414
1049	30.8495	783.928
1050	30.8873	783.29
1051	30.9252	782.869
1052	30.9623	780.133
1053	30.9998	779.182
1054	31.0379	778.323
1055	31.0751	775.998
1056	31.114	775.799
1057	31.1539	774.625
1058	31.1921	774.054
1060	31.2678	774.032
1061	31.3054	772.868
1062	31.3431	772.703
1063	31.3801	772.617
1064	31.4176	771.969
1065	31.4552	771.748
1066	31.4929	770.603
1068	31.5688	770.3
1069	31.6059	770.26
1070	31.6433	767.711
1071	31.6806	767.301
1072	31.7179	766.68
1074	31.7929	765.914
1075	31.8302	763.934
1076	31.8675	763.913
1077	31.905	763.911
1078	31.9423	763.784
1079	31.9798	762.927
1080	32.0171	762.162
1081	32.0548	732.916
1082	32.0924	731.886
1083	32.1301	731.508
1084	32.1679	731.008
1085	32.2054	730.408
1086	32.2428	728.912
1087	32.2802	727.16
1088	32.3178	727.133
1089	32.3552	726.382
1090	32.3929	726.33
1091	32.4314	723.41
1092	32.4686	722.49
1093	32.506	722.282
1094	32.544	721.975
1095	32.5823	721.74
1096	32.62	721.146
1097	32.6581	720.279
1098	32.6965	717.998
1099	32.734	717.664
1100	32.7714	717.58
1101	32.8094	714.367
1103	32.8849	713.207
1104	32.9226	713.192
1105	32.9617	709.475
1106	32.9991	706.294
1107	33.0371	706.005
1108	33.075	704.584
1109	33.1127	701.818
1110	33.1504	701.786
1111	33.1886	696.729
1112	33.2266	696.687
1113	33.2642	696.67
1114	33.3033	693.123
1115	33.3427	693.054
1116	33.3805	692.507
1117	33.419	692.342
1118	33.4572	691.252
1119	33.4954	691.019
1120	33.5332	690.815
1121	33.5711	688.415
1122	33.6095	686.587
1123	33.6474	685.14
1124	33.689	684.31
1125	33.7291	683.234
1126	33.7708	682.507
1127	33.8095	681.277
1128	33.8491	681.134
1129	33.8878	681.113
1130	33.9259	680.869
1131	33.9832	680.648
1132	34.0223	680.623
1133	34.0605	678.727
1134	34.0983	677.431
1135	34.1373	677.084
1136	34.1759	676.738
1137	34.2137	675.152
1138	34.2515	674.049
1139	34.2891	671.998
1140	34.3269	671.633
1141	34.3656	670.344
1142	34.4033	669.189
1143	34.4411	667.94
1144	34.4788	667.06
1145	34.5171	666.968
1146	34.5551	666.952
1147	34.5936	666.591
1148	34.6312	666.285
1149	34.6688	666.238
1150	34.7066	666.155
1151	34.7447	665.268
1152	34.7824	665.102
1153	34.82	664.782
1154	34.8585	664.329
1155	34.8961	664.045
1156	34.9343	662.86
1157	34.9722	653.949
1158	35.0106	653.488
1159	35.0482	653.326
1161	35.1249	653.112
1162	35.1631	652.367
1163	35.2013	650.274
1164	35.24	650.003
1165	35.278	649.794
1166	35.3164	648.722
1167	35.3542	648.317
1168	35.3929	647.801
1169	35.4307	647.339
1170	35.4694	646.423
1171	35.5103	645.296
1172	35.5482	645.24
1173	35.5864	645.236
1174	35.6252	644.86
1175	35.6631	644.121
1176	35.7009	641.501
1177	35.7404	641.324
1178	35.7784	640.898
1179	35.8165	634.882
1180	35.8545	633.305
1181	35.8925	633.118
1182	35.9308	630.454
1183	35.9688	630.367
1184	36.0066	629.711
1185	36.0452	629.593
1186	36.0831	628.223
1187	36.1214	627.984
1188	36.1605	627.866
1189	36.1985	626.039
1190	36.2366	625.582
1191	36.2756	624.46
1192	36.3137	620.5
1194	36.3904	620.087
1195	36.429	618.562
1196	36.4672	618.175
1197	36.5051	617.929
1198	36.5438	617.802
1199	36.5835	616.662
1200	36.6213	616.483
1201	36.6599	616.236
1202	36.698	616.067
1203	36.7359	615.508
1204	36.7738	614.936
1205	36.812	614.574
1206	36.8503	614.41
1207	36.8893	613.918
1208	36.9275	594.297
1209	36.9662	592.162
1210	37.0047	590.458
1211	37.0438	590.45
1212	37.0857	589.243
1213	37.1288	589.206
1214	37.1681	588.71
1215	37.2066	588.697
1217	37.2835	588.671
1218	37.322	588.645
1219	37.3612	588.212
1220	37.3995	587.473
1221	37.4384	586.893
1222	37.4771	586.878
1223	37.5156	586.8
1224	37.5543	586.731
1225	37.5927	586.698
1226	37.6316	586.162
1227	37.6744	585.578
1228	37.7129	585.491
1229	37.7509	584.483
1230	37.7901	583.419
1231	37.8287	583.357
1232	37.867	580.219
1233	37.9054	580.153
1234	37.944	579.409
1235	37.983	578.759
1236	38.0228	577.843
1237	38.0642	577.185
1238	38.1038	577.021
1239	38.1436	576.816
1240	38.1827	576.623
1241	38.2214	576.236
1242	38.2603	575.721
1243	38.2994	575.625
1244	38.3385	575.127
1245	38.3774	574.497
1246	38.4163	574.272
1247	38.4561	574.163
1248	38.4964	573.971
1249	38.5358	573.956
1250	38.5751	573.777
1251	38.6147	572.737
1252	38.6542	572.62
1253	38.6933	571.334
1254	38.7322	570.256
1255	38.7713	570.178
1256	38.8104	569.512
1257	38.8495	569.364
1258	38.8891	569.109
1259	38.9286	568.04
1260	38.9673	566.345
1261	39.0071	566.07
1262	39.0459	565.367
1263	39.0853	565.295
1264	39.1249	565.104
1265	39.1642	563.307
1266	39.2033	562.752
1267	39.2437	562.652
1268	39.2832	561.851
1269	39.3231	561.455
1271	39.4009	561.371
1272	39.4405	561.258
1273	39.4799	560.789
1274	39.5201	560.72
1275	39.5594	560.406
1276	39.6021	560.378
1277	39.6461	559.398
1278	39.7039	559.172
1279	39.7662	559.112
1280	39.8055	558.938
1281	39.8493	557.732
1282	39.8891	551.512
1283	39.9294	547.75
1284	39.97	547.718
1285	40.0103	547.685
1286	40.0508	546.68
1287	40.0904	546.608
1288	40.1322	546.512
1289	40.1717	545.917
1290	40.2112	545.635
1291	40.251	544.956
1292	40.2911	542.335
1293	40.331	541.43
1294	40.3712	541.005
1295	40.4114	540.06
1296	40.4499	540.055
1297	40.4858	539.972
1298	40.5218	539.856
1300	40.5954	539.838
1301	40.6326	539.632
1302	40.6692	539.336
1304	40.7455	539.05
1305	40.7955	539.001
1306	40.835	536.366
1308	40.9326	536.212
1309	40.9698	536.182
1310	41.0085	534.85
1311	41.0459	534.542
1312	41.0823	533.2
1313	41.1186	533.192
1314	41.1548	533.059
1315	41.1907	531.951
1316	41.2272	531.888
1317	41.2631	531.881
1318	41.2992	531.485
1319	41.3354	530.363
1320	41.3721	529.904
1321	41.4081	523.499
1322	41.4443	522.742
1323	41.4804	522.151
1324	41.5165	520.647
1325	41.5526	520.378
1326	41.5887	520.049
1327	41.6258	519.546
1328	41.665	519.416
1329	41.7109	519.222
1330	41.7555	518.262
1331	41.8007	517.899
1332	41.844	517.564
1333	41.8881	517.011
1334	41.9285	515.831
1335	41.9713	515.708
1336	42.0109	515.53
1337	42.0517	514.715
1338	42.0918	511.614
1339	42.1322	510.653
1340	42.1715	510.519
1341	42.211	508.638
1343	42.2917	508.357
1344	42.3319	508.328
1345	42.3718	506.245
1346	42.4116	504.026
1347	42.4514	503.984
1348	42.492	501.193
1349	42.5319	499.849
1350	42.5719	499.767
1351	42.6113	495.201
1353	42.69	495.174
1354	42.7292	494.06
1355	42.7682	494.058
1357	42.8471	493.849
1358	42.8863	493.837
1359	42.926	493.123
1360	42.9652	493.029
1361	43.0042	490.748
1362	43.0443	488.61
1363	43.0836	488.097
1364	43.1234	487.854
1365	43.1635	487.781
1366	43.2036	487.102
1367	43.2434	486.635
1368	43.2825	486.572
1369	43.3224	486.559
1370	43.362	486.511
1371	43.4015	486.098
1372	43.4413	486.09
1373	43.4842	485.628
1374	43.5243	484.847
1375	43.569	484.314
1376	43.611	484.155
1377	43.6522	482.89
1378	43.6926	481.262
1379	43.7346	481.064
1381	43.8156	480.773
1382	43.8574	480.572
1383	43.9019	479.551
1384	43.9492	479.483
1385	43.9894	479.44
1386	44.0309	479.434
1387	44.0714	478.964
1388	44.1125	478.874
1389	44.1538	478.55
1391	44.2338	477.732
1392	44.274	477.666
1393	44.3133	477.418
1394	44.3534	477.162
1395	44.3941	476.344
1396	44.434	476.343
1397	44.475	473.88
1398	44.5157	473.787
1399	44.5552	473.667
1400	44.5949	473.636
1401	44.6351	473.402
1402	44.6758	473.265
1403	44.7155	472.851
1404	44.7557	472.832
1405	44.795	471.468
1406	44.8348	471.394
1407	44.8747	471.251
1409	44.9537	470.429
1410	44.9936	468.725
1411	45.034	468.069
1412	45.0742	468.066
1413	45.1146	468.058
1414	45.1543	468.041
1415	45.1943	467.574
1416	45.2348	466.805
1418	45.3149	466.756
1419	45.3557	465.269
1420	45.3954	464.116
1421	45.4353	463.974
1422	45.4749	463.525
1423	45.5149	463.301
1424	45.5551	462.99
1425	45.5947	462.553
1429	45.7543	462.24
1430	45.7939	461.802
1431	45.8339	460.962
1432	45.8744	459.789
1433	45.9144	459.639
1434	45.9547	459.466
1435	45.995	459.058
1436	46.0352	459.031
1437	46.0773	458.406
1439	46.1583	457.596
1441	46.2382	457.594
1442	46.2778	457.307
1443	46.322	456.923
1444	46.3661	456.615
1445	46.4312	456.385
1446	46.4799	456.355
1447	46.5249	455.914
1448	46.5708	455.594
1449	46.6127	454.95
1450	46.6523	453.784
1451	46.6925	453.775
1452	46.732	453.759
1453	46.7717	453.751
1454	46.8115	453.602
1455	46.851	453.565
1456	46.8908	453.129
1457	46.9306	453.118
1458	46.9698	453.116
1459	47.0153	452.986
1461	47.1021	452.241
1462	47.1419	452.241
1463	47.182	451.9
1464	47.2221	451.876
1465	47.2628	451.547
1466	47.3038	451.156
1467	47.3436	448.791
1468	47.3836	448.684
1469	47.4259	446.225
1470	47.4715	445.151
1471	47.5135	445.141
1472	47.5534	442.972
1473	47.5934	442.77
1474	47.6333	441.93
1475	47.6728	441.871
1476	47.7134	441.801
1477	47.7532	440.492
1478	47.7947	440.445
1480	47.8755	439.783
1481	47.9166	439.355
1482	47.9563	439.345
1483	47.9963	439.251
1484	48.0373	439.089
1485	48.0778	438.73
1486	48.1183	438.595
1487	48.1585	438.513
1488	48.1984	438.472
1489	48.2408	438.471
1490	48.2906	438.422
1491	48.3337	437.593
1492	48.3744	437.527
1493	48.4163	436.426
1494	48.4567	434.321
1495	48.4958	434.185
1496	48.5364	433.989
1497	48.5746	433.894
1498	48.6125	433.877
1499	48.6574	432.914
1500	48.6997	430.456
1501	48.7375	430.34
1502	48.7769	428.725
1503	48.8169	428.664
1504	48.8564	428.466
1505	48.8946	427.899
1506	48.9326	427.628
1507	48.9708	427.614
1508	49.0091	427.067
1509	49.0471	426.921
1510	49.0875	426.799
1511	49.1313	426.77
1513	49.2098	426.589
1514	49.2476	426.572
1515	49.2853	426.369
1516	49.3233	426.35
1517	49.3609	426.205
1518	49.3986	426.108
1519	49.4362	426.046
1520	49.4739	425.901
1521	49.5138	425.642
1522	49.5543	423.117
1523	49.5948	421.134
1525	49.6755	420.994
1526	49.7155	419.923
1527	49.7552	419.887
1528	49.7974	419.87
1529	49.8714	419.258
1530	49.9142	419.135
1531	49.9547	418.895
1532	49.9946	416.725
1533	50.0355	416.494
1534	50.0763	416.488
1535	50.1164	416.278
1536	50.1566	416.248
1537	50.1963	414.685
1538	50.2367	414.674
1539	50.2775	414.58
1540	50.3174	414.551
1541	50.3661	414.398
1542	50.4103	414.254
1543	50.4514	414.037
1544	50.4921	414.018
1545	50.5326	413.991
1546	50.5732	413.634
1547	50.6141	413.596
1549	50.6976	413.427
1550	50.7386	412.788
1551	50.7794	411.84
1552	50.821	411.254
1554	50.9009	411.221
1555	50.941	410.035
1556	50.9808	410.022
1557	51.0211	410.017
1559	51.1091	409.377
1560	51.1518	409.351
1561	51.1935	408.249
1562	51.2388	407.948
1564	51.3192	407.72
1565	51.361	407.637
1566	51.4017	407.593
1568	51.4822	407.585
1569	51.5215	407.43
1571	51.602	406.866
1572	51.6425	405.549
1574	51.7232	405.324
1575	51.7625	405.223
1576	51.8039	403.534
1577	51.8434	403.007
1578	51.8838	398.76
1579	51.9251	398.166
1580	51.9655	398.036
1581	52.0071	396.045
1584	52.1947	396.033
1585	52.2386	395.02
1586	52.2793	394.232
1587	52.3196	394.224
1588	52.3592	394.164
1589	52.3999	391.677
1590	52.4392	391.465
1591	52.4805	391.049
1592	52.5206	391.016
1593	52.5605	390.599
1594	52.6	390.594
1595	52.6398	390.458
1596	52.6895	389.587
1597	52.7411	389.299
1599	52.8258	388.87
1600	52.8657	388.801
1601	52.9061	387.452
1602	52.9458	385.372
1603	52.9863	385.042
1604	53.028	384.921
1605	53.0683	384.887
1607	53.1496	384.636
1608	53.1912	384.567
1611	53.3143	384.081
1612	53.3593	383.841
1613	53.4008	383.101
1614	53.4404	382.322
1615	53.4814	382.133
1616	53.5221	381.723
1617	53.5622	381.565
1618	53.6022	380.003
1619	53.642	379.427
1620	53.6822	379.291
1621	53.7223	377.035
1622	53.7623	376.577
1623	53.8019	376.007
1624	53.8421	375.973
1625	53.8818	375.767
1627	53.9613	375.46
1631	54.1215	374.886
1632	54.1613	374.747
1633	54.2008	374.538
1634	54.2409	374.395
1635	54.2804	372.949
1636	54.3204	372.818
1637	54.3605	371.001
1638	54.401	370.266
1639	54.4409	370.098
1640	54.4807	369.955
1641	54.5213	369.892
1642	54.561	369.717
1643	54.6015	369.516
1644	54.6415	367.594
1645	54.6824	367.368
1647	54.7632	367.143
1650	54.8834	366.51
1651	54.924	366.373
1652	54.966	366.37
1653	55.0062	366.354
1654	55.0469	366.35
1655	55.0874	365.833
1656	55.1279	365.665
1657	55.168	365.2
1658	55.2077	364.99
1659	55.2478	364.621
1660	55.2879	364.045
1661	55.3278	363.905
1662	55.368	363.552
1663	55.4088	363.484
1664	55.4488	363.261
1665	55.4895	362.875
1667	55.5703	362.785
1669	55.6503	362.6
1670	55.6907	362.506
1671	55.7305	361.383
1672	55.7711	361.15
1673	55.8108	360.647
1674	55.8511	360.385
1675	55.8909	360.084
1676	55.931	360.004
1678	56.0115	359.865
1679	56.0515	358.825
1681	56.1331	358.645
1682	56.1739	358.617
1683	56.214	358.5
1684	56.2543	358.235
1685	56.2953	358.117
1686	56.3358	358.037
1687	56.3759	357.868
1688	56.4158	357.72
1689	56.4563	356.632
1690	56.4977	355.817
1691	56.5379	355.809
1692	56.5786	354.789
1693	56.6192	354.689
1694	56.6592	353.963
1695	56.6992	353.951
1696	56.7393	353.935
1697	56.7801	353.933
1698	56.8198	353.913
1699	56.8597	353.861
1700	56.8994	353.719
1701	56.9398	353.474
1703	57.0207	353.407
1704	57.0614	353.384
1705	57.1029	353.369
1706	57.1439	353.34
1707	57.1838	353.244
1708	57.2244	352.828
1709	57.2645	351.557
1710	57.3044	350.738
1711	57.3448	350.735
1712	57.3849	348.184
1713	57.4247	348.072
1714	57.4648	347.568
1715	57.5048	347.496
1717	57.5844	347.272
1719	57.6639	347.23
1720	57.7037	346.978
1721	57.7438	346.793
1722	57.7838	346.761
1723	57.8239	346.674
1724	57.865	346.458
1725	57.9059	346.375
1726	57.9472	346.305
1727	57.988	346.29
1729	58.0685	346.29
1730	58.1093	345.956
1731	58.1497	345.698
1733	58.2303	345.681
1734	58.2704	344.487
1735	58.3107	344.397
1736	58.3521	344.269
1737	58.3928	344.246
1738	58.4332	344.174
1739	58.4738	342.829
1740	58.5137	341.462
1741	58.554	341.315
1742	58.5985	340.719
1744	58.6819	340.588
1745	58.7233	340.499
1746	58.7667	340.422
1747	58.8071	340.39
1748	58.8478	340.112
1753	59.0492	340.045
1754	59.0889	340.035
1755	59.1291	339.943
1756	59.1697	339.937
1757	59.2099	339.918
1758	59.2519	339.882
1759	59.2921	339.79
1761	59.3726	339.658
1762	59.4128	338.663
1763	59.4529	337.029
1764	59.4939	337.021
1765	59.534	336.987
1766	59.5746	335.914
1768	59.6548	335.909
1769	59.6952	335.579
1771	59.7763	335.457
1772	59.8171	332.645
1773	59.8577	332.362
1775	59.9389	332.262
1776	59.9794	332.256
1777	60.0202	332.025
1778	60.0608	332.007
1780	60.1421	332.001
1781	60.183	331.966
1782	60.2246	331.481
1783	60.2648	331.291
1784	60.3053	331.267
1785	60.3459	331.255
1786	60.3862	330.717
1787	60.4271	330.549
1788	60.4682	330.537
1789	60.5094	330.49
1790	60.5497	330.083
1791	60.5904	329.516
1792	60.6322	329.51
1794	60.7131	329.5
1795	60.7538	329.332
1796	60.7945	329.324
1797	60.8357	329.319
1798	60.876	329.304
1799	60.9167	329.188
1800	60.958	329.055
1801	60.9986	328.938
1802	61.0396	328.713
1803	61.0807	328.71
1804	61.1211	328.619
1805	61.1622	328.478
1808	61.2834	328.466
1809	61.3238	328.356
1811	61.407	328.128
1812	61.4491	327.803
1813	61.4904	327.703
1814	61.5314	327.523
1815	61.5719	327.413
1816	61.6127	327.284
1817	61.6529	326.946
1818	61.6932	326.219
1819	61.7335	325.871
1820	61.7742	325.735
1821	61.815	323.969
1824	61.9369	323.959
1825	61.978	323.045
1826	62.0189	322.953
1827	62.0596	322.87
1828	62.1002	322.622
1829	62.1412	322.323
1830	62.1823	322.217
1831	62.223	321.871
1832	62.2638	321.864
1833	62.3044	321.659
1834	62.3454	321.495
1835	62.3865	321.475
1836	62.427	321.157
1837	62.4678	320.939
1838	62.5095	320.735
1839	62.552	320.398
1840	62.5948	319.913
1841	62.639	319.708
1842	62.6829	319.372
1844	62.7642	319.238
1845	62.8047	319.163
1847	62.8867	318.92
1851	63.0497	318.915
1852	63.0921	318.878
1853	63.1339	318.494
1854	63.1748	318.371
1855	63.2157	318.303
1856	63.2571	317.656
1857	63.2987	317.57
1858	63.3412	317.449
1859	63.3839	317.169
1860	63.4257	317.074
1862	63.5085	316.979
1863	63.5503	316.478
1865	63.6359	316.475
1867	63.719	316.048
1869	63.8005	315.988
1871	63.8823	315.303
1872	63.9284	315.253
1873	63.9745	315.064
1874	64.0163	314.985
1875	64.0594	314.636
1876	64.1004	314.29
1877	64.1479	312.966
1878	64.2097	312.823
1879	64.2505	312.597
1881	64.3331	312.347
1882	64.3746	312.217
1883	64.4149	311.935
1884	64.4561	311.835
1885	64.5003	311.742
1886	64.5411	311.643
1887	64.5821	311.546
1888	64.6231	311.407
1889	64.6637	311.355
1890	64.705	310.739
1892	64.7873	310.701
1893	64.8277	310.694
1895	64.9095	310.506
1896	64.9512	309.63
1897	64.9931	309.479
1898	65.0338	309.023
1899	65.075	308.734
1900	65.1181	308.145
1901	65.1607	308.046
1902	65.2052	307.823
1903	65.2473	307.705
1904	65.2902	307.401
1907	65.4127	307.376
1909	65.4946	307.188
1910	65.5362	307.057
1912	65.6203	307.044
1913	65.6611	306.921
1914	65.7016	306.811
1916	65.785	306.738
1919	65.9081	305.899
1921	65.9897	305.554
1922	66.0308	305.512
1923	66.0724	305.437
1924	66.1133	305.263
1925	66.1543	305.198
1926	66.1959	305.13
1927	66.2367	305.049
1928	66.2792	304.994
1929	66.3203	304.697
1930	66.3622	304.237
1931	66.4039	304.234
1932	66.4498	304.197
1933	66.4921	304.189
1934	66.5339	303.941
1935	66.5769	303.924
1937	66.6617	303.902
1938	66.7037	303.9
1939	66.746	303.88
1940	66.7885	303.855
1941	66.8301	303.639
1943	66.9157	303.552
1944	66.9572	303.517
1945	66.9989	303.446
1946	67.041	303.419
1947	67.0819	303.203
1948	67.1242	303.157
1949	67.167	301.822
1950	67.2088	301.304
1951	67.251	301.221
1952	67.2924	299.206
1953	67.3339	299.164
1954	67.3751	298.894
1955	67.4176	298.813
1957	67.5016	298.581
1959	67.5949	298.552
1960	67.6381	298.297
1961	67.6842	298.193
1962	67.7255	298.17
1963	67.7675	298.14
1964	67.8089	298.126
1965	67.8501	297.993
1966	67.8913	297.946
1967	67.9491	297.94
1968	67.9974	297.902
1970	68.0816	297.875
1971	68.124	297.739
1973	68.207	297.699
1974	68.2525	296.798
1975	68.2993	296.745
1976	68.3434	296.628
1977	68.3916	296.614
1978	68.4352	296.482
1979	68.4772	295.95
1980	68.5186	295.838
1981	68.5599	295.731
1982	68.6023	295.701
1984	68.6894	295.629
1985	68.7329	295.573
1986	68.7772	295.548
1988	68.8644	295.455
1991	68.99	295.403
1992	69.0327	294.926
1994	69.1155	294.909
1995	69.1576	294.737
1996	69.2001	294.702
1997	69.2421	294.697
1998	69.2853	294.638
1999	69.3311	294.602
2000	69.3755	294.585
2001	69.417	294.543
2002	69.4585	293.614
2003	69.5003	293.139
2004	69.5421	293.108
2005	69.5838	293.085
2006	69.6258	292.68
2008	69.7086	292.671
2009	69.7514	292.588
2010	69.8173	292.564
2011	69.8772	292.485
2012	69.9194	291.262
2014	70.0034	290.994
2015	70.045	290.95
2017	70.1399	290.691
2018	70.1879	290.684
2019	70.2297	290.333
2020	70.2714	290.298
2022	70.3551	290.153
2024	70.4374	290.109
2025	70.4793	290.098
2026	70.5208	289.559
2028	70.604	289.541
2029	70.6453	289.525
2030	70.6874	289.4
2031	70.7301	289.243
2032	70.7716	289.168
2034	70.8561	289.158
2035	70.8979	288.604
2036	70.9394	288.6
2037	70.9808	288.575
2041	71.1479	287.937
2042	71.1903	287.737
2047	71.4054	287.596
2048	71.4621	287.595
2049	71.506	287.565
2050	71.5479	287.535
2051	71.5915	287.412
2052	71.6343	286.403
2053	71.6771	286.151
2054	71.726	286.109
2055	71.77	286.003
2056	71.8117	285.77
2057	71.8544	285.37
2058	71.8986	283.462
2059	71.9425	283.221
2060	71.9845	283.107
2061	72.0275	281.61
2064	72.196	281.57
2065	72.2421	280.945
2066	72.2847	280.943
2067	72.3267	280.824
2068	72.3691	280.717
2069	72.4114	280.258
2070	72.4535	280.2
2073	72.5813	280.005
2075	72.666	279.94
2077	72.7495	279.857
2078	72.7917	279.78
2079	72.8332	279.671
2080	72.875	279.497
2081	72.9171	279.131
2082	72.9592	277.198
2083	73.0017	276.973
2084	73.045	276.92
2085	73.0875	276.837
2087	73.177	276.77
2088	73.2189	276.76
2090	73.3048	276.669
2092	73.3994	276.644
2093	73.4468	276.319
2094	73.497	275.95
2095	73.5468	275.883
2096	73.5895	275.421
2097	73.6318	275.362
2098	73.6738	275.09
2103	73.8928	274.741
2105	73.9797	274.735
2107	74.0634	274.678
2109	74.1478	274.585
2110	74.1895	274.461
2111	74.2316	273.738
2112	74.2736	273.713
2113	74.3227	273.638
2114	74.3697	273.613
2115	74.4123	273.365
2117	74.4966	272.954
2118	74.5392	272.906
2119	74.5829	272.787
2120	74.6251	272.778
2121	74.6669	272.499
2123	74.751	272.456
2124	74.7927	272.259
2125	74.8349	272.144
2126	74.8769	272.033
2127	74.9191	271.677
2130	75.0526	271.233
2133	75.185	271.213
2134	75.2282	271.167
2135	75.2705	270.821
2136	75.3131	270.463
2139	75.4387	270.295
2140	75.4805	269.682
2141	75.5225	269.592
2142	75.565	269.536
2143	75.607	269.531
2148	75.819	269.507
2149	75.8784	269.456
2152	76.0317	269.073
2153	76.0746	268.648
2154	76.123	268.491
2156	76.2099	268.422
2159	76.3418	268.393
2161	76.4275	268.345
2162	76.4718	268.341
2163	76.5149	268.232
2164	76.5596	267.932
2166	76.6446	267.921
2167	76.6865	267.87
2168	76.7294	267.848
2169	76.7747	267.521
2170	76.818	267.217
2171	76.86	267.217
2172	76.9019	267.169
2173	76.9446	267.168
2174	76.9868	267.021
2175	77.0309	267.013
2177	77.1155	266.997
2178	77.1574	266.982
2179	77.2003	266.491
2180	77.2433	266.384
2183	77.371	266.304
2184	77.413	266.289
2185	77.4559	266.281
2187	77.5411	266.269
2188	77.5837	266.248
2189	77.6263	265.972
2190	77.6691	265.861
2191	77.7115	265.85
2192	77.7544	264.637
2193	77.797	264.626
2194	77.8399	264.494
2195	77.882	264.488
2197	77.967	264.244
2198	78.0095	264.151
2199	78.0524	264.125
2200	78.0948	264.103
2201	78.1367	264.08
2202	78.1801	264.051
2203	78.2233	263.993
2204	78.2656	263.979
2205	78.3084	263.967
2206	78.3518	263.823
2207	78.3952	263.816
2208	78.4373	263.793
2210	78.5222	263.778
2211	78.5736	263.724
2212	78.6408	263.7
2214	78.7322	263.303
2215	78.7744	263.232
2216	78.8168	263.217
2217	78.8593	263.197
2218	78.9016	262.788
2219	78.944	262.531
2220	78.9879	262.482
2222	79.0727	262.255
2223	79.1144	262.233
2224	79.1571	262.194
2226	79.2412	262.088
2228	79.3254	261.95
2231	79.4524	261.915
2232	79.4944	261.847
2234	79.578	261.827
2235	79.6198	261.759
2236	79.6617	261.741
2237	79.704	261.733
2238	79.7462	261.696
2239	79.7893	261.684
2240	79.832	261.674
2241	79.8742	261.643
2242	79.917	261.179
2243	79.96	260.959
2244	80.0019	260.932
2246	80.0921	260.789
2248	80.1787	260.67
2249	80.2217	260.631
2250	80.2637	260.605
2251	80.3072	260.569
2252	80.3507	259.089
2253	80.3936	259.075
2254	80.4356	258.698
2255	80.4779	258.591
2257	80.5622	258.512
2258	80.6041	258.503
2259	80.6463	258.393
2260	80.6982	258.387
2262	80.796	258.129
2263	80.8406	257.913
2264	80.884	257.885
2265	80.928	257.846
2266	80.9721	257.55
2267	81.0148	257.541
2269	81.102	257.522
2270	81.1463	257.376
2271	81.1902	257.158
2272	81.2331	257.052
2274	81.3289	257.013
2275	81.3733	256.353
2276	81.416	256.351
2277	81.4589	256.325
2278	81.5024	256.324
2279	81.5451	256.276
2281	81.6308	256.117
2282	81.6748	256.051
2284	81.7604	255.988
2288	81.9357	255.983
2289	81.9856	255.779
2290	82.0332	255.727
2291	82.0791	255.343
2292	82.1215	255.066
2294	82.2118	254.957
2295	82.2595	254.925
2296	82.3027	254.869
2297	82.3467	254.612
2298	82.3891	254.205
2299	82.4322	254.006
2300	82.4751	253.849
2301	82.5184	252.692
2304	82.6472	252.655
2305	82.6896	252.055
2306	82.733	251.99
2307	82.7796	251.935
2308	82.8544	251.747
2309	82.905	251.725
2310	82.9502	251.699
2313	83.0818	251.523
2319	83.3677	251.324
2320	83.4115	250.983
2321	83.454	250.795
2322	83.5032	249.383
2323	83.5634	249.345
2324	83.607	249.341
2325	83.6509	249.337
2327	83.7374	249.319
2330	83.8657	249.265
2331	83.9077	248.776
2333	83.9933	248.649
2334	84.0353	248.529
2335	84.0792	248.528
2336	84.1213	248.254
2337	84.1641	248.23
2339	84.2504	247.623
2340	84.2929	247.589
2341	84.3353	247.007
2342	84.3778	246.989
2343	84.4207	246.778
2344	84.4658	246.774
2347	84.5962	246.607
2349	84.6809	246.473
2350	84.7238	246.378
2351	84.7664	245.958
2352	84.8084	245.927
2353	84.8518	245.826
2354	84.8937	245.82
2355	84.9356	245.784
2357	85.0206	245.725
2358	85.0689	245.708
2359	85.1245	245.68
2360	85.1922	245.643
2361	85.2343	245.534
2362	85.2769	245.491
2363	85.3191	245.117
2364	85.3616	244.817
2365	85.4035	244.766
2367	85.4881	244.748
2369	85.5762	243.947
2370	85.6179	243.46
2371	85.6599	243.312
2372	85.7034	243.308
2373	85.7447	243.262
2375	85.831	243.124
2376	85.8732	242.955
2378	85.9653	242.94
2379	86.01	242.789
2380	86.0521	242.417
2381	86.0942	242.338
2386	86.304	242.323
2389	86.4282	242.24
2390	86.471	242.181
2392	86.5732	241.946
2393	86.6151	241.824
2395	86.7004	241.744
2396	86.7429	241.729
2401	86.9531	241.686
2402	86.9963	241.676
2403	87.0393	241.523
2404	87.0815	241.444
2406	87.1654	241.422
2407	87.2092	241.318
2408	87.2516	241.296
2409	87.2943	240.946
2410	87.3371	240.876
2411	87.3798	240.869
2412	87.4215	240.853
2413	87.4633	240.849
2414	87.5054	240.243
2415	87.5474	240.233
2417	87.6313	240.214
2418	87.6739	240.21
2419	87.7227	240.109
2420	87.7661	240.087
2421	87.8093	240.058
2423	87.893	240.035
2424	87.935	240.005
2425	87.9765	239.983
2427	88.06	239.779
2428	88.1025	239.757
2429	88.1444	239.151
2430	88.1869	239.108
2431	88.2289	239.104
2432	88.2708	238.504
2433	88.3123	238.485
2434	88.3549	238.45
2435	88.3967	238.446
2436	88.4383	238.435
2437	88.481	238.325
2438	88.5224	238.312
2439	88.5653	238.299
2440	88.6067	238.264
2441	88.6483	238.25
2442	88.6902	238.229
2443	88.7324	238.096
2444	88.7749	238.09
2445	88.817	238.009
2446	88.8597	237.911
2447	88.9025	237.886
2450	89.0294	237.794
2451	89.0717	237.685
2453	89.1565	237.685
2454	89.1988	237.37
2455	89.242	237.337
2456	89.2844	237.282
2457	89.3266	237.257
2458	89.3694	237.24
2459	89.4123	237.026
2461	89.4977	237.004
2462	89.5398	236.918
2463	89.5826	236.904
2464	89.6248	236.888
2468	89.7934	236.662
2469	89.8361	236.656
2471	89.925	236.633
2472	89.9692	236.548
2474	90.0552	236.496
2475	90.0981	236.401
2476	90.1403	236.396
2477	90.1822	236.384
2478	90.2239	236.365
2480	90.3097	236.355
2481	90.3526	236.338
2482	90.3993	236.096
2483	90.4665	235.834
2484	90.5104	235.794
2485	90.5855	235.789
2486	90.6356	235.708
2488	90.7249	235.706
2489	90.7688	235.67
2491	90.8549	235.641
2492	90.8989	234.976
2493	90.9408	234.958
2494	90.9837	234.922
2495	91.0261	234.88
2497	91.111	234.803
2498	91.1536	234.796
2499	91.1974	234.716
2500	91.2404	234.711
2501	91.2827	234.697
2502	91.3255	234.654
2503	91.3684	234.499
2504	91.4104	234.473
2505	91.4532	234.441
2506	91.5258	234.146
2508	91.6413	234.146
2509	91.6883	234.13
2510	91.731	234.043
2511	91.7738	233.771
2512	91.8164	233.734
2514	91.903	233.713
2515	91.9464	233.239
2517	92.0352	233.216
2521	92.2059	233.187
2522	92.248	233.138
2524	92.3328	232.634
2528	92.5039	232.248
2529	92.5463	232.213
2531	92.6327	232.104
2532	92.6751	231.797
2534	92.7611	231.779
2536	92.8481	231.763
2537	92.8905	231.551
2538	92.9332	231.049
2539	92.9753	230.825
2540	93.018	230.711
2541	93.0602	229.803
2544	93.1874	229.743
2545	93.2294	229.336
2546	93.2726	229.304
2547	93.3145	229.267
2548	93.3567	229.141
2553	93.5716	229.053
2554	93.6138	229.04
2560	93.8705	228.753
2561	93.9139	228.572
2562	93.9564	228.203
2563	93.9994	228.2
2565	94.0842	228.174
2567	94.1793	228.159
2571	94.3781	228.112
2572	94.4226	228.107
2573	94.4652	228.085
2574	94.5093	227.873
2575	94.552	227.867
2576	94.5954	227.722
2579	94.7266	227.382
2580	94.7701	227.358
2581	94.8136	227.32
2583	94.9003	227.223
2584	94.9429	227.214
2586	95.0287	227.213
2591	95.2429	226.938
2592	95.2863	226.915
2593	95.3296	226.813
2595	95.4158	226.595
2597	95.5011	226.443
2598	95.5428	226.428
2599	95.5864	226.369
2600	95.6296	226.259
2601	95.6724	226.251
2602	95.7144	226.154
2603	95.7565	226.086
2604	95.7993	226.038
2605	95.8415	225.958
2608	95.9695	225.844
2609	96.0126	225.669
2610	96.0556	225.296
2611	96.099	225.16
2612	96.1422	225.156
2613	96.1857	225.143
2615	96.2709	225.038
2616	96.3132	224.833
2618	96.3988	224.818
2619	96.4433	224.65
2620	96.4882	224.577
2621	96.5306	224.502
2623	96.6164	224.491
2624	96.6601	224.429
2625	96.7031	224.063
2626	96.7459	224.059
2628	96.8396	223.777
2629	96.8858	223.717
2630	96.93	223.712
2633	97.0655	222.919
2641	97.4099	222.76
2642	97.4527	222.748
2643	97.4961	222.659
2644	97.5389	222.636
2645	97.5814	222.635
2646	97.6263	222.624
2647	97.6685	222.259
2648	97.7116	222.257
2649	97.7552	222.013
2650	97.7985	221.912
2652	97.8851	221.902
2654	97.9702	221.813
2655	98.0139	221.805
2657	98.0989	221.79
2659	98.1837	221.737
2660	98.2266	221.715
2661	98.269	221.625
2663	98.3553	221.541
2664	98.3982	221.539
2665	98.4416	221.514
2667	98.528	221.448
2668	98.5712	221.418
2669	98.6178	220.978
2670	98.6629	220.929
2671	98.7103	220.919
2672	98.753	220.701
2673	98.7961	220.673
2675	98.8813	220.64
2676	98.9236	220.6
2677	98.9666	220.51
2679	99.052	220.504
2680	99.0946	220.437
2681	99.1375	220.386
2682	99.1812	220.375
2683	99.2237	220.343
2684	99.2667	220.335
2685	99.3092	220.277
2686	99.3521	220.146
2687	99.3945	220.116
2690	99.534	220.103
2691	99.5852	220.047
2693	99.6759	220.002
2694	99.7202	219.773
2695	99.7632	219.59
2696	99.8066	219.526
2697	99.8493	219.518
2698	99.8919	219.507
2703	100.108	219.501
2704	100.172	219.489
2709	100.386	219.489
2711	100.473	219.438
2712	100.517	219.396
2714	100.604	219.393
2715	100.646	219.374
2716	100.691	219.37
2718	100.779	219.351
2719	100.836	219.347
2721	100.925	219.277
2722	100.968	219.024
2723	101.011	218.876
2724	101.055	218.86
2725	101.099	218.858
2726	101.144	218.848
2727	101.188	218.845
2728	101.233	218.568
2729	101.278	218.553
2731	101.365	218.495
2732	101.409	217.707
2735	101.54	217.668
2736	101.583	217.603
2737	101.628	217.553
2738	101.67	217.544
2740	101.758	217.539
2742	101.843	217.519
2744	101.928	217.492
2745	101.97	217.454
2746	102.012	217.302
2749	102.138	217.277
2750	102.181	216.839
2751	102.223	216.821
2752	102.266	216.803
2755	102.395	216.509
2757	102.48	216.487
2762	102.719	216.389
2764	102.806	216.359
2768	102.978	216.307
2769	103.024	216.284
2771	103.113	216.212
2772	103.157	216.075
2774	103.247	216.07
2777	103.377	215.988
2778	103.419	215.94
2779	103.463	215.892
2780	103.506	215.836
2781	103.548	215.13
2784	103.675	215.1
2785	103.719	214.795
2786	103.761	214.768
2787	103.805	214.756
2788	103.848	214.707
2789	103.89	214.69
2790	103.936	214.679
2791	103.984	214.274
2793	104.068	214.188
2800	104.364	214.132
2801	104.406	213.97
2802	104.449	212.895
2804	104.535	212.872
2805	104.577	212.862
2807	104.662	212.851
2811	104.831	212.802
2812	104.874	212.794
2813	104.917	212.62
2814	104.96	212.512
2815	105.003	212.502
2816	105.045	212.425
2819	105.186	212.366
2823	105.358	212.133
2827	105.531	212.12
2829	105.637	212.116
2831	105.734	211.994
2832	105.779	211.92
2833	105.823	211.852
2834	105.866	211.836
2839	106.081	211.806
2840	106.125	211.773
2841	106.168	211.725
2843	106.253	211.549
2844	106.296	211.521
2850	106.553	211.282
2851	106.596	211.153
2855	106.768	211.095
2856	106.81	211.088
2859	106.938	210.684
2860	106.98	210.59
2861	107.023	210.55
2866	107.238	210.544
2868	107.322	210.154
2870	107.409	210.145
2873	107.538	210.072
2879	107.795	210.067
2881	107.894	209.901
2882	107.944	209.863
2883	108.001	209.796
2884	108.045	209.769
2885	108.089	209.75
2886	108.133	209.717
2887	108.177	209.675
2888	108.221	209.668
2889	108.264	209.421
2890	108.307	209.375
2891	108.35	209.374
2892	108.4	209.365
2893	108.444	209.36
2894	108.489	209.32
2895	108.533	209.316
2896	108.577	209.287
2897	108.62	209.255
2898	108.664	209.243
2903	108.893	209.234
2904	108.935	209.006
2905	108.979	208.999
2906	109.022	208.951
2907	109.066	208.943
2908	109.116	208.917
2909	109.166	208.781
2911	109.252	208.778
2912	109.296	208.378
2914	109.381	208.217
2915	109.424	208.213
2917	109.51	208.154
2919	109.597	208.15
2920	109.641	208.144
2921	109.683	208.138
2922	109.726	208.111
2923	109.77	208.031
2924	109.812	208.026
2925	109.855	208.003
2926	109.898	207.967
2927	109.94	207.942
2929	110.025	207.942
2930	110.096	207.934
2931	110.158	207.877
2933	110.247	207.867
2934	110.291	207.696
2935	110.335	207.675
2936	110.379	207.632
2937	110.421	207.615
2938	110.464	207.605
2943	110.68	207.602
2944	110.722	207.601
2951	111.022	207.554
2952	111.064	207.521
2953	111.107	207.52
2954	111.149	207.504
2955	111.191	207.495
2956	111.234	207.493
2957	111.277	207.199
2958	111.319	207.186
2959	111.362	207.149
2961	111.447	207.098
2962	111.49	207.015
2963	111.534	207
2964	111.578	206.994
2965	111.621	206.993
2966	111.663	206.98
2968	111.75	206.968
2971	111.882	206.936
2972	111.942	206.913
2973	111.986	206.899
2976	112.114	206.851
2977	112.156	206.721
2978	112.199	206.711
2979	112.242	206.65
2980	112.284	206.647
2983	112.412	206.606
2984	112.456	206.596
2985	112.499	206.567
2986	112.543	206.466
2989	112.67	206.452
2990	112.713	206.178
2991	112.756	206.138
2994	112.891	206.13
2995	112.934	206.127
2997	113.038	206.108
2999	113.125	206.034
3000	113.168	206.034
3002	113.304	205.968
3004	113.392	205.896
3007	113.521	205.888
3008	113.565	205.845
3009	113.608	205.826
3012	113.736	205.672
3013	113.779	205.618
3014	113.823	205.595
3016	113.911	205.488
3017	113.958	205.419
3018	114.001	205.369
3019	114.044	205.348
3020	114.088	205.319
3021	114.131	204.786
3024	114.267	204.776
3025	114.311	204.521
3026	114.354	204.52
3028	114.439	204.446
3029	114.481	204.226
3030	114.525	204.213
3031	114.568	203.708
3032	114.61	203.693
3033	114.653	203.66
3035	114.738	203.659
3037	114.824	203.621
3039	114.91	203.617
3042	115.038	203.041
3043	115.081	203.02
3045	115.167	203.018
3047	115.254	203.011
3048	115.297	203.007
3051	115.423	202.999
3052	115.466	202.99
3053	115.507	202.938
3054	115.549	202.833
3057	115.673	202.811
3061	115.841	202.802
3062	115.883	202.768
3063	115.925	202.72
3065	116.008	202.716
3069	116.191	202.709
3071	116.29	202.666
3072	116.333	202.627
3073	116.377	202.564
3075	116.465	202.462
3080	116.678	202.384
3084	116.849	202.347
3085	116.892	202.332
3089	117.06	202.104
3090	117.101	201.956
3092	117.185	201.932
3096	117.375	201.927
3098	117.461	201.916
3099	117.504	201.493
3100	117.547	201.325
3101	117.589	201.29
3105	117.763	201.115
3108	117.889	200.991
3110	117.972	200.867
3114	118.14	200.844
3118	118.326	200.821
3120	118.41	200.82
3121	118.452	200.785
3122	118.494	200.782
3123	118.535	200.733
3124	118.578	200.717
3125	118.628	200.691
3126	118.673	200.681
3127	118.715	200.677
3129	118.816	200.506
3131	118.902	200.505
3132	118.944	200.503
3133	118.987	200.457
3134	119.03	200.43
3135	119.072	200.427
3136	119.115	200.422
3137	119.157	200.407
3138	119.2	200.406
3139	119.242	200.359
3141	119.327	200.351
3143	119.411	200.314
3144	119.453	200.302
3145	119.497	200.288
3146	119.54	200.278
3147	119.583	200.276
3148	119.625	200.244
3149	119.668	199.971
3151	119.755	199.968
3152	119.798	199.752
3153	119.841	199.735
3154	119.883	199.545
3155	119.925	199.545
3157	120.008	199.511
3159	120.093	199.497
3160	120.135	199.487
3161	120.178	199.487
3162	120.22	199.454
3163	120.262	199.447
3164	120.306	199.445
3165	120.347	199.422
3166	120.39	199.41
3167	120.434	199.376
3169	120.519	199.376
3170	120.561	198.96
3171	120.604	198.87
3174	120.731	198.752
3175	120.773	198.741
3177	120.86	198.732
3178	120.903	198.723
3179	120.949	198.607
3180	121.012	198.566
3183	121.148	198.554
3187	121.323	198.546
3189	121.411	198.434
3191	121.497	198.387
3192	121.542	198.359
3193	121.586	198.357
3194	121.632	198.354
3195	121.676	198.318
3196	121.719	198.308
3197	121.763	198.301
3198	121.806	198.298
3199	121.848	198.286
3201	121.933	198.244
3202	121.977	198.176
3203	122.019	197.988
3204	122.062	197.984
3206	122.147	197.974
3207	122.191	197.956
3208	122.237	197.88
3209	122.28	197.876
3210	122.322	197.852
3211	122.364	197.828
3212	122.409	197.713
3213	122.452	197.696
3215	122.537	197.69
3216	122.58	197.669
3217	122.625	197.236
3218	122.667	197.23
3219	122.71	197.229
3220	122.753	197.228
3222	122.838	197.224
3224	122.922	197.203
3225	122.965	197.189
3226	123.01	197.171
3229	123.139	197.156
3230	123.181	197.016
3231	123.224	196.799
3232	123.267	196.795
3237	123.479	196.781
3242	123.693	196.734
3248	123.948	196.715
3249	123.99	196.697
3252	124.12	196.506
3254	124.216	196.488
3257	124.345	196.452
3260	124.479	196.423
3261	124.525	196.068
3262	124.568	196.063
3264	124.669	196.045
3265	124.737	195.829
3268	124.868	195.775
3269	124.911	195.661
3270	124.955	195.658
3271	124.997	195.198
3277	125.255	195.177
3279	125.341	195.007
3280	125.384	194.586
3282	125.47	194.455
3283	125.513	194.434
3285	125.599	194.414
3287	125.686	194.411
3291	125.862	194.17
3292	125.914	194.165
3293	125.957	194.156
3296	126.086	193.987
3297	126.129	193.95
3300	126.257	193.655
3301	126.3	193.645
3302	126.342	193.607
3303	126.385	193.505
3304	126.428	193.083
3312	126.769	193.064
3318	127.058	193.031
3320	127.152	192.906
3323	127.288	192.886
3327	127.461	192.882
3328	127.506	192.873
3329	127.569	192.786
3330	127.613	192.713
3332	127.703	192.69
3339	128.005	192.663
3340	128.048	192.618
3341	128.09	192.579
3348	128.387	192.512
3350	128.473	192.243
3354	128.644	192.184
3357	128.772	192.175
3360	128.901	192.17
3361	128.945	192.163
3362	129.003	192.158
3363	129.047	192.091
3364	129.089	192.078
3365	129.134	192.067
3366	129.179	192.029
3367	129.222	192.024
3368	129.265	192.02
3369	129.308	191.855
3370	129.354	191.853
3372	129.452	191.845
3373	129.5	191.827
3374	129.554	191.816
3375	129.602	191.812
3377	129.691	191.805
3378	129.736	191.803
3379	129.779	191.788
3381	129.865	191.777
3383	129.952	191.766
3384	129.996	191.757
3385	130.038	191.752
3386	130.081	191.728
3387	130.123	191.727
3388	130.169	191.712
3389	130.22	191.667
3390	130.263	191.635
3391	130.321	191.63
3392	130.368	191.487
3393	130.413	191.475
3395	130.52	191.472
3397	130.647	191.458
3400	130.781	191.384
3401	130.825	191.372
3402	130.869	191.357
3403	130.913	191.349
3404	130.956	191.339
3405	131.001	191.318
3407	131.088	191.293
3408	131.134	191.292
3410	131.225	191.216
3411	131.271	191.196
3413	131.362	191.185
3414	131.405	191.048
3415	131.449	191.035
3416	131.494	191.025
3417	131.548	191.017
3418	131.593	191.009
3420	131.687	190.95
3423	131.83	190.944
3426	131.982	190.94
3429	132.124	190.892
3431	132.216	190.881
3432	132.261	190.868
3434	132.353	190.866
3436	132.439	190.861
3437	132.484	190.818
3438	132.528	190.814
3439	132.572	190.762
3440	132.616	190.758
3441	132.66	190.752
3442	132.703	190.722
3443	132.747	190.721
3444	132.791	190.714
3446	132.89	190.701
3447	132.948	190.672
3448	132.995	190.667
3449	133.038	190.643
3450	133.083	190.567
3451	133.128	190.548
3452	133.173	190.481
3453	133.216	190.478
3455	133.305	190.471
3456	133.349	190.46
3457	133.398	190.285
3458	133.442	190.278
3459	133.488	190.271
3460	133.535	190.271
3462	133.626	190.254
3464	133.718	190.232
3465	133.763	190.227
3466	133.808	190.082
3469	133.939	190.07
3470	133.983	189.901
3471	134.029	189.848
3474	134.16	189.829
3477	134.311	189.765
3482	134.531	189.758
3488	134.793	189.756
3489	134.837	189.746
3491	134.929	189.741
3492	134.973	189.569
3493	135.019	189.567
3494	135.063	189.546
3495	135.109	189.543
3496	135.152	189.528
3500	135.332	189.528
3501	135.376	189.274
3502	135.422	189.257
3504	135.522	189.24
3505	135.58	189.147
3506	135.627	188.955
3508	135.718	188.918
3510	135.805	188.844
3511	135.851	188.432
3512	135.895	188.429
3513	135.94	188.427
3515	136.029	188.419
3516	136.089	188.288
3517	136.151	188.28
3522	136.365	188.256
3525	136.495	188.226
3526	136.539	188.175
3527	136.582	188.173
3528	136.625	188.168
3531	136.806	188.148
3532	136.85	188.146
3533	136.92	188.036
3535	137.019	188.029
3537	137.119	188.029
3540	137.261	188.006
3541	137.305	187.994
3544	137.434	187.828
3545	137.477	187.827
3549	137.653	187.822
3559	138.115	187.821
3563	138.289	187.79
3567	138.462	187.788
3570	138.593	187.781
3571	138.688	187.773
3572	138.741	187.771
3573	138.785	187.753
3574	138.829	187.731
3578	139	187.728
3580	139.085	187.66
3581	139.128	187.648
3584	139.257	187.59
3586	139.344	187.563
3588	139.43	187.544
3590	139.517	187.512
3593	139.648	187.437
3597	139.82	187.312
3598	139.862	187.306
3600	139.948	187.278
3601	139.997	187.272
3602	140.043	187.268
3603	140.087	187.217
3604	140.132	187.198
3605	140.174	187.177
3606	140.217	187.17
3607	140.26	187.167
3608	140.303	187.159
3609	140.345	187.051
3610	140.388	187.04
3611	140.431	187.04
3612	140.474	187.032
3615	140.601	187.021
3616	140.644	187.012
3617	140.688	187.006
3618	140.732	187.003
3619	140.776	186.993
3621	140.861	186.991
3623	140.946	186.971
3624	140.989	186.961
3625	141.031	186.959
3626	141.074	186.954
3627	141.117	186.951
3628	141.16	186.94
3629	141.204	186.922
3630	141.248	186.895
3631	141.29	186.891
3632	141.333	186.758
3634	141.419	186.741
3635	141.462	186.737
3637	141.548	186.723
3640	141.677	186.703
3642	141.763	186.701
3645	141.893	186.683
3646	141.936	186.679
3647	141.979	186.67
3648	142.022	186.667
3650	142.108	186.518
3651	142.151	186.512
3652	142.193	186.473
3653	142.236	186.45
3654	142.279	186.36
3655	142.323	186.355
3657	142.408	186.355
3658	142.451	186.35
3661	142.578	186.345
3662	142.62	186.338
3664	142.705	186.326
3669	142.918	186.319
3671	143.004	186.316
3672	143.046	186.293
3674	143.131	186.277
3676	143.216	186.272
3677	143.259	186.179
3678	143.301	186.177
3679	143.343	186.155
3680	143.385	186.146
3681	143.428	186.116
3682	143.471	186.068
3683	143.513	186.014
3685	143.598	186.012
3686	143.64	186.002
3688	143.725	186.001
3689	143.767	185.979
3690	143.809	185.952
3691	143.851	185.821
3693	143.937	185.81
3696	144.064	185.801
3697	144.107	185.666
3698	144.148	185.657
3699	144.191	185.649
3700	144.234	185.648
3702	144.318	185.644
3704	144.404	185.634
3705	144.448	185.63
3709	144.62	185.616
3710	144.662	185.571
3711	144.704	185.554
3714	144.832	185.546
3716	144.929	185.537
3717	144.981	185.53
3722	145.199	185.511
3729	145.506	185.502
3732	145.637	185.38
3733	145.686	185.378
3734	145.733	185.366
3737	145.865	185.366
3738	145.91	185.361
3740	146.004	185.36
3741	146.047	185.072
3744	146.176	185.071
3745	146.22	184.967
3746	146.264	184.934
3748	146.35	184.903
3751	146.479	184.513
3752	146.522	184.499
3754	146.619	184.279
3756	146.718	184.168
3757	146.762	184.146
3758	146.807	184.143
3760	146.894	184.139
3765	147.11	184.124
3767	147.196	184.123
3772	147.411	184.119
3773	147.457	184.117
3774	147.504	184.035
3775	147.547	184.034
3777	147.633	184.025
3778	147.675	184.003
3780	147.76	183.989
3781	147.803	183.979
3782	147.846	183.977
3784	147.931	183.889
3785	147.975	183.874
3786	148.018	183.86
3787	148.061	183.795
3788	148.104	183.783
3794	148.377	183.78
3799	148.585	183.755
3802	148.71	183.725
3803	148.753	183.716
3804	148.794	183.692
3806	148.882	183.667
3807	148.925	183.659
3811	149.094	183.618
3812	149.136	183.616
3813	149.178	183.604
3814	149.22	183.596
3815	149.261	183.533
3816	149.303	183.481
3818	149.387	183.456
3820	149.471	183.417
3821	149.514	183.412
3823	149.598	183.412
3824	149.64	183.4
3826	149.724	183.388
3828	149.808	183.385
3830	149.893	183.366
3832	149.976	183.346
3833	150.018	183.334
3837	150.186	183.327
3838	150.228	183.31
3840	150.312	183.279
3841	150.354	183.268
3842	150.397	183.267
3843	150.439	183.214
3844	150.481	183.204
3845	150.524	183.181
3846	150.566	183.179
3847	150.609	183.171
3849	150.694	183.05
3850	150.736	183.032
3851	150.779	183.03
3852	150.821	183.026
3855	150.949	183.002
3856	150.992	182.999
3857	151.036	182.996
3858	151.079	182.993
3860	151.164	182.984
3863	151.29	182.977
3864	151.332	182.975
3865	151.375	182.967
3867	151.46	182.967
3868	151.502	182.953
3869	151.545	182.93
3870	151.587	182.912
3871	151.63	182.907
3872	151.674	182.836
3873	151.717	182.83
3875	151.801	182.825
3877	151.886	182.813
3878	151.929	182.752
3879	151.972	182.752
3880	152.013	182.741
3881	152.056	182.74
3882	152.1	182.727
3884	152.185	182.726
3885	152.227	182.709
3886	152.269	182.699
3887	152.314	182.691
3888	152.357	182.672
3889	152.401	182.667
3890	152.443	182.659
3892	152.527	182.626
3893	152.57	182.616
3894	152.613	182.56
3895	152.656	182.554
3896	152.698	182.552
3897	152.741	182.548
3898	152.783	182.516
3900	152.867	182.511
3902	152.952	182.505
3904	153.036	182.47
3909	153.25	182.454
3911	153.334	182.439
3914	153.461	182.436
3915	153.504	182.435
3916	153.546	182.432
3917	153.588	182.419
3919	153.673	182.411
3921	153.757	182.327
3922	153.8	182.318
3924	153.885	182.306
3926	153.97	182.304
3930	154.139	182.262
3931	154.182	182.243
3932	154.224	182.221
3933	154.267	182.217
3934	154.309	182.159
3935	154.351	182.15
3936	154.393	182.149
3937	154.436	181.953
3938	154.478	181.95
3940	154.563	181.95
3944	154.732	181.93
3945	154.774	181.924
3946	154.817	181.904
3948	154.902	181.888
3949	154.944	181.819
3951	155.028	181.794
3954	155.154	181.788
3956	155.239	181.787
3957	155.282	181.777
3959	155.369	181.773
3960	155.412	181.769
3963	155.54	181.473
3965	155.624	181.47
3968	155.751	181.463
3969	155.793	181.438
3970	155.836	181.429
3971	155.878	181.399
3972	155.92	181.347
3974	156.005	181.337
3975	156.048	181.334
3977	156.133	181.325
3979	156.218	181.318
3981	156.302	181.11
3982	156.345	181.105
3983	156.387	181.1
3984	156.43	181.095
3985	156.473	181.039
3986	156.515	180.996
3988	156.6	180.974
3990	156.685	180.971
3991	156.727	180.839
3992	156.77	180.834
3993	156.812	180.809
3994	156.855	180.769
3997	156.984	180.757
3998	157.026	180.754
3999	157.069	180.741
4000	157.111	180.739
4002	157.196	180.719
4003	157.239	180.712
4005	157.324	180.705
4007	157.409	180.693
4011	157.582	180.671
4012	157.625	180.67
4015	157.752	180.64
4017	157.837	180.636
4024	158.179	180.566
4034	158.609	180.555
4037	158.736	180.538
4038	158.779	180.537
4043	158.991	180.186
4044	159.033	180.083
4053	159.416	180.081
4054	159.459	180.08
4055	159.502	180.007
4056	159.544	179.97
4059	159.671	179.941
4060	159.716	179.93
4061	159.759	179.919
4062	159.802	179.899
4063	159.844	179.891
4064	159.887	179.783
4067	160.015	179.725
4069	160.1	179.708
4070	160.142	179.654
4076	160.397	179.652
4081	160.611	179.645
4083	160.698	179.609
4084	160.74	179.598
4086	160.825	179.597
4087	160.868	179.594
4089	160.952	179.558
4090	160.996	179.545
4091	161.039	179.488
4092	161.081	179.308
4093	161.125	179.304
4095	161.21	179.299
4098	161.338	179.296
4099	161.38	179.293
4100	161.423	179.281
4101	161.465	179.281
4103	161.55	179.271
4104	161.593	179.267
4105	161.636	179.264
4106	161.679	179.234
4107	161.722	179.223
4108	161.765	179.205
4109	161.81	179.197
4110	161.855	179.193
4111	161.901	179.19
4112	161.944	179.116
4115	162.074	179.112
4116	162.117	179.109
4117	162.161	179.095
4118	162.211	179.083
4120	162.298	179.076
4121	162.343	179.075
4122	162.386	179.071
4123	162.43	179.054
4125	162.516	179.041
4126	162.559	178.941
4127	162.601	178.93
4129	162.687	178.929
4130	162.731	178.879
4133	162.859	178.873
4134	162.901	178.84
4135	162.944	178.837
4136	162.986	178.836
4138	163.073	178.774
4144	163.328	178.77
4146	163.414	178.724
4151	163.627	178.714
4152	163.669	178.713
4154	163.755	178.709
4155	163.797	178.685
4156	163.84	178.682
4157	163.882	178.664
4159	163.968	178.66
4161	164.053	178.597
4162	164.098	178.533
4163	164.141	178.494
4164	164.184	178.482
4165	164.227	178.482
4166	164.27	178.473
4167	164.312	178.472
4168	164.355	178.469
4169	164.398	178.455
4170	164.441	178.428
4171	164.484	178.423
4172	164.527	178.381
4175	164.656	178.381
4177	164.742	178.256
4178	164.784	178.247
4179	164.827	178.244
4182	164.955	178.24
4184	165.041	178.236
4186	165.127	177.91
4188	165.213	177.896
4189	165.255	177.884
4190	165.298	177.883
4191	165.341	177.859
4192	165.384	177.855
4196	165.556	177.849
4197	165.599	177.837
4198	165.642	177.825
4199	165.686	177.823
4202	165.814	177.812
4203	165.857	177.759
4205	165.942	177.728
4208	166.071	177.728
4209	166.114	177.692
4211	166.2	177.689
4212	166.243	177.642
4214	166.33	177.626
4216	166.416	177.548
4217	166.459	177.539
4218	166.502	177.534
4221	166.63	177.433
4222	166.672	177.424
4224	166.757	177.42
4225	166.8	177.326
4226	166.844	177.301
4228	166.929	177.284
4230	167.015	177.278
4234	167.187	177.275
4235	167.229	177.268
4238	167.358	177.247
4240	167.444	177.242
4243	167.572	177.231
4244	167.615	177.225
4245	167.658	177.218
4246	167.702	177.212
4247	167.744	177.209
4252	167.958	177.206
4253	168.001	177.203
4257	168.173	177.188
4261	168.353	177.186
4265	168.529	177.186
4267	168.615	177.175
4269	168.702	177.17
4274	168.916	177.166
4277	169.046	177.163
4281	169.217	177.095
4283	169.303	177.047
4285	169.388	177.043
4290	169.603	177.04
4293	169.732	177.039
4295	169.817	177.007
4296	169.859	176.973
4298	169.946	176.97
4299	169.989	176.869
4300	170.032	176.861
4304	170.205	176.79
4305	170.248	176.705
4306	170.291	176.704
4310	170.463	176.697
4312	170.548	176.68
4317	170.764	176.67
4318	170.807	176.644
4320	170.892	176.624
4321	170.936	176.617
4323	171.022	176.587
4324	171.064	176.581
4326	171.15	176.578
4327	171.193	176.571
4328	171.236	176.571
4329	171.279	176.558
4331	171.364	176.552
4332	171.407	176.26
4333	171.45	176.259
4334	171.493	176.255
4335	171.535	176.242
4336	171.579	176.239
4337	171.621	176.237
4338	171.664	176.235
4339	171.707	176.217
4340	171.75	176.214
4343	171.878	176.214
4345	171.964	176.213
4346	172.007	176.201
4347	172.051	176.181
4348	172.094	176.18
4349	172.137	176.171
4351	172.223	176.169
4352	172.266	176.114
4355	172.395	176.11
4357	172.48	176.106
4359	172.566	176.103
4360	172.609	176.021
4361	172.652	176.018
4362	172.695	176.005
4364	172.781	176.002
4365	172.823	175.994
4368	172.954	175.987
4369	172.997	175.987
4370	173.04	175.977
4374	173.212	175.958
4375	173.255	175.956
4376	173.298	175.945
4377	173.34	175.942
4378	173.383	175.938
4382	173.554	175.869
4384	173.64	175.859
4385	173.684	175.843
4386	173.726	175.84
4387	173.769	175.83
4390	173.898	175.825
4391	173.941	175.816
4393	174.026	175.814
4395	174.111	175.804
4396	174.154	175.8
4397	174.197	175.784
4398	174.24	175.782
4399	174.282	175.78
4401	174.368	175.7
4402	174.41	175.34
4404	174.496	175.337
4406	174.582	175.335
4407	174.624	175.333
4408	174.668	175.332
4410	174.754	175.318
4412	174.839	175.261
4413	174.881	175.249
4415	174.967	175.243
4417	175.055	175.177
4418	175.098	175.169
4419	175.141	175.167
4420	175.185	175.157
4421	175.228	175.138
4424	175.356	175.135
4427	175.484	175.127
4428	175.527	175.111
4429	175.57	175.102
4431	175.657	175.091
4436	175.872	175.089
4437	175.914	175.079
4441	176.093	175.076
4443	176.18	175.035
4445	176.266	175.029
4448	176.394	175.027
4449	176.437	175.016
4452	176.566	175.003
4454	176.651	174.991
4456	176.737	174.975
4457	176.781	174.972
4461	176.952	174.892
4465	177.123	174.87
4466	177.165	174.848
4468	177.253	174.834
4469	177.296	174.506
4470	177.34	174.45
4471	177.383	174.436
4472	177.427	174.409
4475	177.556	174.395
4482	177.858	174.392
4487	178.151	174.381
4490	178.282	174.328
4491	178.326	174.327
4492	178.37	174.325
4493	178.413	174.309
4495	178.498	174.283
4497	178.584	174.269
4500	178.712	174.269
4501	178.754	174.268
4514	179.312	174.235
4518	179.484	174.235
4519	179.528	174.233
4521	179.615	174.096
4523	179.7	174.088
4527	179.872	174.083
4529	179.958	173.696
4532	180.087	173.693
4533	180.129	173.692
4535	180.215	173.68
4538	180.344	173.678
4539	180.386	173.647
4540	180.428	173.535
4544	180.595	173.504
4545	180.636	173.481
4550	180.845	173.286
4558	181.179	173.276
4559	181.222	173.224
4561	181.307	173.217
4562	181.349	173.216
4563	181.391	173.198
4564	181.433	173.194
4566	181.516	173.19
4567	181.559	173.189
4568	181.603	173.182
4569	181.644	173.175
4571	181.736	173.17
4572	181.779	173.156
4575	181.906	173.152
4576	181.947	173.134
4577	181.99	173.118
4578	182.031	173.114
4583	182.241	173.107
4585	182.324	173.104
4586	182.367	173.095
4587	182.409	173.094
4588	182.451	173.08
4589	182.493	173.071
4590	182.535	173.047
4591	182.577	173.046
4592	182.62	172.985
4595	182.746	172.976
4598	182.871	172.957
4599	182.913	172.955
4600	182.955	172.941
4601	182.997	172.931
4602	183.038	172.927
4604	183.123	172.924
4605	183.165	172.918
4606	183.207	172.909
4608	183.292	172.899
4610	183.375	172.874
4611	183.418	172.777
4612	183.459	172.769
4613	183.502	172.761
4614	183.543	172.724
4616	183.627	172.715
4618	183.712	172.71
4619	183.755	172.703
4620	183.797	172.684
4622	183.883	172.677
4623	183.925	172.674
4630	184.22	172.671
4631	184.262	172.67
4633	184.346	172.664
4634	184.388	172.658
4635	184.43	172.645
4636	184.472	172.638
4637	184.514	172.357
4638	184.556	172.356
4639	184.599	172.354
4640	184.641	172.341
4641	184.683	172.329
4644	184.81	172.327
4646	184.894	172.322
4648	184.979	172.317
4650	185.064	172.267
4655	185.274	172.265
4657	185.359	172.224
4658	185.402	172.217
4659	185.444	172.213
4660	185.486	172.208
4661	185.528	172.19
4664	185.655	172.189
4665	185.698	172.189
4667	185.782	172.174
4668	185.824	172.048
4669	185.868	172.036
4671	185.955	172.027
4672	185.997	172.026
4674	186.082	172.025
4676	186.168	172.018
4677	186.21	172.005
4678	186.252	171.993
4679	186.294	171.957
4680	186.337	171.953
4683	186.465	171.792
4687	186.635	171.775
4688	186.677	171.774
4689	186.719	171.77
4691	186.803	171.765
4692	186.846	171.754
4694	186.931	171.741
4697	187.059	171.679
4702	187.271	171.677
4703	187.313	171.675
4704	187.355	171.675
4705	187.398	171.674
4706	187.44	171.657
4708	187.525	171.636
4709	187.568	171.559
4710	187.61	171.551
4711	187.653	171.483
4713	187.738	171.482
4714	187.783	171.473
4715	187.828	171.47
4718	187.956	171.455
4719	187.999	171.453
4720	188.043	171.451
4722	188.129	171.44
4724	188.214	171.438
4726	188.3	171.431
4728	188.385	171.429
4729	188.427	171.428
4730	188.47	171.31
4732	188.555	171.308
4733	188.597	171.306
4734	188.64	171.284
4735	188.683	171.282
4741	188.941	171.271
4742	188.983	171.224
4743	189.026	171.217
4745	189.111	171.216
4749	189.281	171.215
4754	189.494	171.194
4756	189.581	171.187
4758	189.666	171.179
4759	189.709	171.168
4760	189.752	171.166
4761	189.794	171.117
4763	189.88	171.106
4769	190.136	171.064
4772	190.266	171.063
4773	190.309	171.063
4776	190.438	171.053
4779	190.567	171.051
4780	190.609	170.986
4781	190.652	170.979
4782	190.694	170.964
4784	190.779	170.957
4785	190.822	170.925
4786	190.865	170.914
4788	190.95	170.909
4793	191.163	170.622
4794	191.206	170.611
4799	191.42	170.609
4800	191.463	170.584
4801	191.506	170.55
4802	191.548	170.549
4803	191.591	170.525
4804	191.635	170.521
4806	191.72	170.514
4807	191.763	170.508
4810	191.892	170.508
4811	191.934	170.506
4812	191.976	170.484
4815	192.104	170.483
4816	192.147	170.481
4817	192.191	170.478
4818	192.234	170.476
4820	192.32	170.475
4821	192.364	170.439
4823	192.457	170.429
4825	192.544	170.427
4828	192.672	170.422
4829	192.715	170.416
4830	192.758	170.407
4831	192.8	170.407
4832	192.844	170.368
4835	192.972	170.363
4838	193.102	170.361
4839	193.144	170.361
4840	193.188	170.356
4841	193.231	170.336
4843	193.318	170.334
4845	193.403	170.32
4846	193.446	170.313
4850	193.617	170.31
4851	193.66	170.253
4854	193.789	170.241
4855	193.832	170.24
4856	193.875	170.235
4858	193.96	170.233
4860	194.046	170.214
4862	194.132	170.21
4863	194.175	170.207
4864	194.217	170.199
4872	194.56	170.169
4873	194.604	170.159
4874	194.649	170.155
4875	194.692	170.153
4876	194.735	170.146
4877	194.779	170.136
4878	194.822	170.135
4881	194.95	170.082
4882	194.994	170.067
4884	195.081	170.065
4885	195.123	170.061
4886	195.166	170.052
4888	195.251	170.05
4889	195.293	170.049
4890	195.336	170.028
4895	195.55	169.94
4897	195.636	169.915
4898	195.679	169.913
4904	195.995	169.887
4905	196.038	169.881
4907	196.123	169.862
4909	196.209	169.855
4910	196.252	169.785
4911	196.295	169.772
4912	196.339	169.732
4914	196.425	169.73
4917	196.553	169.722
4918	196.596	169.721
4921	196.724	169.716
4924	196.854	169.713
4928	197.026	169.699
4929	197.069	169.69
4932	197.197	169.231
4934	197.283	169.212
4935	197.325	169.21
4936	197.369	169.187
4937	197.412	169.131
4939	197.498	169.13
4941	197.584	169.086
4943	197.67	169.083
4946	197.799	169.059
4948	197.885	169.049
4949	197.928	168.984
4950	197.972	168.983
4951	198.015	168.951
4953	198.101	168.95
4957	198.272	168.944
4959	198.358	168.871
4962	198.487	168.867
4967	198.7	168.866
4968	198.743	168.862
4972	198.915	168.855
4973	198.959	168.823
4974	199.002	168.806
4975	199.046	168.804
4981	199.304	168.794
4983	199.391	168.781
4993	199.821	168.772
4994	199.864	168.768
4998	200.036	168.755
5000	200.121	168.753
# FIN	200.121	168.753

