# target=instancias/mona.png T=240 iters=5000 K=32 seed=auto
iter	segundos	MSE
0	0.00184228	13189.2
1	0.0196996	13167.5
2	0.0365625	13166.9
3	0.0531124	13161.6
4	0.0695638	13140.3
5	0.086214	13110
6	0.10305	13098.1
7	0.119719	13095.4
8	0.137786	13060.1
9	0.155741	13013
10	0.172699	12987.7
11	0.189503	12977.7
12	0.206089	12925.8
13	0.222638	12857.7
14	0.239445	12857.6
15	0.256518	12852
16	0.273437	12809.8
17	0.290069	12754
18	0.306659	12697.5
19	0.323816	12648
20	0.340751	12643
21	0.357982	12579.5
22	0.374986	12576.9
23	0.392012	12521.1
24	0.409016	12453
25	0.426043	12439.7
26	0.443047	12384.5
27	0.4613	12283.4
28	0.478987	12282.3
29	0.496954	12270.1
30	0.514848	12239.4
31	0.532377	12221.4
32	0.549794	12164.8
33	0.566947	12148.1
34	0.584409	12075.9
35	0.60226	12075.3
36	0.620195	11947.3
37	0.638322	11901.5
38	0.655884	11862.1
39	0.673949	11799.8
40	0.692352	11769.7
41	0.71076	11767.7
42	0.72923	11766.3
43	0.747433	11746.4
44	0.765401	11738.2
45	0.783613	11724.8
46	0.801425	11707.7
47	0.819053	11635.5
48	0.836839	11630.5
49	0.854821	11616.3
50	0.872486	11616
51	0.890191	11608.3
52	0.90821	11608.3
53	0.926093	11596.6
54	0.944076	11552.5
55	0.96193	11533.1
56	0.980105	11476.8
57	0.998466	11469.7
58	1.01681	11406.1
59	1.03543	11362.3
60	1.05385	11246.3
61	1.07213	11206.4
62	1.09053	11198.3
63	1.10943	11171.8
64	1.12754	11155.3
65	1.14614	11094.7
66	1.16438	11090.2
67	1.18256	10993.9
68	1.20145	10905
69	1.22018	10878.8
70	1.23875	10855.7
71	1.25716	10855.6
72	1.27572	10810.3
73	1.29408	10809.2
74	1.31286	10794.2
75	1.33141	10777.4
76	1.3508	10765.9
77	1.3692	10720.4
78	1.38757	10649.4
79	1.40579	10623.2
80	1.4252	10556.2
81	1.44456	10532.9
82	1.46314	10516.2
83	1.48179	10470.9
84	1.50125	10459
85	1.52052	10453
86	1.5411	10450.9
87	1.55962	10399.2
88	1.57891	10362.4
89	1.59763	10356.4
90	1.61653	10275.8
91	1.63573	10275.6
92	1.65664	10275
93	1.67554	10209
94	1.69454	10180.1
95	1.71338	10147.5
96	1.73246	10123.1
97	1.75245	10118.6
98	1.77225	10118.4
99	1.79192	10116
100	1.81116	10094.5
101	1.83002	10079.5
102	1.84978	10047.6
103	1.86939	10012.2
104	1.88913	9942.59
105	1.9083	9833.74
106	1.92795	9833.21
107	1.94828	9808.6
108	1.96804	9712.39
109	1.98753	9691.04
110	2.00712	9629.07
111	2.0267	9628.79
112	2.04746	9627.71
113	2.06799	9559.2
114	2.08924	9536.5
115	2.11143	9535.96
116	2.13141	9521.06
117	2.15107	9469.21
118	2.17101	9441.24
119	2.19093	9294.28
120	2.21073	9290.38
121	2.23106	9223.74
122	2.25096	9174.48
123	2.27095	9156.07
124	2.29069	9134.48
125	2.31056	9130.57
126	2.33051	9124.13
127	2.35027	9038.41
128	2.37003	9019.1
129	2.38991	9018.25
130	2.40989	9003.5
131	2.42971	8988.84
132	2.45014	8983.32
133	2.47046	8952.75
134	2.49085	8930.76
135	2.51143	8830.33
136	2.53201	8812.74
137	2.55253	8782.48
138	2.57277	8782.27
139	2.59275	8778.18
140	2.6131	8763.99
141	2.63337	8756.08
142	2.65359	8745.92
143	2.67424	8743.86
144	2.69479	8622.87
145	2.71542	8618.95
146	2.73588	8607.75
147	2.75596	8596.56
148	2.7765	8574.81
149	2.79739	8574.01
150	2.81851	8564.22
151	2.8393	8559.3
152	2.85987	8504.07
153	2.8803	8492.59
154	2.9015	8469.34
155	2.92215	8274.78
156	2.94256	8232.92
157	2.96302	8232.64
158	2.98413	8210.98
159	3.00477	8210.4
160	3.02534	8166.82
161	3.04594	8143.71
162	3.0666	8142.06
163	3.08721	8121.67
164	3.10772	8093.2
165	3.12833	8089.85
167	3.16975	8088.42
168	3.19028	8063.32
169	3.21082	8031.7
170	3.23192	7979.1
171	3.25303	7947
172	3.27362	7905.88
173	3.29435	7836.44
174	3.31552	7828.22
175	3.33669	7771.85
176	3.35807	7771.46
177	3.37996	7735.97
178	3.4012	7727.37
179	3.42259	7658.23
180	3.4445	7635.41
181	3.46624	7601.08
182	3.48789	7601.07
183	3.50917	7580.2
184	3.53055	7567.77
185	3.55214	7535.37
186	3.57381	7465.34
187	3.59538	7417.11
188	3.61713	7413.54
189	3.63879	7376.55
190	3.66055	7361.97
191	3.68327	7360.61
192	3.70681	7344.33
193	3.72839	7318.89
194	3.75003	7317.11
195	3.77215	7302.58
196	3.79388	7281.13
197	3.81625	7274.31
198	3.83895	7264.21
199	3.8613	7233.93
200	3.88298	7232.2
201	3.90474	7216.81
202	3.9269	7210.21
203	3.9491	7193.89
204	3.97142	7124.26
205	3.99332	7092.97
206	4.01558	7086.71
207	4.03738	7086.09
208	4.06045	7085.82
209	4.08246	7067.69
210	4.10437	7067.64
211	4.12626	7051.95
212	4.14851	7041.21
213	4.17064	7027.18
214	4.19254	7027.16
215	4.21449	7022.64
216	4.23669	7009.62
217	4.25898	7007.49
218	4.28135	6999.23
219	4.30368	6944.43
220	4.32595	6929.64
221	4.34818	6925.33
222	4.37071	6885.17
223	4.39319	6871.73
224	4.41554	6870.41
225	4.43763	6868.33
226	4.45976	6850.19
227	4.48233	6843.7
228	4.505	6812.4
229	4.52734	6808.6
230	4.54953	6798.65
231	4.57187	6797.21
232	4.59472	6771.38
233	4.61756	6763.8
234	4.64052	6755.45
235	4.66305	6754.68
236	4.68605	6710.71
237	4.70852	6699.02
238	4.73127	6679.21
239	4.75369	6670.72
240	4.77617	6662.33
241	4.79892	6646.25
242	4.82146	6623.55
243	4.84403	6613.73
244	4.86665	6610
245	4.88911	6584.45
246	4.91191	6579.34
247	4.93476	6569.22
248	4.95768	6550.19
249	4.98034	6547.99
250	5.00338	6510.13
251	5.02652	6472.44
252	5.04967	6434.52
253	5.07268	6407.94
254	5.0957	6407.84
255	5.11847	6405.16
256	5.14142	6371.45
257	5.1652	6341.41
258	5.18869	6281.11
259	5.21223	6279.32
260	5.2353	6278.73
261	5.25836	6255.86
262	5.28162	6254.72
263	5.30483	6226.76
264	5.32796	6178.13
265	5.35125	6148.86
266	5.37454	6108.25
267	5.39782	6096.35
268	5.42128	6095.89
269	5.44472	6085.91
270	5.46803	6076.21
271	5.49117	6070.94
272	5.51455	6044.78
273	5.53795	6031.09
274	5.56124	6020.41
275	5.58484	6020.33
276	5.60817	5985.27
277	5.63171	5959.54
278	5.65484	5949.36
279	5.67798	5932.14
280	5.70134	5914.13
281	5.72495	5885.23
282	5.74878	5885.15
283	5.77259	5813.49
284	5.79643	5795.53
285	5.82025	5790.86
286	5.84364	5790.62
287	5.86749	5726.65
288	5.89189	5725.92
289	5.91708	5701.39
290	5.94058	5701.29
291	5.96408	5696
292	5.98775	5695.88
293	6.01141	5690.34
294	6.03525	5675.58
295	6.0593	5661.05
296	6.08293	5649.16
297	6.10655	5643.94
298	6.13031	5574.55
299	6.15465	5555.35
300	6.17876	5505.49
301	6.20227	5503.37
302	6.22568	5486.29
303	6.24935	5462.38
304	6.27368	5433.04
305	6.29763	5414.45
306	6.32215	5414.26
307	6.34579	5382.08
308	6.36942	5331.16
309	6.3931	5319.5
310	6.41696	5319.21
311	6.44054	5316.35
312	6.46423	5296.83
313	6.48813	5283.71
314	6.51181	5280.45
315	6.53558	5279.66
316	6.55977	5237.21
317	6.5835	5188.29
318	6.60765	5182.98
319	6.63162	5176.85
320	6.65563	5151.93
321	6.67953	5145.77
322	6.70349	5135.09
323	6.72818	5101.05
324	6.75293	5099.24
325	6.77719	5092.97
326	6.8012	5092.85
327	6.82553	5085.84
328	6.84994	5073.52
329	6.87434	5069.23
330	6.8985	5068.66
331	6.92298	5067.98
332	6.94761	5065.52
333	6.97233	5033.17
334	6.99649	5020.63
335	7.02057	5000.61
336	7.04475	4961.95
337	7.06927	4959.5
338	7.0935	4957.39
339	7.11825	4957.04
340	7.1425	4935.94
341	7.16712	4927.19
342	7.19198	4920.3
343	7.21661	4909.95
344	7.24116	4895.38
345	7.26561	4858.31
346	7.29392	4857.05
347	7.32084	4842.94
348	7.34924	4794.42
349	7.37485	4793.33
350	7.39925	4780.62
351	7.42415	4780.15
352	7.44945	4777.21
353	7.47398	4739.43
354	7.49853	4738.89
355	7.5236	4737.94
356	7.54834	4712.56
357	7.57304	4689.58
358	7.59801	4672.48
359	7.62294	4626.11
360	7.64771	4616.96
361	7.67298	4612.16
362	7.69771	4595.88
363	7.72257	4557.2
364	7.74782	4495.96
365	7.77318	4495.87
366	7.79809	4495.2
367	7.8231	4447.38
368	7.84832	4439.84
369	7.8733	4438.68
370	7.89835	4413.92
371	7.92338	4407.6
372	7.94839	4407.52
373	7.9758	4388.24
374	8.00274	4382.31
375	8.02812	4308.78
376	8.05464	4308.74
377	8.08099	4304.36
378	8.1068	4303.45
379	8.13207	4300.55
380	8.15731	4285.66
381	8.18361	4248.51
382	8.2097	4238.44
383	8.23516	4237.01
384	8.26083	4169.93
385	8.28644	4168.15
386	8.31218	4167.68
387	8.33811	4163.91
388	8.36396	4145.32
389	8.38982	4138.86
390	8.41662	4130.42
391	8.44291	4128.53
392	8.46915	4111.89
393	8.49518	4108.98
394	8.52212	4096.43
395	8.54866	4088.99
396	8.57491	4056.39
397	8.60093	4056.37
398	8.62713	4044.59
399	8.65393	4044.39
400	8.68	4026.28
401	8.70623	4010.8
402	8.73262	4010.24
403	8.75888	4005.32
404	8.78585	3990.37
405	8.81226	3988.36
406	8.8385	3988.36
407	8.8647	3986.31
408	8.89103	3985.85
409	8.91802	3983.99
410	8.94426	3957.78
411	8.9709	3920.09
412	8.99753	3906.37
413	9.02419	3870.53
414	9.05071	3868.6
415	9.07805	3857.39
416	9.10465	3856.97
417	9.13093	3854.13
418	9.1573	3843.41
419	9.18475	3795.94
420	9.2113	3779.6
421	9.2382	3753.14
422	9.26478	3753.01
423	9.29153	3749.38
424	9.31817	3733.67
425	9.34463	3732
426	9.37133	3662.55
427	9.39821	3659.12
428	9.42469	3656.23
429	9.45139	3635.1
430	9.47842	3623.29
431	9.50563	3623.14
432	9.53221	3612.28
433	9.55868	3598.28
434	9.58549	3598.24
435	9.61258	3594.2
436	9.63998	3568
437	9.66754	3567.55
438	9.69441	3567.19
439	9.72155	3566.62
440	9.74838	3565
441	9.77522	3561.27
442	9.80234	3555.29
443	9.8297	3546.92
444	9.85697	3497.17
445	9.88447	3433.86
446	9.91192	3433.28
447	9.93879	3432.66
448	9.96615	3432.6
449	9.99364	3415.13
450	10.0209	3414.91
451	10.0481	3409.94
452	10.0753	3408.64
454	10.1296	3408.62
455	10.1572	3405.63
456	10.1845	3401.57
457	10.2129	3400.49
458	10.2419	3396.78
459	10.271	3383.5
460	10.2982	3368.66
461	10.3254	3362.94
462	10.353	3351.59
463	10.3807	3348.41
464	10.4083	3346.67
465	10.4358	3345.3
466	10.4636	3327.68
467	10.4911	3327.07
468	10.5195	3319.06
469	10.5483	3317.8
470	10.5755	3317.04
471	10.6029	3316.23
472	10.6304	3312.76
473	10.6581	3301.58
474	10.686	3299.76
475	10.7136	3299.24
476	10.741	3279.12
477	10.7685	3247.58
478	10.7965	3232.63
479	10.8241	3218.36
480	10.8524	3218.13
481	10.8802	3212.83
482	10.9082	3212.64
483	10.9365	3211.72
484	10.9646	3204.67
485	10.9928	3193.97
486	11.0203	3187.27
487	11.048	3186.19
488	11.0758	3183.93
489	11.1035	3182.79
490	11.1312	3164.78
491	11.1592	3162.95
492	11.1873	3158.98
493	11.2155	3154.56
494	11.2433	3154.54
495	11.2716	3152.79
496	11.3003	3149
497	11.3283	3143.4
498	11.3572	3132.96
499	11.3866	3130.37
500	11.4157	3129.66
501	11.4445	3111.9
502	11.4738	3108.92
503	11.5033	3085.04
504	11.5323	3081.73
505	11.5614	3081.05
506	11.5922	3049.09
507	11.6226	3014.6
508	11.6524	3011.53
509	11.682	3002.5
510	11.7112	3001.98
511	11.7401	2999.2
512	11.769	2995.53
513	11.7981	2987.84
514	11.828	2987.12
515	11.8574	2987.06
516	11.8866	2961.21
517	11.9156	2947.79
518	11.9456	2946.69
519	11.9748	2943.46
520	12.0045	2942.59
521	12.0338	2934.77
522	12.063	2931.91
523	12.0922	2916.97
524	12.1216	2914.31
525	12.1513	2911.73
526	12.1807	2910.6
527	12.2098	2828.38
528	12.2391	2827.91
529	12.269	2825.15
530	12.2982	2825.14
531	12.3277	2823.92
532	12.3576	2823.83
533	12.387	2820.89
534	12.4173	2816.49
535	12.4482	2816.25
536	12.4794	2778.46
537	12.5089	2751.66
538	12.5397	2748.55
539	12.57	2715.7
540	12.5996	2705.62
541	12.6294	2702.95
542	12.6589	2693.69
543	12.6892	2678.13
544	12.719	2677.05
545	12.7498	2676.61
546	12.7795	2676.35
547	12.8097	2669.4
548	12.8396	2628.22
549	12.8695	2623.89
550	12.8996	2622.18
551	12.9304	2621.61
552	12.9602	2620.01
553	12.99	2619.82
554	13.0204	2615.8
555	13.0503	2615.64
556	13.0805	2559.86
557	13.1104	2537.23
558	13.1405	2503.54
559	13.1711	2495.35
560	13.2009	2470.86
561	13.2308	2469.43
562	13.262	2467.91
563	13.2922	2444.25
564	13.3228	2439.08
565	13.3533	2437.26
566	13.3838	2437.15
567	13.4139	2422.62
568	13.4448	2422.32
569	13.4754	2419.73
570	13.5054	2417.77
571	13.5359	2417.38
572	13.5664	2417.08
573	13.602	2412.25
574	13.6364	2410.9
575	13.6794	2395.3
576	13.712	2375.15
577	13.7447	2374.65
578	13.7756	2374.25
579	13.807	2374.1
580	13.8376	2361.52
581	13.8681	2355.71
582	13.8986	2355.49
583	13.9291	2353.31
584	13.9596	2353.24
585	13.9902	2316.02
586	14.0213	2315.22
587	14.0517	2309.8
588	14.0824	2305.9
589	14.1132	2305.1
590	14.1442	2303.1
591	14.1748	2302.98
592	14.2053	2302.88
593	14.2362	2286.88
594	14.2662	2285.08
595	14.2964	2284.87
596	14.327	2284.42
597	14.3576	2270.59
598	14.3879	2251.69
599	14.418	2213.01
600	14.4483	2212.62
601	14.4792	2211.49
602	14.5105	2179.27
603	14.5414	2161
604	14.5728	2149.04
605	14.6033	2148.06
606	14.6351	2148.04
607	14.6668	2134.83
608	14.698	2132.15
609	14.7284	2131.12
610	14.7588	2129.79
611	14.7897	2129.2
612	14.8201	2128.59
613	14.8504	2126.15
614	14.8808	2125.86
615	14.9117	2109.21
616	14.9428	2108.4
617	14.9744	2094.84
618	15.0057	2094.01
619	15.0364	2092.02
620	15.0677	2089.05
621	15.0992	2068.19
622	15.1303	2068.05
623	15.1611	2066.86
624	15.192	2035.86
625	15.2236	2035.73
626	15.2543	2035.12
627	15.2853	2031.66
628	15.3159	2008.78
629	15.3467	2008.15
630	15.3776	2006.82
631	15.4088	2006.73
632	15.4399	2000.04
633	15.4708	1999.21
634	15.5031	1994.91
635	15.5342	1994.27
636	15.5657	1987.66
637	15.5971	1987.58
638	15.6286	1986.66
639	15.6599	1986.55
640	15.6911	1971.29
641	15.7224	1966.7
642	15.7547	1966.09
643	15.7862	1964.82
644	15.8175	1958.34
646	15.8801	1958.33
647	15.9122	1956.68
648	15.944	1956.23
649	15.9752	1954.78
650	16.0073	1915.14
651	16.0394	1912.91
652	16.071	1900.97
653	16.1025	1894.09
654	16.1338	1891.41
655	16.1661	1888.22
656	16.1974	1888.19
657	16.2288	1885.35
658	16.2603	1884.27
659	16.2923	1857.57
660	16.3237	1853.84
661	16.3557	1839.72
662	16.3878	1839.67
663	16.4198	1837.94
664	16.4513	1835.02
665	16.4829	1832.69
666	16.5144	1809.38
667	16.5461	1802.17
668	16.5777	1801.46
669	16.6093	1776.94
670	16.6417	1776.23
671	16.6733	1775.75
672	16.705	1771.57
673	16.7376	1769.05
674	16.7695	1768.79
675	16.8018	1767.41
676	16.8353	1758.62
677	16.869	1758.51
678	16.9012	1758.4
679	16.9334	1757.99
680	16.9656	1757.91
681	16.9976	1757.9
682	17.03	1757.51
683	17.0622	1749.2
684	17.0947	1723.31
685	17.1264	1688.96
686	17.1587	1688.54
687	17.1904	1688.4
688	17.2222	1688.36
689	17.2542	1675.22
690	17.2863	1675.19
691	17.3184	1674.07
692	17.3504	1671.52
693	17.383	1671.02
694	17.4157	1670.25
695	17.4482	1669.92
696	17.4808	1669.31
697	17.5128	1668.37
698	17.5459	1663.18
699	17.5811	1661.81
700	17.615	1661.4
701	17.6477	1660.39
702	17.6811	1657.1
703	17.7158	1655.39
704	17.7491	1655.37
705	17.7816	1653.35
706	17.814	1643.04
707	17.8464	1642.05
708	17.8787	1640.44
709	17.9112	1640.08
710	17.9438	1639.52
711	17.9761	1638.86
712	18.0086	1635.68
713	18.0413	1622.16
714	18.074	1619.34
716	18.1387	1615.25
717	18.171	1592.3
718	18.2035	1585.71
719	18.2365	1583.08
720	18.2689	1579.06
721	18.3017	1569.89
722	18.3347	1568.96
723	18.3676	1567.85
724	18.4012	1567.64
725	18.4346	1562.36
726	18.4674	1562.2
727	18.5002	1559.9
728	18.5332	1559.46
729	18.566	1559.37
730	18.5984	1556.05
731	18.6313	1555.9
732	18.6641	1554.17
733	18.6976	1550.93
734	18.7305	1550.92
735	18.7643	1550.89
736	18.797	1543.98
737	18.83	1543.29
738	18.8628	1542.43
739	18.896	1541.73
740	18.9286	1540.91
741	18.9619	1538.52
742	18.9958	1538.13
743	19.0307	1535.59
744	19.0638	1535.52
745	19.0972	1527.39
746	19.1309	1524.11
747	19.1644	1522.35
748	19.1978	1522.06
749	19.231	1516.23
750	19.265	1515.6
751	19.2986	1513.47
752	19.3319	1504.9
753	19.3652	1498.71
754	19.3989	1497.95
755	19.4325	1485.47
756	19.4659	1480.9
757	19.5001	1479.98
758	19.5345	1475.96
759	19.569	1474.44
760	19.6027	1474.21
761	19.6365	1472.78
762	19.6702	1470.92
763	19.7036	1454.66
764	19.738	1454.34
765	19.7716	1453.24
766	19.8058	1452.4
767	19.84	1437.17
768	19.8741	1436.79
769	19.9083	1435.93
771	19.9761	1432.85
772	20.01	1432.51
773	20.0444	1431.31
774	20.0781	1430.4
775	20.112	1430.31
776	20.1458	1422.98
777	20.1795	1418.96
778	20.2137	1387.74
779	20.2477	1387.12
780	20.2825	1386.82
781	20.3164	1385.55
782	20.3504	1384.12
783	20.3845	1377.07
784	20.4185	1376.16
785	20.4524	1357.27
786	20.4863	1357.13
787	20.5203	1356.88
788	20.5545	1348.29
789	20.5886	1344.35
790	20.6225	1342.43
791	20.6565	1340.06
792	20.6911	1338.17
793	20.725	1338.07
794	20.7595	1336.4
795	20.7941	1336.13
796	20.8285	1298.2
797	20.8628	1294.65
798	20.8972	1291.75
799	20.9316	1291.55
800	20.9663	1286.8
801	21.0006	1285.43
802	21.035	1285.1
803	21.0691	1275.81
804	21.1035	1275.48
805	21.138	1274.9
806	21.172	1274.03
807	21.2093	1271.53
808	21.2446	1270.98
809	21.279	1267.75
810	21.3136	1266.67
811	21.3478	1266.27
812	21.3821	1266.17
813	21.4172	1264.33
814	21.4522	1264.06
815	21.4867	1261.73
816	21.5216	1253.96
817	21.556	1253.92
818	21.5903	1251.79
819	21.6249	1251.64
820	21.6595	1249.62
821	21.6936	1248.25
822	21.7278	1247.78
823	21.7624	1245.75
824	21.7971	1244.61
825	21.8314	1242.29
826	21.8661	1242.27
827	21.9008	1241.5
828	21.935	1211.46
829	21.9698	1210.99
830	22.005	1210.22
831	22.0399	1210.21
832	22.0748	1209.55
833	22.1093	1200.54
834	22.1445	1200.51
835	22.1844	1200.39
836	22.2217	1199.76
837	22.2578	1174.31
838	22.2924	1172.92
839	22.3273	1170.41
840	22.3621	1170.22
842	22.4317	1162.22
843	22.4668	1152.6
844	22.5017	1149.59
845	22.5365	1149.49
846	22.5712	1149.11
847	22.6061	1136.48
848	22.6407	1132.53
849	22.6755	1132.08
850	22.7107	1126.35
851	22.7455	1125.79
852	22.7807	1125.15
853	22.8156	1123.77
854	22.8504	1123.11
855	22.8859	1115.28
856	22.9209	1112.56
857	22.9559	1110.31
858	22.991	1109.58
859	23.0264	1108.94
860	23.0612	1105.26
861	23.0966	1102.68
862	23.1326	1102.61
863	23.1677	1101.57
864	23.2037	1072.32
865	23.2394	1072.04
866	23.2745	1071.23
867	23.3095	1066.89
868	23.3443	1044.8
869	23.3806	1043.93
870	23.4177	1035.2
871	23.453	1034.21
872	23.4885	1032.05
873	23.524	1031.57
874	23.5592	1031.06
875	23.5947	1029.89
876	23.6299	1028.51
877	23.6651	1028.41
878	23.7003	1027.19
879	23.7359	1027.19
880	23.7716	1026.01
881	23.8068	1024.86
882	23.8424	1024.59
883	23.8774	1024.13
884	23.9128	1017.15
886	23.9836	1017.14
887	24.0187	1017.07
888	24.0543	1013.56
889	24.0902	1013.4
890	24.1257	995.297
891	24.1611	995.085
892	24.1963	993.755
893	24.2316	990.223
894	24.2669	989.739
895	24.3028	988.015
896	24.3377	987.753
897	24.3727	986.289
898	24.4081	985.037
899	24.444	952.581
900	24.4797	950.654
901	24.5152	949.6
902	24.5501	949.59
903	24.5861	949.011
904	24.6218	946.628
905	24.6572	941.683
906	24.6925	937.393
907	24.7281	937.01
908	24.763	936.553
909	24.7987	924.971
910	24.834	924.659
911	24.8695	924.573
912	24.9048	922.939
913	24.94	921.77
914	24.9755	921.71
915	25.0112	920.987
916	25.0464	917.337
917	25.0815	917.218
918	25.1162	916.941
919	25.1504	916.607
920	25.1852	916.417
922	25.255	916.359
923	25.2909	916.045
924	25.3266	911.364
925	25.3618	898.638
926	25.3967	898.568
927	25.4313	896.731
929	25.5011	896.291
930	25.5357	895.664
931	25.5722	894.553
932	25.6069	889.587
933	25.6414	889.246
934	25.6758	889.221
935	25.7108	888.557
936	25.7451	888.129
937	25.7797	885.754
938	25.8146	884.127
939	25.849	881.816
940	25.8836	881.392
941	25.9187	880.769
942	25.9535	880.569
943	25.9884	879.32
944	26.0234	879.259
945	26.0579	877.096
946	26.0923	852.891
947	26.1272	852.279
948	26.1626	847.194
949	26.1975	846.503
950	26.2323	846.477
951	26.2671	846.001
952	26.302	843.103
953	26.3368	840.058
954	26.3716	840.031
955	26.4068	839.819
956	26.4416	837.683
957	26.4765	834.692
958	26.5118	830.349
959	26.5471	827.405
961	26.6177	826.453
962	26.653	826.403
963	26.6886	826.215
964	26.7244	826.053
965	26.76	825.617
966	26.7949	825.203
967	26.8299	824.246
968	26.8652	823.849
969	26.9002	823.783
970	26.9352	823.434
971	26.9742	823.315
972	27.0091	816.268
973	27.0444	815.905
974	27.0797	815.896
975	27.1153	815.866
976	27.151	810.197
977	27.1867	809.83
978	27.2217	809.112
979	27.2568	808.764
980	27.2926	808.576
981	27.3283	807.975
982	27.3633	807.858
983	27.3993	807.557
984	27.4349	807.505
985	27.4705	806.574
986	27.5061	802.04
987	27.5422	801.436
988	27.5779	801.373
989	27.6152	801.048
990	27.651	800.211
991	27.6897	799.72
992	27.7279	799.324
993	27.7645	799.103
995	27.8364	796.834
996	27.8724	795.712
997	27.9079	795.186
998	27.9439	794.956
999	27.9796	789.147
1000	28.0154	789.059
1001	28.0511	786.865
1002	28.0873	785.273
1003	28.1231	784.72
1004	28.1601	784.58
1005	28.1966	783.74
1006	28.2332	783.307
1007	28.2701	782.914
1008	28.3065	782.871
1009	28.3427	782.473
1010	28.3793	782.471
1011	28.4154	781.494
1012	28.4512	780.851
1013	28.4874	779.855
1014	28.5242	779.703
1015	28.5601	779.61
1016	28.5964	776.484
1017	28.6324	775.814
1018	28.6684	762.657
1019	28.7046	762.153
1020	28.7605	761.265
1021	28.8388	760.79
1022	28.8764	760.225
1023	28.9144	758.473
1024	28.9505	758.288
1025	28.9866	754.689
1026	29.0232	754.609
1027	29.0594	753.316
1028	29.0954	750.617
1029	29.1326	750.567
1030	29.1686	749.687
1031	29.2048	749.195
1032	29.2408	749.161
1033	29.2772	749.058
1034	29.3134	747.26
1035	29.3495	746.934
1036	29.3868	717.969
1037	29.4233	713.059
1038	29.4594	712.307
1039	29.4957	712.142
1040	29.5327	710.608
1041	29.569	710.453
1042	29.6052	710.354
1043	29.6415	709.634
1044	29.6776	709.56
1045	29.714	708.873
1046	29.7505	708.497
1047	29.7871	707.851
1048	29.8268	707.703
1049	29.8648	706.375
1050	29.9026	705.999
1051	29.9395	705.746
1052	29.9758	705.531
1053	30.0129	704.752
1054	30.0494	703.891
1055	30.0854	703.15
1056	30.1221	698.514
1057	30.1584	698.508
1058	30.1956	698.077
1059	30.2324	697.908
1060	30.2686	696.958
1061	30.305	696.213
1062	30.3415	696.034
1063	30.3779	695.441
1064	30.4144	695.221
1065	30.451	690.114
1066	30.4879	689.821
1067	30.5249	689.329
1068	30.5614	686.307
1069	30.5981	686.111
1070	30.6347	684.844
1071	30.671	684.698
1072	30.7078	684.54
1073	30.7446	683.632
1074	30.781	683.484
1076	30.8542	683.237
1077	30.8911	669.163
1078	30.9273	668.85
1079	30.9645	667.884
1080	31.0015	667.638
1082	31.0741	667.411
1083	31.1107	667.243
1084	31.147	666.031
1086	31.2209	666.016
1087	31.2574	658.152
1088	31.2938	657.217
1089	31.3305	657.127
1090	31.3668	655.625
1091	31.403	655.479
1092	31.4392	655.437
1093	31.476	653.96
1094	31.5127	653.759
1095	31.5501	653.032
1096	31.587	652.232
1097	31.6234	650.161
1098	31.6597	649.461
1099	31.6964	649.351
1100	31.733	648.866
1101	31.7697	648.177
1102	31.8066	648.089
1103	31.8429	647.557
1104	31.8796	646.221
1105	31.9161	645.941
1106	31.9527	645.743
1107	31.9905	641.95
1108	32.0274	638.006
1109	32.0677	637.448
1110	32.1077	636.175
1111	32.1456	635.974
1112	32.1823	634.995
1113	32.2193	634.487
1114	32.2561	633.455
1115	32.2934	632.957
1116	32.3306	632.047
1117	32.3675	631.909
1118	32.4041	631.9
1120	32.4787	631.37
1121	32.5155	631.268
1122	32.5532	630.859
1123	32.5905	630.698
1124	32.6274	630.333
1125	32.6645	630.293
1126	32.7015	630.289
1127	32.7384	629.324
1128	32.7757	628.708
1130	32.8496	623.772
1131	32.8862	623.61
1132	32.9235	623.166
1133	32.9603	622.951
1134	32.9976	621.626
1135	33.0354	621.559
1136	33.0724	619.946
1137	33.1094	619.305
1138	33.1463	618.13
1139	33.1834	615.343
1140	33.2205	612.089
1141	33.2577	608.151
1142	33.2951	608.045
1143	33.3321	607.525
1144	33.3694	606.968
1145	33.4063	603.821
1146	33.4432	601.494
1147	33.4802	600.592
1148	33.5178	600.305
1149	33.5547	588.718
1150	33.5917	588.527
1151	33.6288	588.138
1152	33.6659	587.112
1153	33.7032	586.628
1154	33.7405	586.555
1155	33.7778	586.317
1156	33.8156	584.922
1157	33.8529	584.794
1158	33.89	584.763
1159	33.927	584.402
1160	33.9645	584.368
1161	34.0013	584.15
1162	34.0387	584.057
1163	34.0756	583.66
1164	34.1132	580.4
1165	34.1523	579.128
1166	34.1901	579.056
1167	34.2279	578.831
1168	34.2655	578.605
1169	34.3031	578.317
1170	34.3401	577.994
1171	34.3774	577.261
1172	34.4145	573.315
1173	34.4526	573.101
1174	34.4898	573.061
1176	34.5644	572.884
1177	34.6015	571.98
1178	34.6387	570.685
1179	34.6762	569.542
1180	34.7133	569.244
1181	34.7508	569.164
1182	34.7888	568.217
1183	34.8267	567.304
1185	34.9015	566.934
1186	34.9385	556.099
1187	34.9766	555.95
1189	35.051	555.279
1190	35.0887	555.278
1191	35.126	554.89
1192	35.1631	552.706
1193	35.2007	551.024
1194	35.2384	550.926
1196	35.3131	550.074
1197	35.3506	546.719
1198	35.3878	545.002
1199	35.4256	543.765
1200	35.4641	543.424
1201	35.5022	542.831
1202	35.5405	542.754
1203	35.5789	542.689
1204	35.6171	542.578
1205	35.6556	542.439
1206	35.6937	542.299
1207	35.7317	542.255
1208	35.7701	541.868
1209	35.8083	541.865
1210	35.8471	541.679
1211	35.886	541.486
1212	35.9246	540.842
1213	35.9628	540.41
1214	36.0014	540.306
1215	36.0395	540.277
1216	36.0783	539.582
1217	36.1169	538.97
1218	36.1555	538.121
1219	36.1937	537.1
1220	36.2322	537.071
1221	36.2711	536.349
1222	36.3109	536.198
1223	36.3516	535.824
1224	36.3899	535.787
1225	36.4287	534.793
1226	36.4677	532.818
1227	36.5062	532.426
1228	36.5441	532.424
1229	36.5823	532.101
1230	36.6211	531.833
1231	36.6605	531.184
1232	36.6991	531.031
1233	36.7373	530.891
1234	36.7755	530.002
1235	36.8134	529.097
1236	36.8521	528.354
1237	36.8908	527.994
1238	36.9293	527.373
1239	36.9684	527.117
1240	37.0072	527.044
1241	37.0457	526.601
1242	37.0838	526.397
1243	37.1227	525.61
1244	37.1617	525.528
1245	37.2002	525.149
1246	37.2385	525.055
1247	37.2781	524.698
1248	37.3167	524.615
1249	37.3554	524.566
1250	37.3937	524.556
1251	37.4338	523.876
1252	37.4731	523.667
1253	37.5115	523.39
1254	37.5503	523.083
1255	37.5886	523.048
1256	37.6269	520.853
1257	37.6655	520.773
1258	37.7051	520.242
1259	37.7442	520.009
1260	37.7833	519.962
1261	37.8216	519.669
1262	37.8602	519.338
1263	37.8987	518.072
1264	37.9373	518.044
1265	37.9759	517.851
1266	38.0145	517.737
1267	38.0531	517.427
1268	38.0923	515.527
1269	38.131	514.264
1270	38.1688	513.881
1271	38.2066	513.845
1272	38.2448	513.833
1273	38.2828	513.735
1274	38.3207	513.503
1275	38.3591	513.42
1276	38.3968	496.678
1277	38.4364	495.714
1278	38.4758	495.588
1279	38.5168	495.483
1280	38.5664	494.56
1281	38.6165	494.445
1282	38.6577	494.425
1283	38.6966	494.18
1284	38.735	494.094
1285	38.773	493.914
1286	38.811	493.898
1287	38.8489	493.596
1288	38.8873	493.129
1289	38.9259	492.747
1290	38.9644	492.44
1291	39.0032	492.411
1292	39.0417	492.204
1293	39.0796	491.353
1294	39.1179	490.606
1295	39.1562	490.504
1296	39.1945	488.912
1297	39.2325	488.908
1298	39.2712	488.746
1299	39.3094	488.658
1300	39.3474	488.462
1301	39.3858	487.753
1302	39.4245	487.65
1303	39.4627	487.482
1304	39.5008	487.415
1305	39.5393	486.607
1306	39.5782	486.597
1308	39.6554	485.572
1309	39.6936	485.44
1310	39.7317	484.779
1311	39.7705	484.437
1312	39.8095	484.321
1313	39.8475	483.846
1314	39.8859	482.632
1315	39.924	482.587
1316	39.9624	482.31
1317	40.0007	471.041
1318	40.0391	470.265
1319	40.0771	469.97
1320	40.1158	469.768
1321	40.1539	468.284
1322	40.1921	467.26
1323	40.2305	467.215
1324	40.269	466.522
1325	40.3077	466.492
1326	40.3461	466.452
1327	40.3847	465.562
1328	40.4238	464.922
1329	40.4626	464.783
1330	40.5016	464.335
1331	40.5407	464.288
1332	40.5792	464.277
1333	40.6183	463.668
1334	40.6567	463.644
1335	40.6956	462.982
1337	40.7743	461.9
1338	40.8127	461.287
1339	40.8515	461.229
1340	40.8902	460.839
1341	40.9288	460.755
1342	40.9681	460.721
1343	41.007	459.86
1344	41.0464	459.534
1346	41.1235	459.125
1347	41.1622	458.277
1348	41.2008	456.839
1349	41.24	456.391
1350	41.279	455.984
1351	41.3184	455.885
1352	41.3569	454.824
1353	41.3954	454.726
1354	41.4341	454.493
1355	41.4736	454.282
1356	41.5123	454.15
1357	41.551	454.068
1358	41.5895	454.052
1361	41.7062	453.961
1362	41.7452	453.528
1364	41.8219	452.244
1366	41.8996	452.24
1367	41.9381	452.235
1368	41.9778	451.734
1369	42.0162	451.733
1370	42.0556	450.887
1371	42.0962	450.871
1375	42.2512	450.469
1376	42.2904	448.328
1377	42.3296	448.173
1378	42.3683	447.825
1379	42.4072	446.402
1380	42.4458	444.94
1381	42.4842	443.045
1382	42.5226	443.02
1384	42.6005	442.747
1385	42.6428	442.536
1386	42.6857	441.502
1388	42.7638	441.044
1389	42.8032	434.833
1390	42.842	433.981
1391	42.8818	433.894
1392	42.922	433.183
1393	42.9614	432.326
1395	43.0396	432.189
1396	43.0783	431.814
1398	43.1559	431.546
1399	43.1949	431.501
1401	43.273	431.314
1402	43.3121	431.279
1403	43.351	430.882
1404	43.3908	430.318
1405	43.4301	430.004
1406	43.4693	429.889
1407	43.5089	429.516
1408	43.5485	429.496
1409	43.588	428.4
1410	43.6282	428.253
1411	43.6684	428.092
1412	43.7092	423.307
1414	43.7891	423.285
1416	43.869	423.268
1417	43.9085	422.768
1418	43.9489	421.822
1419	43.9885	421.314
1420	44.0283	421.114
1421	44.068	421.025
1422	44.1079	420.78
1423	44.1476	419.527
1425	44.2267	419.13
1426	44.2664	414.483
1427	44.3061	414.166
1429	44.3863	413.762
1430	44.4266	413.746
1431	44.4668	413.593
1432	44.5064	412.223
1434	44.5855	411.876
1435	44.6251	411.86
1436	44.6649	411.502
1437	44.7056	410.211
1438	44.7456	405.632
1439	44.7859	404.824
1440	44.8256	404.817
1441	44.8652	404.266
1442	44.9055	403.893
1443	44.9451	403.843
1444	44.9846	403.732
1445	45.0246	402.161
1446	45.0644	401.749
1447	45.1057	401.721
1448	45.1476	401.476
1449	45.1873	401.472
1451	45.2675	401.431
1452	45.3072	401.23
1453	45.3476	400.966
1454	45.3872	400.93
1455	45.4275	400.929
1456	45.4675	400.303
1457	45.5079	399.809
1458	45.5476	399.241
1459	45.5872	399.215
1460	45.6272	399.196
1461	45.667	399.154
1462	45.7073	399.109
1463	45.7476	399.005
1464	45.7874	398.976
1466	45.8679	398.342
1467	45.9078	397.53
1468	45.9474	397.513
1469	45.986	397.423
1470	46.0252	397.14
1471	46.0639	396.932
1472	46.1031	396.789
1473	46.1424	396.572
1475	46.2212	395.889
1476	46.2604	394.407
1477	46.2993	393.884
1478	46.3381	393.805
1480	46.4165	393.69
1481	46.4553	393.509
1482	46.4942	393.399
1483	46.5329	391.905
1485	46.6121	391.598
1487	46.6948	391.352
1489	46.7752	391.219
1490	46.8149	391.107
1491	46.8545	391.005
1492	46.8935	390.959
1493	46.9326	390.77
1494	46.9717	390.229
1495	47.0114	390.178
1496	47.0511	389.81
1497	47.0901	389.76
1498	47.1293	389.236
1499	47.1684	389.002
1500	47.2081	388.986
1502	47.2876	388.929
1503	47.328	388.781
1504	47.3677	388.758
1505	47.4067	388.617
1506	47.4463	388.518
1507	47.4856	388.507
1508	47.525	386.991
1509	47.5645	386.2
1510	47.6039	386.143
1511	47.6436	385.764
1512	47.6829	385.741
1513	47.7222	385.698
1514	47.7617	383.182
1515	47.8012	383.102
1516	47.8404	380.296
1517	47.8799	380.181
1518	47.9193	379.846
1519	47.9589	379.795
1520	47.9984	379.269
1521	48.0376	379.186
1522	48.0771	379.165
1523	48.1162	379.014
1524	48.157	378.83
1525	48.2001	378.75
1526	48.2426	378.701
1527	48.2819	378.299
1528	48.3218	377.052
1529	48.3622	376.941
1530	48.4015	376.497
1531	48.4411	376.483
1532	48.4804	376.475
1533	48.52	375.643
1534	48.5594	375.522
1536	48.6382	375.279
1537	48.6777	375.267
1538	48.7178	375.176
1539	48.7574	375.152
1540	48.7967	374.997
1541	48.8361	374.838
1542	48.8764	374.789
1543	48.9165	374.668
1545	48.9963	374.059
1546	49.0358	374.049
1547	49.0754	373.89
1548	49.1153	373.867
1549	49.1554	373.801
1550	49.1955	373.532
1551	49.2358	373.486
1552	49.2759	373.452
1553	49.3165	373.281
1554	49.3569	373.005
1555	49.3974	372.935
1556	49.437	372.752
1557	49.4786	372.146
1558	49.5184	371.694
1559	49.5584	370.767
1560	49.5986	370.674
1562	49.6777	370.393
1563	49.7179	370.389
1564	49.7573	370.065
1566	49.8364	370.034
1567	49.8758	368.768
1568	49.9154	367.959
1569	49.955	367.9
1570	49.9951	367.397
1572	50.074	367.364
1573	50.1135	367.277
1574	50.1535	367.202
1575	50.193	366.763
1577	50.2714	366.458
1578	50.3117	366.393
1580	50.3912	366.372
1581	50.4306	365.895
1582	50.47	365.863
1583	50.5102	365.595
1584	50.5498	365.464
1586	50.629	365.334
1587	50.669	365.22
1588	50.7087	364.833
1589	50.7481	363.671
1590	50.7883	363.648
1591	50.8278	363.225
1592	50.8673	362.813
1593	50.9072	362.725
1595	50.9865	362.551
1596	51.0266	362.487
1597	51.0663	362.41
1598	51.106	362.347
1600	51.1857	362.218
1602	51.2658	361.973
1603	51.3054	361.876
1604	51.3455	361.712
1607	51.4657	361.671
1608	51.5059	361.502
1609	51.5466	361.456
1612	51.6699	361.353
1613	51.7112	361.289
1614	51.7514	360.651
1615	51.7923	360.545
1616	51.8332	359.44
1617	51.8741	359.342
1618	51.9148	359.34
1619	51.955	358.366
1620	51.9966	358.152
1621	52.0377	356.941
1622	52.0785	356.914
1624	52.1633	356.753
1625	52.2044	356.622
1626	52.2461	355.953
1627	52.2867	355.609
1628	52.3273	355.488
1629	52.3678	353.812
1632	52.4897	352.785
1635	52.611	352.601
1637	52.6921	352.562
1638	52.7323	352.521
1640	52.8133	352.516
1641	52.8535	352.296
1642	52.8946	352.294
1643	52.9352	352.18
1645	53.0168	352.034
1646	53.0578	351.991
1647	53.098	351.641
1648	53.1389	351.562
1649	53.1797	351.075
1650	53.2205	351.013
1651	53.2612	350.93
1652	53.3021	349.101
1654	53.3836	349.076
1655	53.424	349.055
1656	53.4648	348.92
1657	53.5056	348.717
1658	53.5461	347.821
1659	53.5876	347.777
1660	53.628	347.671
1661	53.669	347.585
1663	53.7503	347.15
1664	53.791	347.119
1665	53.8318	346.884
1666	53.874	345.47
1667	53.9162	345.37
1669	53.9991	344.658
1670	54.0405	344.631
1671	54.0812	344.502
1672	54.1218	343.077
1674	54.2039	342.811
1675	54.244	342.765
1676	54.284	342.722
1677	54.3244	341.864
1678	54.3643	340.124
1679	54.4051	339.318
1681	54.4857	338.224
1682	54.5254	338.172
1683	54.5666	338.156
1684	54.6064	338.059
1685	54.6463	337.936
1686	54.6871	337.799
1687	54.7274	337.784
1688	54.7675	337.565
1689	54.8083	337.562
1690	54.8488	337.512
1691	54.8893	337.476
1692	54.9293	337.094
1693	54.9699	336.683
1694	55.0099	336.078
1695	55.0507	336.067
1696	55.0913	335.53
1697	55.1325	335.456
1698	55.1726	335.417
1699	55.2128	335.16
1700	55.2533	335.147
1701	55.2937	335.112
1702	55.3343	335.101
1703	55.3749	333.11
1704	55.4157	333.101
1705	55.4563	333.052
1706	55.4973	332.741
1707	55.5384	332.643
1708	55.5786	332.635
1709	55.6189	332.576
1710	55.659	332.459
1711	55.6993	332.092
1712	55.7393	331.999
1713	55.7796	331.819
1715	55.8599	331.591
1716	55.9	331.458
1717	55.9407	331.222
1718	55.9809	331.059
1719	56.0208	330.712
1720	56.0622	330.669
1721	56.1038	330.5
1722	56.1441	330.39
1723	56.1854	330.256
1725	56.2654	330.049
1726	56.307	330.04
1727	56.3473	329.838
1728	56.3878	329.768
1729	56.428	329.726
1730	56.4696	329.417
1731	56.5102	329.388
1732	56.5516	329.336
1733	56.5919	329.206
1734	56.6321	329.084
1735	56.6734	328.776
1736	56.7135	328.686
1737	56.7543	328.653
1738	56.7946	328.086
1739	56.8356	327.93
1740	56.8761	327.849
1742	56.9568	327.829
1743	56.9974	327.188
1744	57.0386	327.142
1745	57.0789	327.114
1746	57.1187	327.088
1748	57.1977	325.826
1749	57.2372	325.764
1750	57.2773	325.712
1751	57.3175	325.525
1752	57.3574	325.517
1753	57.397	325.496
1754	57.4369	325.306
1755	57.4766	325.242
1756	57.5165	324.758
1757	57.5563	324.687
1758	57.5957	324.001
1759	57.6353	323.927
1760	57.6746	323.793
1762	57.7544	323.78
1764	57.8333	323.771
1766	57.9124	323.759
1767	57.952	323.535
1768	57.9913	323.366
1769	58.0315	322.7
1770	58.072	322.614
1771	58.1116	322.592
1772	58.1517	322.567
1773	58.1917	322.151
1774	58.2326	322.012
1776	58.3123	321.981
1777	58.3526	321.94
1778	58.3925	321.847
1779	58.4322	321.844
1780	58.4728	321.727
1781	58.5131	321.651
1782	58.5528	321.624
1783	58.5929	321.613
1784	58.6335	321.572
1785	58.6736	321.002
1786	58.7132	320.991
1787	58.7528	320.796
1788	58.7926	320.588
1789	58.8321	320.537
1790	58.8749	319.962
1791	58.9158	319.958
1792	58.959	319.891
1795	59.0801	319.891
1797	59.1599	319.516
1798	59.1999	319.362
1799	59.2397	319.244
1800	59.2797	319.23
1801	59.3201	318.373
1802	59.3603	318.238
1803	59.3998	318.236
1804	59.4402	318.219
1805	59.4802	318.216
1806	59.5203	318.2
1807	59.5605	318.146
1808	59.6004	317.644
1809	59.6409	317.607
1810	59.6817	317.332
1812	59.7626	317.296
1813	59.8027	316.871
1815	59.8837	316.336
1817	59.9641	316.133
1819	60.045	316.131
1820	60.0859	316.079
1822	60.1666	316.005
1823	60.207	315.855
1825	60.2877	315.705
1826	60.3284	315.648
1827	60.3706	315.467
1829	60.4521	315.445
1831	60.5339	315.425
1832	60.5743	314.865
1835	60.6955	314.775
1836	60.7359	314.644
1837	60.777	314.618
1838	60.8181	314.574
1840	60.8995	314.495
1841	60.9493	314.424
1842	61.002	314.334
1846	61.1697	314.18
1847	61.2117	314.136
1848	61.2526	313.719
1851	61.3767	313.664
1855	61.5408	313.593
1856	61.5832	312.281
1857	61.6244	312.269
1858	61.6648	312.233
1859	61.7169	311.956
1860	61.7598	311.047
1861	61.8007	310.135
1862	61.8536	310.128
1865	61.979	309.999
1866	62.0203	309.686
1867	62.0671	309.552
1869	62.1559	308.591
1871	62.2402	308.577
1872	62.282	307.563
1875	62.4059	306.829
1876	62.4471	306.788
1878	62.5328	306.676
1879	62.5765	306.604
1880	62.618	306.598
1881	62.6599	306.565
1882	62.7006	306.499
1883	62.742	306.441
1884	62.7827	306.389
1885	62.8301	306.296
1886	62.8857	306.273
1887	62.9393	306.205
1888	62.9837	306.17
1889	63.0263	306.005
1890	63.0727	305.973
1891	63.1144	305.696
1892	63.1563	304.848
1894	63.2392	304.82
1896	63.3224	304.354
1897	63.364	304.213
1898	63.4072	303.683
1899	63.4488	303.673
1901	63.5316	303.598
1903	63.614	303.5
1904	63.6554	303.256
1905	63.6963	303.248
1906	63.7484	301.894
1909	63.8728	300.532
1910	63.9144	300.435
1911	63.9558	300.315
1912	63.9973	298.625
1914	64.1005	298.426
1917	64.2295	298.375
1918	64.2717	296.704
1919	64.3127	296.228
1921	64.3946	296.197
1922	64.4357	296.122
1923	64.477	296.117
1924	64.5188	296.053
1925	64.5726	295.908
1926	64.6144	295.867
1927	64.6699	295.861
1928	64.7424	295.492
1929	64.7861	295.484
1930	64.8267	295.177
1931	64.8735	295.174
1932	64.9169	294.807
1933	64.9579	294.551
1934	64.9991	294.407
1935	65.0406	294.397
1936	65.0823	293.951
1937	65.1229	293.82
1938	65.1656	293.779
1939	65.2063	293.686
1940	65.2496	293.684
1941	65.2923	293.68
1942	65.3346	293.658
1943	65.3765	293.258
1944	65.4185	293.253
1946	65.5023	292.086
1947	65.5433	292.018
1948	65.5842	292.011
1949	65.6264	291.956
1950	65.6679	291.933
1951	65.7089	291.759
1952	65.7568	291.655
1953	65.7983	291.582
1954	65.839	291.58
1955	65.8804	291.519
1956	65.9238	291.296
1957	65.9653	291.159
1958	66.0069	291.068
1959	66.0481	290.824
1960	66.0893	290.72
1961	66.1302	290.624
1962	66.1716	290.584
1963	66.2139	290.527
1965	66.2966	290.468
1966	66.3378	290.434
1967	66.3786	290.346
1968	66.4195	290.299
1969	66.4609	290.288
1970	66.5029	289.772
1971	66.5446	289.73
1972	66.5854	289.726
1973	66.6274	289.696
1974	66.6689	289.674
1975	66.7104	289.609
1976	66.7518	289.536
1977	66.794	289.524
1978	66.8356	289.345
1979	66.8768	289.311
1980	66.922	289.171
1982	67.009	289.157
1983	67.0501	288.893
1984	67.0915	288.883
1985	67.1426	288.828
1986	67.1845	288.826
1988	67.2992	288.188
1989	67.3402	288.176
1990	67.3831	288.165
1991	67.425	288.12
1992	67.4656	288.113
1993	67.5065	288.096
1994	67.5475	288.007
1995	67.5888	287.951
1996	67.6314	287.656
1997	67.6727	287.643
1998	67.7147	287.426
1999	67.7556	287.395
2000	67.7967	286.759
2002	67.881	286.73
2003	67.9237	286.717
2004	67.9661	286.712
2005	68.0111	286.71
2006	68.0523	286.694
2008	68.1359	286.522
2009	68.1791	286.464
2011	68.2623	286.434
2012	68.3038	286.402
2013	68.3445	286.208
2014	68.3862	286.17
2016	68.4711	286.15
2017	68.5184	286.134
2018	68.5648	286.062
2019	68.6083	286.023
2020	68.6511	285.895
2021	68.693	285.818
2022	68.7337	285.816
2023	68.7772	285.814
2024	68.818	285.644
2025	68.859	285.195
2027	68.941	284.889
2029	69.0257	284.844
2030	69.0685	284.802
2031	69.1178	284.796
2032	69.1624	284.771
2033	69.2029	284.5
2034	69.2439	284.454
2036	69.3256	284.31
2037	69.3671	283.722
2038	69.4202	283.582
2039	69.4642	283.401
2040	69.5086	283.225
2041	69.5501	283.092
2042	69.5936	283.039
2044	69.6773	283.023
2045	69.7197	283.011
2047	69.8081	282.958
2048	69.8494	282.547
2049	69.8908	282.481
2050	69.9322	282.299
2051	69.9741	282.265
2052	70.0168	282.199
2053	70.0578	281.988
2054	70.0996	281.778
2055	70.1405	281.479
2058	70.2827	281.477
2059	70.3245	281.317
2060	70.3667	281.289
2061	70.4082	281.272
2062	70.4512	281.186
2067	70.6608	281.178
2072	70.8684	280.85
2074	70.9542	280.848
2075	70.9964	280.823
2077	71.0792	280.776
2078	71.1205	280.737
2081	71.2641	280.671
2082	71.3256	280.594
2084	71.4145	280.53
2086	71.4976	280.528
2087	71.5385	280.495
2088	71.5796	280.445
2090	71.6641	280.415
2093	71.7917	280.335
2095	71.8781	280.318
2096	71.9223	280.147
2098	72.0084	279.657
2099	72.0507	278.376
2100	72.0929	278.235
2101	72.1437	277.142
2102	72.1944	277.083
2104	72.2816	276.981
2105	72.3227	276.385
2107	72.4088	276.1
2109	72.4944	275.168
2111	72.5795	275.154
2112	72.623	274.437
2113	72.6651	274.317
2115	72.7486	274.169
2117	72.8332	274.164
2118	72.8749	274.091
2119	72.9177	274.076
2120	72.9588	274.066
2123	73.0912	273.993
2124	73.1324	273.978
2125	73.1742	273.709
2127	73.274	273.556
2129	73.3666	273.474
2132	73.4989	272.671
2134	73.5847	272.615
2136	73.6693	272.288
2138	73.7569	271.891
2139	73.7994	271.89
2141	73.8835	271.847
2143	73.9678	271.404
2144	74.0167	271.258
2145	74.059	271.209
2146	74.1012	270.439
2147	74.1432	270.419
2149	74.2276	270.34
2150	74.2703	270.325
2151	74.3117	270.22
2152	74.3555	270.162
2154	74.4412	269.939
2157	74.5682	269.267
2159	74.6513	268.805
2161	74.736	268.76
2162	74.7777	268.678
2163	74.8189	268.663
2164	74.8603	268.594
2165	74.9022	268.469
2166	74.9439	268.397
2167	74.9858	268.34
2168	75.0289	268.263
2169	75.0715	268.262
2170	75.1243	268.212
2172	75.2119	267.837
2173	75.2756	267.716
2174	75.318	267.671
2175	75.3602	267.607
2176	75.4027	267.182
2177	75.446	267.113
2178	75.4871	267.062
2179	75.5304	267.035
2180	75.5721	267.019
2182	75.6566	267.001
2183	75.7024	266.303
2184	75.7454	266.298
2185	75.7869	266.292
2186	75.8291	266.168
2187	75.8713	266.104
2188	75.9147	266.094
2189	75.9566	265.967
2190	75.9987	265.879
2191	76.041	265.842
2192	76.0877	265.684
2194	76.1735	265.677
2195	76.2155	265.637
2196	76.2577	265.517
2197	76.2992	265.318
2198	76.3423	265.289
2199	76.3856	265.127
2200	76.4303	265.108
2201	76.473	265.089
2202	76.5156	265.005
2203	76.5574	264.999
2205	76.6428	264.9
2206	76.6852	264.833
2208	76.771	264.769
2209	76.814	264.747
2210	76.8559	264.603
2211	76.8991	264.582
2213	76.9839	264.555
2214	77.0259	264.542
2215	77.068	264.507
2216	77.1108	264.456
2217	77.1539	264.451
2218	77.2032	264.328
2220	77.2881	264.267
2222	77.3718	264.258
2223	77.4134	264.117
2224	77.4555	264.11
2225	77.5077	264.085
2226	77.5533	264.083
2227	77.596	264.073
2228	77.6393	263.42
2229	77.6812	263.393
2231	77.7674	263.325
2232	77.8092	263.319
2234	77.8973	263.238
2235	77.9433	263.204
2236	77.9851	263.046
2237	78.0291	263.019
2238	78.0718	262.932
2239	78.1134	262.894
2240	78.1568	262.784
2244	78.3317	262.592
2245	78.3741	262.553
2246	78.4156	262.546
2248	78.4994	262.542
2249	78.5418	262.515
2251	78.6265	262.514
2252	78.671	262.49
2253	78.7128	262.323
2256	78.8388	262.303
2257	78.8814	262.288
2260	79.0091	262.23
2261	79.0506	262.165
2262	79.0932	262.16
2265	79.2239	261.963
2269	79.4116	261.934
2270	79.455	261.688
2271	79.4986	261.681
2272	79.5401	261.41
2274	79.6258	261.394
2276	79.7095	261.377
2277	79.7524	260.998
2278	79.7939	260.84
2279	79.8373	260.788
2280	79.8793	260.71
2281	79.9214	260.684
2283	80.0056	260.681
2284	80.048	260.629
2285	80.0919	260.625
2287	80.1786	260.572
2288	80.2209	260.327
2289	80.2672	260.309
2290	80.31	260.057
2291	80.3519	260.057
2292	80.3945	260.039
2293	80.4373	259.858
2294	80.4812	259.759
2295	80.5245	259.514
2297	80.6137	259.513
2299	80.7036	259.377
2300	80.7491	259.361
2301	80.791	259.349
2302	80.8334	259.308
2304	80.918	259.302
2309	81.1311	259.214
2312	81.2583	258.846
2313	81.3011	258.839
2317	81.471	258.815
2318	81.5148	258.797
2319	81.5568	258.774
2321	81.6428	258.764
2322	81.6848	258.712
2323	81.7268	258.617
2324	81.7691	258.453
2325	81.8115	258.447
2326	81.854	258.444
2327	81.8966	258.429
2330	82.0237	257.777
2334	82.1952	257.764
2336	82.2828	257.653
2337	82.3258	257.648
2339	82.411	257.365
2340	82.4531	256.876
2341	82.4948	255.854
2344	82.6208	255.789
2345	82.6635	255.752
2346	82.705	255.537
2347	82.7492	255.013
2349	82.8337	254.035
2352	82.9619	253.378
2353	83.0046	253.106
2355	83.0903	253.059
2358	83.2188	253.007
2359	83.2619	252.991
2360	83.3039	252.983
2361	83.3468	252.709
2365	83.5389	252.478
2367	83.6228	252.466
2370	83.7509	252.465
2372	83.8346	251.53
2374	83.9189	251.489
2376	84.0051	251.337
2377	84.0472	250.846
2378	84.0898	250.163
2379	84.1514	250.154
2381	84.2357	250.105
2383	84.3263	249.88
2384	84.3779	249.764
2386	84.4651	249.12
2387	84.5089	249.035
2390	84.6433	249.024
2391	84.693	249.014
2392	84.7361	248.922
2394	84.8217	248.774
2395	84.8637	248.768
2398	84.9907	248.094
2399	85.0331	247.684
2400	85.0758	246.943
2401	85.1177	246.919
2402	85.1608	246.888
2403	85.2047	246.847
2404	85.2491	246.785
2405	85.2917	246.588
2406	85.3346	246.563
2407	85.3787	246.537
2408	85.4219	246.479
2409	85.465	246.478
2410	85.5067	246.429
2411	85.5508	246.385
2412	85.5926	245.168
2413	85.6356	245.078
2414	85.6781	245.073
2415	85.7199	245.071
2416	85.7636	244.758
2417	85.8064	244.724
2418	85.8499	244.669
2419	85.9406	244.242
2421	86.0488	244.237
2422	86.0913	244.202
2424	86.1778	244.197
2425	86.221	244.146
2427	86.3057	244.115
2428	86.3488	244.107
2429	86.3917	244.09
2430	86.4342	244.058
2431	86.4765	244
2432	86.5181	243.889
2433	86.5601	243.88
2435	86.6469	243.841
2436	86.6907	243.744
2437	86.7331	243.611
2439	86.8188	243.559
2440	86.8619	243.547
2441	86.9056	243.484
2442	86.9477	243.401
2443	86.9925	243.4
2444	87.0354	243.362
2445	87.0789	243.28
2448	87.2072	243.23
2449	87.2497	243.23
2450	87.2953	243.202
2451	87.3376	243.179
2453	87.4247	243.151
2455	87.5105	243.147
2456	87.553	243.129
2457	87.5967	243.015
2458	87.6392	242.761
2460	87.7262	242.759
2462	87.8125	242.75
2463	87.8544	242.73
2464	87.8978	242.726
2465	87.941	242.717
2466	87.9831	242.705
2468	88.0676	242.535
2469	88.1123	242.517
2471	88.1981	242.428
2472	88.2419	242.42
2474	88.3277	242.218
2475	88.37	242.208
2476	88.4148	242.035
2478	88.4999	241.957
2479	88.5435	241.907
2480	88.5862	241.815
2483	88.7238	241.814
2485	88.8154	241.783
2486	88.8634	241.778
2488	88.9529	241.757
2489	88.9984	241.662
2491	89.0909	241.66
2492	89.1342	241.639
2494	89.2206	241.637
2496	89.3052	241.616
2497	89.3474	241.61
2498	89.3901	241.598
2500	89.477	241.55
2502	89.5623	241.543
2503	89.6051	241.521
2505	89.6924	241.254
2507	89.7766	241.201
2509	89.8628	241.188
2510	89.9055	241.174
2511	89.9482	241.157
2512	89.9912	241.132
2515	90.1266	241.13
2517	90.212	240.35
2518	90.2559	240.309
2520	90.3413	240.26
2521	90.3835	240.227
2524	90.5217	240.199
2527	90.6692	240.167
2528	90.7137	239.981
2529	90.7567	239.928
2530	90.7998	239.748
2531	90.8439	239.667
2532	90.8904	239.619
2533	90.9346	239.535
2534	90.9776	239.345
2539	91.1988	239.207
2540	91.2409	239.194
2542	91.3251	239.13
2543	91.3673	239.075
2544	91.4094	239.062
2547	91.5389	238.8
2549	91.624	238.715
2551	91.7097	238.696
2552	91.7522	238.576
2557	91.9635	238.516
2558	92.006	238.504
2560	92.0966	238.471
2561	92.1393	238.445
2562	92.1831	238.416
2563	92.2366	238.345
2564	92.2902	238.29
2567	92.4232	238.279
2571	92.5963	238.245
2580	92.9872	238.084
2581	93.0306	236.844
2582	93.073	236.844
2584	93.1618	236.817
2587	93.2975	236.745
2588	93.3406	236.663
2589	93.3827	236.554
2592	93.5117	236.254
2594	93.5971	236.252
2595	93.6401	236.207
2598	93.7671	236.184
2599	93.81	236.117
2600	93.8616	236.114
2601	93.9127	235.899
2603	94.0012	235.845
2604	94.0449	235.473
2608	94.2156	235.462
2610	94.3126	235.46
2611	94.367	235.408
2612	94.4097	234.621
2614	94.4952	234.608
2616	94.5804	234.486
2617	94.6226	234.121
2618	94.6671	233.702
2619	94.7093	233.525
2621	94.7951	233.523
2623	94.8813	233.513
2624	94.9245	233.45
2625	94.9678	233.382
2626	95.0104	233.096
2634	95.3544	232.925
2635	95.3968	232.9
2638	95.5278	232.83
2639	95.5702	232.61
2640	95.6123	232.281
2641	95.6571	232.249
2642	95.6998	232.134
2643	95.744	232.127
2644	95.7887	232.06
2645	95.8309	231.926
2646	95.8753	231.914
2647	95.9186	231.896
2648	95.9615	231.865
2649	96.007	231.858
2650	96.0491	231.85
2651	96.0932	231.829
2652	96.1367	231.423
2653	96.1791	231.415
2654	96.2227	231.402
2655	96.265	231.402
2656	96.3075	231.307
2657	96.3502	231.292
2658	96.3921	231.25
2659	96.4357	231.01
2660	96.4796	230.996
2661	96.5232	230.988
2662	96.5667	230.955
2663	96.6097	230.607
2664	96.6525	230.605
2666	96.7397	230.535
2667	96.7828	230.523
2668	96.8278	230.5
2669	96.8704	230.499
2670	96.9156	230.493
2672	97.0025	230.377
2674	97.089	230.326
2675	97.1331	230.311
2676	97.1755	230.306
2677	97.2188	230.261
2678	97.2618	230.254
2679	97.304	230.095
2680	97.3464	230.077
2681	97.3886	230.065
2682	97.4328	230.031
2683	97.4768	230.011
2684	97.5194	229.503
2685	97.5616	229.456
2686	97.6043	229.45
2687	97.6501	229.419
2689	97.7358	229.419
2690	97.7794	229.25
2691	97.8221	229.246
2692	97.8662	229.239
2694	97.96	229.235
2695	98.0035	229.204
2696	98.0458	229.179
2697	98.0891	229.168
2698	98.1351	229.053
2700	98.2334	229.048
2701	98.2769	229.032
2702	98.3251	229.02
2703	98.3684	229.002
2704	98.4108	228.998
2705	98.4541	228.996
2706	98.498	228.996
2707	98.541	228.992
2708	98.5831	228.82
2709	98.6258	228.813
2710	98.6703	228.747
2711	98.7122	228.721
2712	98.7553	228.713
2714	98.8401	228.487
2715	98.8823	228.445
2716	98.9255	228.417
2719	99.0535	228.391
2720	99.0956	228.188
2721	99.1384	228.18
2723	99.2237	228.161
2724	99.2661	228.159
2726	99.3523	228.147
2727	99.3986	228.103
2729	99.4878	228.057
2731	99.5725	228.053
2732	99.6148	228.036
2736	99.7843	228.017
2737	99.8295	228.009
2739	99.9135	227.977
2740	99.9556	227.951
2741	99.9989	227.896
2742	100.041	227.861
2745	100.168	227.734
2746	100.211	227.697
2747	100.253	227.604
2750	100.382	227.546
2751	100.424	227.517
2752	100.466	227.502
2755	100.593	227.5
2757	100.68	227.063
2758	100.722	227.035
2760	100.807	227.007
2762	100.892	226.928
2764	100.976	226.873
2767	101.103	226.832
2768	101.147	226.717
2769	101.189	226.707
2770	101.231	226.626
2772	101.315	226.618
2773	101.357	226.575
2774	101.399	226.51
2775	101.441	226.15
2779	101.613	226.025
2780	101.654	226.022
2782	101.74	226.014
2783	101.783	225.979
2784	101.826	225.968
2787	101.954	225.908
2788	102	225.815
2791	102.13	225.805
2793	102.219	225.793
2797	102.392	225.768
2798	102.435	225.756
2800	102.521	225.65
2802	102.625	225.633
2804	102.713	225.59
2806	102.801	225.587
2807	102.848	225.575
2808	102.892	225.465
2812	103.065	225.287
2814	103.151	225.224
2820	103.406	225.081
2821	103.457	224.631
2825	103.653	224.395
2826	103.695	224.364
2832	103.953	224.109
2835	104.078	224.09
2837	104.164	224.054
2838	104.21	224.042
2839	104.252	224.026
2840	104.297	224.018
2843	104.433	224.009
2844	104.476	223.988
2848	104.65	223.931
2852	104.819	223.916
2854	104.906	223.911
2856	104.99	223.803
2857	105.033	223.313
2858	105.081	223.085
2859	105.129	222.837
2865	105.391	222.766
2866	105.436	222.615
2869	105.565	222.588
2874	105.781	222.44
2875	105.825	222.432
2877	105.92	221.511
2878	105.962	221.503
2879	106.005	221.283
2880	106.047	220.196
2881	106.09	220.167
2882	106.134	220.142
2883	106.178	220.135
2884	106.22	220.022
2885	106.263	219.957
2886	106.306	219.928
2887	106.351	219.922
2888	106.399	219.867
2889	106.443	219.866
2890	106.486	219.813
2891	106.529	219.795
2892	106.572	219.651
2893	106.615	219.634
2894	106.66	219.629
2895	106.703	219.628
2896	106.748	219.46
2897	106.792	219.432
2898	106.835	219.399
2900	106.922	219.389
2901	106.965	219.38
2902	107.007	219.366
2903	107.05	219.355
2904	107.093	219.354
2907	107.236	219.199
2908	107.277	219.192
2909	107.32	219.186
2910	107.363	219.186
2912	107.448	219.099
2914	107.534	219.055
2915	107.577	219.035
2916	107.62	219.03
2917	107.665	218.977
2918	107.708	218.964
2919	107.752	218.898
2920	107.794	218.896
2921	107.837	218.88
2922	107.879	218.875
2924	107.966	218.859
2925	108.008	218.813
2928	108.134	218.772
2929	108.177	218.766
2930	108.221	218.735
2931	108.265	218.456
2932	108.308	218.454
2934	108.392	218.441
2935	108.437	218.411
2936	108.48	218.404
2937	108.524	218.395
2938	108.569	218.337
2939	108.614	218.303
2942	108.743	218.291
2943	108.786	218.281
2944	108.829	218.276
2945	108.872	218.263
2947	108.957	218.262
2948	109	218.259
2950	109.086	218.149
2952	109.174	218.148
2953	109.218	218.146
2954	109.26	217.992
2955	109.304	217.958
2956	109.347	217.932
2959	109.477	217.907
2960	109.52	217.678
2961	109.562	217.674
2962	109.605	217.648
2963	109.647	217.647
2964	109.69	217.624
2965	109.732	217.614
2966	109.774	217.607
2967	109.817	217.516
2968	109.858	217.503
2969	109.901	217.447
2971	109.984	217.446
2972	110.026	217.418
2976	110.196	217.381
2977	110.238	217.371
2978	110.282	217.36
2979	110.324	217.329
2980	110.366	217.32
2981	110.408	217.32
2982	110.45	217.298
2985	110.576	217.248
2986	110.618	217.204
2990	110.79	217.142
2992	110.876	217.142
2994	110.96	217.135
2995	111.002	217.118
2997	111.085	216.783
2998	111.128	216.725
2999	111.17	216.715
3000	111.212	216.698
3002	111.297	216.567
3004	111.382	216.525
3005	111.424	216.516
3007	111.511	216.453
3008	111.557	216.274
3009	111.6	216.245
3010	111.641	216.147
3011	111.683	216.115
3012	111.726	216.112
3013	111.784	216.013
3014	111.826	215.976
3015	111.868	215.941
3018	112.009	215.902
3020	112.097	215.892
3022	112.184	215.879
3027	112.404	215.855
3029	112.488	215.78
3030	112.531	215.771
3033	112.658	215.768
3037	112.829	215.729
3044	113.138	215.723
3045	113.18	215.721
3046	113.223	215.719
3047	113.265	215.711
3051	113.438	215.659
3056	113.654	215.537
3060	113.824	215.326
3061	113.867	215.03
3062	113.92	215.006
3064	114.009	214.954
3065	114.052	214.916
3071	114.331	214.9
3072	114.377	214.798
3074	114.464	214.797
3075	114.506	214.784
3076	114.55	214.708
3077	114.593	214.654
3078	114.636	214.645
3079	114.679	214.617
3084	114.892	214.59
3087	115.02	214.579
3088	115.062	214.548
3090	115.148	214.527
3094	115.316	214.458
3096	115.404	214.422
3097	115.447	214.395
3098	115.49	214.13
3099	115.533	214.113
3101	115.618	214.1
3103	115.699	214.089
3104	115.739	214.051
3105	115.778	213.935
3106	115.816	213.779
3109	115.932	213.769
3110	115.972	213.768
3111	116.01	213.766
3114	116.126	213.635
3117	116.242	213.53
3118	116.281	213.511
3119	116.319	213.349
3121	116.396	213.322
3122	116.435	213.306
3123	116.477	213.205
3124	116.53	213.125
3125	116.569	213.116
3126	116.608	213.103
3128	116.686	212.921
3130	116.764	212.914
3133	116.883	212.872
3134	116.926	212.869
3135	116.964	212.865
3136	117.004	212.726
3137	117.045	212.715
3138	117.087	212.688
3140	117.176	212.685
3141	117.223	212.678
3142	117.268	212.654
3144	117.356	212.654
3146	117.443	212.652
3147	117.487	212.638
3148	117.529	212.637
3149	117.572	212.615
3150	117.615	212.612
3151	117.657	212.593
3152	117.701	212.551
3155	117.83	212.546
3156	117.872	212.542
3157	117.915	212.505
3158	117.958	212.503
3159	118	212.368
3161	118.085	212.362
3162	118.128	212.308
3163	118.172	212.303
3165	118.26	212.289
3166	118.305	212.287
3168	118.391	212.274
3169	118.435	212.272
3170	118.477	212.266
3171	118.519	212.24
3172	118.562	212.235
3173	118.604	212.198
3174	118.646	212.186
3176	118.731	212.164
3177	118.774	212.126
3178	118.816	212.047
3179	118.86	212.007
3180	118.902	211.976
3181	118.949	211.949
3182	118.993	211.941
3183	119.034	211.94
3184	119.078	211.938
3185	119.119	211.933
3187	119.204	211.901
3188	119.248	211.851
3192	119.42	211.847
3194	119.506	211.703
3195	119.548	211.647
3196	119.591	211.611
3197	119.634	211.603
3199	119.718	211.586
3200	119.76	211.494
3201	119.803	211.485
3204	119.93	211.467
3205	119.973	211.463
3206	120.015	211.458
3207	120.057	211.414
3209	120.143	211.386
3210	120.185	211.343
3211	120.227	211.342
3212	120.269	211.316
3215	120.398	211.316
3216	120.44	211.286
3217	120.483	211.279
3220	120.61	211.238
3222	120.695	211.23
3223	120.737	211.221
3226	120.865	211.192
3229	120.993	211.192
3230	121.035	211.125
3231	121.078	211.123
3232	121.119	211.054
3237	121.325	210.876
3238	121.367	210.854
3240	121.45	210.838
3242	121.531	210.777
3243	121.575	210.773
3244	121.617	210.716
3245	121.658	210.715
3247	121.741	210.667
3248	121.782	210.546
3249	121.824	210.541
3250	121.864	210.537
3252	121.948	210.531
3253	121.989	210.49
3254	122.032	210.432
3255	122.073	210.219
3258	122.198	210.21
3260	122.292	210.181
3262	122.374	210.16
3268	122.624	210.154
3271	122.748	210.114
3272	122.788	210.051
3274	122.871	209.96
3277	122.996	209.88
3280	123.12	209.869
3282	123.203	209.862
3283	123.245	209.857
3287	123.41	209.848
3294	123.699	209.841
3296	123.78	209.792
3300	123.937	209.72
3301	123.977	209.366
3302	124.016	209.354
3304	124.095	209.354
3308	124.253	209.333
3312	124.41	209.207
3314	124.489	209.206
3315	124.529	209.183
3316	124.574	208.989
3318	124.675	208.988
3319	124.715	208.97
3320	124.756	208.924
3322	124.839	208.914
3328	125.098	208.899
3330	125.18	208.893
3332	125.262	208.873
3334	125.346	208.845
3338	125.51	208.771
3339	125.551	208.58
3341	125.635	208.577
3343	125.719	208.573
3347	125.887	208.57
3354	126.178	208.46
3358	126.344	208.434
3359	126.385	208.354
3361	126.467	208.336
3362	126.509	208.318
3363	126.551	208.305
3364	126.594	208.251
3366	126.677	208.204
3367	126.718	208.193
3368	126.76	208.151
3369	126.801	208.148
3370	126.843	208.119
3371	126.885	208.087
3374	127.01	208.082
3375	127.052	208.002
3377	127.135	207.985
3378	127.176	207.98
3379	127.218	207.96
3380	127.26	207.959
3381	127.302	207.953
3382	127.344	207.943
3383	127.386	207.92
3387	127.552	207.919
3389	127.649	207.912
3390	127.691	207.908
3392	127.774	207.83
3396	127.942	207.828
3397	127.986	207.82
3398	128.028	207.801
3400	128.111	207.8
3404	128.279	207.799
3405	128.321	207.769
3406	128.363	207.762
3409	128.489	207.752
3410	128.532	207.739
3411	128.574	207.706
3412	128.615	207.705
3414	128.7	207.7
3415	128.742	207.688
3417	128.824	207.688
3418	128.867	207.678
3421	128.995	207.673
3424	129.12	207.67
3428	129.288	207.589
3430	129.371	207.589
3432	129.455	207.579
3434	129.54	207.5
3435	129.582	207.473
3436	129.623	207.449
3437	129.666	207.447
3439	129.75	207.438
3440	129.791	207.37
3441	129.833	207.237
3443	129.918	207.227
3444	129.96	207.206
3446	130.044	207.204
3447	130.091	207.194
3449	130.178	207.162
3451	130.261	207.161
3452	130.303	207.138
3454	130.387	207.081
3455	130.429	207.054
3456	130.47	207.038
3457	130.512	207.032
3460	130.638	207.011
3462	130.721	207
3464	130.806	206.999
3466	130.893	206.988
3467	130.935	206.854
3469	131.019	206.843
3472	131.145	206.784
3474	131.229	206.778
3475	131.271	206.777
3476	131.313	206.733
3477	131.355	206.444
3478	131.397	206.353
3479	131.439	206.353
3480	131.481	206.342
3482	131.565	206.324
3483	131.607	206.321
3484	131.649	206.31
3487	131.775	206.309
3488	131.817	206.24
3489	131.86	206.239
3490	131.903	206.229
3491	131.945	206.198
3492	131.987	206.179
3493	132.03	206.176
3494	132.072	206.152
3495	132.115	206.058
3497	132.198	206.027
3500	132.327	206.016
3501	132.369	206.01
3502	132.413	205.999
3506	132.593	205.998
3511	132.816	205.986
3514	132.943	205.971
3515	132.985	205.966
3516	133.027	205.95
3517	133.069	205.927
3523	133.323	205.909
3524	133.365	205.908
3527	133.491	205.895
3528	133.534	205.888
3529	133.576	205.868
3531	133.661	205.864
3541	134.087	205.676
3542	134.129	205.671
3544	134.214	205.614
3545	134.258	205.451
3547	134.343	205.404
3552	134.558	205.328
3554	134.643	205.327
3555	134.686	205.278
3559	134.858	205.261
3560	134.9	205.003
3561	134.942	205.003
3567	135.209	204.982
3572	135.42	204.978
3574	135.505	204.969
3577	135.634	204.854
3579	135.718	204.826
3581	135.803	204.821
3583	135.888	204.807
3587	136.057	204.805
3589	136.143	204.774
3592	136.272	204.717
3594	136.357	204.654
3599	136.576	204.588
3601	136.662	204.559
3602	136.706	204.545
3603	136.748	204.545
3604	136.791	204.489
3606	136.877	204.462
3607	136.919	204.459
3608	136.963	204.428
3609	137.006	204.427
3610	137.049	204.415
3611	137.091	204.403
3612	137.133	204.333
3613	137.176	204.326
3614	137.218	204.324
3615	137.261	204.321
3617	137.361	204.316
3619	137.446	204.313
3620	137.49	204.307
3621	137.531	204.297
3622	137.574	204.294
3623	137.617	204.268
3624	137.661	204.267
3626	137.746	204.266
3627	137.788	204.236
3628	137.831	204.236
3630	137.917	204.231
3631	137.961	204.226
3632	138.004	204.143
3634	138.09	204.042
3635	138.132	204.01
3636	138.174	203.998
3637	138.217	203.965
3640	138.344	203.961
3641	138.385	203.957
3642	138.429	203.954
3645	138.557	203.941
3646	138.612	203.94
3647	138.656	203.922
3649	138.743	203.907
3650	138.785	203.896
3655	139	203.893
3660	139.212	203.877
3661	139.254	203.873
3663	139.338	203.86
3664	139.381	203.858
3666	139.465	203.857
3667	139.507	203.847
3672	139.73	203.838
3673	139.773	203.835
3674	139.816	203.813
3675	139.859	203.791
3680	140.072	203.731
3681	140.115	203.705
3682	140.158	203.695
3684	140.244	203.686
3685	140.286	203.685
3686	140.329	203.684
3687	140.371	203.675
3689	140.458	203.657
3691	140.544	203.64
3692	140.587	203.627
3694	140.672	203.415
3696	140.758	203.402
3697	140.801	203.393
3700	140.931	203.372
3702	141.017	203.362
3703	141.061	203.351
3705	141.148	203.275
3706	141.192	203.271
3707	141.236	203.185
3709	141.323	203.185
3710	141.366	203.184
3711	141.41	203.183
3712	141.454	203.159
3714	141.539	203.155
3715	141.582	203.148
3716	141.625	203.135
3717	141.668	202.982
3718	141.713	202.959
3720	141.798	202.947
3722	141.885	202.912
3723	141.929	202.9
3724	141.972	202.891
3727	142.101	202.89
3728	142.144	202.857
3729	142.197	202.85
3730	142.24	202.837
3732	142.327	202.826
3733	142.37	202.824
3734	142.413	202.805
3735	142.455	202.753
3739	142.627	202.744
3740	142.669	202.728
3741	142.712	202.716
3742	142.756	202.53
3746	142.928	202.528
3751	143.144	202.52
3757	143.404	202.51
3760	143.532	202.509
3767	143.833	202.503
3771	144.004	202.474
3781	144.438	202.439
3784	144.566	202.418
3785	144.609	202.41
3787	144.694	202.343
3788	144.736	202.315
3791	144.863	202.296
3792	144.906	202.228
3793	144.948	202.227
3794	144.99	202.226
3795	145.032	202.155
3799	145.201	202.142
3800	145.243	202.134
3801	145.285	202.12
3802	145.327	202.12
3803	145.37	202.114
3804	145.411	202.106
3807	145.542	202.073
3808	145.584	202.066
3810	145.669	202.058
3811	145.712	202.053
3812	145.754	201.989
3813	145.796	201.985
3814	145.839	201.948
3821	146.135	201.944
3823	146.219	201.887
3826	146.347	201.879
3829	146.472	201.801
3831	146.557	201.797
3834	146.683	201.741
3837	146.81	201.568
3838	146.852	201.542
3839	146.894	201.51
3841	146.979	201.504
3842	147.022	201.489
3844	147.105	201.444
3845	147.147	201.443
3846	147.189	201.436
3847	147.233	201.43
3849	147.319	201.429
3850	147.361	201.425
3854	147.542	201.419
3857	147.669	201.411
3858	147.712	201.408
3860	147.797	201.295
3861	147.841	201.293
3862	147.884	201.289
3864	147.968	201.289
3865	148.011	201.288
3866	148.053	201.288
3867	148.096	201.273
3868	148.138	201.272
3870	148.223	201.263
3871	148.265	201.199
3872	148.309	201.12
3874	148.393	201.107
3875	148.435	201.045
3877	148.52	201.035
3878	148.563	201.025
3880	148.647	201.022
3881	148.69	201.021
3882	148.733	201.02
3883	148.775	201.007
3884	148.818	201.007
3885	148.86	200.989
3886	148.903	200.986
3888	148.988	200.98
3889	149.031	200.976
3890	149.073	200.954
3891	149.115	200.941
3895	149.285	200.93
3896	149.327	200.922
3897	149.369	200.906
3899	149.455	200.904
3900	149.497	200.892
3903	149.626	200.869
3904	149.669	200.866
3905	149.712	200.802
3907	149.798	200.763
3908	149.852	200.761
3909	149.902	200.758
3910	149.944	200.694
3911	149.986	200.694
3912	150.03	200.69
3914	150.116	200.675
3915	150.159	200.642
3917	150.243	200.641
3919	150.328	200.632
3920	150.371	200.614
3921	150.413	200.602
3924	150.541	200.598
3925	150.583	200.591
3926	150.625	200.586
3927	150.667	199.47
3929	150.752	199.459
3930	150.795	199.452
3931	150.838	199.447
3932	150.881	199.428
3934	150.965	199.37
3935	151.008	199.262
3936	151.05	199.231
3937	151.094	199.227
3939	151.178	199.215
3940	151.22	199.189
3942	151.305	199.187
3943	151.348	199.173
3946	151.474	199.164
3947	151.517	199.108
3948	151.559	199.033
3949	151.603	199.026
3952	151.729	199.011
3957	151.943	198.915
3958	151.986	198.897
3959	152.029	198.883
3960	152.072	198.864
3962	152.16	198.845
3963	152.202	198.824
3964	152.247	198.794
3966	152.333	198.779
3967	152.376	198.776
3968	152.419	198.605
3969	152.46	198.59
3970	152.503	198.541
3972	152.59	198.525
3973	152.633	198.518
3974	152.675	198.512
3975	152.718	198.439
3977	152.804	198.391
3980	152.945	198.386
3981	152.987	198.363
3982	153.031	198.352
3986	153.201	198.309
3988	153.285	198.216
3990	153.37	197.893
3993	153.497	197.89
3994	153.539	197.872
3997	153.666	197.864
3999	153.751	197.826
4000	153.793	197.809
4002	153.88	197.803
4007	154.092	197.798
4015	154.43	197.794
4018	154.554	197.784
4019	154.596	197.783
4024	154.804	197.781
4027	154.931	197.67
4031	155.098	197.67
4035	155.276	197.631
4037	155.359	197.623
4038	155.401	197.618
4040	155.483	197.617
4045	155.691	197.54
4052	155.982	197.435
4054	156.065	197.43
4057	156.19	197.425
4063	156.44	197.387
4071	156.776	197.385
4074	156.901	197.32
4075	156.944	197.32
4076	156.985	197.266
4077	157.027	197.185
4080	157.152	197.164
4081	157.194	197.162
4082	157.235	197.149
4083	157.278	197.148
4084	157.319	197.114
4086	157.413	197.072
4087	157.455	197.068
4089	157.541	197.067
4090	157.583	197.065
4091	157.624	197.057
4094	157.75	197.041
4096	157.835	197.039
4097	157.877	197.025
4098	157.919	197.016
4099	157.961	197.015
4101	158.045	197.011
4103	158.128	196.961
4105	158.212	196.955
4108	158.338	196.953
4110	158.423	196.952
4111	158.464	196.795
4112	158.505	196.719
4114	158.59	196.707
4115	158.633	196.694
4116	158.676	196.691
4117	158.718	196.691
4118	158.759	196.669
4121	158.884	196.655
4122	158.926	196.625
4123	158.969	196.618
4124	159.012	196.605
4125	159.054	196.604
4126	159.095	196.6
4127	159.137	196.595
4128	159.18	196.578
4130	159.263	196.556
4131	159.305	196.493
4133	159.388	196.49
4135	159.48	196.482
4136	159.521	196.47
4137	159.564	196.463
4140	159.69	196.446
4143	159.815	196.437
4144	159.857	196.433
4145	159.899	196.407
4146	159.941	196.407
4147	159.983	196.396
4148	160.025	196.348
4149	160.067	196.341
4152	160.192	196.336
4155	160.319	196.313
4158	160.446	196.309
4159	160.488	196.306
4160	160.529	196.278
4161	160.572	196.272
4164	160.698	196.271
4165	160.742	196.255
4166	160.785	196.255
4167	160.828	196.174
4169	160.914	196.161
4170	160.956	196.141
4171	160.999	196.14
4172	161.041	196.131
4174	161.126	196.127
4176	161.211	196.107
4178	161.297	196.105
4180	161.383	196.092
4184	161.579	196.085
4185	161.622	196.077
4186	161.665	195.974
4187	161.708	195.934
4188	161.752	195.835
4190	161.838	195.817
4193	161.965	195.806
4195	162.05	195.799
4196	162.092	195.792
4197	162.134	195.774
4198	162.177	195.76
4199	162.22	195.739
4200	162.263	195.734
4203	162.39	195.729
4204	162.433	195.691
4205	162.476	195.691
4207	162.561	195.679
4210	162.69	195.647
4211	162.733	195.64
4212	162.775	195.633
4213	162.818	195.595
4215	162.905	195.592
4218	163.034	195.578
4219	163.078	195.576
4220	163.122	195.507
4221	163.166	195.48
4222	163.209	195.474
4223	163.251	195.452
4226	163.38	195.437
4228	163.465	195.31
4229	163.509	195.298
4232	163.639	195.284
4234	163.728	195.254
4237	163.866	195.251
4239	163.955	195.109
4241	164.04	195.102
4242	164.084	195.097
4243	164.127	195.082
4246	164.258	195.081
4247	164.302	195.08
4251	164.473	195.079
4253	164.559	195.064
4255	164.645	195.046
4259	164.817	195.013
4261	164.904	194.99
4262	164.946	194.989
4263	164.989	194.922
4264	165.031	194.9
4268	165.204	194.854
4271	165.335	194.853
4274	165.465	194.852
4275	165.507	194.832
4276	165.55	194.821
4277	165.593	194.812
4278	165.636	194.794
4280	165.722	194.791
4281	165.765	194.768
4285	165.938	194.632
4288	166.067	194.624
4292	166.239	194.596
4293	166.282	194.595
4294	166.325	194.587
4296	166.41	194.581
4297	166.454	194.572
4303	166.72	194.568
4307	166.895	194.566
4309	166.981	194.547
4311	167.067	194.547
4314	167.193	194.528
4316	167.279	194.49
4322	167.537	194.479
4323	167.579	194.473
4324	167.621	194.434
4325	167.664	194.433
4326	167.707	194.43
4328	167.792	194.42
4329	167.834	194.419
4330	167.876	194.414
4331	167.919	194.404
4334	168.046	194.401
4336	168.138	194.332
4337	168.18	194.33
4339	168.266	194.29
4340	168.308	194.284
4341	168.35	194.284
4344	168.476	194.282
4345	168.518	194.282
4346	168.56	194.272
4348	168.644	194.272
4349	168.686	194.269
4350	168.729	194.266
4352	168.814	194.218
4354	168.899	194.191
4355	168.942	194.178
4356	168.985	194.177
4359	169.112	194.164
4361	169.195	194.153
4363	169.28	194.102
4364	169.322	194.092
4365	169.366	194.079
4366	169.408	194.077
4367	169.451	194.076
4368	169.496	194.064
4370	169.582	194.053
4371	169.625	194.041
4372	169.667	194.041
4374	169.752	194.04
4375	169.795	194.035
4376	169.837	194.023
4377	169.879	194.021
4378	169.921	194.001
4381	170.049	193.984
4382	170.092	193.979
4383	170.133	193.973
4384	170.176	193.793
4388	170.352	193.75
4389	170.394	193.741
4392	170.52	193.734
4393	170.563	193.733
4395	170.648	193.717
4397	170.732	193.621
4399	170.817	193.617
4400	170.876	193.604
4401	170.944	193.603
4406	171.182	193.6
4407	171.226	193.595
4409	171.313	193.59
4410	171.356	193.586
4412	171.441	193.576
4419	171.76	193.575
4420	171.805	193.557
4426	172.068	193.54
4427	172.111	193.527
4431	172.282	193.527
4432	172.335	193.526
4433	172.377	193.523
4434	172.42	193.497
4437	172.548	193.442
4438	172.59	193.436
4439	172.633	193.433
4440	172.675	193.428
4442	172.761	193.404
4444	172.846	193.352
4447	172.975	193.35
4448	173.018	193.35
4449	173.061	193.349
4450	173.104	193.314
4451	173.147	193.307
4452	173.19	193.299
4453	173.232	193.269
4456	173.36	193.244
4458	173.445	193.209
4460	173.53	193.197
4469	173.921	193.186
4470	173.963	193.169
4475	174.177	193.169
4477	174.264	193.164
4479	174.349	193.073
4482	174.486	193.068
4484	174.572	193.068
4487	174.7	193.063
4491	174.87	193.035
4495	175.043	192.994
4500	175.256	192.994
4503	175.384	192.969
4511	175.726	192.968
4513	175.811	192.922
4515	175.898	192.896
4516	175.94	192.854
4517	175.983	192.841
4518	176.025	192.812
4520	176.114	192.809
4525	176.328	192.798
4528	176.459	192.797
4531	176.592	192.788
4532	176.635	192.78
4534	176.721	192.777
4537	176.848	192.573
4546	177.232	192.569
4547	177.274	192.552
4549	177.361	192.539
4550	177.403	192.539
4551	177.446	192.538
4555	177.617	192.53
4556	177.66	192.455
4562	177.923	192.449
4563	177.971	192.434
4564	178.029	192.426
4569	178.244	192.421
4572	178.374	192.399
4574	178.459	192.399
4576	178.551	192.322
4577	178.593	192.317
4578	178.637	192.316
4579	178.68	192.254
4580	178.722	192.252
4581	178.766	192.251
4582	178.808	192.25
4583	178.851	192.239
4584	178.893	192.238
4586	178.977	192.238
4587	179.02	192.231
4588	179.064	192.231
4589	179.106	192.222
4590	179.148	192.22
4591	179.191	192.218
4592	179.235	192.16
4593	179.277	192.158
4595	179.361	192.152
4597	179.446	192.144
4600	179.573	192.136
4601	179.615	192.126
4603	179.7	191.984
4604	179.742	191.981
4607	179.869	191.969
4609	179.954	191.966
4612	180.081	191.963
4614	180.166	191.942
4615	180.209	191.922
4616	180.252	191.887
4617	180.294	191.879
4622	180.51	191.875
4623	180.554	191.873
4624	180.6	191.85
4625	180.642	191.848
4627	180.727	191.838
4628	180.77	191.834
4629	180.812	191.831
4631	180.896	191.831
4632	180.939	191.827
4633	180.981	191.824
4635	181.066	191.801
4637	181.15	191.783
4639	181.236	191.774
4640	181.278	191.768
4641	181.32	191.753
4642	181.362	191.743
4645	181.491	191.645
4646	181.533	191.641
4647	181.576	191.637
4648	181.618	191.563
4649	181.661	191.558
4650	181.703	191.533
4652	181.788	191.524
4656	181.958	191.524
4657	182.001	191.522
4659	182.087	191.512
4660	182.129	191.485
4662	182.215	191.483
4663	182.257	191.483
4666	182.384	191.459
4667	182.427	191.447
4668	182.469	191.433
4669	182.511	191.433
4671	182.599	191.433
4672	182.653	191.432
4673	182.701	191.42
4674	182.743	191.417
4677	182.872	191.414
4678	182.915	191.387
4679	182.957	191.383
4681	183.041	191.377
4682	183.084	191.372
4684	183.169	191.36
4687	183.296	191.348
4688	183.339	191.288
4690	183.429	191.271
4692	183.539	191.248
4693	183.581	191.231
4698	183.794	191.153
4699	183.837	191.148
4700	183.879	191.144
4709	184.264	191.142
4712	184.391	191.135
4714	184.477	191.106
4715	184.519	191.103
4716	184.562	191.094
4717	184.604	191.086
4719	184.69	191.044
4720	184.732	191.027
4726	185.003	191.026
4731	185.218	191.01
4735	185.387	190.971
4738	185.515	190.962
4742	185.685	190.962
4743	185.728	190.954
4749	185.984	190.918
4751	186.069	190.917
4752	186.111	190.885
4753	186.152	190.849
4755	186.235	190.837
4758	186.358	190.822
4760	186.441	190.82
4762	186.524	190.815
4763	186.565	190.815
4764	186.608	190.798
4765	186.649	190.798
4766	186.691	190.795
4768	186.773	190.79
4770	186.856	190.789
4772	186.94	190.773
4778	187.208	190.773
4780	187.291	190.764
4782	187.373	190.742
4783	187.416	190.739
4786	187.54	190.735
4791	187.748	190.734
4792	187.79	190.722
4794	187.873	190.706
4795	187.915	190.704
4797	187.998	190.7
4798	188.04	190.684
4801	188.164	190.682
4802	188.207	190.679
4803	188.248	190.672
4804	188.289	190.665
4810	188.538	190.665
4811	188.581	190.661
4813	188.664	190.653
4814	188.705	190.65
4815	188.747	190.614
4816	188.789	190.601
4817	188.83	190.596
4819	188.913	190.581
4820	188.955	190.577
4822	189.038	190.569
4824	189.135	190.569
4828	189.303	190.569
4829	189.344	190.564
4830	189.386	190.561
4832	189.47	190.521
4833	189.512	190.516
4836	189.638	190.508
4839	189.764	190.503
4841	189.848	190.479
4842	189.889	190.475
4843	189.93	190.38
4845	190.014	190.378
4849	190.181	190.377
4850	190.223	190.37
4851	190.266	190.36
4854	190.39	190.357
4855	190.432	190.347
4856	190.474	190.288
4858	190.557	190.281
4859	190.599	190.267
4862	190.725	190.266
4864	190.809	190.253
4865	190.851	190.251
4867	190.935	190.239
4869	191.018	190.231
4871	191.102	190.228
4872	191.146	190.225
4874	191.23	190.223
4875	191.276	190.196
4877	191.362	190.164
4878	191.406	190.156
4879	191.448	190.152
4880	191.491	190.148
4881	191.533	190.147
4884	191.658	190.146
4886	191.742	190.144
4888	191.826	190.141
4889	191.867	190.133
4890	191.909	190.104
4892	191.992	190.09
4894	192.075	190.088
4896	192.16	190.073
4900	192.328	190.06
4903	192.454	190.049
4906	192.581	190.04
4907	192.624	190.024
4911	192.792	190.023
4912	192.834	190.022
4913	192.878	190.012
4917	193.045	189.884
4918	193.088	189.866
4919	193.13	189.866
4920	193.173	189.861
4921	193.215	189.86
4924	193.341	189.858
4925	193.393	189.855
4927	193.477	189.849
4928	193.521	189.831
4930	193.606	189.822
4932	193.691	189.812
4933	193.734	189.804
4935	193.819	189.803
4938	193.945	189.786
4940	194.03	189.78
4941	194.073	189.77
4944	194.199	189.77
4947	194.326	189.758
4948	194.368	189.739
4952	194.538	189.738
4953	194.581	189.727
4955	194.665	189.721
4956	194.707	189.718
4957	194.748	189.713
4959	194.834	189.68
4960	194.877	189.679
4962	194.96	189.674
4964	195.044	189.672
4975	195.524	189.643
4977	195.607	189.643
4982	195.821	189.642
4989	196.119	189.635
4992	196.247	189.614
4995	196.376	189.604
4998	196.505	189.591
4999	196.548	189.589
5000	196.591	189.586
# FIN	196.591	189.586

