# target=instancias/mondriaan.png T=240 iters=5000 K=32 seed=auto
iter	segundos	MSE
0	0.00187275	6410.15
1	0.0199291	6401.66
2	0.0382781	6390.22
3	0.0560707	6389.97
4	0.0737044	6368.27
5	0.0918118	6357.42
6	0.10978	6315.61
7	0.128124	6302.39
8	0.146381	6302.16
9	0.164747	6271.02
10	0.182905	6234.75
11	0.200883	6219.75
12	0.218859	6219.74
13	0.236763	6212.41
14	0.255972	6193.49
15	0.274872	6155.2
16	0.292909	6147.7
17	0.310838	6147.29
18	0.329013	6141.13
19	0.347538	6109.2
20	0.365796	6106.14
21	0.384377	6106.13
22	0.402641	6093.71
23	0.420821	6079.71
24	0.439444	6079.64
25	0.458067	6070.63
26	0.477244	6070.56
27	0.496267	6063.52
28	0.515241	6063.25
29	0.533687	6045.05
30	0.553001	6035.72
31	0.57186	6035.62
32	0.590288	6030.15
33	0.609025	6030.08
34	0.627812	6029.36
35	0.647012	6020.38
36	0.666024	5998.14
37	0.685137	5970.91
38	0.704248	5969.84
39	0.722649	5967.85
40	0.741345	5967.82
41	0.760797	5923.01
42	0.780076	5918.58
43	0.799413	5918.41
44	0.818514	5918.32
45	0.838067	5911.27
46	0.856988	5899.61
47	0.876087	5899.26
48	0.895497	5890.96
49	0.914486	5890.56
50	0.933787	5885.89
51	0.952856	5885.53
52	0.971784	5874.77
53	0.990766	5872.74
54	1.00988	5872.46
55	1.02995	5870.95
56	1.0491	5848.14
57	1.06819	5802.87
58	1.08791	5773.54
59	1.10765	5772.48
60	1.12736	5714.54
61	1.14719	5714.36
62	1.16697	5692.79
63	1.1868	5651.58
64	1.20614	5643.95
65	1.226	5608.16
66	1.24724	5607.91
67	1.26666	5607.69
68	1.28612	5605.43
69	1.30589	5604.73
70	1.32521	5588.05
71	1.34604	5587.33
72	1.36619	5587.31
73	1.3858	5564.14
74	1.40542	5563.85
75	1.42553	5538.27
76	1.44774	5527.33
77	1.46776	5494.23
78	1.488	5467.57
79	1.50864	5447.04
80	1.52861	5404.31
81	1.54951	5404.3
82	1.56973	5380.56
83	1.59038	5379.79
84	1.61123	5379.75
85	1.63148	5340.39
86	1.65321	5281.63
87	1.67409	5280.27
88	1.69401	5279.86
89	1.71406	5279.77
90	1.73713	5236.84
91	1.77405	5224.51
92	1.79881	5205.75
93	1.8204	5202.09
94	1.84306	5166.65
95	1.86838	5166.25
96	1.88901	5164.54
97	1.91097	5134.96
98	1.93259	5119.78
99	1.95347	5118.23
100	1.97482	5102.61
101	1.99623	5080.24
102	2.01819	5014.22
103	2.03952	5002.82
104	2.06137	4987.47
105	2.08228	4916.21
106	2.10547	4899.63
107	2.12685	4880.73
108	2.1477	4880.2
109	2.1685	4874.18
110	2.19018	4868.11
111	2.21101	4865.89
112	2.2319	4852.74
113	2.25348	4849.97
114	2.27523	4802.21
115	2.29707	4801.94
116	2.318	4761.79
117	2.33949	4761.54
118	2.36066	4761.45
119	2.38136	4735.38
120	2.40223	4728.26
121	2.42376	4728.26
122	2.44517	4700.21
123	2.46589	4689.68
124	2.48683	4660.2
125	2.50856	4656.02
126	2.53034	4652.82
127	2.552	4649.6
128	2.57363	4645.59
129	2.59483	4629.91
130	2.61597	4623.87
131	2.63732	4618.91
132	2.65929	4611.25
133	2.68148	4587.41
134	2.70422	4565.63
135	2.72637	4559.14
136	2.74761	4552.32
137	2.76922	4540.75
138	2.79072	4525.73
139	2.81314	4509.12
140	2.8349	4491.89
141	2.85639	4478.54
142	2.87775	4465.01
143	2.89942	4462.98
144	2.92106	4457.38
145	2.94439	4443.8
146	2.96655	4434.36
147	2.99085	4430.19
148	3.02238	4416.93
150	3.09845	4412.48
151	3.1299	4409.86
152	3.16735	4400.4
153	3.1959	4400.19
154	3.21802	4400.08
155	3.23955	4371.13
156	3.26127	4363.16
157	3.2836	4355.3
158	3.30578	4353.91
159	3.32811	4353.76
160	3.35059	4353.38
161	3.37263	4318.94
162	3.39443	4299.23
163	3.41662	4292.2
164	3.43863	4292.17
165	3.46088	4279.52
166	3.48297	4272.9
167	3.50534	4266.13
168	3.52716	4261.29
169	3.54976	4257.46
170	3.57195	4254.66
171	3.59374	4243.87
172	3.61598	4243.6
173	3.63843	4243.45
174	3.66073	4243.37
175	3.68387	4213.12
176	3.70592	4204.78
177	3.72789	4195.68
178	3.7508	4189.77
179	3.77352	4182.25
180	3.79543	4178.08
181	3.81784	4175.94
182	3.8407	4108.92
183	3.8734	4065.98
184	3.90697	4064.69
185	3.93014	4063.46
186	3.95267	4049.22
187	3.97504	4040.07
188	3.99765	4039.97
189	4.02154	4037.72
190	4.05559	4035.74
191	4.07797	4034.94
192	4.09975	4027.47
193	4.12125	4026.75
194	4.14276	4012.49
195	4.16437	4012.38
196	4.18621	4003.86
197	4.20794	4000.81
198	4.22991	3992.95
199	4.25196	3987.74
200	4.27434	3926.39
201	4.29635	3886.68
202	4.31825	3885.39
203	4.34075	3869.11
204	4.36253	3869.03
205	4.38456	3861.95
206	4.40752	3861.62
207	4.42952	3861.43
208	4.45164	3854.97
209	4.47341	3853.15
210	4.4952	3852.94
211	4.51712	3852.89
212	4.53912	3815.51
213	4.5609	3812.33
214	4.5831	3802.05
215	4.60562	3787.17
216	4.62758	3785.13
217	4.65016	3749.04
218	4.67231	3745.89
219	4.69442	3721.92
220	4.71652	3721.8
221	4.73913	3721.7
222	4.76128	3718.39
223	4.7836	3710.17
224	4.80576	3709.71
225	4.82815	3695
226	4.85112	3688.06
227	4.87502	3652.11
228	4.89786	3626.84
229	4.92028	3614.58
230	4.9425	3612.36
231	4.9652	3612.22
232	4.98869	3576.56
233	5.01182	3549.45
234	5.03445	3546.69
235	5.05704	3546.62
236	5.08021	3517.93
237	5.10272	3509.34
238	5.12515	3493.4
239	5.14762	3493.3
240	5.16998	3473.98
241	5.19271	3467.48
242	5.21521	3466.4
243	5.23879	3465.46
244	5.26145	3462.84
245	5.28449	3451.1
246	5.30809	3450.13
247	5.33093	3447.08
248	5.35367	3446.84
249	5.37635	3444.19
250	5.39917	3436.33
251	5.42264	3435.19
252	5.44555	3434.38
253	5.46882	3434.37
254	5.49169	3433.61
255	5.51449	3407.1
256	5.53749	3397.96
257	5.56052	3397.84
258	5.58346	3387.88
259	5.60684	3383.33
260	5.63122	3372.09
261	5.65433	3372
262	5.67748	3367.51
263	5.7009	3367.15
264	5.72444	3367.13
265	5.74794	3365.45
266	5.77082	3365.39
267	5.79393	3364.37
268	5.81749	3364.33
269	5.8407	3359.81
270	5.8644	3352.69
271	5.88748	3352.49
272	5.9115	3344.56
274	5.95819	3343.82
275	5.98141	3337.65
276	6.00462	3336.02
277	6.02845	3327.96
278	6.05198	3327.05
279	6.0754	3309.92
280	6.0995	3309.88
281	6.12351	3280.53
282	6.1469	3276.76
283	6.1721	3276.72
284	6.19988	3276.64
285	6.22378	3267.55
286	6.24725	3247.66
287	6.27146	3247.17
288	6.29528	3241.82
289	6.31887	3241.57
290	6.34298	3234.74
291	6.36738	3234.42
292	6.39108	3224.51
293	6.4148	3223.93
294	6.43834	3223.81
295	6.46212	3222.86
296	6.48638	3208.5
297	6.51008	3198.71
298	6.53372	3184.07
299	6.55739	3183.3
300	6.58139	3151.94
301	6.60559	3150.82
302	6.63002	3126.34
303	6.65412	3092.41
304	6.67874	3092.1
305	6.70304	3038.75
306	6.72698	3037.08
307	6.75152	3036.49
308	6.7754	3035.72
309	6.79936	3035.37
310	6.82361	3014.71
311	6.84876	3013.97
312	6.87377	3013.95
313	6.89832	3008.78
314	6.92567	3008.24
315	6.95168	3002.65
316	6.97963	2995.94
317	7.00718	2967.71
318	7.03178	2963.62
319	7.05644	2951.96
320	7.08101	2950.44
321	7.10568	2950.41
322	7.13035	2935.59
323	7.15526	2935.5
324	7.17996	2935.43
325	7.20447	2891.99
326	7.2291	2840.58
327	7.25443	2838.46
328	7.27954	2838.28
329	7.30501	2838.21
330	7.33003	2814.45
331	7.35562	2811.29
332	7.38082	2803.37
333	7.40799	2802.75
334	7.43332	2801.64
335	7.46248	2801.42
336	7.48762	2799.8
337	7.51297	2785.47
338	7.53859	2759.01
339	7.56357	2757.69
340	7.58922	2750.35
341	7.61499	2748.51
342	7.64003	2724.66
343	7.66535	2722.37
344	7.69116	2708.88
345	7.71777	2675.21
346	7.74399	2673.44
347	7.76943	2644.04
348	7.79484	2644
349	7.82047	2642.54
350	7.84595	2636.78
351	7.87152	2636.58
352	7.89707	2614.99
353	7.92277	2605.44
354	7.9493	2590.91
355	7.9747	2590.08
356	8.00019	2579.53
357	8.02579	2579.44
358	8.05197	2578.85
359	8.07909	2576.49
360	8.10504	2563.1
361	8.13069	2563.09
362	8.15657	2547.81
363	8.1827	2545.95
364	8.20889	2531.66
365	8.2352	2524.1
366	8.26156	2523.79
367	8.28807	2523.63
368	8.3141	2517.53
369	8.34027	2511.12
370	8.36606	2508.93
371	8.39212	2507.72
372	8.41853	2507.17
373	8.44487	2499.25
374	8.47085	2497.62
375	8.49761	2496.55
376	8.52378	2493.87
377	8.55002	2493.08
378	8.5767	2481.8
379	8.60321	2476.33
380	8.62921	2467.27
381	8.65504	2458.69
382	8.68131	2437.88
383	8.70826	2436.07
384	8.73454	2432.93
385	8.7609	2431.57
386	8.78824	2431.18
387	8.81491	2430.57
388	8.84133	2427.57
389	8.86756	2427.57
390	8.89491	2426.46
391	8.92117	2421.69
392	8.94744	2420.38
393	8.97387	2420.32
394	9.00107	2420.23
395	9.02826	2414.36
396	9.05499	2410.69
397	9.0815	2409.47
398	9.10795	2409.22
399	9.13704	2408.48
400	9.16501	2407.56
401	9.19325	2396.59
402	9.21976	2384.44
403	9.24621	2384.22
404	9.27442	2384.16
405	9.30125	2379.77
406	9.32793	2377.42
407	9.35457	2375.96
408	9.38172	2370.93
409	9.40879	2369.82
410	9.43548	2368.53
412	9.48926	2367.87
413	9.51615	2367.83
414	9.54299	2367.71
415	9.56959	2355.17
416	9.59696	2349.89
417	9.62385	2349.64
418	9.6505	2347.94
419	9.677	2345.83
420	9.70576	2343.08
421	9.7342	2340.77
422	9.76239	2316.02
423	9.7893	2296.36
424	9.81673	2295.69
425	9.84386	2293.98
426	9.87133	2291.72
427	9.8994	2289.03
428	9.92653	2288.97
429	9.9535	2287.76
430	9.98116	2287.63
431	10.0082	2287.29
432	10.0362	2286.76
433	10.0634	2286.72
434	10.0903	2253.45
435	10.1176	2253.24
436	10.1445	2224.2
437	10.1713	2223.45
438	10.1981	2215.68
439	10.2248	2211.35
440	10.2519	2159.06
441	10.2789	2108.38
442	10.3059	2107.14
443	10.3339	2101.98
444	10.3612	2101.59
445	10.3884	2100.12
446	10.4159	2099.53
447	10.4437	2099.23
448	10.471	2096.92
449	10.498	2092.24
450	10.5254	2092.14
451	10.5526	2092
452	10.5818	2081.86
453	10.6092	2081.8
454	10.6368	2081.05
455	10.6652	2080.21
456	10.6972	2077.62
457	10.7257	2065.11
458	10.7536	2064.1
459	10.7821	2057.45
460	10.8097	2057.34
461	10.8381	2057.25
462	10.8658	2056.32
463	10.8935	2048.66
464	10.9214	2048.53
465	10.9489	2047.24
466	10.9785	2036.63
467	11.0061	2016.58
468	11.0337	1992.7
469	11.0623	1992.27
470	11.0909	1982.6
471	11.1186	1982.45
472	11.1465	1955.8
473	11.1748	1940.83
475	11.23	1940.83
476	11.2584	1926.9
477	11.2871	1926.07
478	11.3156	1921.93
479	11.3442	1921.88
480	11.3726	1921.03
481	11.4009	1920.91
482	11.4294	1920.45
483	11.4572	1920.07
484	11.4851	1915.7
485	11.5129	1912.21
486	11.541	1905.08
487	11.569	1904.83
488	11.597	1904.68
489	11.6248	1888.64
490	11.6529	1887.2
491	11.6813	1884.35
492	11.7094	1884.12
493	11.7374	1884.12
494	11.766	1884.08
495	11.7942	1864.69
496	11.8223	1859.57
497	11.8507	1859.48
498	11.8788	1854.5
499	11.9073	1853.64
500	11.9354	1850.62
501	11.9636	1850.6
502	11.992	1836.66
503	12.0201	1836.59
504	12.0483	1836.55
505	12.0769	1836.3
506	12.1057	1836.21
507	12.1339	1836.09
508	12.1627	1836.03
509	12.1917	1833.59
510	12.2199	1815.3
511	12.2489	1815.13
512	12.2774	1812.26
513	12.3067	1812.26
514	12.3356	1812.14
515	12.364	1800.7
516	12.3932	1800.43
517	12.4222	1798.15
518	12.4512	1797.94
519	12.4795	1794.87
520	12.5082	1794.86
521	12.5367	1792.18
522	12.5655	1792.09
523	12.595	1792.02
524	12.6243	1791.94
525	12.6531	1788.59
526	12.6817	1775.24
527	12.7113	1774.68
528	12.7409	1772.34
529	12.7695	1771.95
530	12.7987	1771.05
531	12.8275	1770.83
532	12.8562	1765.68
533	12.8856	1765.22
534	12.9153	1765.21
535	12.9449	1765.03
536	12.9751	1760.98
537	13.0044	1738.01
538	13.0334	1731.52
539	13.0623	1731.39
540	13.1025	1730.55
541	13.1361	1730.27
542	13.1657	1698.84
543	13.1946	1667.62
544	13.2243	1667.44
545	13.2533	1653.87
546	13.2824	1651.09
547	13.3115	1650.77
548	13.3407	1650.11
549	13.3703	1649.71
550	13.4003	1638.97
551	13.4294	1638.73
552	13.4588	1638.72
553	13.4894	1631.81
554	13.5194	1631.52
555	13.549	1630.87
556	13.5783	1629.59
557	13.6086	1628.63
558	13.6378	1621.51
559	13.6674	1617.23
560	13.6972	1617.07
561	13.7263	1617.06
562	13.7565	1616.13
563	13.7859	1616.09
564	13.8161	1615.99
565	13.8459	1607.79
566	13.8752	1595.3
567	13.9049	1595.12
568	13.935	1594.9
569	13.9646	1594.84
570	13.9939	1594.18
571	14.0233	1593.51
572	14.0531	1584.81
573	14.0825	1584.8
574	14.1123	1583.78
575	14.142	1583.58
576	14.1717	1581.65
577	14.2018	1574.41
578	14.2311	1559.22
579	14.2606	1558.45
580	14.2903	1551.29
581	14.3202	1550.81
582	14.3501	1519.73
583	14.38	1517.08
584	14.4101	1516.77
585	14.4399	1489.92
586	14.4696	1489.63
587	14.5001	1477.83
588	14.5301	1477.76
589	14.56	1477.66
590	14.5902	1477.04
591	14.621	1476.93
592	14.6508	1473.95
593	14.6813	1473.8
594	14.712	1466.15
595	14.7422	1465.92
596	14.7731	1460.8
597	14.8037	1460.71
598	14.8339	1460.67
599	14.8652	1460.38
600	14.8958	1450.31
601	14.9257	1450.29
602	14.9561	1445.27
603	14.9867	1444.35
604	15.0175	1443.17
605	15.0481	1438.55
606	15.08	1438.21
607	15.1101	1438.01
608	15.1406	1437.89
609	15.1713	1436.95
610	15.2019	1436.54
611	15.233	1435.79
612	15.2639	1435.28
613	15.2942	1425.64
614	15.3246	1424
615	15.3558	1423.07
616	15.3865	1422.64
617	15.4172	1422.5
618	15.4491	1414.18
619	15.4823	1413.95
620	15.5174	1409.04
621	15.5644	1401.69
622	15.5976	1389.88
623	15.6329	1381.44
624	15.6674	1378.36
625	15.7011	1377.54
626	15.7335	1377.47
627	15.7646	1376.85
628	15.7969	1375.51
629	15.8286	1375.51
630	15.8598	1374.93
631	15.8914	1373.45
632	15.9225	1372.28
633	15.9535	1372.13
634	15.985	1372.12
635	16.0171	1363.73
636	16.0487	1362.08
637	16.081	1360.48
638	16.1133	1359.96
639	16.1448	1358.45
640	16.1763	1358.34
641	16.2088	1355.6
642	16.2406	1354.44
643	16.2718	1353.91
644	16.3041	1353.86
645	16.3354	1349.84
646	16.3672	1349.24
647	16.3992	1348.58
648	16.4318	1348.1
649	16.4642	1346.67
650	16.4965	1346.34
651	16.5279	1344.51
652	16.5595	1344.26
653	16.5922	1343.69
654	16.6242	1343.54
655	16.6569	1343.48
656	16.6885	1342.18
657	16.7204	1337.46
658	16.7519	1333.1
659	16.7839	1332.37
660	16.8159	1329.49
661	16.8473	1329.43
662	16.8785	1325.78
663	16.9322	1323.39
664	16.9758	1322.79
665	17.0102	1322.65
666	17.0429	1321.33
667	17.0757	1321.04
668	17.107	1320.78
669	17.1388	1320.66
670	17.1712	1320.5
671	17.2033	1320
672	17.2353	1319.05
673	17.2678	1318.48
674	17.2993	1313.1
675	17.3306	1312.92
676	17.3628	1287.92
677	17.3943	1287.76
678	17.4264	1285.08
679	17.4592	1282.94
680	17.4913	1271.67
681	17.5229	1269.07
682	17.5549	1268.86
683	17.5879	1266.99
684	17.6208	1266.29
685	17.6532	1266.26
686	17.6857	1265.84
687	17.7173	1265.79
688	17.7493	1265.59
689	17.7819	1264.27
690	17.8157	1264.21
691	17.851	1264.07
692	17.8833	1263.27
693	17.9154	1263.25
694	17.9475	1262.56
695	17.9811	1262.1
696	18.0159	1262.08
697	18.0603	1261.71
698	18.0927	1261.25
699	18.1247	1256.78
700	18.1571	1256.42
701	18.1906	1256.35
702	18.2236	1256.18
703	18.2563	1248.08
704	18.2895	1247.96
705	18.3215	1247.75
706	18.3537	1245.64
707	18.3867	1243.3
708	18.4191	1231.89
709	18.452	1230.58
710	18.484	1226.79
711	18.5178	1223.18
712	18.5505	1205.16
713	18.5834	1192.98
715	18.649	1192.98
716	18.6808	1175.76
717	18.7135	1175.57
718	18.7462	1174.98
719	18.7784	1174.9
720	18.8122	1174.8
721	18.8459	1174.67
722	18.8795	1174.61
723	18.9239	1173.62
724	18.9577	1171.21
725	18.9912	1166.58
726	19.0245	1163.17
727	19.0572	1163.01
728	19.0903	1162.92
729	19.1242	1158.76
730	19.1626	1158.31
731	19.1957	1157.23
732	19.2286	1156.65
734	19.2936	1156.65
735	19.3263	1137.29
736	19.3596	1134.58
737	19.3919	1134.55
738	19.4245	1132.55
739	19.4572	1132.41
740	19.491	1131.95
741	19.5253	1131.92
742	19.5587	1119.09
743	19.5924	1119.06
744	19.625	1118.89
745	19.6588	1118.21
746	19.6927	1117.76
747	19.726	1117.7
748	19.7598	1117.66
749	19.7928	1116.35
750	19.8256	1098.98
751	19.8589	1098.19
752	19.8915	1096.68
753	19.9246	1096.57
754	19.9575	1096.56
755	19.991	1093.13
756	20.0257	1093.11
757	20.0597	1090.58
758	20.0933	1089.66
759	20.1276	1089.28
760	20.1618	1089.28
761	20.1944	1082.21
762	20.2274	1082.1
763	20.2604	1082.07
764	20.2932	1082.06
765	20.3259	1075.87
766	20.3588	1059.82
767	20.3917	1059.15
768	20.4248	1050.32
769	20.4581	1049.94
770	20.4922	1049.8
771	20.5252	1049.61
772	20.5588	1048.13
773	20.5919	1046.8
774	20.6255	1046.8
775	20.6594	1046.77
776	20.6927	1045.87
777	20.726	1040.05
778	20.7593	1039.83
779	20.793	1039.48
780	20.8266	1039.25
781	20.8609	1039.03
782	20.8938	1038.35
783	20.9268	1010.62
784	20.9597	1010.57
785	20.9931	1003.63
786	21.0262	1003.62
787	21.0593	1003.61
788	21.0929	1003.32
789	21.1261	1001.67
790	21.1593	999.294
791	21.1926	996.313
792	21.2258	996.309
793	21.2591	995.048
794	21.2929	994.329
795	21.3262	994.192
796	21.3592	993.847
797	21.393	993.696
798	21.4267	972.25
799	21.4598	968.975
800	21.4929	968.917
801	21.5265	968.826
802	21.56	968.413
803	21.5931	967.944
804	21.6266	967.943
805	21.6599	960.461
806	21.6933	951.947
807	21.7271	951.92
808	21.7613	951.686
809	21.7949	951.651
810	21.828	951.363
811	21.862	951.302
812	21.8966	947.864
813	21.9305	947.854
814	21.964	947.615
815	21.9982	946.444
816	22.0317	945.575
817	22.0652	941.049
818	22.0988	940.379
819	22.1334	939.61
820	22.1675	939.07
821	22.2029	939.064
822	22.2375	936.272
823	22.2711	935.465
824	22.3048	935.177
825	22.3392	933.109
827	22.4073	926.97
828	22.4417	926.967
829	22.4754	926.877
830	22.5091	926.388
831	22.5433	925.245
832	22.5769	924.209
833	22.6107	921.999
834	22.6454	920.53
835	22.6794	920.391
836	22.7131	919.173
837	22.7469	919.091
838	22.7817	918.411
839	22.8157	918.374
840	22.8497	918.277
841	22.8841	918.253
842	22.9181	916.574
843	22.9519	915.124
844	22.9862	914.84
845	23.0214	914.763
846	23.0554	914.69
847	23.0899	914.466
848	23.124	914.417
849	23.1582	914.377
850	23.1924	914.211
851	23.2274	913.597
852	23.2615	912.622
853	23.2956	909.584
854	23.3299	909.117
855	23.3639	909.107
856	23.3985	908.716
857	23.4324	908.663
858	23.4668	904.603
860	23.5356	904.093
861	23.5697	903.579
862	23.6042	900.646
863	23.6391	898.974
864	23.6736	898.061
865	23.7086	897.911
866	23.7442	897.847
867	23.7796	897.774
868	23.8145	897.558
869	23.8493	897.545
870	23.8837	897.033
871	23.9186	896.517
872	23.9527	896.315
873	23.9873	896.193
874	24.0218	896.145
875	24.0569	894.606
876	24.0913	894.376
877	24.1258	892.79
878	24.1606	892.608
879	24.1951	891.946
880	24.2303	891.78
881	24.2649	891.103
882	24.2995	885.199
883	24.3352	884.965
884	24.3701	884.951
885	24.406	882.147
886	24.4415	881.995
887	24.4768	881.805
888	24.5114	880.773
889	24.5469	878.383
890	24.5818	878.297
891	24.6183	878.012
893	24.6881	877.949
894	24.7232	877.782
895	24.7588	877.724
896	24.7937	876.4
897	24.8286	875.993
898	24.8637	869.226
899	24.8999	868.978
901	24.9708	868.834
902	25.0074	862.44
903	25.0432	861.652
904	25.0785	861.33
905	25.1136	861.194
906	25.1495	859.948
907	25.1847	859.891
908	25.2202	859.408
909	25.2556	858.992
910	25.2904	858.974
911	25.3253	857.883
912	25.3604	857.579
913	25.3966	856.948
914	25.4318	853.953
915	25.4676	853.845
916	25.5053	852.087
917	25.5422	852.079
918	25.578	850.432
919	25.6135	848.312
920	25.6513	843.976
921	25.6922	843.662
922	25.7274	843.427
923	25.7632	841.251
925	25.8339	841.186
926	25.8694	840.98
927	25.905	840.754
928	25.9411	840.496
929	25.9776	839.519
930	26.0129	839.486
931	26.0486	839.285
932	26.085	838.68
933	26.1209	838.62
934	26.157	838.102
935	26.1934	838.023
936	26.2287	838.021
937	26.2652	837.796
938	26.3017	837.59
939	26.3378	830.815
940	26.3739	830.669
941	26.4103	830.536
942	26.4456	830.513
943	26.4816	829.421
944	26.5175	829.255
945	26.553	829.025
946	26.5909	827.399
947	26.628	827.308
948	26.6778	821.398
949	26.7188	820.538
950	26.7588	811.077
951	26.7968	807.16
952	26.8353	790.291
953	26.8708	785.782
955	26.9436	785.745
956	26.9793	779.956
957	27.0157	779.139
958	27.0513	776.886
959	27.0869	776.775
960	27.1227	776.668
961	27.1592	776.64
962	27.1961	776.617
963	27.2323	776.029
964	27.2699	775.321
965	27.3078	775.07
966	27.3459	774.754
967	27.394	774.743
968	27.4408	774.671
969	27.481	772.963
970	27.5179	772.883
971	27.5545	772.566
972	27.5909	772.537
973	27.627	772.535
974	27.6634	772.531
975	27.7012	770.989
976	27.7383	770.639
977	27.7754	770.604
978	27.8116	770.405
979	27.8479	770.366
980	27.8841	770.212
981	27.9207	770.166
982	27.9579	769.98
983	27.9941	769.966
984	28.0302	769.646
985	28.0673	769.389
986	28.1039	769.214
987	28.1404	769.172
988	28.1773	769.14
989	28.2145	767.958
990	28.2516	764.47
991	28.2881	764.303
992	28.3245	763.527
993	28.3621	763.503
994	28.3981	763.5
995	28.4352	762.135
996	28.4722	762.133
997	28.5101	761.826
998	28.5471	761.631
999	28.5837	761.63
1000	28.6198	761.63
1001	28.6571	759.989
1002	28.6938	759.791
1004	28.7673	759.764
1005	28.8048	756.652
1006	28.8438	753.075
1007	28.8802	752.248
1008	28.9166	740.251
1009	28.9529	739.91
1010	28.9897	739.819
1011	29.026	739.571
1012	29.0622	737.784
1013	29.0989	737.512
1014	29.1359	737.505
1015	29.1724	737.45
1016	29.2091	733.918
1017	29.2467	733.671
1018	29.2836	733.585
1019	29.3205	733.508
1020	29.3577	733.442
1021	29.3948	733.389
1022	29.4322	733.184
1023	29.4691	703.427
1024	29.5058	703.173
1025	29.5426	702.574
1026	29.5799	701.023
1027	29.6169	700.956
1028	29.6537	700.12
1029	29.6913	699.696
1030	29.7283	699.283
1031	29.7653	698.594
1032	29.8022	698.585
1033	29.8391	698.358
1034	29.8763	698.051
1035	29.9133	697.51
1036	29.9502	696.646
1037	29.9881	696.622
1038	30.0257	696.191
1039	30.0631	689.349
1040	30.1004	689.346
1041	30.1378	689.344
1042	30.1749	688.988
1043	30.2128	688.775
1044	30.2504	688.774
1045	30.2882	685.844
1046	30.3258	677.631
1047	30.3628	677.624
1048	30.4003	677.555
1049	30.4379	677.504
1050	30.4746	677.32
1051	30.5119	676.986
1052	30.5489	676.848
1054	30.6234	676.827
1055	30.6636	676.761
1056	30.7007	674.436
1057	30.7394	671.573
1058	30.7902	671.566
1059	30.828	670.613
1060	30.8666	670.363
1061	30.9044	670.35
1062	30.9418	669.093
1063	30.9793	668.978
1065	31.058	668.795
1066	31.0959	668.778
1067	31.1337	668.331
1068	31.1726	668.268
1069	31.2099	668.259
1070	31.2471	668.042
1071	31.2848	667.844
1072	31.3223	667.719
1073	31.3612	667.397
1074	31.3989	659.22
1075	31.4364	659.085
1076	31.475	658.285
1077	31.5127	658.151
1078	31.5501	656.59
1079	31.5874	656.498
1080	31.6245	656.141
1081	31.6616	656.116
1082	31.6997	654.469
1083	31.7389	653.834
1084	31.7767	653.734
1085	31.8148	653.705
1087	31.8892	653.527
1088	31.9273	653.451
1089	31.9656	653.291
1090	32.0033	652.805
1091	32.0418	652.423
1092	32.08	652.423
1093	32.1177	652.377
1094	32.1554	652.053
1095	32.193	651.993
1096	32.2306	651.848
1097	32.2683	651.835
1098	32.3064	650.15
1099	32.3459	650.125
1100	32.3849	650.121
1101	32.424	649.908
1102	32.463	647.849
1103	32.5014	645.357
1104	32.5399	645.102
1105	32.5776	644.308
1106	32.6155	644.248
1107	32.6538	644.224
1108	32.692	644.042
1109	32.7299	643.826
1111	32.8067	643.404
1112	32.8453	643.11
1113	32.886	643.035
1114	32.9248	643.018
1115	32.9628	642.176
1117	33.0391	641.987
1118	33.077	641.898
1119	33.1149	641.357
1120	33.1531	640.744
1121	33.1916	640.703
1122	33.2303	633.034
1123	33.2685	632.942
1124	33.3078	632.933
1125	33.3461	628.673
1126	33.3843	628.643
1128	33.4605	628.409
1129	33.4992	627.373
1130	33.537	627.349
1132	33.615	627.278
1133	33.6533	627.239
1134	33.6924	627.126
1135	33.7307	627.082
1136	33.7699	626.56
1138	33.8468	624.281
1139	33.8855	624.059
1141	33.9628	624.025
1142	34.0011	618.894
1143	34.0391	618.609
1144	34.0771	618.451
1145	34.1153	617.746
1146	34.154	616.69
1147	34.1923	616.674
1148	34.2316	616.552
1149	34.2702	616.269
1150	34.3083	616.249
1153	34.4239	616.067
1154	34.4622	615.751
1155	34.5014	615.743
1156	34.5398	615.542
1157	34.5782	615.529
1158	34.6175	611.437
1159	34.6568	611.146
1160	34.6959	610.696
1161	34.7344	610.468
1162	34.7729	610.353
1163	34.812	604.091
1165	34.8891	604.034
1166	34.9289	603.843
1167	34.9674	603.73
1168	35.0066	603.307
1169	35.0462	602.191
1170	35.0849	602.085
1171	35.1237	601.949
1173	35.2012	601.929
1174	35.2407	601.615
1175	35.279	601.487
1176	35.3177	601.484
1177	35.3568	601.354
1178	35.3974	601.316
1179	35.4378	600.909
1180	35.4761	600.529
1181	35.5144	600.341
1182	35.5528	600.335
1183	35.593	600.063
1184	35.6319	599.996
1185	35.6706	599.924
1186	35.7101	598.607
1187	35.7491	598.384
1188	35.7879	597.72
1189	35.8272	597.178
1190	35.8663	595.669
1191	35.9053	595.623
1192	35.9441	593.93
1193	35.9825	585.752
1195	36.0577	585.709
1196	36.0959	585.646
1197	36.1338	585.496
1198	36.1727	584.472
1199	36.211	583.939
1200	36.2495	583.819
1201	36.2885	583.816
1202	36.3265	583.783
1203	36.3655	582.972
1204	36.4036	582.34
1205	36.4411	582.317
1206	36.4809	581.957
1207	36.5269	581.944
1208	36.5647	581.928
1209	36.6021	581.572
1210	36.6402	581.563
1211	36.6782	581.18
1212	36.7159	581.121
1214	36.7925	581.115
1215	36.8301	580.441
1216	36.8688	580.398
1217	36.9068	580.385
1218	36.9449	580.211
1219	36.9836	580.177
1220	37.022	580.161
1221	37.0598	580.133
1222	37.0978	579.776
1223	37.1359	579.772
1224	37.1739	579.711
1225	37.212	579.129
1226	37.2502	578.879
1227	37.2889	578.869
1228	37.3285	578.851
1229	37.3671	578.385
1230	37.406	573.851
1231	37.4443	573.471
1232	37.4832	573.197
1233	37.5215	573.19
1234	37.5617	573.189
1235	37.6013	572.85
1236	37.6396	572.846
1237	37.6782	572.351
1238	37.7164	572.303
1239	37.7552	572.297
1240	37.7934	572.296
1241	37.8319	571.232
1242	37.8705	571.148
1243	37.9085	571.135
1244	37.9474	571.116
1245	37.9864	570.243
1246	38.0245	569.522
1247	38.0646	569.249
1248	38.103	565.123
1249	38.1418	565.044
1250	38.1813	564.955
1251	38.2208	564.385
1252	38.26	563.666
1253	38.2986	563.538
1254	38.3375	563.529
1255	38.3768	563.503
1256	38.415	562.661
1257	38.4542	562.599
1258	38.4935	562.586
1259	38.5335	562.162
1260	38.5717	562.107
1261	38.6101	561.962
1262	38.6488	561.89
1263	38.6876	553.946
1264	38.7259	553.525
1265	38.7649	553.403
1266	38.8034	550.949
1267	38.8421	550.941
1268	38.8812	550.61
1269	38.9201	550.542
1270	38.9588	548.693
1271	38.9969	548.279
1272	39.0364	548.274
1273	39.0756	548.157
1274	39.1142	547.919
1275	39.1527	547.126
1276	39.1909	546.985
1277	39.2298	546.954
1278	39.268	546.81
1279	39.3073	541.129
1280	39.347	541.117
1282	39.4252	541.014
1283	39.4644	540.561
1284	39.5154	540.54
1285	39.5546	538.758
1286	39.5944	533.283
1287	39.6338	533.283
1288	39.6749	533.275
1289	39.715	533.235
1290	39.7544	533.235
1291	39.7931	533.144
1292	39.8321	533.084
1293	39.8712	533.082
1294	39.9103	533.058
1295	39.9495	533.013
1296	39.988	532.469
1297	40.0273	532.312
1299	40.1054	531.912
1300	40.1439	531.69
1301	40.183	531.685
1302	40.222	524.771
1303	40.2618	524.694
1304	40.3008	524.532
1305	40.3414	524.503
1307	40.4209	524.499
1309	40.5021	524.498
1310	40.5421	524.261
1313	40.6619	524.169
1314	40.7008	523.501
1315	40.7397	523.438
1316	40.7796	523.045
1317	40.8193	523.031
1318	40.8597	522.424
1319	40.9001	522.401
1320	40.9402	522.373
1321	40.9797	522.355
1323	41.0597	521.877
1324	41.1	521.713
1327	41.219	521.592
1329	41.2992	521.553
1330	41.3389	519.738
1331	41.379	519.42
1332	41.4191	519.386
1333	41.4589	518.795
1334	41.499	518.659
1335	41.539	518.563
1336	41.5797	518.539
1337	41.6197	518.539
1338	41.6601	518.013
1339	41.7007	517.996
1340	41.7412	517.986
1341	41.781	517.98
1342	41.8214	517.922
1343	41.8629	517.309
1344	41.9044	517.163
1345	41.9443	517.128
1346	41.9839	517.113
1347	42.024	517.038
1348	42.0642	516.732
1349	42.104	516.662
1351	42.1843	516.425
1352	42.2242	516.362
1353	42.265	516.326
1354	42.3058	516.299
1355	42.3472	516.164
1356	42.3879	516.148
1357	42.4281	515.78
1358	42.4679	515.769
1359	42.511	515.653
1361	42.621	515.629
1362	42.6614	514.738
1364	42.7425	514.676
1365	42.7839	512.229
1366	42.8248	512.221
1367	42.8656	511.923
1368	42.9062	511.168
1369	42.9462	509.938
1370	42.9871	509.911
1373	43.1088	509.888
1374	43.1518	505.748
1375	43.2163	505.746
1376	43.2685	505.301
1378	43.3561	503.527
1379	43.3984	503.421
1381	43.4829	503.343
1382	43.5239	502.601
1383	43.5646	502.398
1384	43.6055	502.304
1385	43.6459	501.737
1386	43.6871	500.799
1387	43.7276	500.791
1388	43.7678	500.664
1392	43.9316	500.658
1393	43.973	500.193
1395	44.0583	500.138
1396	44.0986	496.543
1397	44.1396	496.481
1398	44.1795	496.359
1399	44.2215	496.124
1400	44.2619	493.875
1401	44.3038	492.774
1402	44.3447	492.773
1403	44.3919	491.901
1405	44.4761	491.873
1406	44.5172	491.843
1407	44.558	491.817
1408	44.5995	491.242
1409	44.6405	489.961
1410	44.6813	489.827
1411	44.7229	489.678
1412	44.7633	489.672
1413	44.8048	489.662
1414	44.8453	489.476
1415	44.886	489.454
1416	44.9267	489.447
1417	44.9673	489.281
1418	45.0081	489.262
1419	45.0486	488.162
1420	45.0888	488.017
1421	45.1294	487.983
1422	45.1702	487.927
1423	45.2111	487.855
1424	45.2515	487.794
1425	45.2986	487.51
1427	45.3907	487.495
1428	45.4314	487.362
1429	45.4746	487.295
1430	45.5151	484.163
1432	45.5966	482.806
1433	45.6371	481.183
1434	45.6777	481.172
1435	45.7189	481.095
1436	45.7603	480.965
1437	45.8039	480.877
1438	45.8494	480.481
1439	45.8921	480.212
1440	45.933	480.17
1441	45.974	480.166
1442	46.0157	480.14
1443	46.0573	479.508
1444	46.0977	478.912
1445	46.1386	478.864
1446	46.1803	478.748
1447	46.2256	478.723
1448	46.2913	478.698
1449	46.3401	478.669
1450	46.3825	478.668
1451	46.4246	478.164
1452	46.4681	478.124
1454	46.5539	478.123
1455	46.5955	478.008
1457	46.6782	478.007
1458	46.7194	477.989
1459	46.7612	477.968
1460	46.8034	477.85
1462	46.8866	477.802
1463	46.9279	477.798
1464	46.9691	477.678
1465	47.0108	477.555
1466	47.0525	477.512
1467	47.0946	477.505
1468	47.1363	477.496
1469	47.1772	476.966
1470	47.2188	475.32
1471	47.2608	474.987
1472	47.3026	474.748
1473	47.3441	474.743
1474	47.3854	474.743
1475	47.4263	474.552
1477	47.5128	474.344
1478	47.5713	474.289
1479	47.6179	474.289
1480	47.6596	474.288
1481	47.7022	473.303
1482	47.7431	473.275
1484	47.8253	473.263
1485	47.8665	472.425
1486	47.9077	471.469
1487	47.9567	471.102
1488	47.9998	470.116
1489	48.0422	469.863
1490	48.0835	469.609
1491	48.1252	469.46
1492	48.1673	469.255
1493	48.2091	468.992
1494	48.2511	468.99
1495	48.2918	468.943
1496	48.3333	468.41
1497	48.375	468.395
1498	48.4176	468.388
1499	48.4608	468.327
1500	48.5081	468.306
1502	48.5925	468.29
1503	48.6347	467.685
1504	48.676	467.261
1505	48.7183	467.074
1506	48.7601	466.489
1507	48.802	466.487
1508	48.8431	466.369
1509	48.8843	466.314
1510	48.9254	464.991
1511	48.9689	464.606
1512	49.0164	464.6
1513	49.0595	464.438
1514	49.1014	463.871
1515	49.1428	463.836
1516	49.1839	463.739
1518	49.2688	463.687
1519	49.3103	462.37
1520	49.3517	462.368
1521	49.3935	462.368
1522	49.435	462.344
1523	49.4759	462.268
1524	49.5173	462.265
1525	49.5587	461.997
1526	49.602	461.857
1527	49.6432	461.855
1528	49.6855	461.787
1529	49.7319	461.767
1530	49.7795	461.762
1531	49.8237	461.542
1532	49.8654	461.52
1533	49.9072	461.517
1534	49.9488	461.516
1535	49.9904	461.477
1536	50.0328	459.607
1537	50.0744	459.551
1538	50.116	459.549
1539	50.1582	459.41
1540	50.2001	459.225
1541	50.2418	459.222
1542	50.2833	457.028
1543	50.3287	457.015
1544	50.3769	456.866
1545	50.4225	456.863
1546	50.4659	456.863
1547	50.508	456.842
1548	50.5503	456.662
1549	50.5946	456.661
1550	50.6371	456.103
1552	50.7212	456.059
1553	50.7626	456.049
1554	50.8042	455.675
1555	50.8456	455.619
1556	50.8878	455.124
1557	50.9295	454.303
1558	50.9721	454.163
1561	51.098	454.123
1563	51.1848	452.675
1564	51.2323	452.501
1565	51.2759	452.498
1567	51.3596	452.493
1568	51.4022	452.483
1569	51.4448	452.449
1570	51.4864	452.309
1571	51.5281	452.063
1572	51.5703	451.988
1573	51.6123	451.911
1574	51.6542	451.911
1575	51.6965	451.803
1576	51.7381	451.785
1577	51.7813	451.782
1578	51.8237	451.544
1579	51.866	451.541
1580	51.9087	451.497
1581	51.9514	451.49
1583	52.0384	450.948
1584	52.081	450.937
1586	52.1667	450.922
1587	52.2093	450.862
1588	52.2522	450.839
1589	52.2956	450.776
1590	52.3423	449.061
1591	52.4352	448.937
1592	52.4881	448.782
1593	52.545	448.757
1594	52.589	448.732
1596	52.6766	448.731
1597	52.7192	448.697
1598	52.7648	448.669
1599	52.8083	448.443
1600	52.8511	448.233
1602	52.9365	447.845
1603	52.9797	447.828
1604	53.0219	447.688
1605	53.0638	445.629
1606	53.1066	445.616
1607	53.149	445.233
1608	53.191	445.16
1609	53.2336	444.211
1610	53.2755	444.208
1611	53.3181	444.158
1613	53.4022	444.15
1614	53.4453	442.992
1615	53.489	442.943
1616	53.5312	442.587
1618	53.6158	440.656
1619	53.6578	440.521
1621	53.7424	440.43
1622	53.7854	439.133
1623	53.8287	439.082
1624	53.8722	438.857
1625	53.9165	438.734
1626	53.9587	438.009
1627	54.0021	437.991
1628	54.0449	437.973
1629	54.0872	437.925
1632	54.2155	437.921
1633	54.259	437.908
1634	54.3013	437.901
1635	54.3436	437.863
1636	54.3868	436.52
1639	54.5141	436.167
1640	54.557	434.584
1643	54.7012	434.394
1646	54.8331	434.258
1647	54.8777	434.222
1649	54.9675	433.133
1650	55.0106	432.995
1651	55.0531	432.978
1653	55.1387	432.966
1655	55.2252	432.865
1656	55.2695	432.855
1657	55.3129	432.721
1658	55.3554	430.503
1659	55.3984	429.459
1660	55.4406	429.301
1662	55.5271	429.278
1663	55.5695	429.278
1664	55.6123	428.986
1665	55.6549	428.553
1668	55.7823	428.506
1669	55.8249	428.318
1672	55.9531	424.775
1673	55.9961	423.199
1675	56.0813	423.178
1676	56.1284	423.17
1678	56.2149	423.133
1679	56.2573	422.96
1680	56.3003	422.922
1681	56.3438	422.917
1682	56.3868	422.905
1683	56.4308	421.649
1684	56.4732	421.172
1685	56.5171	421.135
1686	56.5606	421.106
1687	56.6033	421.103
1688	56.6462	421.103
1689	56.6892	421.1
1690	56.7332	421.097
1691	56.7759	420.943
1692	56.8186	420.907
1694	56.9042	420.907
1695	56.9471	420.8
1696	56.9896	420.758
1697	57.0324	420.757
1698	57.0756	420.731
1699	57.1184	420.724
1700	57.163	420.578
1701	57.2065	420.567
1702	57.2493	420.56
1703	57.2926	420.559
1704	57.3359	420.443
1705	57.3794	420.424
1706	57.4229	420.399
1707	57.4665	420.396
1708	57.5103	420.389
1709	57.5535	420.317
1710	57.5965	419.979
1711	57.6398	419.851
1712	57.6842	419.808
1715	57.8138	419.766
1716	57.8574	419.765
1717	57.9002	419.712
1718	57.9432	419.688
1719	57.986	419.687
1721	58.0724	418.629
1722	58.1153	418.604
1724	58.201	418.58
1725	58.2451	416.92
1726	58.2881	416.282
1727	58.3365	416.004
1728	58.3802	415.019
1729	58.4238	414.834
1730	58.467	414.802
1731	58.5102	414.628
1732	58.5529	414.348
1733	58.5963	414.234
1734	58.6406	414.232
1735	58.6836	414.231
1736	58.7269	414.123
1737	58.7701	413.802
1738	58.8134	413.79
1740	58.8993	413.78
1741	58.9423	413.662
1742	58.9856	413.655
1743	59.0287	413.653
1744	59.0719	413.517
1745	59.1155	413.279
1746	59.1596	413.204
1747	59.2121	413.203
1748	59.2657	413.102
1749	59.3142	413.031
1750	59.3786	411.719
1751	59.424	410.739
1753	59.5124	410.516
1754	59.5573	410.146
1755	59.6008	410.122
1756	59.6447	409.995
1758	59.735	409.988
1759	59.7788	408.229
1761	59.8657	408.229
1762	59.9089	408.227
1763	59.9528	408.17
1764	59.9959	408.165
1765	60.0391	406.885
1767	60.1276	406.884
1768	60.1711	406.835
1769	60.2147	406.801
1771	60.3035	406.579
1772	60.3465	406.561
1773	60.39	406.561
1774	60.4333	406.552
1775	60.4765	406.525
1776	60.5204	404.662
1777	60.5695	404.641
1779	60.6683	404.529
1780	60.7133	404.104
1781	60.7566	404.102
1782	60.8004	402.252
1783	60.8435	402.156
1784	60.8872	402.116
1785	60.931	402.115
1787	61.0337	402.097
1788	61.1054	401.781
1789	61.1494	401.779
1790	61.1926	401.379
1792	61.2801	400.63
1793	61.3237	400.539
1794	61.3677	400.307
1795	61.4124	400.285
1796	61.4566	400.076
1797	61.5003	400.02
1798	61.5455	399.863
1799	61.5905	399.854
1800	61.6366	399.727
1801	61.6816	399.669
1803	61.7698	399.321
1804	61.8133	399.075
1805	61.8574	399.075
1806	61.9007	399.068
1807	61.9443	399.051
1808	61.9881	399.051
1811	62.1197	398.785
1812	62.1632	398.765
1814	62.2496	398.758
1815	62.294	398.754
1817	62.3823	398.752
1818	62.4257	398.716
1820	62.5249	398.716
1821	62.5692	398.713
1822	62.6125	398.71
1823	62.6571	398.416
1824	62.7006	398.413
1826	62.7876	398.412
1827	62.8314	398.336
1828	62.8962	398.105
1829	62.9434	398.066
1830	62.9892	397.439
1831	63.0328	397.356
1832	63.0778	397.224
1833	63.121	397.157
1834	63.1642	397.146
1835	63.2078	396.303
1837	63.2966	396.269
1838	63.3462	396.24
1839	63.3943	395.798
1840	63.4377	395.725
1841	63.4811	395.72
1842	63.5255	395.479
1843	63.5694	395.456
1844	63.6141	395.351
1845	63.6575	393.593
1848	63.8032	393.574
1850	63.8911	393.57
1852	63.981	393.499
1853	64.0286	393.488
1854	64.0727	393.472
1855	64.1165	393.471
1856	64.1601	393.364
1858	64.2478	391.832
1859	64.2919	391.805
1861	64.3803	391.663
1862	64.4249	390.812
1863	64.4751	390.79
1864	64.5219	390.329
1866	64.6149	389.747
1867	64.6605	389.744
1868	64.704	389.701
1869	64.7479	389.652
1870	64.7923	389.651
1875	65.0128	389.649
1876	65.0569	388.998
1877	65.1009	388.984
1879	65.2016	388.645
1880	65.2453	388.635
1881	65.2887	388.588
1882	65.3323	388.571
1883	65.3766	388.54
1887	65.5518	388.532
1888	65.596	388.485
1889	65.6401	387.52
1890	65.6842	387.402
1891	65.7296	387.379
1893	65.8207	387.377
1895	65.9105	387.302
1896	65.9565	387.3
1897	66.0013	387.279
1899	66.0939	386.96
1901	66.2267	386.952
1903	66.3217	386.489
1904	66.371	386.447
1905	66.4162	386.445
1908	66.5518	386.389
1909	66.597	386.357
1910	66.642	386.191
1912	66.7343	380.916
1913	66.7792	379.548
1915	66.8685	379.547
1916	66.9128	379.519
1919	67.0456	379.387
1920	67.0898	379.365
1921	67.1335	379.364
1922	67.1775	379.354
1923	67.2214	378.373
1924	67.2653	377.944
1925	67.31	377.908
1926	67.3537	377.857
1927	67.3986	377.852
1928	67.4425	377.851
1929	67.4869	377.84
1930	67.5317	377.84
1931	67.5757	377.606
1934	67.7084	377.603
1935	67.7535	377.504
1936	67.798	377.503
1937	67.8421	377.491
1938	67.8866	377.484
1939	67.9305	377.48
1940	67.9745	377.423
1941	68.0187	377.423
1942	68.0626	377.405
1943	68.1073	377.404
1944	68.1564	377.371
1945	68.2175	377.359
1946	68.2646	377.341
1947	68.311	377.34
1948	68.3566	377.338
1949	68.402	377.286
1950	68.4473	377.049
1951	68.4936	377.013
1952	68.5411	376.979
1953	68.5867	376.977
1956	68.7195	376.977
1957	68.7636	376.928
1958	68.8088	376.92
1959	68.8532	376.919
1961	68.9424	376.075
1962	68.987	376.073
1964	69.0719	376.054
1965	69.1151	374.801
1966	69.1583	374.306
1967	69.202	374.147
1968	69.2449	373.689
1969	69.2877	373.606
1970	69.3309	373.387
1971	69.3756	373.242
1972	69.4186	372.849
1973	69.4618	372.8
1974	69.5046	372.799
1975	69.5475	372.799
1976	69.5906	372.605
1977	69.6333	372.335
1978	69.6767	372.33
1979	69.7208	372.31
1980	69.7643	372.306
1981	69.8075	372.097
1982	69.8506	372.075
1983	69.9071	372.05
1984	69.9526	371.967
1985	69.997	371.843
1987	70.0849	371.842
1988	70.1287	371.765
1989	70.1723	371.697
1990	70.2161	370.669
1991	70.2603	370.211
1992	70.3066	370.203
1993	70.3503	370.185
1994	70.3938	370.011
1995	70.4374	369.766
1996	70.4805	369.713
1998	70.5672	369.706
1999	70.6106	369.378
2000	70.6547	369.374
2001	70.6986	369.374
2002	70.7424	369.363
2003	70.7857	369.328
2005	70.8732	368.055
2006	70.9164	368.045
2007	70.9614	368.044
2009	71.0491	368.03
2012	71.1804	368.023
2013	71.2242	368.018
2014	71.2837	368.016
2015	71.3276	367.997
2016	71.3712	366.342
2017	71.415	366.34
2018	71.4598	366.338
2019	71.5034	366.251
2021	71.5904	366.248
2022	71.6336	364.264
2023	71.6775	364.163
2024	71.7214	364.161
2025	71.7655	364.16
2027	71.874	364.151
2028	71.9191	364.133
2029	71.9632	364.129
2030	72.007	363.769
2031	72.0526	363.743
2032	72.1052	363.634
2033	72.1673	363.579
2034	72.2125	363.027
2035	72.2596	363.005
2036	72.3045	362.87
2037	72.3491	362.864
2038	72.3942	362
2040	72.4856	361.995
2041	72.5297	361.966
2043	72.6195	361.742
2044	72.6645	361.6
2045	72.7098	361.59
2046	72.7534	361.588
2047	72.7972	361.582
2051	72.9767	361.365
2053	73.0674	361.333
2054	73.1123	361.331
2055	73.1564	361.286
2057	73.2467	361.284
2058	73.2916	360.97
2061	73.4267	360.968
2063	73.5164	360.806
2064	73.5614	360.792
2066	73.6522	360.776
2067	73.6978	360.595
2068	73.7422	360.564
2069	73.787	360.527
2070	73.8328	360.343
2071	73.8775	360.148
2072	73.9233	360.12
2074	74.0122	360.117
2075	74.0568	359.837
2077	74.1469	359.826
2079	74.2365	359.393
2081	74.3277	359.383
2082	74.3811	359.007
2083	74.4262	359.002
2085	74.516	357.84
2088	74.6541	357.83
2089	74.7014	357.115
2094	74.9258	357.1
2095	74.9713	357.038
2096	75.0176	356.756
2097	75.0623	356.756
2098	75.1068	355.263
2099	75.1544	355.207
2101	75.2438	355.034
2102	75.2889	354.431
2103	75.3336	354.395
2104	75.3785	354.026
2105	75.4236	353.859
2106	75.4688	353.259
2107	75.5131	353.257
2108	75.5582	353.203
2109	75.604	353.129
2110	75.6514	353.128
2112	75.7541	353.126
2113	75.8091	353.102
2114	75.8548	353.017
2115	75.9016	352.993
2116	75.9461	352.517
2117	75.9922	352.511
2119	76.0831	351.788
2120	76.1282	350.401
2121	76.1732	350.381
2123	76.2644	350.101
2126	76.3983	349.952
2129	76.5327	349.209
2130	76.5777	349.113
2131	76.623	349.075
2134	76.7586	348.936
2135	76.8051	348.857
2136	76.8495	348.857
2139	76.985	348.826
2140	77.0297	348.721
2143	77.1647	348.069
2144	77.2096	348.035
2145	77.2541	347.979
2147	77.3441	347.927
2148	77.3883	347.892
2149	77.4332	347.794
2152	77.5688	347.774
2153	77.6143	347.24
2155	77.7041	347.16
2158	77.8386	346.432
2159	77.8843	346.279
2160	77.9295	346.272
2161	77.9752	346.271
2162	78.0205	346.267
2163	78.0653	345.55
2164	78.1119	345.134
2165	78.1572	345.127
2166	78.2033	345.114
2167	78.2484	345.113
2168	78.2938	345.111
2169	78.3389	345.1
2170	78.3843	345.099
2171	78.4289	344.93
2172	78.4747	344.885
2173	78.5195	344.883
2174	78.5641	344.881
2175	78.611	344.853
2176	78.6559	344.852
2177	78.701	344.84
2179	78.7916	344.839
2180	78.8365	344.816
2181	78.8812	344.812
2182	78.9284	344.795
2183	78.9745	344.794
2184	79.0207	344.675
2185	79.0677	344.665
2186	79.1124	344.65
2187	79.1578	344.644
2188	79.2027	344.64
2189	79.2475	344.572
2190	79.2939	344.368
2191	79.3384	344.364
2192	79.3835	344.344
2196	79.565	344.344
2197	79.6246	344.246
2198	79.678	344.223
2199	79.7395	344.223
2201	79.8341	343.546
2202	79.8839	343.533
2204	79.9986	343.523
2205	80.0463	341.454
2206	80.0919	341.392
2207	80.1371	341.378
2208	80.1821	340.944
2210	80.2741	340.887
2212	80.3647	340.504
2213	80.4105	340.472
2214	80.4561	340.471
2215	80.5024	340.47
2216	80.5519	340.396
2217	80.5985	340.11
2218	80.6445	340.107
2219	80.6898	340.087
2220	80.7358	340.081
2221	80.7814	340.08
2222	80.8266	340.074
2223	80.8725	340.051
2224	80.922	339.964
2225	80.9773	339.904
2227	81.0846	339.904
2228	81.1663	339.893
2229	81.227	339.702
2230	81.279	339.476
2231	81.3261	339.058
2232	81.3753	339.052
2233	81.4226	339.032
2238	81.7164	339.031
2239	81.7649	338.722
2240	81.811	338.72
2241	81.8572	338.719
2242	81.9059	338.713
2243	81.952	338.699
2244	81.9982	338.698
2245	82.0452	337.818
2246	82.091	337.789
2247	82.1371	337.788
2249	82.2277	337.773
2250	82.2832	337.771
2251	82.3327	337.736
2252	82.3798	337.732
2253	82.4257	337.729
2254	82.472	337.726
2255	82.5177	337.706
2256	82.5645	337.652
2259	82.7121	337.638
2260	82.7585	337.591
2262	82.85	336.045
2263	82.8967	336.024
2266	83.0332	336.023
2267	83.0787	336.018
2268	83.1246	335.907
2269	83.1785	335.903
2270	83.2272	335.673
2271	83.2726	335.656
2272	83.3181	335.65
2273	83.3631	335.602
2274	83.4112	335.215
2275	83.4579	335.203
2276	83.5037	335.082
2277	83.5513	335.047
2278	83.5974	334.248
2279	83.6429	334.241
2280	83.694	334.239
2281	83.7417	334.209
2283	83.8344	333.686
2284	83.8806	333.207
2285	83.9264	333.206
2286	83.9727	333.206
2287	84.0183	333.188
2289	84.1248	333.184
2290	84.1815	333.141
2291	84.2283	332.907
2292	84.2748	332.865
2295	84.4119	332.859
2297	84.5049	332.856
2298	84.557	332.231
2300	84.6637	332.231
2303	84.8011	332.156
2305	84.8928	332.131
2306	84.9428	332.127
2308	85.0435	332.101
2309	85.0893	332.072
2310	85.1364	331.805
2311	85.1826	331.741
2312	85.2277	331.734
2313	85.2739	331.661
2314	85.3189	331.647
2316	85.4097	331.629
2319	85.5463	331.445
2320	85.608	330.956
2322	85.7029	330.854
2323	85.7487	330.853
2325	85.8409	330.15
2327	85.9333	330.097
2328	85.9791	330.096
2329	86.025	329.633
2330	86.0707	329.632
2332	86.1617	329.546
2335	86.2983	329.543
2336	86.3433	329.182
2337	86.3889	329.182
2338	86.4344	327.9
2339	86.4837	327.859
2341	86.5842	327.698
2342	86.6311	327.405
2343	86.6772	327.368
2345	86.7684	327.263
2346	86.8149	326.81
2347	86.8616	326.799
2348	86.909	326.752
2349	86.9551	326.75
2353	87.1474	326.719
2354	87.1936	326.59
2355	87.2399	326.588
2356	87.2853	326.219
2357	87.3331	326.206
2359	87.4271	325.794
2360	87.4731	324.717
2365	87.7109	324.714
2366	87.7566	324.592
2368	87.8542	324.58
2369	87.9004	323.503
2370	87.9463	323.367
2374	88.1321	323.083
2375	88.1783	322.943
2377	88.2705	322.934
2379	88.3628	322.933
2380	88.4086	322.742
2381	88.4561	322.733
2382	88.5018	322.723
2384	88.5938	321.364
2385	88.6406	321.271
2388	88.8096	321.269
2389	88.8663	321.121
2390	88.9134	321.104
2392	89.0063	320.612
2393	89.0528	320.266
2395	89.1439	320.132
2399	89.329	320.114
2400	89.3756	320.113
2403	89.5137	319.725
2404	89.5604	319.369
2405	89.607	319.323
2406	89.6535	318.548
2407	89.6991	318.543
2408	89.7456	318.541
2409	89.7916	318.538
2410	89.8379	318.538
2411	89.884	318.43
2412	89.9305	318.231
2414	90.025	318.231
2415	90.0713	318.04
2416	90.1172	318.024
2417	90.1627	318.012
2418	90.2092	318.012
2419	90.2555	318.012
2420	90.3023	317.998
2421	90.3623	317.989
2422	90.4116	317.983
2423	90.4589	317.982
2424	90.506	317.957
2425	90.5529	317.95
2426	90.6001	317.82
2429	90.7422	317.775
2430	90.7891	317.156
2431	90.8365	317.106
2432	90.8831	317.092
2433	90.9299	317.088
2434	90.9776	317.088
2435	91.0235	317.073
2436	91.0694	317.073
2437	91.1151	317.072
2438	91.1617	317.058
2439	91.2086	317.058
2441	91.3011	316.426
2442	91.3485	316.422
2444	91.4549	316.401
2445	91.5015	314.719
2446	91.549	314.548
2447	91.5952	314.089
2448	91.6415	313.722
2450	91.7346	313.698
2451	91.7806	313.542
2452	91.8266	313.241
2453	91.8726	313.233
2454	91.9184	313.233
2455	91.9668	313.232
2456	92.0136	313.208
2457	92.0606	313.142
2458	92.1075	313.139
2459	92.1574	313.049
2460	92.2048	313.044
2462	92.2982	313.041
2463	92.3538	313.004
2464	92.4005	312.998
2465	92.4468	312.961
2466	92.4928	312.948
2467	92.5392	312.947
2468	92.5854	312.676
2469	92.6313	312.63
2470	92.678	311.692
2471	92.7248	311.259
2472	92.7719	311.245
2473	92.8179	311.221
2474	92.8645	311.044
2478	93.0501	311.024
2479	93.0964	310.093
2480	93.1432	310.093
2481	93.1891	310.092
2482	93.2347	310.09
2483	93.2812	310.028
2484	93.3272	310.027
2485	93.3732	309.117
2486	93.42	309.116
2487	93.4672	309.116
2488	93.513	308.94
2489	93.5606	308.923
2490	93.6068	308.919
2491	93.6535	308.877
2492	93.7004	308.876
2495	93.8405	308.859
2496	93.8871	308.781
2497	93.933	308.772
2498	93.9795	308.768
2500	94.0731	308.746
2502	94.1658	307.753
2503	94.2122	307.741
2504	94.2583	307.737
2506	94.3527	307.735
2507	94.4018	307.734
2508	94.4498	307.528
2509	94.5029	307.527
2510	94.5532	307.312
2511	94.6	307.286
2512	94.6471	307.257
2513	94.6932	306.675
2514	94.7398	306.609
2515	94.7862	306.561
2516	94.8327	306.525
2517	94.8798	305.748
2518	94.9273	305.638
2519	94.9746	305.635
2520	95.0215	305.619
2521	95.068	305.613
2522	95.114	305.042
2523	95.1603	304.55
2524	95.2067	303.517
2525	95.2525	303.507
2526	95.2988	303.501
2527	95.3451	303.499
2528	95.3919	303.493
2529	95.439	303.491
2531	95.5311	303.313
2532	95.577	303.273
2533	95.6234	303.266
2534	95.6694	303.257
2537	95.8081	303.256
2538	95.856	303.125
2543	96.0889	302.829
2544	96.1353	302.828
2546	96.2278	302.811
2547	96.274	302.783
2548	96.3196	302.761
2549	96.3662	302.715
2551	96.4584	302.522
2552	96.504	302.519
2554	96.6015	302.519
2556	96.6943	302.505
2559	96.8417	302.16
2560	96.9011	302.157
2561	96.9485	302.157
2564	97.0908	302.148
2565	97.1386	301.222
2569	97.3345	300.821
2570	97.3819	300.816
2571	97.4303	300.521
2572	97.4783	300.339
2573	97.525	300.338
2575	97.6428	300.264
2578	97.7821	299.279
2579	97.8282	299.278
2580	97.8761	299.125
2581	97.923	298.942
2582	97.9702	298.715
2586	98.1558	298.379
2587	98.203	298.376
2588	98.2496	298.279
2589	98.2976	298.201
2592	98.4372	298.195
2593	98.4852	298.04
2594	98.5434	298.025
2595	98.592	298.016
2596	98.64	297.79
2597	98.6872	297.784
2598	98.7334	297.642
2599	98.7945	297.523
2600	98.8444	296.699
2601	98.8929	296.667
2602	98.9399	296.667
2608	99.2306	296.656
2609	99.2772	296.275
2610	99.3235	296.154
2612	99.4165	296.09
2615	99.5572	295.895
2616	99.604	295.894
2620	99.7897	295.439
2622	99.8833	295.394
2623	99.9305	295.377
2625	100.026	295.049
2629	100.213	294.992
2632	100.354	294.507
2635	100.494	294.455
2636	100.541	294.426
2637	100.587	294.426
2638	100.633	294.386
2639	100.68	294.093
2641	100.78	294.092
2642	100.829	294.087
2643	100.876	293.845
2644	100.922	293.555
2645	100.97	293.54
2646	101.018	293.355
2647	101.065	293.353
2648	101.111	293.347
2649	101.155	293.336
2650	101.2	293.327
2651	101.247	293.214
2652	101.292	293.184
2654	101.389	293.183
2655	101.436	293.108
2656	101.481	293.092
2657	101.527	293.084
2659	101.619	293.076
2660	101.677	292.952
2661	101.723	292.948
2662	101.769	292.945
2663	101.815	292.944
2665	101.906	292.941
2666	101.951	292.891
2667	102.002	292.89
2668	102.052	292.887
2669	102.098	292.815
2670	102.143	292.727
2671	102.189	292.632
2672	102.235	292.535
2673	102.281	292.535
2674	102.326	292.534
2675	102.371	292.523
2676	102.416	292.522
2677	102.462	292.515
2678	102.509	292.502
2679	102.561	292.502
2681	102.654	291.938
2684	102.789	291.928
2685	102.835	291.089
2686	102.88	291.061
2687	102.926	291.004
2688	102.973	290.656
2689	103.019	290.648
2690	103.064	290.599
2691	103.112	290.566
2692	103.157	290.451
2694	103.279	290.451
2695	103.325	290.451
2696	103.371	290.412
2697	103.418	290.404
2698	103.463	290.399
2699	103.51	290.329
2700	103.555	290.323
2702	103.647	290.32
2704	103.739	290.255
2705	103.786	290.228
2707	103.878	290.227
2708	103.925	290.216
2709	103.973	290.185
2710	104.018	289.409
2711	104.064	289.015
2712	104.109	288.978
2713	104.156	288.895
2715	104.248	288.887
2716	104.293	288.873
2717	104.339	288.817
2719	104.431	288.512
2720	104.477	288.51
2721	104.523	288.51
2722	104.569	288.508
2723	104.616	288.411
2724	104.665	288.41
2725	104.715	287.359
2726	104.762	287.337
2727	104.808	287.337
2728	104.855	287.283
2729	104.901	287.261
2730	104.948	287.258
2731	104.993	287.208
2733	105.089	287.207
2735	105.184	287.2
2736	105.261	287.157
2737	105.327	287.149
2738	105.379	287.147
2739	105.426	287.126
2740	105.477	287.055
2742	105.573	285.768
2743	105.619	285.756
2744	105.668	285.744
2748	105.858	285.535
2749	105.904	285.534
2750	105.951	285.442
2751	105.999	285.432
2753	106.093	285.353
2754	106.139	284.999
2755	106.185	284.981
2756	106.231	284.911
2757	106.278	284.457
2758	106.324	284.336
2760	106.415	284.328
2763	106.554	283.912
2765	106.646	283.911
2766	106.697	283.896
2767	106.744	283.878
2768	106.791	283.874
2769	106.837	283.85
2771	106.928	283.807
2772	106.974	283.757
2773	107.021	283.755
2774	107.067	283.754
2775	107.112	283.748
2776	107.158	283.744
2777	107.204	283.743
2778	107.25	283.399
2781	107.387	283.398
2782	107.434	283.396
2783	107.48	283.384
2784	107.528	283.376
2785	107.574	283.37
2786	107.62	283.347
2787	107.666	283.273
2788	107.712	283.258
2789	107.757	283.213
2791	107.85	283.061
2792	107.896	283.059
2793	107.943	283.051
2794	107.989	283.019
2795	108.035	282.486
2799	108.221	282.388
2800	108.267	282.387
2802	108.36	282.382
2803	108.406	282.38
2805	108.498	281.799
2809	108.682	281.541
2810	108.728	281.533
2811	108.775	280.579
2812	108.821	280.518
2814	108.92	280.4
2818	109.106	279.424
2819	109.152	279.331
2821	109.244	279.04
2822	109.291	279.021
2824	109.383	279.006
2826	109.477	278.621
2829	109.617	278.605
2830	109.666	278.602
2833	109.822	278.437
2834	109.868	277.961
2835	109.916	277.947
2836	109.962	277.743
2837	110.009	277.73
2838	110.057	277.719
2839	110.103	277.638
2840	110.15	276.738
2842	110.243	276.737
2845	110.381	276.736
2846	110.427	276.506
2848	110.525	276.504
2849	110.574	276.256
2850	110.62	276.232
2852	110.714	276.223
2854	110.808	276.174
2855	110.873	276.023
2860	111.129	275.99
2862	111.234	275.892
2864	111.327	275.794
2865	111.374	275.466
2867	111.468	275.456
2868	111.515	275.453
2869	111.562	275.349
2870	111.61	275.331
2872	111.704	275.221
2873	111.751	274.039
2875	111.846	273.968
2879	112.032	272.763
2880	112.078	272.742
2881	112.125	272.74
2882	112.171	272.718
2883	112.231	272.602
2884	112.277	272.332
2885	112.324	272.323
2886	112.37	272.173
2887	112.416	272.172
2888	112.463	272.166
2889	112.509	272.16
2890	112.556	272.153
2891	112.602	272.041
2892	112.649	272.027
2895	112.791	271.774
2896	112.839	271.774
2897	112.886	271.766
2898	112.933	271.764
2899	112.98	271.75
2900	113.026	271.654
2901	113.074	271.647
2902	113.121	271.643
2904	113.214	271.624
2905	113.26	271.618
2906	113.306	271.586
2907	113.354	271.582
2908	113.401	271.579
2909	113.447	271.531
2910	113.495	271.503
2911	113.541	271.419
2912	113.588	271.032
2915	113.728	271.028
2917	113.822	270.992
2919	113.915	270.991
2921	114.011	270.396
2922	114.068	270.391
2924	114.162	270.389
2925	114.209	269.233
2928	114.349	269.004
2930	114.442	269.003
2931	114.488	268.854
2932	114.534	268.739
2933	114.581	268.737
2934	114.629	268.735
2935	114.69	268.724
2936	114.737	268.622
2937	114.784	268.581
2938	114.832	268.579
2939	114.878	268.526
2940	114.925	268.522
2942	115.018	268.521
2944	115.112	268.414
2945	115.159	268.397
2947	115.254	268.396
2948	115.301	268.392
2949	115.348	268.366
2950	115.395	267.685
2951	115.442	267.331
2953	115.535	267.198
2955	115.629	267.189
2956	115.676	267.151
2957	115.723	267.004
2958	115.77	266.999
2959	115.818	266.73
2960	115.865	266.73
2961	115.912	266.73
2962	115.959	266.726
2963	116.007	266.649
2964	116.054	266.648
2965	116.101	265.8
2967	116.197	265.8
2969	116.293	265.784
2970	116.341	265.781
2971	116.388	265.762
2973	116.483	265.76
2975	116.578	265.75
2976	116.624	265.735
2977	116.671	265.734
2979	116.765	265.732
2980	116.811	265.588
2982	116.906	264.659
2983	116.953	264.652
2984	117.001	264.648
2987	117.144	264.641
2989	117.246	264.638
2990	117.311	264.497
2991	117.359	264.491
2992	117.408	264.452
2993	117.456	264.386
2994	117.503	264.156
2995	117.551	264.138
2996	117.599	264.11
2997	117.646	263.901
2998	117.693	263.478
2999	117.74	263.473
3000	117.788	263.466
3001	117.834	263.421
3002	117.882	263.395
3003	117.93	262.995
3004	117.977	262.857
3005	118.024	262.853
3006	118.071	262.838
3007	118.119	262.836
3008	118.167	262.834
3009	118.215	262.829
3011	118.309	262.585
3013	118.409	262.575
3015	118.504	262.507
3017	118.599	262.506
3018	118.646	262.073
3019	118.694	262.066
3022	118.837	262.058
3024	118.944	262.048
3026	119.04	262.043
3027	119.087	261.974
3028	119.135	261.961
3029	119.182	261.926
3031	119.277	261.853
3032	119.325	261.842
3034	119.423	261.821
3035	119.47	261.656
3039	119.669	261.591
3041	119.768	261.59
3042	119.824	261.567
3043	119.871	261.566
3044	119.918	261.562
3045	119.966	261.068
3047	120.061	261.066
3049	120.156	260.835
3050	120.204	260.826
3051	120.252	260.515
3052	120.3	260.488
3055	120.442	260.451
3056	120.489	260.228
3058	120.585	259.583
3060	120.681	259.568
3061	120.729	259.321
3062	120.777	259.267
3063	120.824	259.259
3064	120.872	259.234
3065	120.919	259.173
3066	120.968	258.876
3067	121.016	258.871
3068	121.065	258.857
3072	121.256	258.847
3073	121.306	258.301
3074	121.356	257.771
3076	121.45	257.676
3077	121.498	257.674
3079	121.593	257.053
3080	121.641	256.282
3082	121.737	256.278
3084	121.832	256.255
3086	121.928	256.245
3089	122.073	256.12
3091	122.168	256.117
3094	122.311	256.051
3095	122.358	255.987
3096	122.406	255.985
3099	122.548	255.984
3100	122.595	255.976
3101	122.644	255.755
3102	122.691	255.709
3104	122.79	255.292
3105	122.839	255.243
3106	122.886	255.211
3112	123.172	255.137
3113	123.221	255.103
3117	123.454	254.364
3119	123.548	253.66
3120	123.596	253.645
3121	123.643	253.643
3122	123.692	253.641
3123	123.739	253.478
3124	123.788	253.174
3125	123.836	253.108
3126	123.883	253.086
3127	123.931	253.085
3129	124.026	253.082
3130	124.074	253.077
3131	124.121	253.023
3132	124.169	253.02
3135	124.311	252.779
3136	124.359	252.76
3137	124.406	252.751
3138	124.453	252.75
3139	124.501	252.749
3140	124.548	252.632
3141	124.596	252.63
3142	124.643	252.629
3143	124.695	252.628
3144	124.763	252.601
3145	124.81	252.599
3146	124.858	252.572
3147	124.905	252.568
3148	124.954	252.568
3149	125.006	252.511
3150	125.053	252.493
3152	125.149	251.979
3153	125.198	251.978
3157	125.419	251.961
3158	125.468	251.951
3159	125.517	251.95
3161	125.614	251.74
3162	125.662	251.738
3165	125.814	250.892
3166	125.879	250.879
3168	125.984	250.489
3169	126.039	250.432
3170	126.099	250.396
3171	126.15	250.348
3172	126.21	250.307
3174	126.361	250.306
3175	126.412	250.302
3176	126.481	249.67
3177	126.536	249.663
3178	126.589	249.66
3179	126.643	249.64
3180	126.692	249.637
3182	126.79	249.63
3184	126.888	249.591
3185	126.936	249.564
3187	127.038	249.562
3189	127.143	249.539
3190	127.194	249.031
3191	127.242	248.986
3192	127.293	248.974
3193	127.343	248.922
3194	127.392	248.881
3195	127.44	248.877
3196	127.489	248.875
3197	127.538	248.839
3199	127.637	248.629
3200	127.684	248.629
3201	127.733	248.629
3202	127.781	248.626
3203	127.831	248.547
3204	127.881	248.546
3205	127.929	247.858
3209	128.124	247.852
3211	128.223	247.796
3213	128.322	247.795
3214	128.371	247.787
3215	128.421	247.779
3216	128.47	247.772
3217	128.519	247.766
3220	128.666	247.651
3221	128.716	247.649
3222	128.764	246.953
3223	128.814	246.943
3224	128.864	246.942
3225	128.915	246.94
3226	128.969	246.935
3227	129.022	246.933
3229	129.14	246.932
3230	129.191	246.834
3231	129.24	246.834
3232	129.288	246.807
3233	129.337	246.742
3234	129.386	246.615
3235	129.433	246.596
3237	129.529	246.581
3238	129.577	246.516
3240	129.673	246.514
3242	129.769	246.502
3243	129.817	246.115
3246	129.963	246.114
3247	130.011	246.11
3251	130.222	246.071
3254	130.368	246.067
3257	130.513	246.066
3258	130.563	245.646
3259	130.611	245.644
3262	130.758	245.643
3264	130.854	245.629
3267	130.998	245.623
3268	131.046	245.604
3269	131.094	245.559
3271	131.19	245.515
3272	131.238	245.51
3275	131.385	245.295
3279	131.581	244.828
3280	131.629	244.823
3283	131.778	244.822
3284	131.827	244.812
3285	131.875	244.259
3287	131.975	244.213
3289	132.081	244.098
3290	132.133	244.073
3291	132.182	243.925
3292	132.233	243.91
3296	132.427	243.799
3297	132.477	243.795
3298	132.526	243.01
3299	132.575	242.957
3301	132.674	242.755
3303	132.773	242.727
3304	132.823	242.639
3306	132.919	242.356
3308	133.014	242.353
3309	133.063	242.31
3312	133.204	242.309
3313	133.251	241.988
3314	133.297	241.92
3316	133.391	241.83
3319	133.541	241.566
3320	133.588	240.984
3322	133.683	240.974
3323	133.732	240.904
3326	133.873	240.9
3329	134.014	239.661
3332	134.155	239.654
3334	134.25	239.616
3335	134.298	239.573
3337	134.392	239.567
3340	134.534	239.548
3342	134.628	239.522
3344	134.727	239.52
3345	134.797	239.066
3349	134.998	238.926
3352	135.139	238.855
3353	135.186	238.673
3354	135.235	238.617
3357	135.378	238.581
3358	135.426	238.462
3359	135.491	238.407
3360	135.541	238.397
3361	135.592	238.397
3362	135.64	238.395
3363	135.687	238.329
3364	135.734	238.086
3365	135.782	238.076
3366	135.829	237.842
3367	135.877	237.841
3369	135.971	237.837
3370	136.019	237.83
3371	136.068	237.761
3373	136.172	237.761
3374	136.221	237.76
3375	136.271	237.592
3376	136.319	237.571
3377	136.367	237.563
3378	136.415	237.556
3380	136.509	237.531
3381	136.558	237.528
3382	136.606	237.526
3384	136.701	237.43
3385	136.748	237.427
3387	136.843	237.424
3388	136.89	237.423
3389	136.938	237.41
3390	136.985	237.317
3392	137.079	237.13
3395	137.221	237.13
3397	137.315	237.096
3398	137.363	237.085
3399	137.411	237.082
3401	137.506	236.604
3404	137.648	236.603
3405	137.698	235.858
3406	137.752	235.815
3407	137.8	235.744
3408	137.848	235.516
3409	137.896	235.496
3410	137.944	235.325
3412	138.042	235.145
3413	138.089	235.143
3415	138.186	235.14
3416	138.234	234.99
3417	138.281	234.97
3418	138.328	234.969
3419	138.376	234.965
3420	138.423	234.962
3422	138.518	234.95
3424	138.612	234.915
3425	138.659	234.814
3427	138.754	234.813
3428	138.801	234.779
3429	138.848	234.769
3430	138.896	234.257
3431	138.943	233.915
3432	138.99	233.912
3433	139.038	233.886
3434	139.086	233.85
3435	139.134	233.839
3436	139.182	233.828
3437	139.229	233.775
3438	139.276	233.77
3439	139.325	233.613
3440	139.373	233.612
3441	139.433	233.612
3442	139.482	233.608
3443	139.529	233.581
3444	139.577	233.58
3445	139.625	232.992
3446	139.673	232.976
3447	139.721	232.975
3449	139.816	232.97
3450	139.863	232.968
3451	139.91	232.86
3452	139.958	232.859
3454	140.053	232.853
3455	140.101	232.849
3457	140.2	232.825
3458	140.249	232.823
3459	140.296	232.781
3460	140.344	232.741
3462	140.439	232.08
3463	140.487	232.07
3465	140.582	232.061
3467	140.677	232.056
3468	140.725	232.05
3469	140.773	232.045
3470	140.82	231.951
3471	140.868	231.948
3472	140.915	231.857
3473	140.962	231.815
3474	141.009	231.782
3475	141.056	231.779
3477	141.151	231.778
3478	141.204	231.737
3479	141.253	231.723
3480	141.301	231.714
3483	141.445	231.397
3486	141.59	231.387
3487	141.638	231.386
3491	141.83	231.231
3493	141.925	231.223
3495	142.02	231.189
3496	142.069	231.176
3497	142.12	231.174
3498	142.168	230.772
3500	142.264	230.772
3503	142.411	230.181
3504	142.458	230.174
3506	142.554	230.167
3508	142.649	230.139
3509	142.699	229.898
3512	142.841	229.882
3518	143.129	229.818
3519	143.176	229.737
3520	143.223	229.728
3522	143.318	229.681
3525	143.461	229.344
3527	143.557	229.3
3529	143.652	229.225
3530	143.699	229.212
3531	143.746	228.946
3535	143.935	228.862
3536	143.982	228.76
3538	144.077	228.288
3539	144.124	228.036
3541	144.219	228.015
3542	144.267	227.977
3543	144.315	227.963
3544	144.363	227.95
3546	144.466	227.432
3547	144.517	227.43
3548	144.565	227.419
3549	144.614	227.412
3553	144.804	227.299
3554	144.852	227.275
3556	144.946	227.071
3557	144.994	227.056
3558	145.041	227.02
3559	145.089	226.971
3560	145.136	226.366
3561	145.184	226.362
3562	145.232	226.322
3563	145.279	225.955
3564	145.327	225.946
3568	145.519	225.94
3569	145.567	225.205
3571	145.666	225.201
3572	145.718	225.191
3574	145.814	225.146
3579	146.052	225.144
3580	146.101	225.085
3582	146.199	225.015
3584	146.294	224.986
3585	146.343	224.788
3592	146.695	224.737
3597	146.938	224.646
3598	146.987	224.485
3599	147.036	224.438
3601	147.131	224.437
3602	147.18	224.435
3603	147.227	224.421
3604	147.275	224.174
3605	147.324	224.168
3606	147.372	224.16
3607	147.422	224.159
3608	147.477	224.157
3609	147.553	224.148
3610	147.605	224.144
3611	147.653	224.111
3612	147.701	224.028
3614	147.797	224.028
3615	147.845	223.795
3616	147.893	223.78
3617	147.941	223.76
3619	148.037	223.757
3620	148.085	223.729
3621	148.133	223.727
3622	148.181	223.726
3623	148.229	223.726
3625	148.324	223.723
3626	148.373	223.708
3627	148.421	223.705
3628	148.468	223.704
3629	148.517	223.616
3630	148.564	223.614
3632	148.661	223.563
3635	148.806	223.562
3637	148.905	223.561
3638	148.953	223.56
3639	149.001	223.559
3641	149.097	223.167
3644	149.241	223.16
3645	149.288	222.553
3646	149.336	222.49
3647	149.384	222.48
3648	149.431	222.408
3649	149.48	222.405
3650	149.528	222.339
3652	149.623	222.236
3653	149.671	222.235
3654	149.72	222.235
3655	149.768	222.233
3656	149.816	222.109
3657	149.865	222.094
3660	150.009	222.093
3662	150.105	222.079
3663	150.153	222.078
3664	150.201	222.07
3665	150.249	222.057
3667	150.345	222.057
3668	150.392	222.055
3669	150.44	222.047
3670	150.488	221.549
3671	150.537	221.179
3672	150.585	221.155
3673	150.633	221.15
3674	150.681	221.117
3677	150.825	221.093
3678	150.873	221.089
3679	150.921	220.975
3680	150.968	220.975
3682	151.066	220.973
3683	151.116	220.949
3684	151.164	220.949
3685	151.212	220.509
3687	151.309	220.509
3688	151.357	220.473
3690	151.453	220.471
3691	151.502	220.46
3692	151.55	220.458
3694	151.646	220.454
3695	151.695	220.453
3697	151.791	220.45
3698	151.839	220.449
3699	151.888	220.415
3700	151.937	220.39
3702	152.033	219.852
3703	152.08	219.842
3705	152.176	219.839
3706	152.225	219.839
3709	152.374	219.838
3710	152.423	219.787
3713	152.615	219.683
3714	152.664	219.651
3715	152.712	219.649
3718	152.857	219.637
3719	152.905	219.481
3720	152.953	219.475
3722	153.049	218.965
3723	153.097	218.649
3725	153.193	218.647
3726	153.242	218.639
3727	153.292	218.637
3730	153.437	218.631
3731	153.487	218.382
3735	153.679	218.378
3737	153.776	218.377
3738	153.824	218.118
3742	154.019	218.11
3743	154.067	218.086
3744	154.115	218.078
3747	154.267	218.076
3748	154.316	218.063
3749	154.365	218.053
3750	154.414	217.923
3752	154.51	217.847
3758	154.8	217.84
3759	154.849	217.767
3760	154.897	217.766
3762	154.993	217.729
3765	155.138	217.439
3769	155.332	217.355
3770	155.38	217.35
3771	155.429	217.275
3772	155.48	217.267
3775	155.626	217.137
3776	155.676	217.073
3778	155.773	216.62
3779	155.821	216.519
3780	155.87	216.056
3781	155.919	216.036
3783	156.015	216.029
3784	156.063	215.977
3786	156.16	215.793
3788	156.259	215.791
3792	156.462	215.79
3793	156.51	215.664
3796	156.659	215.524
3799	156.805	215.522
3800	156.853	215.266
3803	156.996	214.208
3804	157.046	214.201
3806	157.177	214.196
3808	157.287	214.158
3809	157.34	213.815
3811	157.44	213.8
3814	157.584	213.778
3815	157.634	213.539
3818	157.781	213.537
3819	157.83	213.503
3820	157.878	212.761
3821	157.925	212.754
3822	157.974	212.716
3825	158.119	212.688
3828	158.264	212.678
3829	158.314	212.677
3830	158.364	212.652
3832	158.462	212.617
3833	158.51	212.458
3838	158.751	212.258
3839	158.8	212.253
3841	158.899	212.251
3842	158.947	212.248
3843	158.995	212.237
3844	159.045	212.097
3845	159.108	212.09
3846	159.162	212.079
3847	159.212	212.078
3848	159.261	212.077
3849	159.31	212.075
3850	159.359	212.068
3851	159.408	212.003
3852	159.458	211.949
3854	159.557	211.949
3855	159.607	211.548
3856	159.656	211.529
3857	159.704	211.524
3858	159.752	211.522
3859	159.8	211.521
3860	159.85	211.501
3862	159.948	211.498
3863	159.996	211.497
3864	160.044	211.43
3865	160.093	211.429
3866	160.141	211.391
3867	160.19	211.39
3868	160.238	211.389
3870	160.334	211.384
3872	160.432	211.351
3875	160.577	211.338
3877	160.675	211.305
3878	160.723	211.303
3881	160.87	210.983
3883	160.99	210.97
3885	161.088	210.268
3886	161.136	210.229
3888	161.234	209.511
3889	161.283	209.364
3890	161.337	209.337
3892	161.45	209.246
3893	161.502	209.242
3894	161.553	209.24
3895	161.603	209.233
3896	161.653	209.057
3897	161.702	209.046
3898	161.751	209.045
3900	161.85	209.043
3902	161.948	209.039
3904	162.048	209.003
3905	162.098	208.984
3907	162.196	208.983
3909	162.293	208.966
3910	162.345	208.576
3911	162.396	208.296
3912	162.447	208.245
3913	162.498	208.184
3914	162.552	208.163
3915	162.606	208.161
3916	162.658	208.132
3917	162.71	208.124
3918	162.758	208.118
3919	162.807	208.018
3921	162.904	208.018
3922	162.952	208.016
3923	163.002	207.92
3924	163.05	207.919
3925	163.099	207.234
3927	163.196	207.234
3928	163.246	207.224
3929	163.301	207.224
3930	163.352	207.224
3931	163.4	207.221
3932	163.448	207.211
3933	163.496	207.211
3934	163.544	207.211
3935	163.593	207.21
3938	163.739	207.209
3939	163.79	207.192
3940	163.847	207.182
3941	163.902	207.18
3942	163.951	206.717
3943	164	206.696
3944	164.048	206.696
3947	164.193	206.692
3948	164.245	206.647
3949	164.293	206.646
3950	164.341	206.545
3951	164.39	206.539
3952	164.438	206.492
3953	164.487	206.285
3955	164.594	206.271
3956	164.663	206.269
3957	164.713	206.258
3958	164.762	206.238
3959	164.81	206.195
3960	164.858	206.194
3962	164.954	205.186
3963	165.002	204.958
3967	165.19	204.947
3971	165.378	204.761
3973	165.484	204.757
3978	165.737	204.46
3983	165.983	204.44
3984	166.034	204.422
3986	166.137	204.42
3987	166.186	204.398
3988	166.236	204.336
3989	166.287	204.324
3990	166.335	203.863
3994	166.527	203.859
3996	166.622	203.856
3998	166.72	203.804
3999	166.771	203.743
4000	166.822	203.723
4002	166.918	203.684
4005	167.063	203.53
4007	167.157	203.504
4008	167.21	203.501
4010	167.308	203.497
4015	167.545	203.494
4016	167.593	203.457
4018	167.69	203.179
4021	167.834	203.167
4023	167.929	203.158
4024	167.976	203.128
4025	168.029	203.082
4026	168.081	202.835
4034	168.517	202.756
4036	168.619	202.636
4040	168.814	202.603
4043	168.961	202.372
4046	169.104	202.366
4048	169.2	202.358
4049	169.248	202.095
4050	169.296	202.022
4051	169.343	202.017
4054	169.486	202.001
4055	169.534	201.894
4059	169.726	201.888
4062	169.869	201.867
4069	170.218	201.84
4070	170.266	201.349
4072	170.365	201.316
4078	170.654	201.234
4079	170.704	201.217
4080	170.753	201.206
4081	170.802	201.205
4082	170.85	201.205
4083	170.898	201.202
4084	170.945	201.048
4085	170.993	201.043
4086	171.042	201.035
4087	171.09	201.035
4089	171.186	201.035
4090	171.234	201.03
4091	171.283	200.975
4092	171.332	200.963
4095	171.474	200.819
4096	171.525	200.811
4097	171.591	200.789
4100	171.756	200.773
4102	171.853	200.772
4104	171.949	200.744
4105	171.998	200.743
4106	172.048	200.738
4107	172.095	200.738
4108	172.146	200.737
4109	172.194	200.731
4110	172.242	200.725
4112	172.34	200.693
4115	172.491	200.474
4117	172.59	200.099
4118	172.64	200.094
4121	172.788	199.862
4123	172.891	199.814
4124	172.94	199.813
4125	172.988	199.314
4126	173.037	199.251
4128	173.135	199.081
4130	173.231	199.035
4132	173.329	199.026
4134	173.425	199.025
4135	173.473	199.008
4137	173.569	199.003
4138	173.617	198.999
4139	173.665	198.999
4140	173.715	198.999
4142	173.81	198.992
4144	173.906	198.975
4145	173.953	198.965
4147	174.05	198.965
4148	174.097	198.964
4149	174.146	198.953
4150	174.194	198.594
4151	174.258	198.289
4152	174.306	198.259
4156	174.509	198.252
4157	174.562	198.241
4159	174.665	198.159
4160	174.713	198.159
4162	174.811	198.158
4163	174.86	198.125
4164	174.908	198.124
4165	174.955	197.656
4167	175.08	197.656
4169	175.185	197.653
4170	175.244	197.652
4172	175.347	197.648
4174	175.445	197.647
4175	175.494	197.645
4177	175.591	197.637
4178	175.641	197.637
4179	175.693	197.625
4181	175.79	197.624
4182	175.839	197.313
4183	175.887	197.28
4184	175.935	197.279
4185	175.984	197.278
4187	176.082	197.274
4189	176.179	197.273
4190	176.228	197.219
4191	176.278	197.206
4193	176.376	197.157
4195	176.484	197.156
4196	176.532	197.151
4200	176.738	197.146
4201	176.792	197.142
4202	176.844	197.106
4203	176.894	196.702
4205	176.997	196.7
4208	177.144	196.7
4211	177.292	196.551
4212	177.339	196.547
4213	177.388	196.547
4214	177.436	196.536
4216	177.534	196.534
4218	177.632	196.389
4223	177.872	196.376
4224	177.921	196.36
4225	177.969	196.345
4226	178.018	196.315
4228	178.114	196.306
4229	178.163	196.301
4238	178.613	196.267
4239	178.661	196.234
4240	178.716	196.223
4242	178.816	196.16
4245	178.961	196.124
4247	179.057	196.081
4249	179.154	196.06
4251	179.252	196.053
4252	179.301	196.052
4253	179.35	196.048
4255	179.45	196.03
4258	179.616	195.785
4260	179.716	195.762
4261	179.765	195.746
4262	179.83	195.641
4263	179.906	195.635
4264	179.963	195.608
4265	180.013	195.596
4266	180.064	195.419
4268	180.163	195.418
4276	180.554	195.327
4280	180.748	194.846
4283	180.895	194.659
4284	180.945	194.654
4286	181.042	194.651
4289	181.189	194.468
4291	181.297	194.466
4294	181.442	194.456
4295	181.491	194.4
4299	181.686	194.394
4300	181.735	194.382
4301	181.784	194.38
4302	181.832	194.375
4305	181.98	194.345
4306	182.036	194.331
4308	182.137	194.323
4310	182.238	194.304
4312	182.337	194.287
4313	182.385	194.278
4318	182.628	193.184
4319	182.677	193.181
4321	182.774	193.18
4322	182.823	193.178
4324	182.919	193.016
4325	182.968	193.014
4326	183.017	193.013
4327	183.067	193.012
4329	183.164	193.008
4330	183.212	193.003
4331	183.261	192.976
4332	183.309	192.959
4335	183.454	192.867
4336	183.502	192.861
4337	183.55	192.844
4340	183.695	192.825
4342	183.792	192.824
4345	183.939	192.823
4346	183.988	192.822
4347	184.036	192.821
4348	184.085	192.819
4349	184.133	192.814
4350	184.181	192.792
4351	184.229	192.789
4352	184.278	192.751
4354	184.374	192.751
4355	184.423	192.685
4356	184.471	192.684
4357	184.519	192.673
4360	184.665	192.672
4361	184.713	192.493
4362	184.761	192.49
4363	184.81	192.468
4365	184.907	192.089
4366	184.955	192.04
4368	185.052	191.868
4369	185.101	191.862
4370	185.149	191.827
4371	185.197	191.818
4372	185.246	191.805
4375	185.391	191.803
4376	185.439	191.778
4377	185.487	191.766
4382	185.73	191.765
4384	185.827	191.762
4387	185.975	191.762
4388	186.025	191.761
4389	186.074	191.744
4390	186.123	191.634
4391	186.172	191.376
4393	186.269	191.35
4397	186.463	191.346
4398	186.511	191.332
4399	186.56	191.249
4400	186.609	191.248
4402	186.706	191.244
4403	186.755	191.227
4404	186.804	191.226
4405	186.853	190.862
4410	187.097	190.86
4411	187.145	190.809
4412	187.194	190.805
4413	187.242	190.805
4415	187.34	190.805
4417	187.502	190.756
4418	187.553	190.755
4419	187.616	190.749
4422	187.868	190.424
4423	187.918	190.422
4425	188.016	190.418
4427	188.114	190.416
4429	188.214	190.415
4430	188.263	190.174
4431	188.312	190.169
4433	188.409	190.123
4435	188.506	190.121
4440	188.748	190.078
4442	188.846	188.477
4443	188.895	188.218
4446	189.043	188.216
4447	189.092	188.211
4451	189.287	188.111
4452	189.337	188.107
4453	189.386	188.105
4458	189.631	187.771
4464	189.931	187.758
4466	190.031	187.748
4468	190.128	187.742
4472	190.323	187.734
4475	190.473	187.729
4478	190.622	187.694
4479	190.671	187.659
4482	190.821	187.624
4485	190.967	187.394
4489	191.161	187.32
4495	191.468	187.242
4496	191.517	186.771
4498	191.615	186.535
4500	191.713	186.475
4501	191.765	186.466
4502	191.815	186.377
4504	191.919	186.22
4506	192.022	186.072
4509	192.175	186.059
4516	192.52	185.969
4519	192.668	185.965
4520	192.717	184.804
4524	192.911	184.763
4525	192.96	184.76
4526	193.009	184.622
4529	193.156	184.454
4533	193.352	184.452
4534	193.402	184.426
4535	193.451	184.37
4538	193.598	184.326
4539	193.647	184.325
4541	193.745	184.237
4542	193.793	184.234
4545	193.941	184.209
4546	193.99	184.168
4548	194.087	184.162
4549	194.135	184.161
4552	194.283	184.148
4558	194.577	183.928
4559	194.625	183.925
4561	194.722	183.925
4563	194.821	183.918
4564	194.872	183.719
4565	194.921	183.718
4567	195.022	183.717
4568	195.072	183.716
4569	195.144	183.711
4570	195.197	183.708
4571	195.248	183.681
4572	195.296	183.671
4574	195.393	183.671
4575	195.442	183.535
4576	195.49	183.533
4577	195.539	183.527
4578	195.588	183.525
4580	195.684	183.516
4582	195.782	183.516
4585	195.928	183.514
4586	195.976	183.508
4587	196.025	183.508
4588	196.073	183.506
4589	196.123	183.504
4590	196.172	183.485
4591	196.221	183.482
4592	196.269	183.329
4595	196.415	183.295
4597	196.513	183.255
4598	196.562	183.252
4601	196.711	183.197
4602	196.76	183.195
4603	196.81	183.176
4604	196.863	183.175
4605	196.932	182.99
4607	197.045	182.967
4608	197.094	182.919
4609	197.144	182.914
4610	197.195	182.884
4612	197.293	182.824
4615	197.441	182.823
4617	197.544	182.815
4622	197.794	182.804
4624	197.893	182.783
4625	197.943	182.77
4627	198.039	182.768
4629	198.134	182.753
4630	198.182	182.496
4631	198.231	182.309
4632	198.277	182.294
4633	198.326	182.283
4634	198.373	182.274
4635	198.421	182.271
4636	198.468	182.252
4639	198.612	182.213
4642	198.754	182.213
4643	198.802	182.202
4645	198.896	181.977
4648	199.04	181.974
4649	199.087	181.972
4650	199.135	181.971
4651	199.185	181.901
4652	199.232	181.901
4653	199.28	181.9
4657	199.469	181.894
4659	199.564	181.893
4662	199.72	181.354
4663	199.768	181.349
4665	199.864	181.347
4667	199.961	181.345
4669	200.057	181.344
4670	200.105	181.308
4671	200.152	181.272
4673	200.247	181.239
4674	200.295	181.219
4675	200.342	181.212
4679	200.541	181.001
4680	200.592	180.995
4682	200.689	180.527
4683	200.736	180.335
4687	200.929	180.334
4688	200.977	180.333
4690	201.073	180.271
4691	201.123	180.173
4692	201.172	180.169
4693	201.222	180.166
4695	201.323	180.164
4696	201.37	180.163
4698	201.466	179.924
4703	201.721	179.865
4704	201.769	179.845
4707	201.915	179.844
4708	201.963	179.842
4709	202.012	179.836
4712	202.157	179.79
4714	202.253	179.786
4715	202.301	179.477
4718	202.445	179.456
4719	202.492	179.421
4720	202.54	179.38
4722	202.636	179.342
4725	202.78	178.995
4727	202.876	178.984
4729	202.973	178.964
4735	203.261	178.887
4736	203.309	178.851
4738	203.406	178.659
4739	203.457	178.656
4740	203.506	178.632
4741	203.554	178.624
4742	203.602	178.57
4743	203.651	178.568
4744	203.699	178.538
4746	203.795	178.363
4749	203.939	178.356
4752	204.084	178.356
4754	204.18	178.353
4755	204.229	178.353
4756	204.279	178.317
4758	204.376	178.299
4759	204.424	178.297
4760	204.473	177.882
4762	204.569	177.874
4765	204.713	177.873
4766	204.762	177.839
4769	204.908	177.732
4771	205.004	177.729
4772	205.054	177.709
4779	205.407	177.709
4785	205.702	177.705
4786	205.75	177.684
4790	205.943	177.673
4792	206.04	177.667
4793	206.088	177.656
4796	206.233	177.645
4798	206.33	177.598
4801	206.474	177.598
4802	206.523	177.597
4803	206.572	177.566
4804	206.621	177.451
4805	206.67	177.45
4806	206.718	177.438
4808	206.818	177.435
4809	206.866	177.433
4810	206.915	177.431
4811	206.964	177.41
4812	207.013	177.386
4814	207.11	177.385
4815	207.159	177.243
4816	207.206	177.237
4817	207.255	177.234
4818	207.303	177.233
4820	207.4	177.207
4821	207.449	177.207
4825	207.645	177.205
4826	207.694	177.19
4828	207.793	177.189
4829	207.842	177.186
4830	207.89	177.16
4831	207.939	177.152
4832	207.987	177.096
4835	208.143	176.804
4837	208.24	176.778
4841	208.435	176.652
4842	208.484	176.651
4843	208.532	176.639
4844	208.582	176.639
4845	208.631	175.799
4848	208.777	175.756
4849	208.826	175.694
4850	208.874	175.681
4854	209.071	175.681
4855	209.119	175.68
4856	209.169	175.659
4857	209.217	175.654
4858	209.266	175.654
4862	209.466	175.652
4864	209.564	175.609
4865	209.613	175.605
4869	209.811	175.582
4870	209.86	175.278
4871	209.908	175.115
4873	210.019	175.111
4875	210.124	175.085
4876	210.173	175.067
4877	210.224	175.067
4879	210.326	175.035
4880	210.376	175.034
4881	210.425	175.034
4882	210.478	175.033
4883	210.528	175.025
4884	210.581	175.023
4885	210.63	174.825
4887	210.728	174.824
4888	210.776	174.788
4889	210.825	174.785
4890	210.873	174.784
4891	210.921	174.755
4895	211.123	174.749
4897	211.221	174.748
4899	211.318	174.728
4900	211.368	174.721
4902	211.465	174.527
4903	211.514	174.521
4904	211.562	174.512
4905	211.611	174.511
4907	211.707	174.508
4909	211.804	174.508
4910	211.853	174.442
4911	211.901	174.431
4912	211.949	174.396
4913	211.998	174.362
4914	212.047	174.358
4915	212.095	174.348
4919	212.293	174.05
4920	212.341	174.047
4921	212.391	174.046
4922	212.44	173.519
4923	212.489	173.352
4927	212.685	173.35
4931	212.879	173.252
4935	213.073	173.236
4936	213.122	173.236
4938	213.221	173.059
4943	213.463	173.048
4944	213.512	173.029
4948	213.708	173.028
4949	213.756	173.02
4950	213.805	172.936
4952	213.903	172.93
4955	214.052	172.027
4956	214.103	172.027
4958	214.215	172.007
4959	214.264	171.99
4960	214.313	171.97
4961	214.364	171.97
4962	214.413	171.939
4965	214.561	171.692
4969	214.756	171.662
4971	214.854	171.654
4975	215.049	171.643
4976	215.098	171.618
4978	215.195	171.453
4980	215.293	171.449
4981	215.342	171.439
4983	215.439	171.437
4984	215.488	171.411
4985	215.537	171.408
4986	215.586	171.197
4988	215.737	171.178
4989	215.791	171.171
4996	216.153	171.132
4999	216.301	171.131
5000	216.351	170.783
# FIN	216.351	170.783

