# target=instancias/mondriaan.png T=240 iters=5000 K=32 seed=auto
iter	segundos	MSE
0	0.00214179	7432.94
1	0.0211595	7431.66
2	0.0394559	7430.18
3	0.0594246	7430.09
4	0.0789586	7394.97
5	0.0979401	7376.96
6	0.11605	7357.29
7	0.134865	7357.14
8	0.15396	7353.66
9	0.173063	7336.22
10	0.192188	7336.21
11	0.211451	7301.32
12	0.233116	7299.29
13	0.252943	7299.07
14	0.271454	7298.55
15	0.290445	7288.27
16	0.308268	7247.48
17	0.326528	7247.09
18	0.345139	7184.97
19	0.363145	7184.91
20	0.381641	7127.96
21	0.400061	7127.46
22	0.418252	7127.28
23	0.436649	7037.68
24	0.455248	7027.14
25	0.474089	7027.14
26	0.492569	7026.95
27	0.510819	7020.02
28	0.529234	7018.75
29	0.547832	6989.06
30	0.566456	6988.89
31	0.58507	6988.57
32	0.604092	6984.05
33	0.622828	6932.07
34	0.641787	6931.27
35	0.660569	6904.87
36	0.679715	6890.98
37	0.698956	6890.69
38	0.718189	6815.87
39	0.737105	6802.69
40	0.756127	6799.94
41	0.774862	6788.36
42	0.79338	6766.04
43	0.812079	6737.38
44	0.83108	6675.62
45	0.849942	6675.06
46	0.868526	6671.31
47	0.887823	6624.2
48	0.907838	6624.18
49	0.926732	6618.29
50	0.945526	6546.83
51	0.964154	6522.78
52	0.983004	6511.49
53	1.00202	6490.38
54	1.02126	6489.8
55	1.04046	6452.52
56	1.05998	6452.18
57	1.07922	6451.82
58	1.09838	6451.8
59	1.11766	6448.19
60	1.13681	6448.05
61	1.15627	6447.93
62	1.17567	6361.5
63	1.19535	6354.17
64	1.21479	6354.16
65	1.23482	6317.76
66	1.25464	6317.64
67	1.27496	6317.61
68	1.31588	6317.49
69	1.36457	6305.58
70	1.39058	6303.86
72	1.43511	6303.85
73	1.45482	6303.56
74	1.47426	6303.31
75	1.49368	6273.08
76	1.51343	6272.69
77	1.53317	6271.09
78	1.55325	6259.09
79	1.57273	6220.83
80	1.59256	6194.01
81	1.61203	6187.16
82	1.63141	6174.94
83	1.65099	6137.75
84	1.67067	6088.89
85	1.69074	6086.74
86	1.711	6043.67
87	1.73109	6023.52
88	1.75193	6023.07
89	1.7717	6016.85
90	1.79149	6012.06
91	1.81185	6005.03
92	1.83202	5956.02
93	1.85248	5952.51
94	1.87252	5952.49
95	1.89259	5935.33
96	1.9128	5839.25
97	1.93337	5839.23
98	1.9537	5836.83
99	1.97367	5836.1
100	1.99404	5834.08
101	2.01426	5821.6
102	2.03512	5821.14
103	2.05611	5721.81
104	2.07614	5703.46
105	2.09629	5703.26
106	2.11644	5703.23
107	2.1368	5687.42
108	2.15695	5633.15
109	2.17788	5633.15
110	2.19809	5633.1
111	2.21823	5629.92
112	2.23924	5626.92
113	2.25935	5626.88
114	2.27952	5623.39
115	2.29956	5618.65
116	2.31983	5618.54
117	2.34046	5610.89
119	2.38189	5610.88
120	2.40249	5610.69
121	2.42289	5595.34
122	2.4436	5590.01
123	2.46424	5583.84
124	2.48473	5583.46
125	2.50499	5573.92
126	2.52543	5569.42
127	2.54626	5569.42
128	2.56706	5552.04
129	2.58765	5550.85
130	2.60859	5524.48
131	2.62945	5502.4
132	2.65032	5488.84
133	2.67098	5488.24
134	2.69179	5481.82
135	2.71235	5481.33
136	2.73294	5479.83
137	2.75348	5473.25
138	2.77436	5473.09
139	2.79649	5473.05
140	2.81897	5472.95
141	2.84395	5464
142	2.86796	5456.55
143	2.88901	5448.96
144	2.91023	5444.68
145	2.93235	5444.67
146	2.95352	5434.82
147	2.97419	5419.87
148	2.99487	5405.41
149	3.01626	5404.43
150	3.03704	5403.43
151	3.05852	5403.3
152	3.0807	5371.32
153	3.10324	5347.38
154	3.12455	5294.98
155	3.14602	5294.94
156	3.16895	5267.88
157	3.19142	5264.57
158	3.21292	5264.01
159	3.23544	5263.92
160	3.25775	5263.39
161	3.27956	5234.29
162	3.30133	5204.83
163	3.32407	5200.52
164	3.34596	5187.76
165	3.3671	5172.99
166	3.38828	5170.61
167	3.40947	5144.68
168	3.43066	5144.48
169	3.45219	5144.45
170	3.47408	5144.42
171	3.49527	5144.42
172	3.51704	5127.45
173	3.53822	5077.76
174	3.55981	5056.61
175	3.58217	5056.59
176	3.60489	5047.98
177	3.6275	5047.93
178	3.64896	5038.5
179	3.67017	5038.42
180	3.69271	5037.79
181	3.71467	5037.79
182	3.73599	5027.11
183	3.75808	4998.67
184	3.77989	4998.54
185	3.80145	4987.72
186	3.82299	4978.59
187	3.84488	4952.57
188	3.86712	4948.04
189	3.88935	4932.77
190	3.9119	4883.61
191	3.93398	4861.79
192	3.95589	4859.67
193	3.97784	4858.61
194	3.99987	4798.73
195	4.02172	4798.52
196	4.04375	4791.32
197	4.06562	4777.16
198	4.08787	4777.15
199	4.11029	4704.3
200	4.13256	4704.17
201	4.15477	4664.72
202	4.17688	4661.42
203	4.19888	4584.62
204	4.22115	4581.26
205	4.24362	4535.83
206	4.26618	4534.14
207	4.2887	4534.14
208	4.31131	4518.51
209	4.33439	4515.58
210	4.35721	4512.78
211	4.37972	4506.55
212	4.40195	4501.05
213	4.42447	4483.73
214	4.44743	4464.11
215	4.46986	4463.61
216	4.49231	4461.24
217	4.5151	4461.21
218	4.53776	4429.81
219	4.56048	4423.07
220	4.58356	4359.17
221	4.60649	4356.61
222	4.62969	4344.84
223	4.65298	4343.42
224	4.67585	4342.17
225	4.699	4296.37
226	4.72173	4246.1
227	4.7448	4229.22
228	4.76781	4228.9
229	4.79092	4228.58
230	4.81386	4212.18
231	4.83684	4206.45
232	4.85966	4205.7
233	4.88272	4205.57
234	4.90591	4140.81
235	4.92907	4140.78
236	4.95266	4139.7
237	4.97575	4138.73
238	4.99898	4105.43
239	5.0219	4098.67
240	5.04542	4098.66
241	5.06903	4097.98
242	5.09223	4092.73
243	5.11533	4092.7
244	5.13847	4059.62
245	5.16142	4053.32
246	5.18509	4048.17
247	5.20836	4048.06
248	5.23148	4046.21
249	5.25448	4017.33
250	5.27752	4017.32
251	5.30094	4009.05
252	5.32411	4007.14
253	5.34712	4007.06
254	5.37028	4006.61
255	5.3937	4004.84
256	5.41676	3984.8
257	5.44017	3984.61
258	5.46308	3953.85
259	5.48606	3953.84
260	5.50932	3927.56
261	5.53278	3911.04
262	5.55672	3910.93
263	5.58021	3889.81
264	5.60351	3889.72
265	5.62671	3889.72
266	5.65014	3889.51
267	5.67399	3875.26
268	5.69757	3874.9
269	5.72152	3871
270	5.74536	3870.26
271	5.76952	3870.15
272	5.79357	3869.77
273	5.81763	3851.28
274	5.84129	3850.51
275	5.86494	3840.82
276	5.88839	3838.9
277	5.91246	3838.89
278	5.93604	3775.48
279	5.95987	3755.5
280	5.98353	3751.61
281	6.00727	3751.6
282	6.03142	3736.52
283	6.05517	3726.53
284	6.07919	3724.05
285	6.10325	3723.75
286	6.1272	3721.13
287	6.15086	3717.17
288	6.17537	3717.16
289	6.19892	3716.74
290	6.22251	3619.46
291	6.24656	3593.32
292	6.27061	3579.25
293	6.29447	3563.64
294	6.31853	3561.25
295	6.34253	3521.64
296	6.36632	3521.43
297	6.39055	3521.16
298	6.41516	3521.14
299	6.43894	3518.99
300	6.46289	3518.89
301	6.48682	3518.69
302	6.51101	3497.31
303	6.53524	3477.99
304	6.55922	3477.98
305	6.58351	3460.42
306	6.60744	3460.23
307	6.63152	3460.2
308	6.65584	3460.04
309	6.68035	3450.98
310	6.70443	3450.46
311	6.72839	3448.48
312	6.7526	3448.47
313	6.77696	3448.4
314	6.80112	3448.11
315	6.82542	3408.71
316	6.85017	3408.18
317	6.87431	3407.34
318	6.89872	3397.52
319	6.92309	3389.4
320	6.94733	3368.02
321	6.97159	3360.95
322	6.99603	3343.62
323	7.02052	3315.35
324	7.04532	3309.08
325	7.07055	3308.92
326	7.09492	3278.54
327	7.1197	3266.95
328	7.14434	3266.37
329	7.16871	3258.88
330	7.19304	3238.9
331	7.21755	3235.65
332	7.24221	3225.61
333	7.26674	3224.07
334	7.29132	3224.05
335	7.31588	3213.55
336	7.34054	3171.58
337	7.36549	3171.46
338	7.39065	3168.84
339	7.41529	3168.18
340	7.44044	3164.32
341	7.46553	3162.04
342	7.49051	3161.78
343	7.51539	3121.48
344	7.54094	3106.74
345	7.56627	3106.55
346	7.59132	3105.4
347	7.61617	3099.76
348	7.64102	3089.64
349	7.66619	3089.64
350	7.69201	3089.61
351	7.7176	3083
352	7.74282	3081.87
353	7.76767	3081.78
354	7.79289	3078.33
355	7.81795	3071.95
356	7.84341	3071.62
357	7.86837	3068.83
358	7.89326	3068.82
359	7.91843	3068.78
360	7.94391	3068.58
361	7.96998	3042.04
362	7.99637	3038.72
363	8.02148	3035.46
364	8.04674	3035.12
365	8.07204	3033.52
366	8.09699	3031.95
367	8.12285	3031.88
368	8.1483	3023.04
369	8.17348	3022.94
370	8.19921	3006.8
371	8.22572	3005.5
372	8.25382	3003.92
373	8.28066	3003.72
374	8.30693	3003.53
375	8.33383	3002.97
376	8.36228	2998.42
377	8.3875	2997.94
378	8.41279	2997.75
379	8.43817	2997.75
380	8.4635	2996.69
381	8.49045	2995.65
382	8.51849	2995.48
383	8.54818	2987.58
384	8.57635	2986.33
385	8.60354	2986.31
386	8.62967	2985.37
387	8.65574	2976.7
388	8.68111	2973.61
389	8.70637	2972.91
390	8.73238	2972.66
391	8.7578	2971.62
392	8.78319	2944.29
393	8.80876	2934.74
394	8.8345	2895.67
395	8.86064	2895.67
396	8.88646	2894.69
397	8.91238	2893.03
398	8.93818	2891.23
399	8.96392	2891.07
401	9.01574	2878.96
402	9.04158	2875.43
403	9.06746	2868.95
404	9.09308	2854.55
405	9.11891	2849.3
406	9.14464	2848.74
407	9.17093	2825.74
408	9.19671	2824.02
409	9.22248	2822.34
410	9.249	2822.31
411	9.27525	2822.31
412	9.3011	2821.37
413	9.32701	2813.36
414	9.35308	2795.03
415	9.37991	2794.98
416	9.40623	2761.12
417	9.43233	2761.09
418	9.45877	2752.18
419	9.48553	2752.11
420	9.51196	2751.97
421	9.5384	2751.96
422	9.56495	2750.52
423	9.59139	2742.06
424	9.61838	2740.58
425	9.64487	2737.73
426	9.67115	2737.01
427	9.6978	2729.32
428	9.725	2727.61
429	9.75187	2713.34
430	9.77864	2699.65
431	9.80537	2688.76
432	9.83198	2688.24
433	9.8592	2688.08
434	9.88647	2674.1
435	9.91369	2664.51
436	9.94115	2655.55
437	9.96774	2653.35
438	9.995	2653.34
439	10.0219	2644.66
440	10.0485	2644.52
441	10.0753	2640.81
442	10.1028	2639.11
443	10.1298	2564.41
444	10.1577	2563.22
445	10.1861	2552.97
446	10.2132	2536.99
447	10.24	2536.9
448	10.2673	2528.35
449	10.2944	2516.03
450	10.3214	2514.51
451	10.3481	2513.99
452	10.3756	2511.47
453	10.4029	2506.73
454	10.4309	2486.93
455	10.4582	2486.63
456	10.4855	2486.5
457	10.5123	2486.45
458	10.5393	2475.74
459	10.5664	2461.42
460	10.5934	2459.2
461	10.6203	2455.82
462	10.6476	2454.41
463	10.6751	2447.8
464	10.7028	2446.26
465	10.7306	2421.95
466	10.7574	2404.36
467	10.7845	2393.93
468	10.8119	2380.63
469	10.8389	2380.27
470	10.8662	2371.15
471	10.893	2368.16
472	10.9201	2367.34
473	10.9484	2366.92
474	10.9757	2344.93
475	11.0031	2344.85
476	11.0309	2342.89
477	11.0579	2340.54
478	11.0849	2319.51
479	11.1121	2318.56
480	11.1396	2314.21
481	11.1674	2312.54
482	11.1946	2312.47
484	11.2488	2275.84
485	11.276	2274.85
486	11.303	2267.34
487	11.3302	2266.21
488	11.3577	2264.77
489	11.3848	2259.66
490	11.4123	2259.66
491	11.4396	2249.82
492	11.467	2248.11
493	11.4947	2248.09
494	11.5223	2247.79
495	11.5496	2246.32
496	11.5772	2246.07
497	11.6046	2245.99
498	11.6322	2235.04
499	11.6597	2235.03
500	11.6869	2227.14
501	11.7145	2226.95
502	11.7422	2226.9
503	11.7699	2202.16
504	11.7978	2202.12
505	11.8254	2202.12
506	11.8533	2201.82
507	11.8814	2190.81
508	11.9096	2190.06
509	11.9377	2184.68
510	11.9659	2184.47
511	11.9947	2184.47
512	12.0231	2183.66
513	12.0513	2179.68
514	12.0792	2178.99
515	12.1076	2170.56
516	12.1356	2169.99
517	12.1642	2166.93
518	12.1929	2133.73
519	12.2209	2129.86
520	12.249	2124.38
521	12.277	2124.23
522	12.3049	2116.75
523	12.3334	2115.88
524	12.3632	2115.44
525	12.3917	2115.32
526	12.4197	2114.19
527	12.4479	2113.41
528	12.476	2113.4
529	12.5043	2113.09
530	12.5325	2076.52
531	12.5606	2069.84
532	12.5888	2066.48
533	12.6172	2055.21
534	12.646	2054.13
535	12.6747	2035.74
536	12.703	2035.24
537	12.7312	2035.13
538	12.76	2035.11
539	12.7885	2033.48
540	12.817	2033.42
541	12.8458	2033.33
542	12.8741	2030.07
543	12.9023	2022.44
544	12.9307	2022.43
545	12.9593	2018
546	12.9879	2017.94
547	13.0166	2017.91
548	13.0455	2017.9
549	13.0739	2016.56
550	13.1024	2016.07
551	13.1308	2015.8
552	13.1592	2015.79
553	13.1878	2015.74
554	13.2166	2015.4
555	13.2452	2010.1
556	13.2756	2009.49
557	13.3066	2008.31
558	13.3366	2001.86
559	13.3661	1996.53
560	13.3974	1993.84
561	13.4283	1962.64
562	13.4591	1957.8
563	13.5101	1948.26
564	13.5739	1947.45
565	13.6041	1946.99
566	13.6328	1919.07
567	13.6617	1908.28
568	13.6907	1908.1
569	13.7202	1899.67
570	13.7491	1874.39
571	13.7784	1874.39
572	13.8073	1864.45
573	13.8366	1861.75
574	13.8657	1861.64
575	13.8946	1855.35
576	13.9234	1846.1
577	13.9528	1846.06
578	13.9826	1840.38
579	14.0119	1840.04
580	14.0411	1832.52
581	14.0705	1823.45
582	14.1008	1822.43
583	14.1305	1802.01
584	14.1627	1801.62
585	14.1939	1801.52
586	14.2239	1800.82
587	14.2543	1799.79
588	14.2844	1786.78
591	14.373	1785.59
592	14.4024	1778.54
593	14.4322	1778.53
594	14.4617	1778.16
595	14.4912	1776.03
596	14.5208	1775.54
597	14.5523	1775.31
598	14.5831	1775.3
599	14.6128	1775.27
600	14.6423	1775.17
601	14.672	1768.28
602	14.7019	1766.78
603	14.7315	1763.24
604	14.7619	1762.85
605	14.7919	1762.38
606	14.8215	1760.68
607	14.8513	1760.52
608	14.881	1757.67
609	14.9114	1757.65
610	14.9414	1748.44
611	14.971	1748.41
612	15.0007	1744.03
613	15.0304	1743.95
614	15.0606	1743.86
615	15.0908	1743.39
616	15.1208	1739.11
617	15.1508	1738.35
618	15.1808	1738.15
619	15.2108	1738.15
620	15.2411	1737.37
621	15.2708	1736.89
622	15.3007	1735.93
623	15.3306	1734.84
624	15.3609	1732.39
625	15.3908	1732.33
626	15.4208	1725.26
627	15.4511	1724.14
628	15.4938	1721.91
629	15.5325	1720.76
630	15.5648	1718.24
631	15.5976	1718.19
632	15.6277	1710.73
633	15.6589	1710.56
634	15.6894	1700.41
635	15.7201	1700.35
636	15.7516	1699.4
637	15.7829	1698.76
638	15.8138	1697.56
639	15.845	1697.45
640	15.8755	1697.28
641	15.9059	1696.14
642	15.937	1695.78
643	15.9672	1695.33
644	15.9979	1692.33
645	16.0294	1691.24
646	16.0602	1690.82
647	16.0918	1680.38
648	16.1227	1679.51
649	16.1539	1671.88
650	16.1846	1671.82
651	16.2163	1671.82
652	16.2474	1669.61
653	16.2783	1667.42
654	16.3107	1662.44
655	16.3419	1662.41
656	16.3739	1658.5
657	16.4053	1658.34
658	16.4384	1658.19
659	16.4696	1658.18
661	16.5455	1658.17
662	16.5769	1657.9
663	16.6082	1655.64
664	16.6407	1621.51
665	16.6721	1617
666	16.7042	1616.69
667	16.7395	1614.37
668	16.7731	1614.22
669	16.8054	1609.54
670	16.8494	1591.48
671	16.8808	1589.24
672	16.912	1589.08
673	16.9432	1588.83
674	16.9761	1584.9
675	17.0073	1579.5
676	17.0386	1574.08
677	17.0706	1573.81
678	17.1025	1573.8
679	17.1335	1570.67
680	17.1658	1570.59
681	17.1981	1568.77
682	17.2296	1568.15
683	17.2621	1541.96
684	17.2952	1540.89
685	17.3278	1540.26
686	17.3594	1539.69
687	17.3922	1539.67
688	17.4234	1536.82
689	17.4556	1533.27
690	17.4874	1528.95
691	17.5198	1527.57
692	17.5581	1527.11
693	17.5927	1526.93
694	17.6258	1524.22
695	17.6585	1523.65
696	17.6904	1523.36
697	17.7218	1523.36
698	17.7534	1520.35
699	17.7851	1517.68
700	17.8169	1514.67
701	17.849	1514.6
702	17.8807	1514.42
703	17.9125	1510.16
704	17.945	1510.01
705	17.9786	1502.01
706	18.0116	1492.42
707	18.0442	1478.01
708	18.0769	1477.31
709	18.109	1477.31
710	18.1411	1476.14
711	18.1735	1474.08
712	18.2057	1472.61
713	18.2382	1471.17
714	18.2699	1447.99
715	18.3018	1447.91
716	18.3348	1435.87
717	18.3669	1435.56
718	18.3988	1406.33
719	18.4315	1406.32
720	18.4638	1406.08
721	18.4945	1405.8
722	18.5259	1405.74
724	18.5899	1385.42
725	18.622	1383.76
726	18.6533	1377.28
727	18.6843	1376.93
728	18.7152	1375.94
729	18.7471	1375.56
730	18.7782	1375.55
731	18.8109	1374.68
732	18.8426	1373.56
733	18.8736	1373.45
734	18.9053	1373.21
735	18.9413	1371.79
736	18.9738	1371.15
738	19.0456	1364.71
739	19.0815	1364.7
740	19.1145	1364.43
741	19.1508	1361.01
742	19.1834	1360.91
743	19.2158	1355.95
744	19.2504	1355.95
746	19.3187	1355.64
747	19.3504	1350.63
748	19.3847	1350.28
749	19.4163	1347.36
750	19.4483	1347.22
752	19.5115	1346.88
753	19.543	1342.77
754	19.575	1342.36
755	19.6074	1333.7
756	19.6391	1333.46
757	19.6714	1333.43
758	19.7034	1331.06
759	19.735	1330.84
760	19.7677	1326.36
761	19.8	1326.31
762	19.8316	1318.63
763	19.8638	1315.58
764	19.8971	1315.5
765	19.9309	1315.48
766	19.9835	1314.99
767	20.0158	1314.06
768	20.0486	1314.06
769	20.0819	1311.14
770	20.1143	1303.27
771	20.1475	1296.64
772	20.1803	1293.35
773	20.2133	1289.66
774	20.2456	1284.3
775	20.2793	1278.55
776	20.3121	1278.2
777	20.3445	1278.1
778	20.3776	1278.08
779	20.4101	1277.95
781	20.4762	1277.9
782	20.5084	1276.42
783	20.541	1267.76
784	20.5747	1267.76
785	20.6073	1257.19
786	20.6399	1255.34
787	20.6729	1255.33
788	20.7051	1255.15
789	20.7373	1254.09
790	20.7703	1249.55
791	20.8026	1249.21
792	20.8346	1249.2
793	20.867	1249.19
794	20.8996	1248.67
795	20.9325	1248.28
796	20.9655	1246.17
797	20.9978	1245.96
798	21.0302	1242.27
799	21.0637	1242.19
800	21.0968	1240.28
801	21.1302	1237.63
802	21.1624	1228.29
803	21.1961	1214.38
804	21.2287	1213.53
805	21.2613	1213.5
806	21.2951	1207.15
807	21.3279	1204.54
808	21.3605	1203.94
809	21.3938	1199.19
810	21.4267	1197.41
811	21.46	1197.4
812	21.4932	1191.56
813	21.5264	1191.23
814	21.561	1191.1
815	21.595	1187.76
816	21.6284	1186.77
817	21.6616	1186.76
818	21.6949	1186.09
819	21.7287	1186.03
820	21.7634	1185.01
821	21.7964	1179.74
822	21.8294	1179.54
823	21.8633	1179.08
824	21.8974	1178.84
825	21.9314	1178.56
826	21.966	1178.15
827	21.9997	1177.87
828	22.0339	1173.53
830	22.1013	1173.5
831	22.1358	1173.12
832	22.1696	1168.31
833	22.2028	1168.3
834	22.2361	1167.17
835	22.2692	1165.36
836	22.3029	1164.76
837	22.3364	1164.6
838	22.3699	1163.88
839	22.4038	1163.87
840	22.4369	1163.85
841	22.47	1154.24
842	22.5036	1153.72
843	22.5369	1153.2
844	22.5705	1153
845	22.6047	1151.22
846	22.6387	1141.43
848	22.706	1138.86
849	22.7392	1138.83
850	22.7733	1136.54
851	22.8074	1136.46
852	22.8512	1135.09
853	22.8887	1135.04
854	22.9236	1135.02
855	22.9573	1134.38
856	22.993	1133.13
857	23.0268	1132.23
859	23.096	1132.23
860	23.1296	1132.12
861	23.1655	1131.67
862	23.2023	1131.38
863	23.239	1128.73
864	23.2763	1127.01
865	23.3511	1126.98
866	23.415	1126.3
867	23.4496	1124.72
868	23.4844	1123.73
869	23.5183	1123.4
870	23.5527	1123.32
871	23.5862	1123.24
872	23.6196	1111.15
873	23.6529	1110.53
874	23.6869	1108.35
875	23.7209	1108.35
876	23.7549	1108.06
877	23.7885	1108
878	23.822	1107.69
879	23.8557	1107.66
880	23.889	1107.43
881	23.9233	1106.51
882	23.9566	1106.44
884	24.0232	1104.45
885	24.0571	1104.43
886	24.0909	1104.19
887	24.1267	1098.85
888	24.1604	1098.81
889	24.1941	1098.77
890	24.228	1098.76
891	24.2618	1098.76
892	24.2951	1097.9
893	24.3294	1097.15
894	24.3637	1095.63
895	24.3975	1095.6
896	24.4321	1094.21
897	24.4665	1093.7
898	24.5009	1093.17
899	24.535	1093.16
900	24.5701	1093.1
901	24.6046	1093.08
902	24.6386	1092.99
903	24.6725	1091.77
904	24.7065	1072.22
905	24.7413	1070.05
906	24.7756	1069.95
907	24.8099	1069.66
908	24.844	1069.58
909	24.8782	1069.5
910	24.9127	1061.98
911	24.9469	1061.76
912	24.9815	1061.65
913	25.0156	1061.44
915	25.0835	1054.77
916	25.1177	1052.43
917	25.1522	1050.11
918	25.1865	1049.67
919	25.2206	1047.24
920	25.2552	1047.17
921	25.2895	1046.67
922	25.3239	1046.57
923	25.358	1034.28
924	25.3928	1032.76
925	25.4289	1030.11
926	25.4638	1029.95
927	25.4982	1029.94
928	25.5329	1026.56
929	25.5679	1025.67
930	25.6029	1025.14
931	25.6375	1024.6
932	25.6722	1024.58
933	25.707	1024.52
934	25.7421	1023.75
936	25.8119	1023.65
938	25.881	1022.99
939	25.9162	1022.83
940	25.9507	1020.68
941	25.9863	1020.63
942	26.0221	1019.15
943	26.0573	1017.72
944	26.0926	1017.7
945	26.1283	1014.14
946	26.1638	1013.7
947	26.1992	1010.88
948	26.2369	1010.57
949	26.3198	1010.54
950	26.3647	1009.1
951	26.3996	1006.25
952	26.4345	1006.1
953	26.4694	1005.45
954	26.5046	1002.33
955	26.5391	1002.32
956	26.5744	1001.85
957	26.6096	1001.4
958	26.6451	997.015
959	26.68	996.838
960	26.7155	996.632
961	26.7519	996.27
962	26.7871	996.264
963	26.8222	996.257
964	26.8576	996.117
965	26.893	994.789
966	26.9288	992.774
967	26.9648	992.521
968	27.0002	992.06
969	27.0354	991.952
970	27.0708	991.949
971	27.1076	991.833
972	27.1443	991.245
973	27.1797	991.235
974	27.2171	991.031
975	27.2531	988.313
976	27.2907	988.264
977	27.3262	988.249
978	27.3614	984.669
979	27.3975	984.657
980	27.4335	984.64
981	27.4695	983.798
982	27.5057	983.784
983	27.541	983.065
984	27.5781	983.062
986	27.6509	981.282
987	27.686	978.906
988	27.7227	978.669
989	27.7588	975.989
990	27.7971	975.408
991	27.8325	974.53
992	27.8678	974.45
993	27.9034	964.694
994	27.9387	964.448
995	27.9745	961.718
996	28.0099	961.341
997	28.0454	961.332
998	28.0822	959.086
999	28.1182	958.817
1000	28.1534	954.971
1001	28.1893	954.962
1002	28.2249	952.088
1003	28.2607	951.917
1004	28.2969	951.834
1005	28.3328	951.656
1006	28.3686	950.882
1007	28.4051	950.518
1008	28.4409	950.511
1009	28.4769	950.472
1010	28.5137	942.051
1011	28.5495	941.639
1012	28.5853	940.248
1013	28.6217	938.371
1014	28.6574	938.157
1015	28.6935	936.951
1016	28.7321	936.863
1017	28.7865	936.766
1018	28.8229	936.684
1019	28.8607	936.61
1020	28.8968	936.586
1021	28.9338	936.513
1022	28.9707	936.02
1023	29.0078	935.848
1024	29.0448	935.846
1025	29.0818	934.718
1026	29.1182	934.455
1028	29.1911	934.28
1029	29.2277	933.688
1030	29.2642	933.196
1031	29.3003	932.916
1032	29.3362	932.914
1033	29.373	932.906
1034	29.414	932.709
1035	29.4525	932.473
1036	29.4906	930.72
1037	29.5281	930.474
1038	29.5661	927.787
1039	29.6027	927.725
1040	29.6416	925.948
1041	29.68	911.932
1042	29.7185	909.562
1043	29.7592	907.529
1044	29.7982	907.438
1045	29.8345	907.432
1046	29.8702	905.756
1047	29.9064	905.592
1048	29.9432	905.574
1049	29.9801	904.989
1050	30.0161	904.488
1052	30.0898	902.746
1053	30.1272	902.58
1054	30.1638	902.359
1055	30.2009	902.026
1056	30.2379	901.733
1058	30.3112	900.937
1059	30.3477	900.934
1060	30.3852	900.785
1061	30.4216	887.662
1062	30.4581	887.535
1063	30.4958	885.729
1064	30.5325	885.602
1065	30.5687	885.575
1066	30.6057	885.316
1067	30.6421	885.135
1068	30.6804	882.914
1070	30.7536	882.904
1071	30.7905	882.707
1072	30.827	879.312
1073	30.8637	879.302
1074	30.9012	878.704
1075	30.9385	877.712
1076	30.9751	877.068
1077	31.0118	877.003
1078	31.0486	876.982
1079	31.0856	876.89
1080	31.1225	876.884
1081	31.1598	875.507
1083	31.2326	874.318
1084	31.2695	874.072
1085	31.3065	873.641
1086	31.3441	868.678
1087	31.3808	868.531
1088	31.4178	866.625
1089	31.4548	866.569
1090	31.4914	865.172
1091	31.5283	865.131
1092	31.5654	864.778
1093	31.6022	864.77
1094	31.6399	864.765
1095	31.6769	863.73
1096	31.7147	861.765
1097	31.7513	860.108
1098	31.7878	860.1
1099	31.825	860.099
1101	31.8997	860.039
1102	31.9399	859.921
1103	31.9782	859.535
1104	32.0157	859.123
1105	32.0526	859.067
1106	32.0895	858.992
1107	32.1266	857.95
1108	32.164	857.188
1109	32.2015	857.111
1111	32.2756	856.951
1112	32.3144	855.979
1113	32.3513	854.594
1114	32.3886	854.467
1115	32.4262	854.445
1116	32.4634	853.729
1117	32.5004	853.712
1118	32.5371	853.151
1120	32.6133	853.047
1121	32.6504	852.934
1122	32.6878	852.849
1123	32.7251	852.429
1124	32.7641	841.277
1125	32.8045	841.261
1127	32.8823	838.434
1128	32.9314	838.376
1129	32.9793	838.348
1130	33.0184	838.338
1131	33.0556	838.338
1132	33.0963	836.773
1133	33.1348	836.475
1134	33.1726	836.112
1135	33.2098	836.111
1136	33.2476	835.635
1137	33.285	835.624
1139	33.3601	835.554
1140	33.3979	833.977
1141	33.4352	833.966
1142	33.4726	833.96
1143	33.5098	833.257
1144	33.5482	782.749
1145	33.5855	782.272
1146	33.6234	782.209
1147	33.6607	780.791
1148	33.6983	780.725
1149	33.7357	780.715
1150	33.7734	772.879
1151	33.8308	772.287
1152	33.9093	770.277
1153	33.9474	770.191
1154	33.9855	763.813
1155	34.0238	759.679
1156	34.0611	757.479
1157	34.1015	756.147
1158	34.1411	755.886
1159	34.179	755.758
1160	34.2179	755.709
1161	34.2569	755.604
1162	34.2948	755.529
1163	34.3333	751.463
1164	34.3713	750.794
1165	34.4088	750.103
1166	34.4477	749.894
1167	34.4859	749.892
1168	34.5234	749.097
1169	34.5618	748.914
1170	34.5999	748.879
1171	34.6398	748.813
1172	34.6802	748.786
1173	34.719	748.756
1174	34.7576	747.981
1175	34.7956	747.775
1176	34.8336	747.72
1177	34.8723	747.689
1178	34.9114	747.649
1179	34.9493	747.395
1180	34.9874	746.281
1181	35.0254	746.246
1182	35.0638	745.177
1183	35.1028	745.032
1184	35.1412	744.722
1185	35.1797	744.583
1186	35.2176	744.228
1187	35.2558	741.721
1188	35.2949	741.315
1189	35.3336	741.305
1190	35.372	739.784
1191	35.4108	736.866
1192	35.4488	736.734
1193	35.4868	736.037
1194	35.5252	735.245
1195	35.5636	735.206
1196	35.6014	734.589
1197	35.6396	734.151
1198	35.6775	729.039
1199	35.7159	728.665
1200	35.7551	728.63
1201	35.7939	728.166
1202	35.8332	728.163
1203	35.8715	728.16
1204	35.9092	728.036
1205	35.9479	727.442
1206	35.9875	725.881
1207	36.0284	725.721
1208	36.0695	725.329
1209	36.1097	725.304
1211	36.1873	725.255
1212	36.2257	724.964
1213	36.2649	724.962
1214	36.3052	724.67
1215	36.3446	723.186
1216	36.3833	723.16
1217	36.4213	723.155
1218	36.4594	722.52
1219	36.4981	722.377
1220	36.5364	722.367
1221	36.5751	722.185
1222	36.6129	722.175
1223	36.6518	721.286
1224	36.6902	721.286
1225	36.7284	721.284
1226	36.7667	719.489
1227	36.8048	719.107
1228	36.8431	718.902
1229	36.8814	718.792
1230	36.9199	718.597
1232	36.997	718.069
1233	37.0355	717.654
1234	37.0744	717.33
1235	37.1128	717.273
1236	37.1516	716.94
1237	37.1903	716.939
1238	37.2295	716.86
1239	37.268	716.799
1240	37.3297	713.814
1241	37.3758	713.785
1242	37.4177	713.223
1243	37.4585	713.127
1244	37.498	713.12
1245	37.5364	713.028
1246	37.575	712.691
1247	37.6132	712.28
1248	37.6517	712.278
1249	37.6903	712.268
1250	37.7287	712.092
1251	37.7678	711.901
1252	37.8059	711.002
1253	37.8446	710.711
1254	37.8839	710.544
1255	37.9234	709.983
1256	37.9619	709.633
1257	38.0007	709.617
1258	38.0396	709.589
1259	38.0783	709.537
1260	38.1168	709.518
1261	38.1563	709.413
1262	38.196	709.002
1263	38.2353	708.99
1264	38.2741	708.99
1265	38.3128	708.923
1266	38.352	708.639
1267	38.3919	708.635
1268	38.4309	708.424
1269	38.4701	708.237
1270	38.5112	707.427
1271	38.5543	706.985
1272	38.599	706.984
1273	38.6388	706.97
1274	38.6771	706.429
1275	38.7154	706.13
1276	38.7553	705.059
1277	38.7943	704.977
1278	38.8333	703.083
1279	38.873	703.067
1280	38.9118	699.979
1281	38.9501	698.472
1282	38.989	698.287
1283	39.0274	694.252
1284	39.0663	694.218
1285	39.105	694.013
1286	39.1444	692.395
1287	39.1998	692.338
1288	39.2429	692.232
1289	39.2824	691.603
1290	39.3231	691.465
1291	39.3627	691.419
1292	39.4023	689.47
1293	39.4413	688.736
1294	39.4802	688.008
1295	39.5211	687.892
1296	39.5617	687.848
1297	39.6049	687.805
1298	39.6437	686.961
1299	39.6826	686.958
1300	39.7214	686.851
1301	39.7613	669.686
1302	39.7999	669.645
1303	39.8392	669.001
1304	39.8794	668.934
1306	39.9569	668.859
1307	39.9992	668.745
1308	40.0411	668.29
1309	40.0825	668.29
1310	40.1219	668.254
1311	40.1629	668.142
1312	40.2046	667.913
1313	40.2474	667.908
1314	40.2889	667.433
1315	40.3282	667.002
1316	40.3684	666.539
1317	40.4082	666.156
1318	40.4478	666.118
1319	40.488	666.104
1320	40.5271	666.1
1321	40.5673	664.653
1322	40.6067	664.315
1323	40.648	661.803
1324	40.6899	661.716
1325	40.7298	661.305
1326	40.7688	659.9
1327	40.8081	659.85
1328	40.8483	658.141
1329	40.8874	658.119
1330	40.9267	657.125
1331	40.9657	657.117
1332	41.0047	657.038
1333	41.0439	657.037
1334	41.0839	657.015
1335	41.1235	656.843
1336	41.1631	654.785
1337	41.2027	653.288
1338	41.2423	653.257
1339	41.2817	653.255
1340	41.3213	653.234
1341	41.3608	653.172
1342	41.4004	653.03
1344	41.4798	652.591
1345	41.5207	652.581
1346	41.5597	652.535
1347	41.6035	651.704
1348	41.6455	651.532
1349	41.6849	651.495
1350	41.7249	648.614
1351	41.7639	647.993
1352	41.8031	647.807
1353	41.843	645.324
1354	41.8833	645.288
1355	41.9235	645.287
1356	41.9629	644.614
1357	42.0019	644.265
1358	42.0423	643.331
1360	42.1244	643.192
1361	42.1644	643.124
1362	42.2045	643.121
1363	42.2445	642.946
1364	42.2846	641.852
1365	42.3243	641.844
1367	42.4028	640.854
1369	42.4821	640.829
1370	42.5215	640.815
1371	42.5615	640.815
1372	42.612	640.625
1373	42.6552	640.161
1374	42.6951	639.967
1375	42.7348	639.394
1376	42.7741	639.206
1377	42.8139	639.2
1378	42.8549	639.077
1379	42.8962	639.069
1380	42.9361	639.048
1381	42.9756	639.034
1382	43.0156	638.875
1383	43.0556	638.023
1384	43.0959	623.902
1385	43.1359	623.769
1386	43.1757	623.766
1387	43.2157	623.734
1388	43.255	623.724
1389	43.2945	623.711
1390	43.3363	623.649
1391	43.3769	623.486
1392	43.4166	623.313
1393	43.4566	622.984
1394	43.4974	622.673
1395	43.5427	613.71
1396	43.5887	612.464
1397	43.6335	611.446
1398	43.6789	611.439
1399	43.7209	611.241
1400	43.7616	611.21
1401	43.8019	611.032
1402	43.8421	610.997
1403	43.8825	609.251
1404	43.9226	609.206
1405	43.9722	609.127
1406	44.0204	609.068
1407	44.0679	608.999
1408	44.1109	608.65
1409	44.1637	608.596
1410	44.2085	608.488
1411	44.2641	608.451
1412	44.3096	608.446
1413	44.3538	608.418
1414	44.3961	608.191
1415	44.4395	607.706
1416	44.4824	607.678
1417	44.5359	607.669
1420	44.6796	606.763
1422	44.7649	605.759
1423	44.8077	605.57
1424	44.8576	605.507
1425	44.9003	605.497
1426	44.942	605.481
1427	44.9847	603.658
1428	45.0269	603.648
1429	45.0815	603.635
1430	45.1252	602.943
1431	45.1669	601.998
1432	45.2079	601.909
1433	45.2492	601.483
1434	45.2899	600.756
1435	45.3306	600.736
1437	45.4133	600.601
1438	45.4541	600.575
1439	45.495	600.538
1440	45.5367	600.501
1441	45.5785	600.429
1442	45.6196	600.429
1443	45.6606	600.428
1444	45.7026	600.379
1445	45.7453	600.116
1446	45.7869	599.072
1447	45.828	598.958
1448	45.8698	598.604
1449	45.9118	598.598
1450	45.9533	598.597
1451	45.9942	598.552
1452	46.0349	598.442
1453	46.0758	598.428
1454	46.1165	598.144
1455	46.1576	597.436
1456	46.2001	597.408
1457	46.241	597.399
1458	46.2819	596.892
1459	46.3225	596.844
1460	46.3652	596.806
1461	46.4065	596.711
1462	46.4472	596.693
1463	46.4948	596.325
1465	46.5788	596.324
1466	46.6195	593.88
1467	46.6606	593.554
1468	46.7012	593.549
1469	46.743	593.451
1470	46.7853	593.392
1472	46.8672	593.183
1473	46.9079	593.17
1474	46.9486	593.085
1475	46.9907	593.059
1476	47.0322	592.724
1477	47.075	592.72
1478	47.1156	592.688
1479	47.1579	591.359
1480	47.1987	589.764
1481	47.2395	589.743
1482	47.2837	589.635
1483	47.3257	589.611
1484	47.3664	589.606
1485	47.4079	589.343
1486	47.4495	589.073
1487	47.4909	588.699
1489	47.5753	588.692
1490	47.617	588.575
1491	47.6594	588.507
1492	47.7012	588.21
1493	47.7445	587.171
1494	47.7871	586.963
1495	47.8289	586.294
1496	47.8714	586.237
1497	47.913	586.232
1498	47.9543	586.187
1499	47.9953	586.18
1500	48.0376	586.171
1501	48.0787	586.121
1502	48.1201	586
1503	48.1626	585.983
1504	48.2039	585.982
1505	48.2458	585.896
1506	48.2868	585.82
1508	48.3694	585.795
1509	48.4118	585.738
1510	48.4544	585.721
1511	48.496	585.706
1512	48.5515	585.703
1513	48.5931	585.688
1514	48.6344	585.336
1515	48.6766	585.306
1516	48.718	584.397
1517	48.7611	584.381
1518	48.8031	582.903
1519	48.8442	582.897
1520	48.8853	581.387
1521	48.9267	580.542
1522	48.9688	579.788
1523	49.0109	578.204
1524	49.0519	578.196
1525	49.096	578.093
1526	49.1388	577.398
1527	49.1805	577.337
1528	49.2223	577.252
1529	49.2637	576.565
1530	49.3054	576.524
1531	49.3462	575.78
1532	49.3875	574.173
1533	49.4289	573.522
1535	49.5166	573.519
1536	49.5581	573.489
1537	49.599	573.462
1538	49.6418	572.081
1539	49.6868	572.08
1540	49.7327	572.044
1541	49.7805	554.623
1542	49.8618	554.558
1543	49.9331	554.506
1544	49.9761	554.474
1545	50.0201	554.454
1546	50.063	554.445
1547	50.1117	554.276
1548	50.1541	551.65
1549	50.1988	551.649
1550	50.2424	551.645
1551	50.2853	551.62
1552	50.3367	551.613
1553	50.3782	551.613
1554	50.4205	551.209
1555	50.4627	550.954
1556	50.5041	550.348
1558	50.5859	550.319
1559	50.6294	550.317
1560	50.6708	550.313
1561	50.712	549.354
1562	50.7527	548.894
1563	50.7942	548.803
1564	50.8343	548.783
1565	50.8748	548.384
1566	50.9158	547.349
1568	50.9962	545.73
1569	51.0367	545.728
1570	51.077	545.026
1571	51.1185	545.022
1572	51.1599	545.006
1573	51.2004	545.004
1574	51.2417	544.999
1575	51.2835	544.743
1576	51.3246	543.139
1577	51.3655	542.852
1578	51.4059	540.86
1579	51.4477	540.859
1580	51.4902	540.713
1581	51.5308	540.647
1582	51.5724	540.52
1583	51.615	540.503
1584	51.661	540.24
1585	51.702	540.212
1586	51.7432	540.195
1587	51.7853	539.532
1588	51.8262	539.425
1589	51.867	539.422
1590	51.9082	539.305
1591	51.9496	539.157
1592	51.9908	538.865
1593	52.0324	538.277
1595	52.1335	538.266
1596	52.1858	537.814
1597	52.2295	537.807
1598	52.2722	537.368
1599	52.315	537.363
1600	52.3564	537.005
1601	52.3969	536.972
1602	52.4383	536.958
1603	52.4799	536.908
1604	52.5214	536.632
1605	52.5627	536.614
1607	52.6446	536.432
1610	52.7693	536.428
1612	52.851	536.252
1613	52.8928	535.665
1614	52.9342	535.486
1615	52.9754	535.277
1616	53.0165	535.21
1618	53.0994	534.792
1620	53.1831	534.773
1621	53.2249	534.74
1624	53.3487	529.056
1626	53.4334	529.045
1627	53.4754	528.98
1628	53.5334	528.966
1629	53.5766	528.942
1630	53.6181	528.942
1631	53.6603	528.808
1632	53.7026	527.145
1633	53.7442	526.927
1635	53.8306	526.403
1636	53.8726	525.666
1637	53.9146	524.914
1638	53.9564	524.91
1639	53.9977	524.851
1640	54.0399	524.834
1641	54.0844	524.7
1643	54.2348	524.211
1644	54.2802	524.173
1645	54.3249	524.141
1646	54.3665	524.103
1647	54.4088	523.938
1648	54.4522	523.637
1649	54.4952	523.565
1653	54.6627	523.55
1654	54.7062	523.453
1655	54.7497	523.423
1656	54.792	523.401
1657	54.8347	523.399
1658	54.8779	523.392
1659	54.921	523.317
1660	54.9639	522.633
1661	55.0068	522.628
1662	55.0491	522.591
1663	55.0912	522.514
1665	55.1764	522.492
1666	55.2184	522.441
1667	55.261	521.283
1668	55.3055	520.984
1669	55.3513	520.983
1670	55.3943	520.252
1671	55.4372	519.938
1672	55.4803	519.869
1673	55.5236	519.808
1674	55.5659	519.742
1675	55.6088	519.71
1677	55.694	519.657
1679	55.7791	519.238
1680	55.8224	519.223
1681	55.8649	519.155
1682	55.908	519.154
1683	55.9528	519.153
1684	55.9946	519.148
1685	56.0378	518.928
1686	56.0812	518.264
1687	56.1241	518.175
1688	56.1663	517.83
1689	56.2087	517.824
1690	56.2518	517.823
1691	56.2939	517.792
1692	56.3369	517.492
1694	56.4214	517.341
1695	56.4639	516.968
1696	56.5065	516.965
1697	56.5508	516.957
1698	56.5935	516.735
1699	56.6365	516.727
1700	56.6789	516.717
1701	56.7214	516.582
1702	56.7658	516.541
1703	56.8081	516.368
1705	56.895	516.367
1706	56.938	515.125
1707	56.9808	515.092
1708	57.0237	515.034
1709	57.0807	515.007
1710	57.128	514.92
1712	57.2146	514.65
1713	57.2582	514.649
1714	57.3019	514.626
1715	57.3458	514.587
1716	57.3891	514.331
1717	57.4313	514.329
1718	57.475	514.303
1720	57.5598	513.263
1721	57.6027	513.239
1722	57.6451	513.092
1723	57.688	513.062
1726	57.8159	512.936
1727	57.8599	512.578
1728	57.9033	512.577
1729	57.9457	512.538
1730	57.9893	512.387
1731	58.0324	512.359
1732	58.0757	512.106
1733	58.1211	511.964
1734	58.1646	511.803
1735	58.2078	511.392
1736	58.2505	511.29
1737	58.2931	511.263
1738	58.3363	511.247
1739	58.3797	511.095
1740	58.4233	511.093
1741	58.4664	510.817
1742	58.5122	510.817
1743	58.5584	510.816
1745	58.6522	510.791
1746	58.6959	510.756
1747	58.7403	510.756
1748	58.7856	510.556
1749	58.8297	510.499
1750	58.8739	510.43
1751	58.9165	510.408
1752	58.9589	510.404
1753	59.0015	510.403
1754	59.0436	510.196
1755	59.0867	510.192
1756	59.1291	509.232
1758	59.2158	508.633
1760	59.3006	507.318
1761	59.3434	503.521
1762	59.3858	503.246
1763	59.4281	501.902
1764	59.4711	501.785
1765	59.5132	501.607
1766	59.5563	501.235
1767	59.6035	501.197
1768	59.6458	501.154
1769	59.6886	500.385
1770	59.731	500.375
1771	59.7734	499.953
1772	59.8162	498.747
1773	59.8588	498.183
1774	59.902	498.004
1775	59.9451	497.99
1776	59.9882	497.889
1777	60.0403	497.876
1778	60.0838	496.685
1779	60.1264	496.675
1780	60.1691	496.655
1781	60.212	496.389
1782	60.2578	496.384
1783	60.3031	496.372
1784	60.3462	496.369
1786	60.4324	496.361
1787	60.4752	496.322
1788	60.5187	493.962
1789	60.5612	493.962
1790	60.6045	493.957
1791	60.648	493.93
1792	60.6908	493.875
1793	60.7335	493.862
1794	60.7762	493.479
1795	60.8193	493.377
1796	60.8615	493.12
1798	60.9472	493.074
1799	60.9899	493.069
1800	61.0327	493.068
1801	61.0754	492.536
1802	61.1187	492.001
1803	61.1618	491.969
1804	61.2048	491.89
1805	61.2485	491.559
1806	61.291	490.808
1808	61.3772	490.449
1809	61.4207	490.441
1810	61.463	489.775
1811	61.506	489.77
1813	61.592	489.761
1814	61.6355	489.76
1815	61.6788	489.703
1816	61.7227	488.348
1817	61.7661	488.338
1819	61.8518	488.338
1821	61.9368	488.333
1822	61.9791	488.294
1823	62.0233	488.291
1824	62.0673	487.998
1825	62.1102	487.941
1826	62.1532	487.803
1827	62.1959	487.233
1829	62.2822	487.225
1830	62.325	487.123
1831	62.3676	486.782
1832	62.4105	486.615
1833	62.4541	485.881
1835	62.5415	485.856
1836	62.5845	485.516
1838	62.6726	485.275
1839	62.7156	485.274
1840	62.7591	485.208
1841	62.8018	485.203
1844	62.931	484.622
1845	62.9747	484.598
1846	63.0172	484.562
1847	63.061	483.927
1850	63.1928	483.924
1851	63.2369	483.924
1852	63.28	483.881
1853	63.3228	482.704
1854	63.3658	482.639
1855	63.4083	482.569
1856	63.4524	482.527
1858	63.5393	482.48
1860	63.6263	482.478
1861	63.6701	482.406
1863	63.7558	482.107
1864	63.7984	479.928
1865	63.8423	479.919
1866	63.8852	479.911
1871	64.1001	479.891
1873	64.1879	479.736
1874	64.2316	479.69
1875	64.2748	478.8
1876	64.3192	478.363
1877	64.3629	477.841
1878	64.4063	477.831
1879	64.4507	477.82
1880	64.495	477.819
1881	64.5397	477.678
1883	64.6294	477.423
1884	64.6743	477.416
1885	64.7179	477.381
1887	64.8058	477.361
1888	64.8494	477.344
1889	64.8928	477.264
1893	65.066	477.259
1894	65.1097	477.216
1895	65.153	477.165
1896	65.1964	477.12
1897	65.2404	477.102
1898	65.2836	477.095
1900	65.3712	476.647
1902	65.4588	476.066
1903	65.5023	476.063
1907	65.6774	475.519
1908	65.7229	475.454
1909	65.7685	475.449
1910	65.8132	474.92
1911	65.86	474.399
1912	65.9043	474.317
1913	65.9502	474.263
1914	65.9955	474.054
1915	66.0398	473.998
1916	66.0832	473.949
1917	66.1269	473.941
1918	66.1708	473.404
1919	66.2156	472.229
1920	66.2594	472.224
1921	66.3026	472.213
1922	66.3463	472.212
1923	66.3901	472.209
1924	66.434	472.202
1925	66.4786	471.974
1926	66.5227	471.399
1927	66.5673	471.308
1928	66.6107	471.041
1929	66.6542	471.035
1930	66.6978	471.028
1931	66.7419	471.026
1932	66.7856	470.889
1933	66.831	470.886
1934	66.8762	470.695
1935	66.92	470.586
1936	66.9644	470.584
1937	67.0081	470.581
1938	67.0518	470.361
1939	67.0957	469.989
1941	67.1829	469.943
1942	67.2331	469.941
1943	67.2778	469.627
1944	67.3215	469.626
1946	67.4093	466.465
1947	67.4527	466.448
1948	67.4966	466.414
1949	67.54	466.402
1950	67.5833	466.358
1952	67.6704	466.332
1953	67.7141	466.328
1954	67.7577	466.245
1956	67.845	466.066
1957	67.8891	466.064
1958	67.9324	466.051
1959	67.9763	466.032
1960	68.0205	464.892
1961	68.0639	464.823
1962	68.1089	464.805
1963	68.1527	464.803
1964	68.2008	464.796
1966	68.2955	464.696
1967	68.342	464.481
1968	68.3863	464.481
1969	68.4311	464.466
1970	68.4752	464.301
1971	68.5229	464.271
1972	68.567	464.086
1973	68.6118	463.803
1974	68.6565	463.614
1975	68.7003	462.702
1976	68.7445	462.603
1977	68.7885	462.579
1978	68.8318	462.566
1979	68.8757	462.539
1980	68.9202	462.517
1981	68.9637	462.453
1982	69.0088	462.331
1983	69.0542	462.33
1985	69.1472	462.061
1986	69.1944	462.04
1987	69.2396	462.039
1988	69.2854	462.039
1989	69.3324	462.033
1990	69.3815	462
1991	69.428	461.998
1992	69.4759	461.995
1993	69.5204	461.972
1994	69.565	461.669
1995	69.6111	461.665
1996	69.6555	461.041
1997	69.6998	460.96
1998	69.744	460.149
2000	69.8322	459.026
2001	69.877	458.415
2002	69.921	458.133
2003	69.9653	457.025
2004	70.01	456.967
2005	70.054	456.954
2006	70.098	456.748
2007	70.1424	456.74
2008	70.186	456.731
2009	70.2298	456.272
2010	70.2737	456.259
2011	70.3182	454.277
2012	70.3618	453.043
2013	70.4062	452.757
2014	70.45	452.212
2015	70.4935	452.181
2016	70.5383	452.165
2017	70.5825	452.16
2018	70.6272	451.43
2019	70.6845	451.426
2020	70.7289	451.425
2021	70.7737	449.818
2022	70.818	449.815
2025	70.9498	449.813
2026	70.9934	449.81
2027	71.038	449.777
2028	71.0838	447.616
2029	71.1279	447.616
2031	71.2193	447.242
2033	71.3082	447.241
2034	71.3529	446.896
2035	71.3969	446.851
2038	71.5307	446.844
2039	71.5751	446.84
2040	71.6195	446.838
2041	71.6641	446.554
2042	71.7085	446.246
2044	71.7972	445.784
2045	71.8625	445.523
2046	71.918	444.944
2048	72.0603	443.555
2049	72.1081	443.553
2050	72.1526	443.022
2051	72.1997	443.021
2053	72.2904	443.013
2054	72.3347	443.012
2055	72.3792	442.898
2056	72.4232	442.652
2058	72.5114	441.532
2059	72.5567	441.531
2061	72.6456	441.491
2062	72.6915	441.462
2063	72.7356	441.459
2064	72.7797	440.906
2065	72.8238	440.819
2067	72.9117	440.512
2069	72.9994	440.496
2070	73.0436	440.466
2071	73.0877	440.33
2072	73.1327	440.301
2073	73.1776	440.156
2075	73.2663	440.138
2076	73.3107	439.049
2078	73.4009	438.803
2081	73.5371	438.799
2082	73.5816	438.799
2083	73.6262	438.739
2084	73.6711	437.787
2085	73.715	437.781
2087	73.8035	436.196
2088	73.8478	435.945
2090	73.9367	435.937
2091	73.9806	435.935
2093	74.0697	435.598
2094	74.1142	435.577
2096	74.2043	435.573
2098	74.2922	435.249
2100	74.3811	435.174
2101	74.4255	435.161
2103	74.5139	434.729
2104	74.5582	431.794
2105	74.6022	431.787
2108	74.7357	431.785
2109	74.781	431.776
2110	74.8253	431.772
2111	74.8705	431.755
2112	74.9154	431.663
2113	74.9598	431.64
2114	75.0042	431.368
2115	75.0483	430.601
2117	75.1378	429.859
2118	75.1821	429.858
2120	75.271	429.857
2121	75.3154	429.815
2122	75.3598	429.719
2123	75.4039	429.485
2124	75.4489	429.353
2125	75.4936	429.339
2126	75.5381	429.333
2127	75.5841	429.313
2129	75.6743	429.24
2131	75.7629	429.229
2134	75.8972	429.212
2137	76.0323	429.207
2138	76.0773	429.161
2139	76.1224	429.143
2140	76.1671	428.426
2142	76.2556	427.172
2144	76.3441	427.135
2145	76.3887	427.112
2147	76.4779	426.525
2148	76.5219	426.354
2149	76.5661	426.347
2150	76.6102	425.883
2151	76.6549	425.873
2152	76.6994	425.818
2153	76.744	425.734
2154	76.7883	425.62
2155	76.8327	425.592
2156	76.8774	425.583
2158	76.9678	425.56
2159	77.0119	425
2160	77.0561	424.983
2161	77.101	424.982
2162	77.1464	424.982
2163	77.1909	424.979
2164	77.2354	424.97
2165	77.28	424.662
2166	77.3245	424.228
2167	77.3697	424.081
2168	77.4148	423.604
2169	77.46	423.6
2170	77.5043	423.537
2171	77.5495	423.46
2172	77.5951	423.419
2173	77.6397	423.415
2174	77.6842	423.245
2175	77.7289	423.166
2176	77.7768	423.12
2177	77.8228	423.105
2178	77.8669	422.881
2179	77.9115	422.792
2180	77.9575	422.79
2181	78.0015	422.695
2182	78.0457	422.682
2183	78.0909	422.579
2185	78.1807	422.57
2186	78.2259	421.164
2187	78.27	421.159
2188	78.3151	421.14
2189	78.3593	421.128
2190	78.4036	421.117
2192	78.4931	421.05
2193	78.5377	421.044
2194	78.5818	420.859
2195	78.6259	420.85
2196	78.6716	420.7
2197	78.7161	420.7
2198	78.7609	420.699
2199	78.805	419.963
2200	78.85	418.417
2201	78.8942	418.333
2202	78.9398	418.309
2203	78.9843	418.285
2204	79.0286	418.269
2206	79.1183	418.173
2207	79.1629	418.014
2208	79.2086	418.013
2209	79.2531	418.006
2210	79.2978	417.866
2211	79.3426	417.855
2212	79.3873	417.703
2213	79.4325	417.268
2214	79.4773	417.123
2215	79.522	416.904
2217	79.612	416.885
2218	79.6846	416.842
2220	79.7778	416.808
2221	79.8226	416.746
2222	79.867	416.64
2223	79.912	416.64
2225	80.0035	416.627
2226	80.048	416.581
2227	80.0928	416.58
2230	80.2268	416.553
2231	80.2711	416.545
2232	80.3153	416.544
2233	80.3603	416.543
2234	80.4053	416.204
2235	80.4501	416.194
2236	80.4948	415.399
2237	80.5396	415.321
2238	80.5842	414.611
2240	80.6737	413.49
2241	80.7184	411.916
2242	80.7633	411.446
2243	80.8082	410.32
2244	80.8532	410.309
2246	80.943	410.01
2247	80.9883	410.001
2248	81.0335	409.989
2249	81.0786	409.633
2250	81.1232	409.619
2251	81.169	409.609
2252	81.2139	408.283
2253	81.259	407.936
2254	81.3041	407.927
2255	81.3493	407.926
2257	81.4386	407.922
2258	81.4835	406.999
2259	81.5278	406.998
2261	81.6171	405.581
2263	81.7069	405.578
2264	81.7514	405.576
2266	81.8408	405.574
2267	81.8858	405.569
2268	81.9311	403.691
2269	81.9756	403.69
2270	82.0203	403.652
2271	82.0664	403.626
2274	82.2035	403.338
2275	82.2487	403.268
2278	82.3836	403.262
2279	82.4288	403.262
2280	82.474	403.261
2281	82.5181	402.704
2282	82.5617	402.459
2283	82.6056	402.412
2285	82.6932	402.233
2286	82.7373	401.822
2288	82.8252	400.638
2289	82.8689	400.62
2290	82.9131	400.127
2291	82.9571	400.125
2293	83.0448	400.118
2294	83.0886	400.117
2295	83.1323	400.067
2296	83.1766	399.944
2298	83.2637	396.491
2299	83.3078	396.491
2301	83.3956	396.483
2302	83.4396	396.46
2303	83.4836	396.444
2304	83.5276	396.033
2305	83.5721	396.02
2307	83.6605	395.531
2309	83.7484	395.529
2312	83.8814	395.396
2313	83.9249	395.277
2314	83.9687	395.266
2315	84.0128	395.259
2316	84.0571	395.144
2317	84.101	395.109
2318	84.1449	394.964
2321	84.2769	394.96
2322	84.3216	394.96
2324	84.411	394.655
2327	84.5438	392.138
2328	84.5876	392.127
2330	84.6754	392.113
2331	84.7196	392.109
2336	84.9404	392.108
2339	85.072	392.107
2340	85.1159	392.104
2341	85.1599	392.04
2343	85.2477	391.953
2344	85.2914	390.392
2346	85.3795	390.379
2349	85.512	390.372
2351	85.6	390.371
2352	85.6443	390.365
2355	85.7762	390.092
2356	85.8202	389.545
2357	85.865	389.05
2358	85.9089	389.048
2359	85.9534	388.992
2360	85.9978	388.983
2362	86.0869	388.533
2363	86.1309	388.372
2364	86.175	388.232
2365	86.2191	388.227
2367	86.308	388.208
2368	86.3523	388.127
2369	86.3966	388.067
2371	86.4862	388.067
2372	86.5311	388.066
2373	86.5757	388.063
2374	86.6212	387.747
2375	86.6659	387.702
2377	86.7552	387.665
2380	86.8892	387.122
2381	86.9343	387.108
2382	86.9794	386.192
2384	87.0696	386.163
2386	87.1588	386.15
2387	87.2037	385.796
2389	87.2934	385.796
2390	87.3382	385.415
2391	87.3829	385.412
2392	87.4275	385.27
2394	87.5171	385.172
2395	87.5617	385.153
2397	87.6511	384.869
2398	87.6962	384.533
2399	87.7411	383.812
2400	87.786	383.81
2401	87.8306	383.8
2403	87.9204	383.799
2404	87.9658	383.796
2405	88.0106	383.659
2406	88.0557	383.382
2407	88.1007	383.262
2408	88.1453	382.79
2409	88.1903	382.766
2410	88.2356	382.749
2411	88.2808	382.709
2412	88.3258	382.682
2413	88.371	382.679
2414	88.4156	382.528
2415	88.4604	382.473
2416	88.5059	382.47
2417	88.5537	382.432
2418	88.5987	381.769
2419	88.6461	381.73
2420	88.6911	381.724
2421	88.7365	381.554
2423	88.8272	381.486
2425	88.9171	381.485
2426	88.9623	380.176
2427	89.0072	380.174
2428	89.0546	380.152
2429	89.1015	380.151
2430	89.148	380.138
2432	89.2403	380.087
2433	89.2882	380.08
2434	89.3378	380.029
2435	89.3838	380.015
2436	89.4329	379.838
2437	89.4799	379.836
2438	89.5253	379.835
2439	89.5708	379.331
2440	89.6156	377.931
2441	89.661	377.897
2442	89.706	377.892
2443	89.7529	377.882
2444	89.8009	377.88
2446	89.8962	377.669
2447	89.9448	377.421
2449	90.0384	377.413
2450	90.0844	377.406
2451	90.1308	377.378
2452	90.1761	377.302
2453	90.221	376.831
2454	90.2668	376.66
2455	90.312	375.359
2457	90.4028	375.345
2458	90.4482	375.152
2459	90.4946	374.358
2460	90.5403	374.355
2461	90.5854	374.273
2462	90.6307	374.203
2463	90.6761	374.202
2465	90.7671	374.111
2466	90.815	374.076
2467	90.8604	374.075
2468	90.9059	374.075
2469	90.9515	374.067
2471	91.0425	373.83
2472	91.0881	373.83
2473	91.1334	373.829
2474	91.1786	373.44
2476	91.27	373.058
2478	91.3613	372.608
2480	91.4534	371.554
2481	91.4988	370.946
2482	91.5442	370.563
2483	91.5896	369.536
2484	91.6359	369.532
2485	91.6816	369.438
2486	91.7273	368.573
2487	91.7731	368.568
2488	91.8186	368.565
2489	91.864	368.153
2491	91.9554	368.134
2492	92.0009	366.934
2493	92.0463	366.689
2494	92.0926	366.672
2498	92.275	365.987
2499	92.3209	365.986
2500	92.3664	365.986
2502	92.4578	365.876
2503	92.5035	365.784
2506	92.6423	365.783
2507	92.6877	365.776
2508	92.7331	363.907
2514	93.0102	363.636
2515	93.0562	363.522
2518	93.194	363.515
2519	93.2398	363.507
2520	93.2862	363.504
2522	93.3775	363.365
2523	93.4235	363.26
2525	93.5151	363.111
2526	93.5613	362.787
2527	93.6068	362.761
2528	93.6525	361.764
2529	93.6983	361.755
2530	93.7444	361.72
2531	93.7898	361.717
2535	93.9728	360.45
2536	94.0186	359.414
2537	94.0645	359.405
2538	94.1109	359.178
2539	94.2059	359.178
2541	94.3083	359.171
2543	94.4015	359.16
2544	94.4477	358.749
2545	94.4942	358.743
2547	94.5863	358.315
2550	94.725	358.3
2552	94.8176	358.273
2553	94.8634	358.131
2554	94.9094	358.117
2555	94.9555	358.116
2558	95.0935	358.023
2562	95.2792	358.017
2564	95.3713	357.799
2565	95.4171	357.785
2567	95.5093	356.321
2569	95.6017	356.276
2571	95.6938	356.275
2572	95.7401	356.269
2575	95.8782	356.267
2576	95.9247	356.266
2578	96.0168	356.164
2580	96.1105	355.932
2581	96.1564	355.845
2583	96.2489	355.752
2584	96.2954	354.648
2586	96.388	354.637
2587	96.4341	354.636
2589	96.5263	354.635
2592	96.6664	354.613
2593	96.7126	354.61
2594	96.759	354.2
2595	96.805	353.716
2596	96.8511	353.196
2597	96.8978	352.919
2598	96.9445	352.914
2599	96.991	352.9
2600	97.0373	352.893
2604	97.2227	352.606
2605	97.2689	352.605
2607	97.3637	352.6
2608	97.41	352.502
2609	97.457	352.494
2612	97.5957	352.493
2613	97.6422	352.489
2614	97.6886	352.273
2616	97.7818	352.212
2617	97.8323	352.189
2620	97.9831	351.62
2621	98.0295	351.61
2622	98.0761	351.06
2623	98.1227	351.048
2624	98.1694	351.03
2627	98.309	350.618
2628	98.357	350.61
2629	98.4044	350.609
2630	98.4507	350.248
2631	98.4973	350.245
2632	98.5439	350.156
2634	98.6389	350.13
2635	98.6856	350.118
2637	98.7794	350.108
2638	98.826	350.067
2639	98.8728	349.696
2641	98.9665	349.628
2642	99.0138	349.628
2643	99.0608	349.627
2644	99.1076	349.626
2645	99.1543	349.505
2646	99.2028	349.203
2647	99.2494	349.123
2648	99.2972	348.865
2649	99.3444	348.861
2650	99.3914	348.835
2651	99.4388	348.832
2652	99.4871	348.78
2653	99.5383	348.676
2654	99.6116	348.527
2655	99.6716	348.502
2656	99.7296	348.5
2657	99.7987	348.478
2658	99.8503	347.868
2659	99.8991	347.83
2660	99.9473	347.828
2661	99.9969	347.755
2663	100.093	347.725
2664	100.142	347.724
2665	100.189	347.723
2666	100.238	346.804
2667	100.286	346.802
2668	100.333	346.638
2669	100.38	346.637
2671	100.485	346.633
2672	100.537	346.595
2673	100.587	346.593
2674	100.636	346.535
2675	100.684	346.523
2676	100.733	346.394
2677	100.785	346.394
2678	100.833	346.392
2679	100.882	346.312
2680	100.931	345.164
2681	100.981	345.137
2682	101.029	345.125
2683	101.078	345.104
2684	101.126	345.1
2686	101.225	345.023
2687	101.274	344.848
2689	101.373	344.838
2690	101.426	344.835
2691	101.485	344.829
2692	101.54	344.779
2693	101.591	344.707
2694	101.642	344.585
2695	101.699	343.541
2698	101.848	343.494
2700	101.944	343.492
2701	101.994	343.4
2702	102.041	343.344
2703	102.09	343.343
2705	102.187	343.339
2707	102.283	343.338
2708	102.331	343.305
2710	102.426	343.296
2711	102.473	343.148
2712	102.521	343.147
2713	102.569	343.146
2714	102.617	342.609
2716	102.712	342.552
2718	102.808	342.025
2720	102.903	341.209
2721	102.951	340.789
2722	102.997	339.468
2723	103.045	338.627
2726	103.186	337.102
2727	103.233	337.087
2728	103.28	337.081
2729	103.327	336.739
2732	103.468	335.789
2733	103.516	335.564
2734	103.563	335.463
2735	103.611	335.463
2738	103.751	335.057
2739	103.798	335.056
2741	103.928	334.109
2742	103.977	334.08
2743	104.024	333.97
2744	104.071	333.962
2746	104.166	333.96
2748	104.26	332.451
2749	104.307	332.451
2751	104.401	332.268
2754	104.545	332.082
2755	104.593	332.041
2758	104.737	332.034
2760	104.832	332.033
2762	104.927	331.974
2763	104.975	331.965
2764	105.023	331.964
2765	105.069	331.824
2766	105.116	331.586
2767	105.163	331.58
2768	105.21	330.625
2769	105.258	330.622
2770	105.304	330.188
2771	105.352	330.186
2774	105.494	330.183
2775	105.541	330.159
2776	105.588	329.303
2777	105.636	329.291
2778	105.683	329.158
2780	105.777	328.848
2781	105.825	328.841
2784	105.966	328.426
2785	106.013	328.418
2787	106.108	328.171
2788	106.157	328.157
2789	106.204	328.145
2792	106.346	328.059
2793	106.393	327.973
2795	106.487	327.968
2796	106.534	327.738
2798	106.627	327.682
2802	106.817	327.676
2805	106.958	327.667
2806	107.005	327.632
2807	107.052	326.138
2811	107.241	326.136
2812	107.288	326.116
2814	107.384	326.107
2816	107.478	326.103
2820	107.667	325.964
2821	107.715	325.795
2823	107.809	324.462
2824	107.857	323.486
2826	107.951	323.48
2828	108.045	323.477
2829	108.092	323.464
2832	108.235	321.242
2833	108.282	321.239
2835	108.378	320.565
2836	108.425	320.219
2837	108.473	319.742
2838	108.52	319.742
2842	108.709	319.625
2843	108.757	319.516
2844	108.804	319.402
2845	108.852	319.394
2847	108.947	319.39
2849	109.048	319.367
2852	109.193	319.361
2855	109.34	319.344
2856	109.391	318.555
2857	109.439	318.545
2859	109.534	318.342
2860	109.582	318.323
2862	109.679	317.865
2863	109.728	317.853
2864	109.78	317.829
2867	109.932	317.793
2870	110.081	317.534
2871	110.128	317.532
2872	110.177	317.454
2874	110.272	317.443
2875	110.32	317.331
2879	110.52	317.225
2880	110.571	317.211
2881	110.619	317.201
2882	110.667	317.201
2883	110.714	317.2
2884	110.762	317.198
2885	110.81	317.079
2886	110.857	316.875
2887	110.906	316.809
2888	110.953	316.564
2889	111.001	316.564
2890	111.05	316.538
2891	111.097	316.522
2892	111.145	316.491
2893	111.193	316.467
2894	111.241	316.343
2896	111.336	316.34
2897	111.384	316.326
2898	111.432	315.973
2899	111.479	315.961
2901	111.575	315.928
2903	111.669	315.903
2904	111.717	315.903
2905	111.764	315.902
2906	111.812	314.577
2907	111.86	314.574
2908	111.907	314.552
2909	111.955	314.55
2911	112.051	314.541
2912	112.117	314.527
2914	112.241	314.495
2916	112.337	314.373
2917	112.385	314.371
2919	112.48	314.368
2920	112.527	313.337
2921	112.575	313.323
2922	112.623	313.313
2924	112.719	313.31
2926	112.836	313.244
2927	112.918	313.127
2929	113.013	313.12
2930	113.06	313.109
2931	113.108	313.091
2932	113.156	313.045
2933	113.203	312.668
2934	113.251	312.553
2935	113.298	311.683
2936	113.346	311.66
2938	113.442	311.587
2940	113.538	311.586
2941	113.585	311.517
2943	113.681	311.517
2945	113.777	311.511
2947	113.873	311.509
2948	113.92	311.491
2949	113.968	311.489
2951	114.063	311.449
2953	114.159	311.446
2954	114.206	311.123
2955	114.255	311.121
2956	114.303	310.741
2958	114.399	310.576
2959	114.447	310.573
2960	114.495	309.896
2961	114.543	309.657
2962	114.592	308.952
2963	114.639	308.28
2966	114.782	307.952
2967	114.83	307.946
2968	114.877	307.928
2969	114.926	307.668
2970	114.976	307.666
2972	115.071	306.687
2973	115.119	306.47
2974	115.167	306.371
2978	115.358	305.95
2979	115.406	305.949
2981	115.501	305.325
2982	115.547	305.298
2983	115.594	305.133
2984	115.641	305.13
2985	115.687	305.103
2986	115.733	305.1
2987	115.78	305.088
2988	115.827	303.866
2989	115.873	303.866
2991	115.966	303.859
2994	116.105	303.68
2995	116.153	303.68
2996	116.2	303.653
3000	116.387	303.652
3003	116.535	303.65
3004	116.608	303.639
3005	116.663	303.489
3006	116.709	303.305
3007	116.756	303.201
3008	116.803	303.012
3010	116.897	302.422
3011	116.944	302.415
3015	117.133	302.322
3016	117.179	301.588
3017	117.227	301.569
3019	117.321	301.569
3020	117.368	301.556
3021	117.414	301.55
3022	117.461	301.32
3024	117.556	301.001
3025	117.602	300.994
3027	117.697	300.811
3029	117.79	300.804
3030	117.837	300.767
3032	117.933	300.435
3033	117.981	300.419
3036	118.123	300.278
3038	118.217	300.203
3039	118.264	300.203
3042	118.405	300.2
3045	118.547	300.193
3047	118.642	299.558
3051	118.831	299.558
3052	118.878	299.496
3054	118.972	299.317
3055	119.02	299.284
3056	119.067	299.276
3057	119.115	299.27
3062	119.353	299.197
3063	119.401	299.065
3064	119.448	297.702
3067	119.591	297.701
3072	119.907	297.63
3073	119.955	297.621
3075	120.053	297.02
3076	120.101	296.896
3077	120.149	296.57
3080	120.292	296.567
3087	120.635	296.566
3089	120.753	296.546
3092	120.899	296.542
3095	121.045	296.53
3096	121.094	296.373
3097	121.142	296.362
3098	121.19	296.348
3100	121.287	295.898
3101	121.334	295.888
3102	121.383	295.722
3103	121.431	295.693
3104	121.479	295.676
3106	121.575	295.66
3107	121.623	295.484
3109	121.719	295.479
3110	121.767	295.263
3111	121.815	295.262
3113	121.911	295.186
3115	122.008	295.108
3119	122.203	295.017
3120	122.251	295.001
3121	122.299	294.99
3123	122.395	294.989
3124	122.443	294.989
3125	122.491	294.881
3126	122.539	294.785
3127	122.587	294.703
3128	122.636	294.485
3129	122.684	294.482
3130	122.732	294.401
3131	122.781	294.4
3132	122.829	294.357
3133	122.878	294.326
3134	122.926	294.225
3136	123.022	294.223
3137	123.071	294.199
3138	123.119	293.924
3141	123.264	293.912
3143	123.36	293.897
3144	123.409	293.896
3146	123.505	293.112
3147	123.556	293.111
3148	123.605	293.086
3149	123.654	293.083
3150	123.702	293.024
3151	123.75	293.013
3152	123.798	293.002
3154	123.895	292.932
3156	123.991	292.6
3157	124.04	292.599
3158	124.089	292.598
3159	124.139	292.515
3160	124.187	291.652
3161	124.235	291.65
3164	124.38	291.649
3166	124.476	291.351
3167	124.525	291.298
3168	124.573	291.298
3169	124.621	291.295
3170	124.679	291.206
3171	124.74	291.204
3172	124.797	291.141
3173	124.847	290.937
3174	124.898	290.852
3175	124.946	290.359
3176	124.994	290.327
3178	125.09	290.257
3182	125.284	290.21
3183	125.334	290.209
3184	125.382	290.209
3185	125.432	290.2
3187	125.528	290.199
3188	125.576	290.186
3193	125.822	290.183
3194	125.871	289.955
3195	125.92	289.954
3196	125.968	289.764
3198	126.068	289.432
3200	126.166	288.688
3201	126.215	288.419
3202	126.263	287.959
3203	126.312	287.445
3204	126.361	287.433
3206	126.458	287.259
3207	126.507	287.258
3208	126.556	287.229
3209	126.604	287.105
3211	126.701	286.772
3212	126.75	286.033
3213	126.799	285.833
3214	126.848	285.089
3215	126.897	285.086
3218	127.042	284.689
3219	127.091	284.686
3221	127.19	284.52
3222	127.239	284.504
3223	127.289	284.481
3225	127.386	284.461
3226	127.435	284.46
3228	127.532	283.323
3234	127.823	283.175
3235	127.872	283.162
3236	127.923	283.155
3237	127.973	283.155
3238	128.021	283.114
3240	128.119	283.112
3243	128.264	283.107
3245	128.361	282.983
3246	128.41	282.833
3247	128.459	282.794
3248	128.508	282.058
3249	128.556	282.055
3250	128.606	281.566
3251	128.654	281.565
3255	128.848	281.537
3256	128.897	280.963
3257	128.945	280.951
3258	128.994	280.925
3260	129.091	280.92
3261	129.14	280.913
3262	129.189	280.895
3263	129.238	280.881
3264	129.291	280.599
3267	129.447	280.536
3270	129.594	280.52
3272	129.692	280.088
3273	129.74	280.076
3275	129.848	280.034
3276	129.901	279.995
3278	130.005	279.802
3279	130.057	279.8
3282	130.22	279.798
3285	130.367	279.795
3287	130.465	279.446
3288	130.519	279.445
3291	130.669	279.445
3292	130.718	279.385
3295	130.865	279.379
3303	131.254	279.365
3304	131.304	278.546
3305	131.353	278.544
3306	131.401	278.543
3307	131.45	278.541
3308	131.499	278.539
3309	131.547	278.532
3311	131.645	278.529
3312	131.694	278.454
3313	131.743	278.437
3315	131.842	276.795
3316	131.89	276.673
3317	131.94	276.399
3325	132.333	276.389
3327	132.432	276.386
3328	132.481	276.379
3329	132.53	276.352
3332	132.678	276.347
3335	132.825	276.303
3337	132.924	276.295
3340	133.071	275.941
3341	133.121	275.934
3342	133.17	275.672
3343	133.219	275.612
3346	133.367	275.603
3347	133.416	275.448
3349	133.515	275.445
3350	133.564	275.196
3351	133.613	275.194
3353	133.711	275.13
3355	133.81	274.982
3359	134.007	274.802
3360	134.057	274.766
3361	134.107	274.754
3362	134.155	274.754
3363	134.205	274.752
3364	134.254	274.751
3365	134.304	274.705
3366	134.353	274.691
3367	134.403	274.609
3368	134.452	274.452
3370	134.553	274.382
3371	134.602	274.378
3372	134.651	274.35
3373	134.7	274.336
3374	134.75	274.298
3376	134.849	274.295
3378	134.948	274.127
3381	135.095	274.117
3383	135.193	274.102
3384	135.243	274.102
3385	135.292	274.102
3386	135.341	273.697
3387	135.391	273.695
3388	135.44	273.682
3389	135.489	273.681
3390	135.539	273.669
3391	135.588	273.656
3392	135.637	273.646
3394	135.736	273.581
3395	135.786	273.573
3396	135.835	273.042
3397	135.884	273.041
3398	135.934	273.041
3399	135.983	273.033
3400	136.032	272.36
3401	136.082	272.355
3404	136.23	272.353
3406	136.329	271.984
3407	136.379	271.958
3408	136.428	271.955
3409	136.477	271.952
3410	136.527	271.942
3411	136.576	271.938
3412	136.626	271.927
3413	136.676	271.782
3414	136.726	271.707
3415	136.776	271.285
3416	136.826	271.281
3418	136.926	271.227
3419	136.975	270.971
3421	137.073	270.967
3422	137.124	270.938
3425	137.273	270.935
3427	137.372	270.929
3428	137.421	270.928
3429	137.47	270.927
3431	137.569	270.877
3432	137.619	270.874
3433	137.668	270.873
3434	137.718	270.164
3436	137.817	270.018
3437	137.868	270.003
3438	137.917	268.473
3439	137.969	268.472
3440	138.02	267.914
3441	138.07	267.684
3442	138.119	267.082
3443	138.169	266.725
3444	138.218	266.723
3445	138.269	266.67
3446	138.318	266.63
3447	138.367	266.629
3448	138.417	266.626
3449	138.466	266.443
3450	138.516	266.434
3452	138.615	265.864
3453	138.664	265.692
3455	138.764	265.679
3457	138.863	265.638
3458	138.915	265.382
3459	138.964	265.38
3462	139.149	265.341
3463	139.246	265.336
3464	139.332	265.335
3465	139.382	265.324
3466	139.433	265.322
3467	139.483	265.319
3468	139.534	264.422
3469	139.584	264.422
3472	139.733	264.421
3474	139.832	264.268
3475	139.881	264.229
3478	140.03	264.212
3480	140.129	264.209
3483	140.277	264.208
3485	140.377	264.072
3486	140.427	263.944
3487	140.476	263.914
3488	140.526	263.329
3489	140.575	263.327
3490	140.625	262.956
3491	140.675	262.953
3493	140.774	262.953
3494	140.824	262.951
3495	140.874	262.843
3496	140.924	262.398
3497	140.974	262.384
3500	141.126	262.272
3501	141.178	261.904
3504	141.328	261.668
3507	141.477	261.655
3508	141.527	261.651
3512	141.726	261.344
3513	141.776	261.34
3514	141.826	261.34
3515	141.876	261.309
3518	142.026	261.301
3522	142.226	261.299
3524	142.326	261.239
3525	142.376	261.211
3526	142.426	261.21
3531	142.677	261.208
3532	142.727	261.187
3534	142.826	261.112
3537	142.975	261.101
3541	143.177	260.626
3542	143.227	260.602
3543	143.278	260.569
3544	143.329	260.481
3552	143.727	260.434
3553	143.777	260.317
3555	143.876	260.255
3557	143.977	260.049
3559	144.077	260.024
3562	144.227	260.013
3564	144.326	259.979
3565	144.377	259.975
3567	144.478	259.974
3569	144.58	259.956
3572	144.731	259.935
3573	144.781	259.925
3575	144.882	259.917
3576	144.931	259.908
3577	144.982	259.901
3580	145.132	259.624
3582	145.232	259.574
3583	145.282	259.529
3584	145.332	259.529
3586	145.434	259.524
3587	145.486	259.39
3589	145.586	259.389
3590	145.637	259.225
3591	145.687	259.224
3595	145.89	259.165
3599	146.09	259.051
3601	146.192	259.007
3602	146.242	259.007
3603	146.292	259.006
3604	146.343	259.006
3605	146.393	258.955
3607	146.495	258.893
3608	146.545	258.777
3611	146.696	258.775
3612	146.746	258.701
3613	146.796	258.701
3614	146.847	258.659
3615	146.897	258.633
3616	146.948	258.632
3618	147.048	258.535
3621	147.209	258.524
3622	147.287	258.521
3623	147.338	258.503
3625	147.494	258.502
3626	147.547	258.201
3627	147.598	258.2
3628	147.65	258.187
3629	147.702	258.187
3630	147.751	258.175
3631	147.799	258.126
3632	147.849	258.107
3633	147.9	258.106
3634	147.95	257.966
3636	148.062	257.905
3638	148.181	257.902
3639	148.231	257.888
3640	148.28	257.252
3641	148.329	257.251
3643	148.427	257.248
3644	148.477	257.247
3646	148.589	257.182
3647	148.638	257.164
3648	148.687	257.161
3649	148.736	257.16
3650	148.787	257.074
3651	148.836	257.074
3652	148.885	257.045
3653	148.934	256.938
3654	148.983	256.874
3655	149.033	256.523
3656	149.082	256.506
3658	149.181	256.451
3661	149.329	256.428
3662	149.379	256.423
3665	149.536	256.418
3667	149.64	256.417
3668	149.69	256.413
3669	149.745	256.412
3671	149.849	256.392
3672	149.898	256.392
3676	150.109	256.283
3678	150.212	255.917
3679	150.269	255.915
3680	150.32	255.467
3681	150.373	255.237
3682	150.424	253.764
3683	150.473	253.398
3684	150.524	253.386
3687	150.673	253.386
3688	150.723	253.383
3689	150.774	253.264
3690	150.835	253.239
3692	150.939	252.769
3693	150.991	252.673
3694	151.04	252.653
3695	151.089	252.604
3697	151.188	252.589
3698	151.238	252.391
3699	151.288	252.389
3702	151.439	252.364
3703	151.489	252.265
3705	151.607	252.236
3706	151.662	252.236
3708	151.779	251.425
3714	152.095	251.362
3715	152.145	251.337
3718	152.294	251.331
3720	152.393	251.331
3723	152.566	251.323
3724	152.62	251.322
3725	152.672	251.22
3726	152.722	251.096
3727	152.772	251.061
3728	152.823	250.499
3729	152.873	250.498
3730	152.923	250.177
3731	152.974	250.176
3733	153.075	250.176
3734	153.125	250.174
3735	153.176	250.156
3736	153.226	249.698
3737	153.276	249.69
3741	153.475	249.684
3743	153.576	249.684
3744	153.626	249.476
3745	153.675	249.434
3748	153.826	249.093
3750	153.926	249.091
3752	154.025	248.598
3754	154.129	248.596
3755	154.179	248.542
3759	154.378	248.542
3765	154.717	248.533
3767	154.818	248.433
3768	154.869	248.431
3771	155.02	248.43
3772	155.071	248.426
3774	155.172	248.42
3775	155.221	248.326
3777	155.321	248.316
3781	155.522	248.217
3782	155.573	248.179
3783	155.623	247.832
3784	155.674	247.149
3785	155.724	247.149
3787	155.825	247.149
3792	156.076	247.121
3793	156.127	247.121
3795	156.228	246.83
3797	156.331	246.676
3799	156.431	246.672
3800	156.481	246.669
3805	156.732	246.663
3807	156.833	246.663
3809	156.935	246.621
3812	157.088	246.598
3813	157.139	246.58
3820	157.491	246.37
3822	157.592	246.347
3824	157.694	246.313
3827	157.844	246.299
3829	157.946	246.296
3830	157.996	246.184
3831	158.047	246.184
3833	158.148	246.145
3835	158.248	246.102
3839	158.452	246.098
3841	158.554	246.09
3842	158.605	246.09
3843	158.656	246.089
3844	158.707	246.089
3845	158.758	245.992
3847	158.861	245.913
3848	158.911	245.794
3850	159.013	245.652
3851	159.064	245.65
3852	159.114	245.635
3853	159.165	245.634
3854	159.215	245.604
3855	159.266	245.582
3856	159.316	245.581
3857	159.368	245.58
3858	159.418	245.398
3860	159.521	245.398
3861	159.572	245.386
3862	159.623	245.358
3863	159.673	245.354
3864	159.723	245.354
3865	159.773	245.348
3866	159.825	244.83
3867	159.876	244.829
3868	159.926	244.821
3869	159.977	244.82
3871	160.078	244.811
3874	160.23	244.723
3876	160.332	244.659
3878	160.433	244.656
3880	160.535	244.153
3881	160.586	244.153
3882	160.639	244.152
3883	160.691	244.144
3884	160.741	244.143
3886	160.842	244.107
3887	160.892	244.077
3888	160.944	244.076
3889	160.993	244.071
3890	161.044	244.055
3891	161.095	244.051
3892	161.146	244.04
3893	161.197	243.963
3894	161.247	243.904
3895	161.297	243.651
3896	161.349	243.64
3898	161.45	243.618
3900	161.552	243.616
3901	161.603	243.53
3902	161.655	243.51
3904	161.755	243.51
3905	161.807	243.502
3906	161.858	243.494
3907	161.911	243.484
3908	161.961	243.481
3909	162.011	243.48
3911	162.116	243.411
3912	162.167	243.411
3916	162.37	243.268
3918	162.472	243.131
3920	162.573	242.756
3921	162.625	242.648
3922	162.676	241.639
3923	162.726	241.323
3924	162.778	241.322
3927	162.933	241.322
3928	162.984	241.321
3929	163.035	241.217
3931	163.135	241.062
3932	163.186	240.681
3933	163.237	240.607
3934	163.288	240.273
3935	163.339	240.248
3936	163.389	240.248
3937	163.44	240.231
3938	163.491	240.112
3940	163.592	240.103
3941	163.643	240.095
3942	163.694	240.089
3943	163.745	240.034
3944	163.796	239.992
3945	163.846	239.989
3948	163.998	239.363
3951	164.151	239.361
3954	164.303	239.242
3955	164.354	239.231
3956	164.404	239.222
3958	164.506	239.219
3959	164.557	239.216
3960	164.608	239.216
3962	164.71	239.21
3965	164.861	239.117
3966	164.912	238.942
3967	164.964	238.923
3968	165.017	238.53
3969	165.07	238.53
3970	165.121	238.325
3971	165.173	238.323
3973	165.274	238.322
3974	165.325	238.321
3975	165.378	238.24
3976	165.429	237.907
3977	165.479	237.9
3978	165.531	237.888
3980	165.632	237.885
3981	165.683	237.882
3983	165.786	237.88
3984	165.838	237.738
3985	165.888	237.729
3987	165.989	237.63
3989	166.091	237.628
3990	166.142	237.627
3992	166.244	237.355
3993	166.295	237.349
3995	166.398	237.306
3998	166.552	237.302
3999	166.603	237.293
4000	166.653	237.293
4004	166.856	237.063
4006	166.959	237.062
4007	167.012	237.012
4010	167.165	237.011
4011	167.219	237.007
4012	167.271	236.994
4014	167.373	236.985
4017	167.526	236.981
4021	167.735	236.969
4022	167.787	236.929
4023	167.838	236.872
4024	167.889	236.865
4025	167.94	236.864
4029	168.144	236.862
4032	168.297	236.843
4035	168.45	236.661
4036	168.502	236.655
4037	168.552	236.498
4040	168.707	236.496
4042	168.808	236.486
4043	168.859	236.485
4044	168.91	236.462
4045	168.96	236.457
4047	169.063	236.453
4049	169.164	236.369
4052	169.319	236.352
4056	169.526	236.343
4057	169.576	236.342
4060	169.739	236.188
4061	169.794	236.188
4063	169.929	236.148
4064	169.983	236.128
4067	170.138	236.125
4070	170.305	236.046
4075	170.636	236.038
4082	170.995	236.036
4083	171.047	236.035
4084	171.099	236.034
4085	171.15	235.996
4086	171.202	235.993
4087	171.252	235.911
4088	171.305	235.729
4090	171.407	235.69
4091	171.459	235.688
4092	171.511	235.678
4093	171.563	235.671
4094	171.616	235.658
4095	171.668	235.634
4096	171.719	235.634
4097	171.771	235.631
4098	171.822	235.494
4100	171.924	235.494
4101	171.975	235.486
4102	172.03	235.471
4103	172.089	235.467
4104	172.142	235.466
4106	172.244	234.976
4108	172.348	234.972
4110	172.452	234.965
4112	172.557	234.962
4114	172.674	234.933
4116	172.777	234.903
4118	172.881	234.902
4119	172.932	234.899
4120	172.984	234.454
4122	173.088	234.435
4123	173.139	234.433
4124	173.191	234.432
4126	173.294	234.36
4130	173.501	234.252
4131	173.553	234.247
4132	173.604	234.243
4133	173.655	234.19
4134	173.706	234.143
4135	173.758	233.926
4136	173.811	233.921
4138	173.914	233.882
4139	173.966	233.877
4141	174.07	233.862
4142	174.132	233.854
4143	174.186	233.854
4145	174.294	233.853
4147	174.399	233.851
4151	174.605	233.848
4152	174.657	233.848
4153	174.708	233.848
4155	174.81	233.846
4156	174.862	233.75
4157	174.913	233.745
4158	174.965	233.669
4160	175.07	233.326
4161	175.121	232.891
4162	175.173	231.71
4163	175.225	231.463
4164	175.275	231.461
4167	175.429	231.46
4168	175.48	231.458
4169	175.531	231.36
4170	175.583	231.35
4171	175.634	231.271
4172	175.686	231.003
4173	175.736	230.953
4175	175.837	230.938
4177	175.939	230.938
4178	175.992	230.752
4179	176.044	230.75
4182	176.2	230.731
4183	176.251	230.726
4184	176.302	230.725
4185	176.354	230.725
4187	176.455	230.725
4188	176.506	230.259
4190	176.608	230.258
4191	176.659	230.258
4194	176.813	230.119
4195	176.864	230.087
4196	176.914	230.02
4200	177.118	230.019
4202	177.221	230.013
4204	177.324	230.01
4205	177.375	229.92
4206	177.426	229.889
4207	177.477	229.873
4208	177.528	229.568
4209	177.58	229.567
4210	177.631	229.541
4211	177.682	229.541
4213	177.785	229.54
4215	177.886	229.537
4216	177.937	229.489
4217	177.987	229.483
4221	178.192	229.48
4223	178.295	229.473
4224	178.346	229.344
4225	178.397	229.338
4227	178.498	229.333
4230	178.65	229.326
4232	178.751	229.197
4234	178.852	229.187
4237	179.005	229.185
4239	179.111	229.18
4242	179.264	229.175
4246	179.466	229.17
4247	179.516	229.13
4248	179.566	229.129
4250	179.664	229.128
4251	179.738	229.127
4252	179.79	229.126
4254	179.889	229.122
4259	180.135	229.12
4263	180.332	229.037
4264	180.384	228.5
4269	180.632	228.498
4271	180.732	228.498
4272	180.782	228.475
4275	180.931	228.443
4277	181.03	228.33
4284	181.376	228.284
4285	181.426	228.276
4287	181.525	228.275
4289	181.624	228.145
4292	181.772	228.122
4296	181.971	227.503
4297	182.02	227.487
4300	182.17	227.406
4302	182.269	227.397
4303	182.318	227.371
4304	182.368	227.362
4307	182.523	227.361
4310	182.672	227.293
4312	182.772	227.291
4313	182.822	227.288
4315	182.923	227.237
4317	183.022	227.234
4321	183.222	227.228
4322	183.273	227.227
4323	183.322	227.226
4324	183.373	227.225
4325	183.423	227.18
4326	183.473	226.971
4327	183.523	226.913
4328	183.573	226.443
4329	183.623	226.443
4330	183.673	226.382
4331	183.723	226.379
4332	183.773	226.357
4333	183.823	226.339
4334	183.872	226.329
4335	183.923	226.299
4336	183.973	226.298
4337	184.023	226.295
4338	184.073	226.206
4340	184.174	226.204
4341	184.224	226.203
4342	184.274	226.2
4345	184.423	226.2
4346	184.475	225.912
4348	184.575	225.908
4349	184.625	225.907
4352	184.778	225.901
4354	184.878	225.693
4356	184.978	225.682
4358	185.077	225.681
4359	185.128	225.671
4360	185.178	225.29
4361	185.227	225.285
4362	185.278	225.276
4363	185.328	225.269
4364	185.378	225.267
4366	185.478	225.257
4367	185.529	225.247
4370	185.679	225.182
4371	185.73	225.181
4372	185.781	225.164
4374	185.882	225.123
4375	185.931	225.031
4378	186.081	225.006
4381	186.232	224.88
4382	186.282	224.862
4383	186.333	224.862
4384	186.382	224.861
4385	186.433	224.86
4387	186.534	224.858
4388	186.584	224.858
4392	186.786	224.858
4395	186.938	224.855
4396	186.989	224.819
4397	187.039	224.819
4398	187.089	224.78
4400	187.19	224.527
4401	187.24	224.417
4402	187.29	223.903
4403	187.34	223.763
4404	187.39	223.756
4407	187.541	223.755
4408	187.592	223.744
4409	187.642	223.675
4410	187.692	223.669
4411	187.742	223.6
4412	187.792	223.412
4413	187.843	223.365
4415	187.944	223.346
4416	187.995	223.344
4417	188.046	223.34
4418	188.096	223.213
4419	188.147	223.213
4425	188.449	223.211
4426	188.499	223.211
4427	188.55	223.211
4428	188.6	222.838
4430	188.7	222.837
4431	188.75	222.818
4434	188.902	222.74
4436	189.005	222.392
4437	189.055	222.392
4438	189.106	222.384
4439	189.157	222.383
4440	189.208	222.382
4442	189.309	222.34
4443	189.359	222.337
4444	189.41	222.335
4445	189.461	222.253
4446	189.511	222.213
4447	189.562	222.198
4448	189.612	221.92
4449	189.662	221.914
4450	189.713	221.762
4451	189.763	221.759
4454	189.915	221.759
4456	190.016	221.523
4457	190.067	221.519
4459	190.168	221.519
4461	190.27	221.515
4462	190.32	221.508
4464	190.424	221.336
4465	190.483	221.332
4467	190.594	221.332
4469	190.757	221.33
4471	190.873	221.328
4472	190.923	221.205
4474	191.024	221.198
4476	191.132	220.983
4477	191.193	220.982
4479	191.297	220.981
4482	191.451	220.981
4484	191.551	220.969
4488	191.757	220.968
4489	191.809	220.964
4491	191.912	220.962
4492	191.962	220.957
4495	192.116	220.906
4499	192.317	220.905
4500	192.367	220.905
4503	192.519	220.804
4504	192.569	220.338
4505	192.62	220.337
4509	192.825	220.324
4513	193.027	220.304
4514	193.077	220.293
4515	193.129	220.274
4516	193.18	220.258
4517	193.231	220.15
4522	193.491	220.117
4527	193.749	220.115
4529	193.852	219.998
4532	194.005	219.992
4535	194.157	219.815
4536	194.209	219.627
4537	194.259	219.626
4540	194.41	219.555
4543	194.562	219.548
4544	194.612	219.342
4547	194.764	219.325
4548	194.815	219.245
4550	194.916	219.206
4551	194.966	219.206
4552	195.017	219.198
4553	195.067	219.193
4555	195.171	219.178
4556	195.222	219.168
4559	195.374	219.168
4561	195.479	219.159
4562	195.531	219.158
4563	195.582	219.157
4564	195.634	219.155
4565	195.685	219.136
4566	195.736	219.02
4567	195.787	218.984
4568	195.839	218.736
4569	195.89	218.735
4570	195.941	218.708
4572	196.043	218.683
4573	196.095	218.675
4574	196.146	218.669
4575	196.197	218.664
4576	196.247	218.664
4577	196.298	218.636
4578	196.349	218.545
4579	196.4	218.543
4580	196.451	218.542
4581	196.501	218.517
4582	196.552	218.516
4583	196.604	218.512
4585	196.705	218.511
4586	196.758	218.078
4588	196.86	218.071
4589	196.911	218.069
4590	196.962	218.057
4591	197.013	218.055
4592	197.065	217.935
4594	197.167	217.847
4595	197.22	217.847
4596	197.271	217.845
4597	197.322	217.844
4600	197.474	217.542
4601	197.526	217.512
4602	197.577	217.505
4604	197.68	217.504
4605	197.734	217.483
4606	197.786	217.451
4607	197.838	217.421
4608	197.89	217.419
4609	197.957	217.418
4610	198.021	217.362
4612	198.128	217.362
4613	198.18	217.324
4614	198.234	217.239
4615	198.285	217.129
4618	198.439	217.112
4619	198.49	217.109
4621	198.593	217.094
4622	198.645	217.084
4623	198.695	217.084
4624	198.747	217.084
4625	198.799	217.081
4626	198.851	216.97
4628	198.954	216.965
4631	199.108	216.965
4632	199.159	216.964
4634	199.263	216.957
4635	199.314	216.956
4636	199.365	216.918
4637	199.417	216.902
4638	199.469	216.878
4639	199.52	216.878
4640	199.571	216.658
4641	199.622	216.45
4642	199.674	215.82
4643	199.725	215.173
4647	199.932	215.173
4648	199.982	215.139
4649	200.034	215.088
4650	200.085	215.082
4651	200.136	215.034
4652	200.187	214.872
4653	200.238	214.826
4655	200.34	214.82
4656	200.392	214.818
4657	200.444	214.816
4658	200.495	214.694
4659	200.546	214.693
4661	200.649	214.683
4665	200.852	214.681
4666	200.904	214.681
4667	200.955	214.681
4668	201.006	214.388
4670	201.109	214.371
4671	201.161	214.358
4672	201.212	214.358
4674	201.315	214.29
4675	201.367	214.217
4676	201.418	213.975
4677	201.469	213.968
4678	201.52	213.963
4680	201.623	213.963
4682	201.726	213.954
4683	201.777	213.953
4684	201.828	213.945
4685	201.879	213.882
4687	201.981	213.874
4688	202.038	213.691
4689	202.094	213.691
4690	202.149	213.605
4691	202.202	213.604
4694	202.357	213.602
4695	202.409	213.587
4696	202.46	213.433
4697	202.51	213.431
4701	202.717	213.43
4702	202.769	213.423
4704	202.873	213.173
4705	202.924	213.172
4707	203.026	213.144
4710	203.181	213.139
4711	203.232	213.137
4712	203.283	213.081
4713	203.335	213.079
4714	203.389	213.075
4715	203.441	212.945
4717	203.551	212.938
4718	203.605	212.91
4719	203.656	212.908
4722	203.809	212.907
4727	204.066	212.905
4728	204.118	212.905
4729	204.169	212.9
4730	204.22	212.899
4732	204.326	212.898
4739	204.685	212.887
4743	204.89	212.834
4744	204.942	212.536
4745	204.994	212.531
4752	205.353	212.53
4754	205.456	212.502
4757	205.61	212.416
4760	205.764	212.414
4762	205.868	212.397
4765	206.022	212.383
4767	206.124	212.383
4769	206.227	212.266
4772	206.381	212.261
4773	206.434	212.257
4776	206.596	212.181
4777	206.648	212.176
4780	206.802	212.139
4781	206.853	212.138
4784	207.007	212.094
4787	207.163	212.092
4789	207.266	212.089
4790	207.317	212.065
4791	207.369	212.064
4792	207.421	212.053
4793	207.473	212.052
4797	207.68	212.051
4799	207.783	212.021
4801	207.887	212.012
4803	207.991	212.011
4804	208.042	212.01
4805	208.094	211.974
4806	208.146	211.892
4807	208.198	211.852
4808	208.25	211.738
4810	208.354	211.616
4811	208.406	211.615
4812	208.457	211.574
4813	208.509	211.574
4814	208.56	211.562
4817	208.718	211.555
4818	208.77	211.522
4820	208.874	211.521
4821	208.925	211.519
4823	209.03	211.512
4825	209.133	211.481
4826	209.187	211.232
4828	209.291	211.225
4829	209.342	211.223
4830	209.394	211.21
4831	209.446	211.208
4832	209.499	211.042
4834	209.601	210.973
4836	209.705	210.96
4837	209.757	210.959
4838	209.809	210.957
4840	209.912	210.358
4841	209.964	210.346
4842	210.016	210.343
4843	210.069	210.341
4844	210.123	210.34
4846	210.231	210.296
4847	210.283	210.294
4849	210.386	210.294
4850	210.439	210.264
4851	210.491	210.262
4852	210.543	210.251
4853	210.594	210.235
4854	210.671	210.198
4855	210.767	210.126
4857	210.889	210.126
4858	210.946	210.094
4859	211.001	210.087
4861	211.108	210.084
4862	211.159	210.071
4864	211.262	210.069
4866	211.365	209.939
4867	211.418	209.939
4871	211.619	209.936
4872	211.669	209.936
4876	211.879	209.92
4877	211.934	209.92
4878	211.985	209.734
4879	212.036	209.732
4880	212.086	209.524
4881	212.136	209.4
4882	212.187	208.958
4883	212.237	208.803
4887	212.437	208.803
4889	212.537	208.763
4890	212.588	208.762
4891	212.639	208.722
4892	212.689	208.652
4893	212.739	208.608
4895	212.84	208.602
4897	212.94	208.602
4898	212.99	208.463
4899	213.046	208.462
4901	213.151	208.447
4902	213.201	208.437
4904	213.302	208.437
4906	213.402	208.436
4908	213.503	208.202
4910	213.604	208.199
4911	213.655	208.189
4912	213.705	208.189
4914	213.806	208.127
4916	213.908	207.906
4917	213.958	207.905
4919	214.06	207.904
4920	214.111	207.903
4923	214.263	207.902
4925	214.364	207.849
4926	214.414	207.828
4927	214.464	207.805
4928	214.516	207.637
4929	214.566	207.633
4930	214.617	207.57
4931	214.667	207.569
4934	214.819	207.568
4935	214.87	207.555
4936	214.921	207.438
4937	214.972	207.437
4938	215.022	207.398
4939	215.073	207.397
4940	215.124	207.396
4941	215.177	207.394
4944	215.329	207.253
4948	215.531	207.252
4950	215.632	207.23
4952	215.735	207.164
4953	215.785	207.16
4955	215.888	206.922
4962	216.274	206.922
4963	216.325	206.912
4965	216.427	206.904
4967	216.531	206.889
4968	216.582	206.887
4970	216.684	206.885
4971	216.735	206.885
4972	216.786	206.882
4980	217.203	206.784
4983	217.364	206.767
4984	217.415	206.531
4986	217.518	206.53
4987	217.569	206.529
4992	217.839	206.5
4997	218.098	206.414
5000	218.271	206.41
# FIN	218.271	206.41

