# target=instancias/mondriaan.png T=240 iters=5000 K=32 seed=auto
iter	segundos	MSE
0	0.00182028	6751.23
1	0.0190915	6736.62
2	0.0362545	6628.63
3	0.0538953	6591.68
4	0.0720316	6577.02
5	0.0900376	6565.43
6	0.107502	6522.82
7	0.12516	6522.5
8	0.142734	6520.37
10	0.17867	6520.13
11	0.196165	6513.82
12	0.214188	6452.92
13	0.231988	6431.89
14	0.24959	6401.14
15	0.267273	6375.38
16	0.285382	6370.97
17	0.303612	6369.71
18	0.321398	6369.64
19	0.33918	6368.04
20	0.356923	6360.96
21	0.375003	6347.08
22	0.392847	6334.12
23	0.410812	6316.4
24	0.428757	6306.64
25	0.446622	6298.27
26	0.464419	6269.01
27	0.482247	6252.7
28	0.50038	6252.39
29	0.51869	6252.35
30	0.536957	6252.19
31	0.554847	6244.48
32	0.572864	6244.48
33	0.590768	6227.77
34	0.609095	6220.77
35	0.628276	6220.72
36	0.646817	6219.96
37	0.665214	6218.98
38	0.685791	6200.82
39	0.715812	6190.04
40	0.74176	6189.93
41	0.763824	6181.83
42	0.784168	6180.03
43	0.802339	6148.35
44	0.820444	6084.97
45	0.838688	6069.65
46	0.856978	6068.95
47	0.875448	6066.44
48	0.894074	6066.26
49	0.912572	6061.28
50	0.93119	6059.8
51	0.949677	6052.01
52	0.968396	6039.04
53	0.986768	6026.05
54	1.00541	5942.38
55	1.02373	5924.86
56	1.04242	5892.52
57	1.06185	5877.32
58	1.08027	5873.08
59	1.09891	5857.72
60	1.11773	5824.14
61	1.1371	5824.13
62	1.15649	5823.58
63	1.17593	5808.55
64	1.19462	5797.05
65	1.21354	5787.94
66	1.23254	5775.24
67	1.25142	5755.08
68	1.27063	5752.16
69	1.29004	5740.87
70	1.30953	5740.7
71	1.32867	5698.96
72	1.34815	5698.9
73	1.36789	5698.72
74	1.3875	5697.92
75	1.40667	5686.91
76	1.427	5674.81
77	1.44658	5674.72
78	1.46617	5670.49
79	1.48602	5661.87
80	1.507	5661.42
81	1.52684	5629.61
82	1.54582	5609.87
83	1.56488	5574.08
84	1.58466	5573.38
85	1.60464	5567.62
86	1.6245	5567.55
87	1.64397	5540.75
88	1.66409	5539.67
89	1.68386	5539.42
90	1.70381	5538.79
91	1.72371	5537.07
92	1.7429	5496.75
93	1.76261	5450.1
94	1.78631	5417.72
95	1.81625	5404.37
96	1.83576	5404.23
97	1.85538	5403.96
98	1.87489	5356.95
99	1.89504	5344.11
100	1.91521	5341.73
101	1.93565	5340.04
102	1.95557	5328.29
103	1.97578	5328.28
104	1.99561	5277.46
105	2.01595	5277.01
106	2.03569	5271.91
107	2.05538	5261.47
108	2.07516	5240.52
110	2.11484	5229.9
111	2.13478	5229.84
112	2.1547	5165.2
113	2.17438	5148.6
114	2.19427	5147.88
115	2.21401	5146.87
116	2.23395	5143.77
117	2.25405	5143.63
118	2.27392	5087.74
119	2.29434	4998.08
120	2.31486	4987.75
121	2.33563	4958.11
122	2.35572	4958.11
123	2.37612	4912.89
124	2.39665	4909.85
125	2.41765	4849.13
126	2.43845	4808.61
127	2.45936	4808.61
128	2.4798	4808.23
129	2.5	4807.9
130	2.52069	4803.98
131	2.54238	4803.68
132	2.56291	4786.63
133	2.58428	4777.29
134	2.60561	4773.85
135	2.62656	4772.49
136	2.64703	4768.18
137	2.66796	4738.36
138	2.68839	4738.28
139	2.70959	4734.3
140	2.73152	4734.27
141	2.75254	4698.21
142	2.77522	4698.11
143	2.79762	4679.72
144	2.81923	4679.09
145	2.84115	4679.08
146	2.86497	4675.9
147	2.88631	4665.27
148	2.90857	4665.03
149	2.93013	4641.43
150	2.9516	4641.37
151	2.97242	4633.61
152	2.99335	4633.58
153	3.01423	4623.36
154	3.03532	4623.33
155	3.05613	4619.46
156	3.07925	4609.05
157	3.10651	4590.35
158	3.12783	4577.37
159	3.14939	4577.29
160	3.17078	4572.29
161	3.19293	4572.29
162	3.21453	4569.66
163	3.23752	4532.6
164	3.26166	4441.46
165	3.28287	4439.13
166	3.30472	4371.33
167	3.32727	4369.79
168	3.34971	4356.41
169	3.37137	4352.56
170	3.39414	4344.74
171	3.41736	4328.6
172	3.4515	4328.19
173	3.48761	4327.79
174	3.53068	4306.47
175	3.56244	4286.88
176	3.586	4281.76
177	3.60818	4271.26
178	3.63492	4265.21
179	3.66058	4231.04
180	3.6837	4230.27
181	3.70772	4208.79
182	3.73129	4192.17
183	3.75371	4185.5
184	3.78109	4172.37
185	3.80704	4135.49
186	3.83027	4120.46
187	3.8523	4100.56
188	3.87431	4034.13
189	3.89625	4033.84
190	3.92127	4031.97
191	3.94424	4030.73
192	3.96759	3988.9
193	3.98969	3981.07
194	4.01129	3945.49
195	4.03345	3937.04
196	4.05567	3899.4
197	4.07797	3899.22
198	4.09975	3895.08
199	4.12205	3895
200	4.14544	3894.34
201	4.16977	3893.1
202	4.19439	3892.9
203	4.21773	3859.49
204	4.2413	3839.58
205	4.26488	3839.45
206	4.28751	3835.19
207	4.31139	3817.86
208	4.33445	3808.17
209	4.35668	3808.13
210	4.38005	3806.45
211	4.40241	3798.16
212	4.42484	3794.46
213	4.44721	3794.35
214	4.46949	3794.13
215	4.49173	3793.77
216	4.51465	3786.82
217	4.53704	3777.51
218	4.55922	3776.13
219	4.58161	3765
220	4.60366	3763.84
221	4.62632	3763.82
222	4.64866	3759.08
223	4.67085	3758.65
224	4.69296	3757.85
225	4.71582	3757.82
226	4.73915	3754.06
227	4.76179	3724.25
228	4.78445	3724.23
229	4.8072	3677.25
230	4.82949	3677.21
231	4.85172	3674.53
232	4.87434	3674.27
233	4.89679	3673.83
234	4.91946	3653.7
235	4.9419	3638.72
236	4.96415	3638.4
237	4.98682	3637.36
238	5.00967	3626.57
239	5.03288	3626.19
240	5.0552	3584.09
241	5.07763	3578.6
242	5.1004	3545.88
243	5.13842	3501.01
244	5.17212	3495.55
245	5.19774	3491.67
246	5.22106	3440.1
247	5.24359	3439.85
248	5.26615	3428.66
250	5.31146	3428.64
251	5.33484	3427.22
252	5.358	3407.69
253	5.38075	3397.42
254	5.40491	3392.35
255	5.42762	3370.41
256	5.45105	3358
257	5.4739	3354.47
258	5.49675	3354.33
259	5.52026	3354.23
260	5.54315	3348.6
261	5.56622	3347.19
262	5.58942	3336.15
263	5.61347	3317.21
264	5.63709	3316.39
265	5.66126	3315.97
266	5.68474	3314.09
267	5.70771	3307.08
268	5.73135	3307.05
269	5.75542	3306.98
270	5.77956	3306.93
271	5.80342	3305.82
272	5.82873	3305.82
273	5.8533	3301.33
274	5.87697	3293.15
275	5.90082	3293.07
276	5.92477	3293.07
277	5.94838	3292.59
278	5.97199	3269.02
279	5.99587	3262.12
280	6.01976	3262.07
281	6.04312	3260.25
282	6.0665	3259.3
283	6.08987	3250.28
284	6.11317	3247.32
285	6.13752	3234.15
286	6.16343	3234.03
287	6.18873	3233.05
288	6.216	3233.02
289	6.23999	3221.09
290	6.26365	3219.75
291	6.28775	3218.6
292	6.31177	3206.07
293	6.33667	3199.84
294	6.3605	3180.06
295	6.38464	3165.36
296	6.40881	3127.2
297	6.43245	3122.19
298	6.456	3114.67
299	6.48014	3102.28
300	6.50509	3071.52
301	6.52864	3071.5
302	6.55237	3070.2
303	6.57625	3055.01
304	6.60065	3044
305	6.62468	3040.23
306	6.64862	3026
307	6.67445	3020.65
308	6.70027	3010.02
309	6.72448	2987.31
310	6.75241	2987.18
311	6.7763	2977.64
312	6.8001	2977.21
313	6.82586	2976.42
314	6.85248	2976.19
315	6.87686	2970.85
316	6.90092	2963.01
317	6.92532	2962.94
318	6.95031	2962.68
319	6.97493	2956.92
320	6.99907	2956.52
321	7.02378	2942.44
322	7.0482	2932.8
323	7.07335	2923.69
324	7.09763	2923.28
325	7.12271	2921.94
326	7.14801	2921.94
327	7.17301	2887.2
328	7.19721	2884.16
329	7.22297	2883.99
330	7.24755	2882.89
331	7.27232	2882.85
332	7.29689	2880.91
333	7.32114	2874.68
334	7.34556	2834.8
335	7.3711	2834.39
336	7.39566	2834.25
337	7.42004	2832.61
338	7.44444	2825.73
339	7.46951	2815.33
340	7.49438	2813.59
341	7.51925	2813.02
342	7.54411	2762.86
343	7.56871	2762.66
344	7.59405	2755.03
345	7.61864	2754.94
346	7.64404	2754.48
347	7.66855	2753.92
348	7.69348	2751.65
349	7.7269	2751.63
350	7.75648	2744.6
351	7.78136	2744.58
352	7.80635	2721.73
353	7.83111	2707.57
354	7.8563	2707.46
355	7.88129	2707.32
356	7.9068	2706.46
357	7.93198	2705.45
358	7.95717	2657.33
359	7.98254	2648.91
360	8.00879	2640.15
361	8.03579	2636.36
362	8.06095	2636.36
363	8.08606	2619.98
364	8.11168	2619.86
365	8.1368	2580.1
366	8.16312	2574.36
367	8.18832	2574.36
368	8.21373	2573.11
369	8.23872	2572.08
370	8.26384	2561.74
371	8.2893	2561.51
372	8.31596	2537.69
373	8.34159	2536.68
374	8.36691	2536.47
375	8.3927	2536.41
376	8.41863	2534.4
377	8.44431	2532.86
378	8.4698	2532.85
379	8.49493	2531.9
380	8.52021	2531.88
381	8.54594	2529.23
382	8.57106	2529.19
383	8.59705	2515.54
384	8.62311	2514.61
385	8.64865	2514.46
386	8.67423	2514.08
387	8.70054	2511.11
388	8.72623	2511.03
389	8.75231	2504.81
390	8.77862	2504.69
391	8.80438	2502.82
392	8.83081	2502.79
393	8.85613	2495.37
394	8.8827	2495.07
395	8.90863	2491.22
396	8.93429	2484.52
397	8.96016	2483.56
398	8.98641	2480.7
399	9.01247	2480.63
400	9.03858	2477.1
401	9.0651	2477.1
402	9.09061	2471.74
403	9.11631	2445.07
404	9.14216	2412.68
405	9.16786	2411.08
406	9.19376	2395.95
407	9.21971	2394.15
408	9.24654	2382.17
409	9.27249	2381.13
410	9.29854	2378.21
411	9.32446	2373.76
412	9.35115	2373.48
413	9.37718	2372.85
414	9.40377	2362.1
415	9.4298	2332.23
416	9.45596	2330.66
417	9.48262	2329.14
418	9.50871	2328.51
419	9.53526	2272.09
420	9.56125	2271.78
421	9.58758	2237.18
422	9.61408	2219.09
423	9.64091	2206.05
424	9.66733	2205.65
425	9.69377	2194.05
426	9.72022	2183.55
427	9.74644	2179.35
428	9.77416	2129.02
429	9.80118	2126.77
430	9.82768	2125.15
431	9.85496	2123.07
432	9.88203	2104.59
433	9.90929	2104.41
434	9.93589	2091.64
435	9.96273	2078.78
436	9.98956	2077.72
437	10.0163	2077.62
438	10.0439	2077.32
439	10.0705	2077.21
440	10.0986	2076.62
441	10.127	2076.55
442	10.1542	2076.28
443	10.1818	2070.37
444	10.2112	2058.97
445	10.2385	2058.87
447	10.2932	2046.03
448	10.3201	2039.28
449	10.347	2039.26
450	10.3736	2038.73
451	10.4005	2031.86
452	10.428	2029.41
453	10.4552	2028.73
454	10.482	2028.69
455	10.5094	2028.59
456	10.5365	2028.49
457	10.5636	2025.47
458	10.5909	2024.76
459	10.6184	2024.34
460	10.6456	2022.07
461	10.6731	2022.05
462	10.7001	2021.22
463	10.7269	2011.55
464	10.7541	2010.06
465	10.7812	2010.04
466	10.8087	2009.99
467	10.8361	1990.69
468	10.8639	1990.68
469	10.8911	1988.17
470	10.9184	1988.16
471	10.9461	1985.25
472	10.9734	1984.92
473	11.0005	1982.07
474	11.0275	1968.9
475	11.0547	1963.8
476	11.0827	1963.64
477	11.1098	1962.28
478	11.137	1959.46
479	11.1648	1959.25
480	11.1923	1950.23
481	11.22	1949.5
482	11.2478	1934.22
483	11.2754	1912.79
484	11.3031	1910.63
485	11.3306	1910.28
486	11.3587	1906.47
487	11.3869	1906.06
488	11.4146	1886.86
490	11.4696	1886.71
491	11.4973	1886.63
492	11.5249	1884.39
493	11.5527	1879.58
494	11.5805	1876.67
495	11.6086	1869.9
496	11.6362	1866.25
497	11.6642	1864.01
498	11.692	1863.9
499	11.7209	1863.82
500	11.7488	1860.22
501	11.777	1859.1
502	11.8044	1853.4
503	11.8324	1848.8
504	11.8599	1848.7
505	11.8878	1847.86
506	11.9157	1842.19
507	11.9433	1830.54
508	11.9708	1830.46
509	11.9991	1830.43
510	12.0268	1830.39
511	12.0548	1825.93
512	12.0825	1825.92
513	12.111	1819.91
514	12.1407	1805.51
515	12.1692	1805.47
516	12.1991	1804.35
517	12.2289	1803.78
518	12.2574	1794.93
519	12.2862	1787.52
520	12.3152	1787.49
521	12.3441	1787.05
522	12.3765	1785.43
523	12.4081	1779.61
524	12.4378	1778.14
525	12.4675	1777.97
526	12.5003	1777.91
527	12.5295	1777.56
528	12.5585	1777.55
529	12.5873	1777.4
530	12.6169	1776.74
531	12.646	1750.5
532	12.6743	1749.68
533	12.7029	1743.24
534	12.7314	1738.9
535	12.7597	1734.35
536	12.7884	1719.17
537	12.8176	1719.06
538	12.8463	1718.94
539	12.8758	1718.3
540	12.9046	1705.65
541	12.9332	1705.64
542	12.9622	1705.41
543	12.9912	1698.25
544	13.0202	1689.26
545	13.0489	1689.01
546	13.0781	1681.25
547	13.1075	1674.45
548	13.1364	1674.43
549	13.1657	1672.27
550	13.1945	1672.24
551	13.2233	1644.12
552	13.2523	1644.1
553	13.2815	1641.8
554	13.3103	1641.7
555	13.3395	1641.25
556	13.3686	1640.45
557	13.3983	1640.41
558	13.4273	1640.07
559	13.4575	1633.35
560	13.488	1632.95
561	13.5177	1632.2
562	13.5487	1631.51
563	13.5791	1625.7
564	13.6093	1624.94
565	13.6399	1622.5
567	13.6997	1617.41
568	13.7298	1616.06
569	13.7592	1615.83
570	13.7883	1614.85
571	13.8177	1614.78
572	13.8471	1595.93
573	13.8764	1595.16
574	13.906	1581.2
575	13.9359	1580.53
576	13.9655	1580.24
577	13.9955	1579.71
578	14.0268	1575.34
579	14.0565	1574.1
580	14.0857	1573.07
581	14.1152	1572.99
582	14.145	1556.22
583	14.1742	1556.17
584	14.2042	1553.52
585	14.2339	1553.47
586	14.2634	1551.7
587	14.293	1550.38
588	14.3226	1550.1
589	14.3523	1550.08
590	14.3818	1548.31
591	14.412	1548.07
592	14.4426	1531.23
593	14.4751	1528.29
594	14.505	1528
595	14.5346	1526.48
596	14.5648	1525.76
597	14.5954	1525.29
598	14.6256	1486.79
599	14.6561	1467.75
600	14.6864	1461.59
601	14.7168	1452.49
602	14.7477	1452.49
603	14.7777	1450.82
604	14.8075	1449.18
605	14.838	1446.47
606	14.8681	1425.35
607	14.8983	1425.35
608	14.9308	1420.75
609	14.9642	1410.4
610	14.9976	1409.69
611	15.0285	1402.81
612	15.0606	1398.81
613	15.0911	1398.34
614	15.1228	1398.01
616	15.1853	1395.76
617	15.2191	1393.44
618	15.2508	1393.44
619	15.2841	1391.68
620	15.316	1391.66
621	15.3473	1384.38
622	15.3774	1384.36
623	15.4077	1375.54
624	15.4395	1375.3
625	15.4693	1370.06
626	15.4993	1370.04
627	15.5349	1369.64
628	15.5684	1369.48
629	15.614	1360.67
630	15.6545	1360.03
631	15.6864	1359.48
632	15.7171	1359.43
633	15.7479	1359.33
634	15.7805	1358.98
635	15.8134	1357.26
636	15.8463	1356.73
637	15.8819	1356.37
639	15.9449	1356.17
640	15.9776	1356.11
642	16.0409	1354
643	16.0865	1339.47
644	16.118	1332.22
645	16.1491	1331.38
646	16.1807	1308.76
647	16.2121	1305.24
648	16.2437	1304.29
649	16.2759	1303.83
650	16.3111	1303.78
651	16.343	1300.41
652	16.3754	1300.19
653	16.4064	1299.87
654	16.4387	1296.41
655	16.4812	1291.88
656	16.5169	1288.94
657	16.549	1288.42
658	16.5796	1288.37
660	16.6418	1288.09
661	16.673	1286.8
662	16.7039	1275.47
663	16.7358	1273.5
664	16.7702	1265.33
665	16.802	1264.55
666	16.8344	1264.17
667	16.8658	1263.89
668	16.8975	1257.14
669	16.9289	1254.74
670	16.9592	1254.45
671	16.9899	1254.27
672	17.0204	1244.63
673	17.0513	1244.57
674	17.0818	1241.53
675	17.1125	1238.71
676	17.144	1238.08
677	17.1757	1238.02
678	17.2062	1237.93
679	17.2386	1237.84
680	17.2696	1237.38
681	17.3004	1237.13
682	17.3321	1237.06
683	17.3631	1235.02
684	17.3945	1233.19
685	17.425	1233.14
686	17.4568	1227.78
687	17.4879	1224.74
688	17.5195	1217.99
689	17.5512	1217.95
690	17.5824	1217.84
691	17.6137	1216.17
692	17.6458	1210.83
693	17.6764	1210.82
694	17.7072	1210.76
695	17.7389	1210.3
696	17.7709	1210.19
697	17.8025	1209.36
698	17.8345	1208.41
699	17.8669	1208.05
700	17.898	1207.96
701	17.9293	1207.82
702	17.9622	1207.77
703	17.9937	1203.01
704	18.0256	1202.44
705	18.0573	1202.42
706	18.0887	1202.2
708	18.1531	1202.19
709	18.1847	1201.34
710	18.2167	1201.33
711	18.2493	1199.08
712	18.2812	1194.83
713	18.3129	1193.34
714	18.3454	1162.02
715	18.3768	1161.95
716	18.4084	1161.57
717	18.4409	1161.33
718	18.4736	1158.53
719	18.5052	1157.18
720	18.5365	1151.75
721	18.569	1151.49
722	18.6021	1146.44
723	18.6347	1144.76
724	18.6743	1144.53
725	18.7125	1142.85
726	18.7457	1142.03
727	18.7778	1141.93
728	18.8095	1141.77
730	18.8757	1141.75
731	18.908	1141.38
732	18.9406	1138.71
733	18.9735	1136.06
734	19.0066	1132.03
735	19.0397	1130.71
736	19.0722	1130.69
737	19.1044	1129.83
738	19.1374	1129.75
739	19.1696	1129.6
740	19.2024	1129.2
741	19.235	1128.56
742	19.2675	1127.13
743	19.3004	1126.68
745	19.3655	1126.23
746	19.3981	1125.85
747	19.4312	1111.75
748	19.4636	1111.73
749	19.4961	1111.69
750	19.5292	1111.62
751	19.5614	1103.76
752	19.5943	1103.76
753	19.6272	1102.59
754	19.6613	1096.85
755	19.6937	1096.83
756	19.7271	1096.71
757	19.7599	1096.21
758	19.7924	1095.93
759	19.8255	1095.61
760	19.8589	1095.54
761	19.8921	1095.38
762	19.9267	1095.2
763	19.9592	1094.92
764	19.9922	1093.53
765	20.0259	1092.21
766	20.0585	1090.1
767	20.0921	1088.93
768	20.1256	1088.92
769	20.1587	1088.24
770	20.192	1088.01
771	20.2251	1083.06
772	20.2581	1082.9
773	20.2914	1082.66
774	20.325	1081.75
775	20.3581	1074.61
776	20.3915	1073.4
777	20.4252	1072.82
779	20.4908	1072.65
780	20.5247	1069.91
781	20.5574	1069.91
782	20.5921	1069.59
783	20.6385	1068.12
784	20.6714	1064.23
785	20.7058	1062.82
786	20.7386	1050.83
787	20.7721	1048.77
788	20.8062	1048.74
789	20.8403	1048.69
790	20.8736	1048.57
791	20.907	1043.54
792	20.9415	1043.49
793	20.9758	1037.79
794	21.0088	1037.42
795	21.0426	1037.1
796	21.0766	1036.97
797	21.1096	1036.97
798	21.1437	1036.77
799	21.1807	1035.77
800	21.2156	1035.35
801	21.2486	1034.61
802	21.2819	1034.59
803	21.3151	1033.3
804	21.3485	1032.81
805	21.3821	1032.58
806	21.4158	1032.56
807	21.4489	1023.99
808	21.4829	1023.02
809	21.5161	1022.96
810	21.5494	1021.99
811	21.5841	1020.79
812	21.618	1019.86
813	21.6512	1018.64
814	21.6849	996.349
815	21.7182	996.035
816	21.7513	995.957
818	21.8189	991.367
819	21.8524	991.268
820	21.887	990.353
821	21.9215	990.169
822	21.955	988.684
823	21.9887	988.549
824	22.023	981.696
825	22.0572	981.637
826	22.0908	980.87
827	22.1257	980.202
828	22.1594	980.095
829	22.193	980.088
830	22.2271	978.959
831	22.2616	978.512
832	22.2956	976.041
833	22.3295	975.909
834	22.3637	975.616
835	22.3986	975.352
836	22.4326	973.877
837	22.4681	971.056
838	22.5021	961.763
839	22.5361	958.356
840	22.5709	954.598
841	22.6053	954.42
842	22.6391	954.42
843	22.6752	953.979
844	22.7099	953.899
845	22.7438	951.083
846	22.7783	937.081
847	22.8132	937.071
848	22.8469	935.803
849	22.8824	933.342
850	22.9181	933.34
851	22.9532	933.011
852	22.9872	932.283
853	23.0219	931.919
854	23.0567	931.755
855	23.0909	931.311
856	23.1261	929.64
857	23.16	929.036
858	23.1941	929.036
859	23.2282	927.721
860	23.2635	927.711
861	23.2975	926.737
862	23.332	926.694
863	23.3677	921.954
864	23.417	921.251
865	23.4547	920.682
866	23.4902	920.569
867	23.5281	919.981
868	23.5675	919.849
869	23.6177	917.789
870	23.6716	917.784
871	23.7164	917.762
872	23.7568	917.645
873	23.7928	917.209
874	23.8285	914.974
875	23.8641	914.737
876	23.8989	914.382
877	23.9337	914.174
878	23.9683	913.952
879	24.0023	913.727
880	24.0366	913.473
882	24.1044	913.426
883	24.1383	904.196
884	24.1778	902.95
885	24.2142	902.853
886	24.2497	889.476
887	24.2844	889.419
888	24.3195	888.999
889	24.3562	888.654
890	24.3917	888.639
891	24.428	884.915
892	24.4617	884.762
893	24.4956	884.303
894	24.5307	881.627
895	24.5645	880.712
896	24.5983	877.059
900	24.7346	876.791
901	24.7688	875.39
902	24.8078	862.631
903	24.8421	862.558
904	24.8761	862.271
905	24.9104	859.039
906	24.9451	858.926
907	24.9802	858.539
908	25.0147	853.664
909	25.0484	853.47
911	25.1171	853.207
912	25.151	850.655
913	25.186	850.614
914	25.2198	848.231
915	25.2541	846.898
917	25.3224	846.889
918	25.3575	846.703
919	25.3917	846.641
920	25.4257	846.552
921	25.461	846.379
922	25.4961	846.374
923	25.5318	845.428
924	25.5678	844.144
925	25.6021	843.963
927	25.6733	841.44
928	25.7073	835.786
929	25.7418	835.736
930	25.776	835.659
932	25.8462	834.557
933	25.8812	834.172
934	25.9154	832.05
935	25.9508	831.923
936	25.9856	831.922
937	26.0205	830.555
938	26.0552	830.307
939	26.0908	830.058
941	26.1594	826.277
942	26.1939	826.028
943	26.24	825.325
944	26.2748	824.936
945	26.3101	824.904
946	26.3457	824.83
948	26.4163	824.814
949	26.4516	824.778
950	26.4862	824.776
951	26.5209	824.246
952	26.5566	823.881
953	26.5923	823.829
954	26.6278	813.132
955	26.6625	812.771
956	26.6972	812.51
957	26.732	812.44
958	26.7667	811.694
959	26.802	811.362
960	26.8373	810.877
961	26.8724	810.857
962	26.9077	809.459
963	26.9424	809.106
964	26.9779	809.007
965	27.0142	808.972
966	27.0515	807.574
967	27.0862	807.501
968	27.1214	807.339
970	27.1926	807.324
971	27.2282	806.963
972	27.2649	806.67
973	27.2997	806.591
974	27.3345	806.126
975	27.3703	805.484
976	27.4061	805.41
977	27.4411	805.148
978	27.4773	805.057
979	27.5128	804.828
980	27.5477	804.819
981	27.5836	804.025
982	27.6192	802.196
983	27.6561	802.141
984	27.6942	802.139
986	27.7651	800.653
987	27.8014	790.223
988	27.8384	790.218
989	27.8747	790.209
990	27.911	790.192
991	27.9474	788.097
993	28.0192	787.777
994	28.0559	784.8
995	28.092	784.766
996	28.1271	784.756
997	28.1629	784.422
998	28.1997	784.295
999	28.2437	783.734
1000	28.2788	783.559
1001	28.315	783.029
1002	28.3506	782.909
1003	28.386	781.61
1004	28.4213	780.002
1005	28.4575	779.809
1006	28.4928	779.043
1007	28.5306	778.829
1008	28.5668	778.827
1009	28.6031	778.74
1010	28.6396	778.102
1011	28.6755	773.192
1012	28.7125	773.161
1013	28.75	772.877
1014	28.7871	772.408
1015	28.8239	769.674
1016	28.861	769.22
1017	28.8976	768.775
1018	28.9336	768.612
1019	28.9692	768.592
1020	29.0058	767.653
1021	29.0424	767.648
1022	29.0781	767.214
1023	29.1145	766.07
1024	29.1526	765.515
1025	29.1882	764.491
1026	29.2248	756.713
1027	29.2605	755.324
1028	29.2978	755.318
1029	29.3346	755.037
1030	29.3715	755.022
1031	29.4073	752.756
1032	29.4435	752.704
1033	29.4806	751.646
1034	29.5173	751.1
1035	29.5546	751.091
1036	29.5909	751.057
1037	29.6267	751.006
1038	29.6642	750.996
1039	29.7006	750.821
1040	29.7368	749.832
1041	29.7735	749.813
1042	29.8131	749.794
1043	29.8505	749.367
1044	29.8873	749.332
1045	29.9232	749.292
1046	29.968	749.242
1047	30.0121	748.928
1048	30.0495	746.577
1049	30.0867	746.385
1050	30.1238	746.176
1051	30.1615	745.957
1052	30.1983	745.849
1053	30.2348	745.571
1054	30.2721	743.978
1055	30.3093	743.4
1056	30.3478	743.394
1057	30.3844	743.373
1058	30.421	741.865
1059	30.4583	741.849
1060	30.4958	740.779
1061	30.5331	740.771
1062	30.5691	740.601
1063	30.6057	740.591
1064	30.642	739.689
1065	30.6789	739.591
1066	30.7154	739.209
1067	30.7516	738.822
1068	30.7891	738.774
1069	30.8259	738.774
1070	30.8625	738.119
1071	30.8999	738.114
1072	30.9371	737.144
1073	30.9736	736.605
1074	31.0121	736.578
1075	31.0498	736.301
1076	31.0865	733.826
1077	31.1244	732.557
1078	31.1612	731.895
1079	31.199	729.559
1080	31.2356	727.66
1081	31.2737	727.361
1082	31.3114	727.358
1083	31.3484	726.911
1084	31.386	726.716
1085	31.4231	726.031
1086	31.4608	718.384
1087	31.4974	718.369
1088	31.535	718.312
1090	31.6129	718.167
1091	31.6503	718.142
1092	31.6884	718.112
1093	31.7257	717.935
1094	31.7626	717.744
1095	31.8008	717.709
1096	31.8379	717.085
1097	31.8756	716.688
1098	31.9133	716.681
1099	31.9503	715.739
1100	31.9899	715.725
1101	32.0288	715.658
1102	32.0668	715.656
1103	32.1041	715.307
1104	32.1419	714.051
1105	32.1787	713.585
1106	32.2168	713.514
1107	32.2549	713.279
1109	32.3298	713.207
1111	32.4059	713.152
1112	32.4456	710.762
1113	32.4887	710.365
1114	32.5299	708.607
1115	32.5673	708.588
1116	32.6056	708.473
1117	32.644	707.456
1118	32.6817	707.423
1119	32.72	707.382
1120	32.7583	707.176
1121	32.7969	707.167
1122	32.8361	706.491
1123	32.8744	699.696
1124	32.9127	699.142
1125	32.9518	699.057
1126	32.9901	691.184
1127	33.0281	689.657
1128	33.0661	689.578
1129	33.1048	689.551
1130	33.1445	689.533
1131	33.1834	687.711
1132	33.2226	687.626
1133	33.2609	687.545
1134	33.2997	681.522
1135	33.3379	681.227
1136	33.3774	678.827
1138	33.4567	678.819
1139	33.4952	678.739
1140	33.5336	678.496
1141	33.5729	678.113
1142	33.6108	676.294
1143	33.6487	676.041
1144	33.6868	676.007
1145	33.725	675.452
1146	33.7641	675.358
1147	33.8026	675.245
1148	33.8412	674.827
1149	33.8803	674.154
1151	33.9576	674.073
1152	33.9968	672.694
1153	34.0356	672.679
1154	34.0743	670.964
1155	34.1125	670.516
1157	34.1925	670.131
1158	34.2452	670.129
1159	34.285	670.119
1161	34.3622	669.999
1162	34.4006	668.892
1163	34.4387	668.58
1164	34.4776	667.734
1165	34.5164	667.723
1166	34.5554	667.661
1167	34.5952	666.76
1168	34.6334	666.392
1169	34.672	666.343
1170	34.711	666.312
1171	34.7507	666.146
1172	34.7906	665.2
1173	34.8293	664.386
1176	34.945	664.381
1177	34.9838	664.018
1178	35.0225	664
1179	35.0614	663.925
1181	35.1397	663.916
1182	35.1786	663.799
1183	35.2189	661.701
1184	35.2577	661.528
1185	35.2962	661.515
1186	35.3356	661.501
1188	35.4147	661.492
1189	35.4541	661.447
1190	35.4934	661.445
1191	35.5321	661.324
1193	35.6095	656.613
1194	35.6486	654.488
1195	35.6871	654.426
1196	35.7257	654.161
1197	35.7649	654.087
1198	35.8043	653.237
1199	35.8425	652.995
1200	35.8829	648.526
1201	35.9213	648.491
1202	35.9606	637.539
1203	36.0027	637.507
1204	36.0422	637.495
1205	36.0808	637.487
1206	36.1203	637.382
1207	36.1598	637.278
1208	36.2001	635.878
1210	36.2774	635.877
1211	36.3172	633.573
1212	36.3574	633.458
1213	36.3961	633.272
1214	36.435	633.219
1215	36.4745	633.204
1216	36.5135	633.197
1217	36.5533	633.138
1218	36.5927	633.059
1219	36.6314	633.006
1220	36.6704	632.995
1221	36.7157	632.546
1222	36.7649	631.911
1223	36.8047	631.873
1224	36.8433	631.854
1225	36.8824	631.848
1226	36.9216	631.546
1227	36.9607	626.735
1228	37.0015	626.712
1229	37.0411	626.689
1230	37.0807	626.645
1231	37.1212	626.301
1232	37.1607	626.301
1233	37.2012	626.293
1234	37.2417	625.378
1235	37.2803	625.354
1237	37.3592	625.024
1238	37.398	625.004
1239	37.4373	624.86
1241	37.5154	624.741
1242	37.5557	624.674
1243	37.5954	624.561
1244	37.6353	622.407
1245	37.6743	622.356
1246	37.7136	621.962
1247	37.7545	621.718
1248	37.8096	621.708
1249	37.8495	621.692
1250	37.8896	621.604
1251	37.9285	619.963
1252	37.9677	619.928
1253	38.007	619.667
1254	38.0464	619.577
1255	38.087	618.818
1256	38.1259	618.583
1257	38.166	618.411
1258	38.2052	617.804
1259	38.2444	617.8
1260	38.2841	616.502
1261	38.3237	616.501
1262	38.3627	616.18
1263	38.4016	615.156
1264	38.4411	615.117
1265	38.4812	614.061
1266	38.5219	609.333
1267	38.5629	608.971
1268	38.6032	608.97
1269	38.6426	608.042
1270	38.6817	607.977
1271	38.7211	605.632
1272	38.7607	605.603
1273	38.8002	597.529
1274	38.8393	596.066
1275	38.879	595.974
1276	38.9189	595.966
1278	39.0002	595.957
1279	39.0407	595.941
1280	39.0798	595.939
1281	39.1209	595.927
1282	39.1599	595.926
1283	39.1993	595.784
1284	39.2385	595.736
1285	39.2776	595.653
1287	39.3575	595.09
1288	39.3968	594.526
1289	39.4362	594.41
1290	39.4766	594.195
1291	39.5183	594.134
1292	39.5588	594.086
1293	39.5995	593.918
1294	39.6403	593.45
1295	39.6798	593.334
1297	39.7599	592.951
1298	39.7997	592.875
1299	39.8394	592.865
1300	39.8795	591.928
1301	39.9202	591.884
1302	39.9606	591.549
1303	40.0007	591.541
1305	40.0804	591.421
1306	40.1204	591.288
1307	40.1603	591.249
1308	40.2009	591.169
1309	40.2413	591.168
1310	40.2824	589.878
1311	40.3226	589.867
1312	40.3629	589.581
1313	40.4039	589.381
1314	40.4443	589.346
1315	40.4839	589.091
1316	40.5245	588.871
1317	40.5646	588.836
1318	40.6053	588.82
1319	40.6462	588.538
1320	40.6864	587.367
1321	40.7292	587.346
1322	40.7689	587.345
1323	40.8147	586.94
1325	40.8944	586.669
1326	40.9349	583.577
1328	41.0161	583.532
1329	41.0562	583.243
1330	41.0973	583.215
1331	41.137	583.183
1332	41.1766	583.133
1333	41.217	583.104
1334	41.2569	583.097
1336	41.3363	582.752
1337	41.3765	582.748
1338	41.4166	582.744
1339	41.4574	581.541
1340	41.4975	581.535
1341	41.539	581.453
1342	41.5802	581.452
1343	41.6215	580.933
1344	41.6619	579.589
1345	41.7021	579.143
1346	41.7424	579.03
1347	41.7825	578.873
1348	41.8227	578.862
1349	41.8629	578.778
1351	41.9442	578.77
1352	41.9854	575.865
1353	42.0255	575.778
1354	42.0668	575.452
1355	42.1074	575.379
1356	42.1475	575.277
1357	42.1887	574.794
1358	42.2296	574.79
1359	42.2704	574.776
1360	42.311	574.726
1361	42.3523	574.721
1362	42.3925	574.615
1363	42.4333	574.172
1364	42.4738	573.931
1365	42.5141	573.918
1366	42.5548	573.397
1368	42.6356	573.387
1369	42.6756	573.356
1370	42.7158	573.345
1371	42.7575	572.508
1372	42.7974	572.433
1373	42.8389	572.258
1374	42.8811	571.13
1375	42.9231	571.128
1376	42.9638	569.128
1377	43.0048	569.127
1378	43.0447	569.124
1379	43.0845	569.09
1380	43.1263	568.835
1381	43.1669	568.787
1382	43.2072	568.278
1383	43.2479	568.268
1384	43.2883	568.249
1385	43.3307	568.115
1386	43.3711	568.088
1387	43.4119	567.962
1389	43.4932	567.744
1390	43.5342	567.687
1391	43.5746	567.638
1392	43.6164	566.986
1393	43.657	566.979
1394	43.6991	565.516
1395	43.741	564.85
1397	43.8371	564.749
1398	43.9035	564.746
1399	43.9669	564.729
1400	44.0213	564.724
1401	44.0705	564.297
1402	44.1145	564.275
1403	44.156	564.158
1404	44.1987	563.738
1406	44.2813	563.531
1407	44.3216	563.203
1408	44.3637	563.044
1409	44.4038	563.031
1410	44.4446	562.93
1412	44.5261	562.162
1414	44.6075	562.052
1415	44.6484	561.931
1416	44.6896	561.926
1417	44.7335	561.908
1418	44.779	561.875
1419	44.8197	561.833
1422	44.9476	561.831
1423	44.9926	561.652
1424	45.034	561.289
1425	45.0795	561.275
1426	45.1251	561.124
1428	45.2074	561.118
1429	45.2501	561.029
1430	45.2906	561.028
1431	45.3312	561.005
1433	45.4134	560.979
1434	45.4538	559.256
1435	45.4943	559.219
1436	45.5347	558.985
1437	45.5753	558.928
1438	45.6159	557.547
1440	45.6985	553.886
1441	45.7391	553.874
1442	45.7798	551.737
1443	45.8202	551.722
1444	45.8611	551.7
1445	45.902	551.659
1446	45.9435	551.205
1447	45.9842	551.116
1448	46.0249	551.116
1450	46.1067	551.116
1451	46.1487	550.754
1452	46.1895	550.729
1453	46.2301	550.608
1454	46.271	550.535
1455	46.3125	550.531
1456	46.3534	550.529
1457	46.3948	550.415
1458	46.436	550.39
1459	46.4771	550.279
1460	46.5183	550.263
1461	46.5592	550.056
1462	46.5998	549.418
1463	46.6411	549.412
1464	46.6823	549.403
1466	46.7642	549.145
1467	46.8053	542.644
1468	46.8464	542.628
1469	46.8872	542.611
1470	46.9283	541.964
1471	46.9698	541.688
1472	47.0119	541.685
1473	47.053	541.676
1474	47.0946	539.029
1475	47.1355	539.01
1476	47.1777	539.003
1477	47.219	538.805
1478	47.261	538.682
1479	47.3052	538.647
1481	47.3986	538.593
1482	47.4407	538.395
1483	47.4828	538.27
1484	47.5237	538.122
1486	47.6069	537.261
1487	47.6482	537.187
1488	47.6903	537.182
1489	47.7313	537.153
1490	47.773	537.077
1491	47.8152	535.739
1493	47.8976	535.546
1494	47.9398	535.53
1495	47.9818	535.352
1496	48.0231	535.17
1497	48.0644	534.93
1498	48.1063	534.736
1499	48.1475	534.734
1500	48.1895	533.824
1501	48.2303	533.824
1502	48.2722	533.773
1503	48.314	532.944
1504	48.3568	532.917
1505	48.3986	532.702
1506	48.4409	528.775
1507	48.4826	527.248
1508	48.5252	527.244
1509	48.5669	527.119
1510	48.6085	527.117
1511	48.6503	521.654
1513	48.7323	521.44
1514	48.7745	518.209
1515	48.8156	518.188
1517	48.8985	518.169
1518	48.9409	518.164
1519	48.9819	518.094
1520	49.0229	518.079
1521	49.0645	518.07
1522	49.1063	518.063
1523	49.1481	517.545
1524	49.1906	517.54
1525	49.2324	517.431
1526	49.2754	517.421
1527	49.3173	517.395
1528	49.3594	517.371
1529	49.4014	517.233
1530	49.4433	516.761
1531	49.4871	516.71
1532	49.5289	516.708
1533	49.5709	516.449
1534	49.614	516.411
1535	49.6562	516.397
1537	49.7398	516.174
1538	49.7829	516.118
1539	49.8253	516.087
1540	49.8679	515.238
1543	49.9955	515.233
1545	50.0793	515.209
1546	50.121	515.086
1547	50.1627	515.077
1548	50.2053	515.077
1550	50.2893	514.636
1551	50.331	514.584
1552	50.3733	514.43
1553	50.415	514.413
1554	50.4567	514.395
1555	50.4994	514.187
1556	50.5414	514.032
1557	50.5836	514.031
1558	50.6257	514.015
1559	50.6684	513.988
1560	50.7103	513.793
1561	50.752	513.792
1562	50.7945	513.79
1563	50.8372	513.582
1566	50.966	513.04
1568	51.0512	512.912
1569	51.0942	512.774
1570	51.1365	512.761
1571	51.1794	512.746
1572	51.2213	512.743
1573	51.2639	512.669
1574	51.3062	512.662
1575	51.3481	512.662
1576	51.3905	512.299
1577	51.4326	512.299
1578	51.4756	512.248
1579	51.5179	509.325
1580	51.56	509.317
1581	51.6026	509.285
1582	51.6449	509.283
1585	51.772	509.129
1586	51.8147	509.124
1587	51.8568	509.084
1588	51.8994	508.502
1589	51.9412	508.478
1591	52.0269	508.469
1592	52.0692	507.555
1593	52.1111	507.516
1594	52.154	507.358
1595	52.197	507.316
1596	52.2394	507.298
1597	52.2817	506.94
1598	52.3238	506.936
1599	52.3669	506.92
1600	52.4092	506.883
1601	52.4522	506.878
1602	52.4959	506.876
1603	52.5384	505.699
1604	52.5817	505.68
1606	52.6672	505.181
1607	52.7093	505.127
1608	52.7515	505.112
1609	52.7945	505.097
1610	52.8369	505.081
1611	52.8794	502.927
1612	52.9217	502.824
1613	52.9647	502.667
1615	53.0505	502.651
1616	53.0927	502.263
1617	53.1356	502.247
1618	53.1784	502.231
1619	53.2205	502.176
1620	53.2631	502.073
1621	53.3057	501.929
1623	53.3976	501.878
1624	53.4405	501.861
1626	53.5265	501.785
1627	53.5687	501.703
1628	53.6113	501.539
1629	53.654	501.277
1632	53.7831	499.688
1633	53.8262	499.669
1634	53.8719	498.053
1635	53.9154	497.435
1636	53.9588	497.434
1637	54.0026	497.25
1638	54.047	497.241
1639	54.0893	497.218
1641	54.1754	496.828
1642	54.218	496.594
1643	54.2621	496.592
1644	54.3045	496.035
1645	54.3597	495.986
1646	54.407	495.896
1647	54.4512	495.62
1648	54.4938	495.476
1649	54.5365	495.322
1650	54.5809	495.237
1651	54.6252	494.968
1652	54.6689	494.202
1653	54.7133	494.19
1655	54.7993	493.975
1656	54.8421	493.973
1657	54.8851	493.952
1660	55.0145	493.488
1662	55.1003	493.458
1664	55.1858	492.557
1665	55.2284	492.542
1666	55.2718	492.404
1668	55.3575	492.383
1669	55.4005	492.32
1670	55.4431	492.316
1671	55.4865	492.307
1673	55.5726	492.255
1674	55.6159	490.518
1675	55.6588	490.504
1676	55.7018	490.289
1677	55.7451	490.262
1678	55.7886	489.799
1679	55.832	489.563
1680	55.8751	486.419
1681	55.9187	486.419
1682	55.9612	485.435
1683	56.0031	485.428
1684	56.0475	485.4
1685	56.0908	485.388
1686	56.1333	484.781
1687	56.1758	484.665
1688	56.2194	484.633
1691	56.3446	484.619
1692	56.3865	484.604
1693	56.4295	484.571
1694	56.4717	484.556
1695	56.5132	484.554
1696	56.5551	484.549
1697	56.5977	484.459
1698	56.6402	484.38
1699	56.6818	484.333
1700	56.7234	484.332
1701	56.7657	483.923
1702	56.8082	483.705
1703	56.85	483.7
1704	56.8917	483.698
1705	56.9341	483.694
1706	56.9757	483.659
1707	57.0185	483.507
1708	57.0606	483.5
1709	57.1024	483.494
1710	57.1445	483.468
1711	57.1868	482.952
1712	57.2289	482.935
1713	57.2704	482.895
1714	57.3129	482.29
1715	57.3556	482.27
1717	57.4399	481.753
1718	57.4815	481.514
1719	57.5232	481.404
1720	57.5662	481.399
1721	57.6084	481.349
1722	57.6513	481.145
1723	57.6936	481.028
1726	57.8199	480.917
1727	57.8621	480.835
1728	57.9042	480.827
1730	57.9901	480.528
1731	58.0331	479.971
1732	58.075	479.958
1733	58.1184	479.775
1734	58.1609	479.772
1735	58.2037	479.584
1736	58.247	478.74
1737	58.2888	478.734
1738	58.3325	478.483
1740	58.4172	477.698
1741	58.4594	477.684
1742	58.502	477.3
1743	58.544	476.406
1744	58.5858	476.38
1745	58.6294	476.029
1746	58.672	471.666
1747	58.7159	471.417
1749	58.8768	471.33
1751	58.9633	468.946
1752	59.0061	468.942
1753	59.0494	467.979
1754	59.0914	465.902
1755	59.134	465.901
1756	59.1763	465.898
1757	59.2182	465.875
1758	59.2611	465.872
1759	59.3039	465.829
1760	59.3472	465.812
1761	59.3899	465.809
1762	59.4323	465.805
1763	59.4745	465.397
1764	59.5171	465.392
1767	59.6449	464.961
1768	59.6879	464.644
1769	59.7309	464.642
1770	59.7741	464.444
1772	59.8588	464.437
1773	59.9017	464.258
1774	59.9438	464.234
1775	59.9863	464.226
1776	60.0292	464.19
1777	60.0715	463.626
1778	60.1139	463.591
1779	60.1563	463.416
1780	60.1987	463.021
1781	60.2411	463.017
1783	60.3266	463.008
1785	60.4134	462.922
1786	60.4557	462.856
1788	60.5458	462.85
1790	60.6502	461.88
1791	60.6958	461.821
1792	60.74	461.115
1793	60.7827	461.055
1794	60.8252	461.045
1795	60.8678	460.826
1796	60.91	459.911
1797	60.9529	459.903
1799	61.0392	459.805
1800	61.0827	459.243
1802	61.1699	459.237
1803	61.2126	459.1
1804	61.255	459.082
1805	61.2976	458.607
1806	61.34	457.688
1807	61.3825	457.687
1808	61.425	457.637
1809	61.4675	457.627
1810	61.5107	457.626
1811	61.5537	457.623
1812	61.5969	457.62
1813	61.6404	457.583
1814	61.6831	457.581
1818	61.8544	457.576
1819	61.8978	457.178
1822	62.0259	457.164
1823	62.0686	456.798
1824	62.1115	456.791
1825	62.1546	456.678
1828	62.2844	456.647
1829	62.3285	456.609
1832	62.4562	456.411
1833	62.5	456.38
1834	62.545	456.097
1835	62.5985	456.09
1836	62.6422	456.065
1837	62.6849	455.657
1839	62.7706	455.652
1840	62.8139	455.633
1841	62.8569	455.627
1843	62.9423	455.452
1844	62.9854	455.42
1845	63.0292	455.321
1846	63.0735	454.306
1849	63.2056	454.295
1850	63.2495	454.289
1851	63.2925	452.838
1852	63.3364	452.762
1853	63.3806	452.624
1854	63.4254	452.605
1856	63.5125	451.364
1857	63.5561	451.35
1860	63.6895	451.247
1861	63.7334	451.079
1862	63.7773	451.047
1863	63.8203	451.011
1864	63.8641	451.009
1865	63.9084	450.935
1866	63.9517	450.912
1867	63.9957	450.866
1868	64.0396	450.861
1869	64.0831	450.693
1871	64.1741	450.686
1872	64.2175	450.58
1873	64.2606	450.579
1874	64.3043	449.253
1875	64.3478	447.627
1877	64.4352	447.547
1879	64.5228	447.496
1881	64.6094	447.025
1882	64.6529	447.015
1883	64.6976	446.989
1884	64.7423	446.687
1885	64.7855	446.619
1887	64.8722	446.245
1888	64.9156	445.952
1889	64.9589	445.839
1890	65.0053	445.312
1892	65.0952	444.705
1893	65.1389	444.677
1895	65.2337	444.536
1896	65.2811	444.535
1897	65.3264	444.53
1899	65.4156	444.368
1900	65.459	444.358
1902	65.5453	443.017
1904	65.6318	442.836
1905	65.6752	442.828
1910	65.8919	442.821
1911	65.9352	442.818
1913	66.0227	442.751
1914	66.0673	441.923
1915	66.1119	441.712
1916	66.1598	441.602
1917	66.2048	441.59
1918	66.2485	441.513
1920	66.3384	439.049
1921	66.3833	439.047
1922	66.427	438.39
1923	66.4704	438.382
1924	66.514	438.375
1925	66.5579	438.366
1926	66.6026	438.352
1927	66.6462	438.296
1928	66.6899	438.213
1929	66.7337	438.161
1930	66.7773	438.16
1931	66.8208	438.144
1932	66.8655	438.132
1933	66.9107	438.12
1934	66.9548	438.096
1935	66.9983	438.095
1936	67.0422	438.093
1937	67.0859	438.038
1938	67.1302	437.981
1939	67.1744	437.946
1940	67.2182	437.944
1941	67.2618	437.759
1942	67.3054	437.414
1944	67.393	437.134
1946	67.4817	436.906
1947	67.5268	436.889
1949	67.6149	436.883
1950	67.6585	436.87
1951	67.702	436.712
1953	67.7905	436.661
1954	67.8353	436.528
1955	67.8792	436.499
1956	67.9229	436.437
1957	67.9675	436.293
1958	68.0113	436.09
1959	68.0558	435.725
1961	68.1437	435.689
1962	68.1874	435.648
1963	68.2315	435.627
1966	68.3652	435.554
1967	68.409	435.505
1968	68.4534	435.498
1970	68.5448	435.491
1971	68.5891	434.876
1972	68.6335	434.875
1973	68.6775	434.747
1974	68.7227	434.731
1975	68.7667	434.695
1976	68.8112	434.335
1977	68.8556	434.284
1978	68.9	434.179
1979	68.9456	434.175
1980	68.9896	433.563
1981	69.0347	433.56
1982	69.0802	433.234
1983	69.1246	432.876
1984	69.1683	432.874
1985	69.2124	432.782
1986	69.258	422.06
1987	69.302	421.885
1988	69.347	421.861
1989	69.3912	421.847
1991	69.4799	420.067
1992	69.5247	420.062
1993	69.5698	419.107
1994	69.614	418.863
1995	69.6582	418.811
1996	69.7025	418.803
1998	69.7916	418.801
1999	69.8357	418.79
2000	69.8807	418.78
2001	69.9247	418.775
2002	69.9692	418.772
2003	70.013	418.42
2004	70.0574	418.418
2005	70.1015	418.332
2006	70.1456	418.271
2007	70.1912	417.936
2008	70.2359	417.643
2010	70.3259	417.605
2012	70.4145	417.594
2013	70.4586	417.563
2014	70.5031	417.548
2015	70.5472	417.537
2017	70.6383	417.374
2018	70.6823	417.36
2019	70.7264	417.353
2020	70.7708	417.099
2021	70.8151	417.097
2023	70.905	417.095
2025	70.9932	417.086
2026	71.0379	417.03
2027	71.0824	416.995
2030	71.2165	416.229
2031	71.2618	416.142
2032	71.3062	415.078
2033	71.3508	415.066
2034	71.3968	415.054
2035	71.4419	414.798
2036	71.4861	414.632
2037	71.531	414.612
2039	71.6223	414.609
2040	71.6672	413.566
2042	71.7568	413.565
2043	71.8014	413.469
2044	71.8461	413.432
2045	71.8902	413.341
2046	71.9345	412.543
2047	71.9796	412.539
2048	72.0241	411.79
2052	72.2019	411.783
2053	72.2469	411.771
2054	72.2908	411.757
2056	72.3798	411.314
2057	72.4242	411.313
2058	72.4691	411.288
2059	72.5137	411.234
2060	72.559	411.228
2061	72.6038	411.224
2062	72.6483	411.22
2063	72.6924	411.206
2065	72.7822	411.088
2069	72.9795	411.03
2070	73.0236	411.027
2072	73.1124	410.977
2073	73.1571	410.952
2074	73.2019	410.742
2075	73.2465	410.741
2076	73.2915	410.734
2077	73.3366	410.341
2078	73.3817	410.34
2079	73.429	410.278
2080	73.4738	410.27
2081	73.5192	410.258
2083	73.6102	409.807
2084	73.6557	409.805
2086	73.7467	409.798
2087	73.7918	409.024
2089	73.8821	409.019
2091	73.9727	407.487
2092	74.0185	407.433
2093	74.0638	407.417
2094	74.1087	407.289
2096	74.1999	406.075
2097	74.2442	406.059
2100	74.3784	406.001
2101	74.4241	405.961
2102	74.469	405.922
2103	74.5148	405.862
2104	74.5595	405.86
2106	74.6507	405.837
2107	74.697	405.836
2108	74.7442	405.812
2109	74.7898	405.724
2111	74.8941	405.723
2112	74.94	404.979
2114	75.0316	404.405
2115	75.0775	403.981
2117	75.169	403.852
2119	75.2584	403.82
2120	75.3027	403.753
2121	75.3472	403.645
2124	75.4831	403.438
2125	75.5283	403.199
2126	75.5741	402.83
2127	75.6209	402.612
2128	75.6698	402.442
2129	75.7193	402.409
2130	75.7688	402.164
2132	75.858	401.581
2133	75.9025	401.569
2134	75.9479	401.42
2135	75.9934	401.384
2139	76.1735	401.281
2140	76.2188	400.911
2142	76.3084	400.827
2146	76.4886	400.709
2149	76.6231	400.656
2151	76.7125	400.65
2154	76.849	400.084
2155	76.895	400.031
2156	76.9399	399.78
2157	76.9851	399.767
2158	77.0301	399.162
2160	77.1204	397.163
2161	77.166	397.162
2162	77.2119	395.907
2163	77.2566	395.904
2164	77.3026	395.898
2165	77.3475	395.896
2166	77.3924	395.84
2167	77.4377	395.82
2168	77.4829	395.781
2169	77.5294	395.767
2170	77.575	395.763
2171	77.6204	395.737
2172	77.666	395.732
2173	77.7111	395.686
2174	77.7567	395.653
2175	77.8026	395.651
2176	77.8493	395.651
2177	77.8948	395.621
2178	77.9405	395.604
2179	77.9863	395.59
2180	78.0315	395.587
2181	78.0771	395.568
2182	78.1231	395.369
2184	78.2134	395.142
2187	78.3495	395.105
2188	78.3947	395.105
2189	78.4399	395.098
2190	78.4854	395.09
2191	78.531	394.76
2192	78.5771	394.754
2193	78.6231	394.735
2195	78.714	394.714
2197	78.8049	394.664
2198	78.8504	394.649
2199	78.8966	394.462
2201	78.9871	394.454
2202	79.033	394.414
2203	79.0794	394.405
2206	79.2172	394.352
2207	79.2635	394.326
2208	79.3098	394.322
2209	79.3549	394.315
2210	79.4008	394.281
2211	79.4459	393.696
2212	79.491	393.695
2213	79.5366	393.564
2214	79.5817	393.555
2216	79.6735	393.478
2217	79.7198	393.42
2219	79.8106	393.419
2220	79.8568	392.904
2221	79.9027	392.892
2222	79.9486	392.689
2223	79.9954	392.373
2224	80.058	392.372
2225	80.1046	391.994
2226	80.1508	387.394
2227	80.1965	387.148
2228	80.2423	387.131
2229	80.2878	387.125
2231	80.3782	385.564
2232	80.4246	385.553
2233	80.4696	384.7
2234	80.5151	384.67
2235	80.5611	384.643
2237	80.6531	384.609
2238	80.6985	384.609
2240	80.7898	384.599
2241	80.8354	384.595
2242	80.8812	384.591
2243	80.9271	384.303
2244	80.9727	384.3
2245	81.018	384.266
2247	81.109	383.966
2248	81.1542	383.795
2249	81.2	383.781
2250	81.2458	383.672
2251	81.2926	383.659
2252	81.3382	383.65
2253	81.3837	383.634
2255	81.4747	383.632
2256	81.5203	383.627
2257	81.5656	383.529
2258	81.6117	383.338
2259	81.6584	383.337
2261	81.7501	383.331
2263	81.8414	383.328
2264	81.8866	383.282
2265	81.9331	383.273
2266	81.9791	383.254
2267	82.0254	383.162
2268	82.0711	383.162
2269	82.1165	383.148
2270	82.1625	382.662
2271	82.2098	382.281
2272	82.256	381.38
2273	82.3014	381.376
2274	82.3467	381.369
2275	82.3929	381.162
2276	82.4382	381.047
2277	82.4841	381.029
2278	82.5301	381.029
2279	82.5764	380.998
2282	82.7134	380.998
2284	82.8049	380.874
2285	82.8509	380.845
2286	82.8962	380.262
2289	83.0334	380.245
2290	83.0793	380.244
2291	83.1246	380.218
2292	83.17	380.213
2294	83.2615	380.211
2296	83.3536	380.166
2298	83.4453	380.157
2299	83.4909	380.089
2300	83.537	380.08
2302	83.63	380.078
2303	83.677	379.955
2304	83.7231	379.928
2305	83.769	379.849
2309	83.9519	379.763
2310	83.9979	379.761
2311	84.0444	379.74
2312	84.09	379.728
2313	84.1374	379.717
2314	84.1844	379.618
2315	84.2306	379.617
2316	84.2761	379.582
2317	84.3228	379.366
2318	84.3688	379.365
2319	84.4173	379.263
2321	84.509	379.218
2322	84.5551	379.21
2323	84.6032	379.146
2325	84.697	379.127
2328	84.8336	379.127
2329	84.8791	379.118
2331	84.9701	377.887
2332	85.0161	377.831
2334	85.1087	377.814
2336	85.2	376.98
2339	85.3365	376.961
2340	85.3817	376.867
2341	85.427	376.859
2343	85.5237	376.618
2345	85.6228	376.606
2346	85.6702	376.605
2347	85.7178	376.593
2348	85.7638	376.591
2349	85.8144	376.547
2352	85.9557	376.154
2354	86.0469	375.674
2355	86.0924	375.436
2357	86.1845	375.131
2359	86.2762	375.113
2361	86.3673	374.719
2364	86.5126	374.511
2366	86.6129	374.496
2367	86.6596	374.215
2369	86.7518	374.163
2372	86.8894	373.654
2375	87.0266	373.56
2376	87.0728	373.554
2378	87.1645	373.551
2379	87.2111	373.534
2380	87.2568	373.516
2381	87.3022	373.495
2382	87.3481	373.434
2384	87.441	373.378
2385	87.4868	373.374
2386	87.5327	373.147
2390	87.716	373.146
2394	87.9008	372.676
2396	87.9913	372.546
2397	88.0357	372.545
2398	88.0807	372.292
2400	88.1846	371.32
2401	88.2287	371.318
2402	88.2736	370.746
2403	88.3195	370.741
2404	88.3654	370.738
2405	88.4117	370.724
2406	88.4566	370.693
2407	88.5025	370.666
2408	88.5479	370.642
2409	88.5931	370.614
2410	88.6377	370.606
2411	88.683	370.599
2412	88.7272	370.593
2413	88.7746	370.585
2414	88.8188	370.573
2415	88.8629	370.57
2417	88.9517	370.492
2418	88.9959	370.489
2419	89.0402	370.484
2420	89.0847	370.482
2421	89.1293	370.465
2422	89.1743	370.342
2424	89.264	370.137
2427	89.3973	370.124
2428	89.4416	370.098
2429	89.4863	370.095
2431	89.576	369.961
2432	89.6206	369.955
2433	89.6659	369.953
2435	89.7543	369.941
2436	89.7982	369.917
2437	89.8428	369.751
2438	89.8878	369.456
2439	89.9333	369.295
2441	90.0395	369.273
2442	90.1151	369.16
2443	90.1596	369.148
2446	90.2922	369.137
2447	90.3365	369.085
2448	90.3811	369.08
2449	90.4252	369.078
2450	90.4706	369.028
2451	90.5152	368.696
2452	90.5604	368.696
2453	90.606	368.624
2454	90.652	368.573
2455	90.6977	368.549
2456	90.7425	368.494
2459	90.8772	368.487
2460	90.9267	368.082
2461	90.9715	368.073
2462	91.016	367.903
2463	91.0617	367.226
2464	91.1064	367.223
2465	91.1508	367.211
2466	91.1953	362.975
2467	91.2403	362.816
2468	91.2847	362.802
2469	91.329	362.783
2471	91.418	361.421
2473	91.5071	360.733
2476	91.6419	360.731
2477	91.6868	360.644
2478	91.7316	360.64
2479	91.7759	360.637
2480	91.8206	360.629
2481	91.8649	360.624
2482	91.9242	360.621
2483	91.9692	360.359
2485	92.0584	360.343
2487	92.1508	360.097
2488	92.1958	360.013
2489	92.2409	359.838
2490	92.2857	359.743
2492	92.3751	359.74
2493	92.4198	359.537
2497	92.6112	359.436
2498	92.6568	359.218
2499	92.7026	359.16
2500	92.7475	358.876
2501	92.7924	358.876
2502	92.8371	358.826
2503	92.8826	358.824
2505	92.9718	358.807
2506	93.0173	358.773
2507	93.0662	358.644
2509	93.1568	358.624
2510	93.2029	358.145
2511	93.2479	358.089
2512	93.2942	357.324
2513	93.339	357.317
2514	93.3839	357.314
2515	93.4291	357.107
2516	93.4746	357.02
2517	93.5195	357.006
2518	93.5648	356.988
2520	93.6547	356.886
2522	93.745	356.88
2523	93.7901	356.853
2525	93.8806	356.673
2526	93.9274	356.302
2527	93.9729	356.297
2528	94.0188	356.239
2530	94.1097	356.229
2532	94.1993	356.226
2533	94.2451	356.213
2534	94.2914	356.206
2538	94.4713	356.178
2539	94.5161	356.118
2540	94.5608	356.117
2541	94.6064	356.115
2543	94.6968	356.085
2545	94.7866	355.996
2547	94.8767	355.987
2549	94.9659	355.983
2553	95.1457	355.977
2554	95.1909	355.947
2555	95.2381	355.947
2557	95.3277	355.656
2559	95.4177	355.594
2561	95.508	355.567
2562	95.5531	355.558
2563	95.5981	355.524
2565	95.6881	355.481
2566	95.7335	355.343
2569	95.8689	355.34
2571	95.9586	354.396
2572	96.0035	354.074
2573	96.0495	354.063
2576	96.1866	353.37
2582	96.4591	353.369
2583	96.5048	352.996
2587	96.6862	352.989
2589	96.7776	352.742
2592	96.9136	352.473
2594	97.0046	351.847
2597	97.1407	351.263
2599	97.233	351.254
2601	97.3251	351.2
2604	97.464	351.053
2605	97.5104	351.043
2606	97.5632	350.694
2607	97.6207	350.544
2608	97.6664	350.542
2609	97.7126	350.403
2612	97.8498	350.045
2614	97.9409	349.885
2615	97.9865	349.801
2616	98.0324	349.8
2619	98.1713	348.632
2620	98.2178	348.515
2621	98.2637	347.507
2622	98.3108	347.461
2623	98.3576	347.419
2624	98.4048	347.419
2625	98.4523	347.406
2626	98.4983	347.293
2629	98.6579	347.291
2630	98.7047	347.291
2631	98.7526	347.291
2634	98.891	346.757
2636	98.9829	346.606
2637	99.0289	346.6
2640	99.1667	345.607
2641	99.2134	345.605
2642	99.2611	345.203
2643	99.3083	345.2
2644	99.3542	345.196
2645	99.4001	345.193
2646	99.4464	345.167
2648	99.5398	345.146
2649	99.5866	345.051
2650	99.6323	345.042
2652	99.7252	345.041
2653	99.7715	345.037
2654	99.817	345.025
2655	99.8631	345.025
2656	99.9086	345.025
2657	99.9543	344.937
2658	100	344.93
2659	100.046	344.886
2660	100.092	344.886
2661	100.139	344.882
2662	100.184	344.776
2664	100.276	344.614
2667	100.414	344.61
2668	100.46	344.587
2669	100.506	344.582
2671	100.599	344.499
2672	100.644	344.489
2673	100.69	344.48
2675	100.782	344.47
2678	100.921	344.151
2679	100.967	344.045
2681	101.06	344.043
2682	101.106	343.959
2686	101.303	343.952
2687	101.349	343.915
2688	101.395	343.91
2689	101.441	343.907
2690	101.487	343.876
2691	101.533	343.564
2692	101.579	343.562
2693	101.625	343.511
2696	101.765	343.461
2697	101.811	343.458
2698	101.857	343.453
2700	101.95	343.183
2701	101.997	343.177
2702	102.043	343.086
2703	102.089	342.636
2704	102.138	342.636
2705	102.205	342.623
2706	102.258	339.119
2707	102.304	338.976
2708	102.35	338.963
2711	102.49	337.808
2712	102.537	337.806
2713	102.584	337.685
2715	102.675	337.684
2716	102.721	337.684
2717	102.767	337.678
2720	102.908	337.674
2721	102.955	337.672
2722	103.001	337.671
2723	103.047	337.441
2725	103.14	337.431
2727	103.232	337.224
2728	103.278	337.168
2729	103.325	337.137
2730	103.37	337.13
2733	103.509	337.04
2737	103.694	336.981
2738	103.74	336.874
2739	103.786	336.865
2743	103.972	336.864
2745	104.065	336.862
2746	104.111	336.853
2747	104.158	336.82
2749	104.25	336.812
2750	104.296	336.502
2751	104.344	336.501
2752	104.391	335.99
2754	104.483	335.983
2755	104.529	335.832
2756	104.576	335.831
2757	104.623	335.819
2759	104.718	335.815
2760	104.769	335.627
2762	104.862	335.622
2765	105.001	335.555
2766	105.047	335.25
2767	105.094	335.248
2773	105.379	335.228
2774	105.428	335.225
2777	105.572	335.224
2778	105.624	335.218
2779	105.672	335.166
2782	105.811	335.165
2784	105.909	335.156
2785	105.96	335.089
2787	106.064	335.084
2789	106.161	335.072
2792	106.309	335.06
2793	106.357	335.058
2795	106.455	335.056
2797	106.548	334.859
2799	106.641	334.816
2801	106.734	334.778
2802	106.78	334.775
2803	106.826	334.765
2805	106.92	334.759
2806	106.968	334.51
2809	107.122	334.508
2811	107.215	333.664
2812	107.261	333.631
2813	107.308	333.534
2816	107.448	333.157
2817	107.495	333.155
2821	107.682	332.525
2823	107.776	332.378
2827	107.962	332.373
2829	108.055	332.026
2832	108.194	332.005
2834	108.29	331.678
2837	108.431	331.625
2839	108.525	331.599
2840	108.571	331.431
2841	108.618	331.14
2842	108.665	331.111
2844	108.759	330.922
2845	108.805	330.904
2846	108.852	330.669
2847	108.899	330.575
2848	108.946	330.389
2849	108.994	330.225
2852	109.133	329.872
2853	109.179	329.864
2855	109.273	329.839
2856	109.319	329.836
2859	109.461	328.603
2860	109.507	328.545
2861	109.554	327.68
2862	109.601	327.615
2863	109.648	327.347
2865	109.741	327.34
2869	109.936	326.944
2870	109.983	326.943
2874	110.17	326.516
2876	110.265	326.429
2880	110.451	325.652
2881	110.501	325.65
2882	110.548	325.264
2883	110.596	325.263
2884	110.643	325.262
2885	110.69	325.26
2886	110.737	325.246
2888	110.831	325.199
2889	110.878	325.169
2890	110.926	325.158
2891	110.972	325.139
2892	111.02	325.137
2893	111.07	325.131
2894	111.134	325.116
2895	111.202	325.113
2896	111.262	325.107
2897	111.314	325.006
2898	111.368	324.997
2899	111.426	324.981
2900	111.477	324.98
2901	111.526	324.98
2902	111.573	324.888
2903	111.624	324.879
2904	111.673	324.751
2906	111.768	324.682
2907	111.815	324.676
2909	111.91	324.672
2910	111.958	324.665
2911	112.004	324.613
2912	112.052	324.605
2913	112.099	324.599
2915	112.193	324.595
2916	112.239	324.59
2917	112.286	324.521
2918	112.333	324.234
2919	112.38	324.132
2922	112.521	324.06
2927	112.76	324.008
2928	112.807	324.006
2929	112.854	324.003
2930	112.903	323.988
2931	112.96	323.755
2932	113.027	323.754
2933	113.082	323.684
2936	113.224	323.651
2938	113.318	323.647
2940	113.412	323.454
2941	113.46	323.436
2942	113.508	323.271
2943	113.554	322.867
2944	113.601	322.866
2945	113.648	322.838
2946	113.696	319.727
2947	113.743	319.634
2948	113.791	319.623
2951	113.94	318.6
2952	113.993	318.594
2953	114.043	317.576
2954	114.095	317.499
2955	114.146	317.464
2958	114.303	317.459
2959	114.365	317.456
2960	114.422	317.449
2961	114.488	317.445
2962	114.538	317.445
2963	114.591	317.243
2965	114.694	317.237
2967	114.792	317.041
2968	114.843	317.025
2969	114.894	316.996
2970	114.943	316.692
2973	115.089	316.642
2977	115.28	316.586
2978	115.351	316.249
2979	115.4	316.248
2980	115.447	316.23
2983	115.59	316.229
2986	115.732	316.192
2987	115.78	316.161
2990	115.926	315.905
2991	115.974	315.272
2992	116.026	314.993
2993	116.075	314.988
2994	116.123	314.985
2995	116.17	314.83
2996	116.219	314.789
2997	116.267	314.756
2998	116.314	314.755
3000	116.411	314.681
3002	116.508	314.679
3003	116.556	314.678
3005	116.651	314.629
3006	116.698	314.269
3010	116.898	314.269
3013	117.046	314.26
3014	117.098	314.26
3016	117.192	314.159
3019	117.341	313.929
3024	117.582	313.719
3025	117.63	313.67
3033	118.018	313.669
3035	118.114	313.477
3037	118.209	313.345
3039	118.306	313.324
3041	118.411	313.29
3043	118.518	313.097
3045	118.651	313.091
3049	118.84	313.091
3051	118.936	312.464
3053	119.033	312.417
3056	119.174	312.215
3060	119.403	312.202
3063	119.561	311.913
3066	119.708	311.913
3069	119.853	311.783
3070	119.902	311.771
3072	119.996	311.757
3074	120.101	311.473
3075	120.147	311.325
3077	120.239	311.316
3081	120.426	311.053
3084	120.565	310.898
3085	120.612	310.874
3086	120.659	310.745
3087	120.706	310.603
3088	120.752	310.577
3089	120.799	310.544
3092	120.939	310.238
3094	121.033	310.227
3099	121.268	310.225
3100	121.315	310.014
3101	121.363	309.748
3102	121.409	309.735
3103	121.459	309.607
3109	121.741	308.024
3114	121.978	307.965
3116	122.073	307.948
3118	122.167	307.803
3120	122.261	307.232
3121	122.31	307.232
3122	122.357	307.117
3123	122.404	307.114
3124	122.451	307.111
3125	122.507	307.108
3126	122.578	307.098
3127	122.63	307.088
3128	122.68	307.044
3129	122.727	307.036
3130	122.775	307.017
3131	122.822	307.016
3132	122.869	307.014
3134	122.964	307.005
3136	123.058	307.002
3137	123.106	306.966
3139	123.2	306.937
3140	123.247	306.936
3141	123.296	306.901
3142	123.343	306.832
3144	123.437	306.77
3146	123.531	306.664
3147	123.578	306.658
3149	123.676	306.649
3151	123.77	306.525
3152	123.817	306.521
3153	123.865	306.519
3154	123.913	306.403
3155	123.96	306.399
3156	124.007	306.393
3158	124.114	306.123
3159	124.161	306.059
3161	124.256	306.058
3162	124.302	306.008
3167	124.537	305.973
3168	124.584	305.972
3169	124.638	305.971
3170	124.69	305.964
3171	124.74	305.735
3172	124.788	305.734
3173	124.841	305.697
3175	124.946	305.683
3176	124.996	305.536
3178	125.106	305.519
3180	125.2	305.152
3181	125.247	305.147
3182	125.294	305.095
3183	125.341	304.713
3184	125.387	304.713
3185	125.437	304.684
3186	125.487	302.09
3187	125.538	301.906
3188	125.587	301.899
3191	125.791	301.193
3193	125.887	300.294
3196	126.027	300.294
3199	126.167	300.291
3200	126.214	300.286
3201	126.26	300.285
3202	126.307	300.283
3203	126.354	300.132
3204	126.401	300.131
3205	126.447	300.125
3207	126.54	299.888
3208	126.587	299.843
3209	126.633	299.83
3210	126.679	299.55
3213	126.821	299.511
3214	126.868	299.508
3216	126.962	299.504
3217	127.009	299.466
3218	127.071	299.333
3225	127.404	299.33
3226	127.451	299.31
3228	127.545	299.308
3230	127.64	299.128
3231	127.688	299.07
3232	127.736	298.595
3233	127.783	298.574
3234	127.829	298.566
3235	127.876	298.415
3236	127.923	298.382
3237	127.971	298.365
3239	128.079	298.363
3240	128.127	298.251
3242	128.221	298.25
3243	128.269	298.225
3246	128.413	297.923
3247	128.46	297.922
3253	128.741	297.921
3254	128.789	297.902
3259	129.027	297.834
3265	129.307	297.784
3270	129.544	297.774
3275	129.784	296.952
3277	129.879	296.841
3279	129.973	296.833
3280	130.021	296.83
3281	130.069	296.828
3283	130.169	296.822
3289	130.455	296.818
3290	130.502	296.808
3291	130.549	296.287
3292	130.596	296.243
3293	130.644	296.228
3296	130.787	295.878
3297	130.834	295.874
3300	130.975	295.872
3301	131.041	295.862
3303	131.146	295.511
3306	131.29	295.51
3309	131.432	295.504
3312	131.574	295.322
3313	131.62	295.322
3314	131.668	295.167
3318	131.864	295.134
3319	131.912	295.093
3321	132.01	294.868
3324	132.155	294.748
3325	132.203	294.74
3326	132.251	294.663
3327	132.299	294.58
3328	132.351	294.528
3329	132.4	294.488
3332	132.543	294.266
3335	132.688	294.26
3339	132.878	294.089
3340	132.927	293.48
3341	132.975	292.332
3343	133.071	292.025
3344	133.119	291.945
3349	133.358	291.278
3350	133.405	291.276
3351	133.452	291.275
3354	133.594	291.229
3357	133.749	291.228
3360	133.892	290.901
3361	133.939	290.901
3362	133.987	290.839
3363	134.034	290.837
3364	134.083	290.836
3365	134.133	290.834
3366	134.18	290.818
3368	134.275	290.774
3369	134.322	290.774
3370	134.382	290.771
3371	134.435	290.768
3372	134.482	290.763
3373	134.532	290.748
3374	134.579	290.746
3375	134.628	290.744
3376	134.675	290.742
3377	134.723	290.728
3378	134.77	290.726
3379	134.818	290.687
3380	134.865	290.686
3381	134.914	290.684
3382	134.961	290.63
3384	135.055	290.567
3385	135.104	290.565
3387	135.203	290.564
3388	135.251	290.557
3389	135.299	290.549
3390	135.347	290.478
3391	135.396	290.423
3392	135.444	290.419
3393	135.493	290.417
3394	135.541	290.237
3395	135.592	290.237
3397	135.7	290.228
3398	135.748	289.95
3399	135.796	289.898
3401	135.891	289.878
3402	135.939	289.829
3405	136.083	289.827
3406	136.131	289.822
3407	136.179	289.769
3409	136.274	289.767
3410	136.321	289.76
3411	136.369	289.574
3413	136.464	289.555
3415	136.558	289.49
3416	136.607	289.343
3417	136.655	289.307
3419	136.753	289.306
3420	136.802	289.2
3421	136.849	289.188
3422	136.896	289.089
3423	136.943	288.886
3424	136.991	288.886
3425	137.037	288.836
3426	137.085	286.816
3427	137.132	286.761
3428	137.18	286.757
3431	137.322	286.226
3432	137.369	286.22
3433	137.419	285.48
3436	137.562	285.479
3438	137.658	285.478
3439	137.715	285.477
3440	137.767	285.474
3442	137.864	285.474
3443	137.911	285.309
3445	138.006	285.305
3447	138.102	285.116
3448	138.149	285.107
3449	138.198	285.1
3450	138.245	285.01
3453	138.388	284.981
3454	138.437	284.978
3457	138.58	284.951
3458	138.63	284.835
3459	138.677	284.765
3460	138.725	284.705
3466	139.016	284.657
3467	139.063	284.657
3468	139.112	284.656
3469	139.16	284.649
3470	139.208	284.388
3471	139.256	283.883
3472	139.303	283.558
3473	139.351	283.537
3474	139.397	283.527
3475	139.445	283.43
3476	139.492	283.408
3477	139.54	283.258
3479	139.636	283.258
3480	139.683	282.87
3482	139.779	282.868
3483	139.827	282.854
3485	139.922	282.833
3486	139.97	282.614
3487	140.017	282.613
3489	140.114	282.611
3492	140.256	282.61
3493	140.303	282.61
3494	140.351	282.607
3495	140.399	282.567
3496	140.447	282.508
3499	140.592	282.47
3500	140.643	282.47
3503	140.815	282.458
3505	140.912	282.446
3506	140.962	282.434
3507	141.011	282.173
3509	141.11	282.16
3516	141.445	282.157
3517	141.493	282.036
3521	141.684	282.031
3522	141.731	282.029
3523	141.78	282.022
3525	141.876	282.02
3528	142.019	282.019
3529	142.066	282.015
3531	142.16	281.604
3532	142.211	281.582
3536	142.418	281.34
3538	142.516	281.34
3540	142.616	281.33
3543	142.766	280.969
3549	143.057	280.892
3552	143.202	280.878
3559	143.546	280.76
3561	143.647	280.586
3564	143.794	280.462
3567	143.957	280.385
3570	144.104	280.382
3572	144.203	280.175
3573	144.255	279.745
3574	144.305	279.738
3575	144.355	279.725
3579	144.552	278.811
3580	144.6	278.188
3581	144.652	277.577
3582	144.7	277.559
3584	144.795	277.228
3589	145.034	276.157
3590	145.083	276.156
3593	145.228	275.699
3595	145.324	275.684
3597	145.42	275.683
3598	145.47	275.352
3600	145.567	275.276
3601	145.615	275.276
3602	145.663	275.252
3603	145.71	275.249
3604	145.758	275.248
3605	145.805	275.246
3606	145.853	275.245
3607	145.901	275.243
3608	145.949	275.218
3610	146.044	275.215
3611	146.093	275.205
3612	146.141	275.203
3613	146.189	275.19
3614	146.237	275.17
3615	146.289	275.164
3617	146.399	275.143
3618	146.476	275.123
3619	146.549	275.098
3621	146.656	275.042
3622	146.706	274.976
3624	146.801	274.923
3626	146.898	274.818
3627	146.947	274.806
3628	146.994	274.799
3629	147.043	274.799
3630	147.091	274.798
3631	147.139	274.696
3632	147.187	274.69
3633	147.236	274.687
3634	147.285	274.603
3637	147.441	274.594
3638	147.491	274.384
3639	147.543	274.284
3641	147.642	274.28
3642	147.695	274.233
3645	147.838	274.233
3646	147.886	274.23
3647	147.934	274.204
3648	147.982	274.2
3649	148.03	274.199
3650	148.078	274.179
3651	148.126	274.055
3652	148.175	274.055
3654	148.272	274.049
3655	148.321	273.985
3656	148.368	273.894
3657	148.417	273.879
3659	148.513	273.879
3660	148.561	273.632
3661	148.609	273.62
3662	148.657	273.541
3663	148.706	273.374
3664	148.754	273.372
3665	148.801	273.302
3666	148.849	271.592
3667	148.898	271.581
3668	148.945	271.578
3671	149.09	271.051
3672	149.138	271.05
3673	149.185	270.402
3674	149.234	270.392
3675	149.282	270.375
3678	149.426	270.374
3680	149.523	270.267
3682	149.618	270.267
3683	149.666	270.231
3685	149.762	270.223
3687	149.862	270.073
3689	149.961	270.062
3690	150.009	270.044
3693	150.153	269.976
3696	150.298	269.973
3697	150.346	269.955
3698	150.394	269.92
3699	150.442	269.919
3700	150.49	269.66
3706	150.779	269.271
3710	150.98	269.038
3711	151.027	268.949
3712	151.076	268.696
3713	151.124	268.67
3714	151.172	268.663
3715	151.22	268.579
3716	151.27	268.568
3717	151.318	268.524
3718	151.366	268.522
3720	151.463	268.155
3722	151.56	268.154
3723	151.608	268.141
3725	151.703	268.131
3726	151.752	267.94
3727	151.799	267.935
3732	152.04	267.934
3733	152.092	267.931
3736	152.237	267.914
3738	152.332	267.913
3739	152.38	267.881
3743	152.571	267.84
3745	152.667	267.82
3747	152.763	267.793
3750	152.907	267.788
3753	153.049	267.783
3756	153.194	267.782
3757	153.242	267.689
3760	153.382	267.689
3762	153.476	267.683
3763	153.523	267.597
3769	153.803	267.588
3771	153.896	267.411
3772	153.942	267.39
3773	153.99	267.387
3776	154.131	267.233
3778	154.226	267.232
3781	154.37	267.188
3785	154.557	267.182
3786	154.604	267.18
3787	154.65	267.169
3789	154.745	267.147
3790	154.792	267.136
3792	154.896	266.838
3794	154.991	266.544
3796	155.085	266.54
3801	155.319	266.429
3804	155.461	266.307
3805	155.509	266.306
3806	155.556	266.305
3807	155.603	266.179
3808	155.65	266.168
3809	155.698	266.101
3810	155.744	266.026
3812	155.839	265.876
3813	155.886	265.847
3814	155.933	265.843
3815	155.98	265.842
3819	156.167	265.782
3820	156.214	265.555
3821	156.261	265.524
3822	156.308	265.498
3824	156.405	265.382
3825	156.452	265.38
3827	156.547	265.371
3828	156.593	265.356
3830	156.687	265.355
3833	156.828	265.334
3834	156.875	265.256
3835	156.922	265.139
3836	156.968	265.136
3840	157.158	265.087
3842	157.252	265.062
3843	157.299	265.06
3845	157.394	265.057
3846	157.44	265.05
3847	157.488	265.046
3848	157.535	265.027
3850	157.63	265.024
3851	157.678	265.021
3852	157.725	265.018
3853	157.772	265.014
3854	157.819	265.009
3857	157.96	265.002
3858	158.008	264.998
3859	158.055	264.954
3860	158.102	264.954
3862	158.196	264.905
3864	158.291	264.859
3866	158.385	264.849
3869	158.528	264.841
3871	158.625	264.775
3872	158.673	264.772
3873	158.72	264.771
3874	158.768	264.766
3875	158.815	264.763
3877	158.91	264.708
3878	158.957	264.431
3879	159.005	264.371
3881	159.1	264.37
3882	159.147	264.33
3884	159.241	264.328
3887	159.383	264.3
3888	159.43	264.298
3889	159.478	264.297
3891	159.573	264.133
3892	159.621	264.132
3893	159.668	264.119
3894	159.715	264.11
3895	159.763	264.098
3896	159.81	263.599
3899	159.954	263.598
3900	160.001	263.521
3901	160.049	263.511
3902	160.097	263.403
3903	160.145	263.28
3904	160.192	263.279
3905	160.239	263.252
3906	160.287	261.953
3907	160.336	261.861
3908	160.384	261.853
3910	160.482	261.852
3911	160.53	260.791
3913	160.627	260.229
3915	160.725	260.216
3917	160.821	260.21
3918	160.868	260.207
3919	160.916	260.206
3920	160.964	260.199
3921	161.016	260.198
3922	161.065	260.198
3923	161.114	260.147
3925	161.21	260.141
3927	161.318	260.025
3928	161.366	260.023
3929	161.417	260.008
3930	161.464	259.995
3933	161.608	259.984
3937	161.798	259.969
3938	161.846	259.88
3939	161.894	259.877
3940	161.943	259.758
3945	162.18	259.757
3946	162.227	259.746
3947	162.275	259.742
3950	162.418	259.54
3951	162.466	259.454
3952	162.513	259.387
3953	162.561	259.385
3954	162.609	259.362
3955	162.658	259.278
3957	162.753	259.239
3958	162.801	259.238
3960	162.9	258.933
3962	162.996	258.929
3963	163.044	258.929
3965	163.14	258.878
3966	163.188	258.667
3967	163.237	258.659
3972	163.476	258.658
3973	163.524	258.657
3976	163.668	258.555
3978	163.763	258.554
3979	163.811	258.525
3983	164.003	258.514
3984	164.051	258.472
3985	164.099	258.452
3987	164.196	258.444
3988	164.244	258.439
3993	164.484	258.435
3995	164.591	258.434
3996	164.641	258.432
3997	164.69	258.382
4000	164.835	258.382
4002	164.931	258.379
4003	164.98	258.078
4005	165.078	258.068
4009	165.269	258.064
4010	165.317	258.004
4011	165.365	257.846
4013	165.461	257.818
4016	165.606	257.712
4018	165.702	257.711
4020	165.799	257.699
4022	165.896	257.687
4023	165.944	257.628
4028	166.191	257.592
4029	166.24	257.56
4032	166.384	257.386
4033	166.438	257.383
4034	166.503	256.711
4036	166.613	256.707
4041	166.853	256.611
4044	167.008	256.509
4047	167.162	256.507
4052	167.416	256.388
4053	167.464	256.369
4054	167.512	256.348
4059	167.753	256.318
4061	167.854	256.304
4062	167.903	256.299
4074	168.486	256.248
4075	168.534	256.237
4080	168.775	255.964
4081	168.823	255.964
4083	168.92	255.963
4085	169.018	255.962
4086	169.066	255.962
4088	169.162	255.943
4089	169.211	255.91
4090	169.259	255.909
4091	169.308	255.867
4092	169.357	255.866
4094	169.472	255.857
4095	169.521	255.856
4096	169.571	255.856
4097	169.62	255.846
4099	169.718	255.792
4100	169.765	255.792
4101	169.814	255.569
4102	169.862	255.553
4104	169.959	255.506
4106	170.059	255.461
4107	170.107	255.426
4109	170.215	255.42
4111	170.311	255.364
4113	170.407	255.364
4114	170.456	255.303
4115	170.505	255.302
4116	170.554	255.296
4117	170.602	255.288
4118	170.651	255.033
4119	170.699	254.986
4121	170.796	254.975
4122	170.843	254.944
4127	171.084	254.901
4128	171.132	254.901
4129	171.18	254.9
4130	171.228	254.897
4131	171.276	254.758
4132	171.325	254.758
4133	171.372	254.758
4134	171.421	254.746
4135	171.47	254.674
4136	171.518	254.127
4137	171.566	254.114
4138	171.615	253.966
4139	171.667	253.965
4140	171.714	253.675
4141	171.763	253.672
4142	171.811	253.627
4143	171.86	253.544
4144	171.908	253.543
4145	171.957	253.476
4146	172.005	252.368
4147	172.053	252.282
4148	172.101	252.277
4151	172.246	251.374
4152	172.294	251.37
4153	172.343	250.861
4155	172.44	250.847
4157	172.537	250.833
4158	172.586	250.832
4160	172.683	250.826
4161	172.732	250.824
4163	172.829	250.779
4164	172.877	250.778
4165	172.925	250.766
4167	173.024	250.729
4168	173.073	250.727
4169	173.121	250.725
4170	173.17	250.645
4173	173.315	250.53
4177	173.509	250.506
4178	173.558	250.438
4179	173.607	250.255
4180	173.655	250.135
4181	173.703	250.135
4185	173.901	250.128
4186	173.949	250.107
4190	174.142	249.983
4192	174.239	249.924
4193	174.287	249.922
4194	174.336	249.916
4195	174.384	249.852
4196	174.432	249.847
4197	174.481	249.804
4198	174.529	249.803
4199	174.578	249.8
4200	174.627	249.509
4201	174.675	249.504
4203	174.773	249.5
4204	174.821	249.482
4206	174.919	249.331
4207	174.968	249.323
4209	175.065	249.311
4210	175.114	249.311
4212	175.212	249.309
4213	175.261	249.304
4214	175.309	249.303
4216	175.406	249.237
4218	175.503	249.233
4219	175.552	249.208
4223	175.746	249.19
4225	175.843	249.176
4227	175.94	249.172
4233	176.233	249.171
4234	176.281	249.161
4237	176.427	249.052
4245	176.816	249.05
4246	176.864	249.045
4249	177.01	249.043
4250	177.059	249.014
4251	177.107	248.898
4253	177.205	248.894
4256	177.35	248.828
4258	177.447	248.827
4259	177.496	248.826
4260	177.545	248.808
4263	177.69	248.801
4266	177.835	248.799
4268	177.932	248.787
4270	178.029	248.785
4272	178.126	248.775
4274	178.226	248.288
4281	178.577	248.217
4284	178.724	248.139
4287	178.869	248.135
4288	178.918	248.12
4292	179.128	247.998
4293	179.177	247.96
4295	179.274	247.949
4299	179.469	247.903
4300	179.517	247.902
4302	179.614	247.901
4306	179.809	247.864
4307	179.857	247.697
4309	179.954	247.641
4314	180.198	247.605
4315	180.247	247.586
4316	180.297	247.578
4318	180.397	247.578
4320	180.495	247.529
4324	180.69	247.527
4325	180.739	247.526
4326	180.787	247.525
4327	180.836	247.523
4328	180.885	247.505
4330	180.982	247.505
4331	181.031	247.499
4332	181.079	247.498
4334	181.178	247.494
4336	181.275	247.494
4337	181.324	247.486
4338	181.373	247.484
4339	181.422	247.469
4340	181.471	247.468
4341	181.519	247.465
4344	181.665	247.429
4346	181.763	247.4
4347	181.811	247.4
4349	181.918	247.397
4350	181.972	247.396
4351	182.021	247.356
4352	182.07	247.356
4353	182.118	247.353
4357	182.314	247.348
4358	182.363	247.165
4359	182.411	247.123
4360	182.46	247.121
4361	182.508	247.116
4362	182.558	247.09
4363	182.609	247.075
4366	182.755	247.075
4367	182.803	247.056
4368	182.853	247.056
4369	182.902	247.054
4370	182.952	247.044
4371	183.002	246.916
4372	183.05	246.915
4373	183.1	246.897
4374	183.15	246.89
4375	183.198	246.873
4376	183.256	246.622
4378	183.365	246.612
4379	183.414	246.611
4380	183.464	246.429
4381	183.513	246.423
4382	183.562	246.398
4383	183.612	246.302
4385	183.709	246.266
4386	183.759	245.368
4387	183.807	245.304
4388	183.856	245.301
4391	184.002	244.546
4393	184.098	244.114
4395	184.195	244.1
4396	184.244	244.098
4397	184.292	244.095
4398	184.341	244.093
4399	184.389	244.093
4400	184.438	244.087
4401	184.486	244.083
4402	184.535	244.082
4403	184.585	244.055
4404	184.633	244.055
4405	184.684	244.052
4406	184.733	244.051
4407	184.783	243.993
4408	184.833	243.983
4413	185.087	243.963
4417	185.276	243.943
4418	185.324	243.87
4419	185.372	243.861
4421	185.466	243.86
4423	185.559	243.859
4424	185.606	243.806
4425	185.654	243.805
4426	185.702	243.79
4430	185.89	243.666
4432	185.983	243.501
4433	186.03	243.494
4434	186.078	243.149
4435	186.126	243.083
4437	186.22	243.044
4443	186.515	243.015
4445	186.61	242.976
4446	186.658	242.848
4449	186.801	242.841
4453	186.998	242.834
4456	187.165	242.813
4458	187.28	242.811
4459	187.329	242.789
4461	187.428	242.776
4463	187.524	242.775
4465	187.619	242.761
4470	187.861	242.759
4474	188.052	242.746
4477	188.199	242.663
4480	188.348	242.663
4484	188.539	242.662
4490	188.824	242.651
4491	188.872	242.525
4496	189.114	242.475
4498	189.21	242.474
4499	189.258	242.471
4500	189.306	242.471
4501	189.354	242.465
4506	189.594	242.464
4507	189.641	242.464
4508	189.689	242.46
4509	189.736	242.451
4510	189.784	242.451
4512	189.879	242.299
4514	189.974	241.78
4517	190.118	241.602
4521	190.323	241.546
4524	190.467	241.475
4526	190.564	241.442
4527	190.612	241.434
4528	190.66	241.432
4531	190.804	241.36
4532	190.852	241.273
4534	190.949	241.238
4547	191.577	241.075
4549	191.673	240.753
4554	191.92	240.727
4555	191.969	240.718
4560	192.211	240.606
4562	192.308	240.566
4563	192.356	240.566
4565	192.452	240.565
4566	192.5	240.564
4567	192.549	240.552
4568	192.597	240.519
4570	192.693	240.516
4571	192.741	240.514
4572	192.791	240.513
4573	192.84	240.51
4574	192.899	240.505
4576	192.998	240.504
4577	193.046	240.501
4578	193.094	240.499
4579	193.144	240.495
4580	193.192	240.495
4581	193.241	240.021
4582	193.289	240.003
4584	193.387	239.969
4586	193.485	239.964
4587	193.534	239.946
4588	193.582	239.944
4589	193.63	239.94
4590	193.679	239.93
4591	193.727	239.899
4592	193.776	239.898
4593	193.824	239.893
4594	193.872	239.893
4595	193.92	239.891
4596	193.968	239.88
4597	194.017	239.813
4598	194.065	239.649
4599	194.113	239.596
4600	194.161	239.595
4601	194.21	239.592
4602	194.259	239.569
4606	194.455	239.558
4607	194.504	239.546
4609	194.6	239.544
4611	194.697	239.431
4613	194.793	239.419
4614	194.841	239.409
4615	194.89	239.394
4617	194.986	239.385
4619	195.083	239.385
4620	195.131	239.222
4621	195.18	239.22
4622	195.228	239.204
4623	195.277	239.139
4625	195.374	239.099
4626	195.423	238.369
4627	195.473	238.304
4628	195.521	238.303
4631	195.674	237.742
4632	195.723	237.739
4633	195.772	237.379
4634	195.821	237.378
4635	195.869	237.369
4636	195.917	237.368
4637	195.965	237.357
4638	196.014	237.355
4640	196.122	237.351
4641	196.186	237.35
4642	196.235	237.35
4643	196.284	237.314
4644	196.333	237.308
4645	196.381	237.297
4646	196.429	237.295
4647	196.478	237.259
4648	196.527	237.258
4649	196.575	237.252
4652	196.721	237.251
4653	196.769	237.245
4657	196.963	237.231
4658	197.011	237.192
4659	197.059	237.178
4660	197.108	237.099
4663	197.253	237.099
4664	197.302	237.083
4665	197.35	237.079
4666	197.398	237.065
4667	197.447	237.04
4670	197.593	236.929
4671	197.641	236.923
4672	197.69	236.803
4673	197.738	236.801
4674	197.788	236.704
4675	197.837	236.663
4676	197.885	236.658
4677	197.934	236.629
4679	198.033	236.62
4683	198.229	236.603
4685	198.327	236.594
4686	198.377	236.546
4687	198.425	236.543
4688	198.475	236.518
4689	198.524	236.515
4691	198.621	236.511
4692	198.669	236.51
4693	198.718	236.506
4695	198.817	236.506
4698	199.013	236.484
4699	199.061	236.474
4705	199.366	236.463
4707	199.464	236.298
4713	199.759	236.297
4714	199.807	236.291
4717	199.954	236.197
4720	200.101	236.195
4721	200.149	236.192
4722	200.198	236.189
4728	200.49	236.189
4729	200.539	236.188
4730	200.589	236.174
4731	200.637	236.091
4736	200.881	236.083
4740	201.076	236.071
4741	201.125	236.057
4743	201.222	236.053
4747	201.416	236.05
4749	201.513	236.021
4750	201.562	236.007
4754	201.757	235.618
4755	201.807	235.596
4756	201.855	235.586
4758	201.953	235.582
4761	202.099	235.544
4762	202.149	235.541
4763	202.198	235.514
4764	202.246	235.472
4765	202.295	235.471
4766	202.345	235.467
4767	202.395	235.465
4768	202.445	235.459
4772	202.642	235.373
4775	202.798	235.373
4780	203.042	235.368
4781	203.091	235.335
4782	203.139	235.321
4783	203.188	235.305
4784	203.237	235.293
4786	203.334	235.285
4787	203.383	233.013
4791	203.58	233.01
4794	203.725	232.966
4795	203.773	232.925
4796	203.822	232.924
4797	203.87	232.922
4801	204.065	232.922
4802	204.114	232.9
4803	204.163	232.898
4806	204.31	232.889
4807	204.36	232.859
4808	204.41	232.843
4810	204.507	232.841
4811	204.556	232.839
4812	204.605	232.838
4813	204.655	232.837
4814	204.704	232.829
4820	204.997	232.829
4821	205.046	232.825
4824	205.192	232.807
4826	205.29	232.804
4827	205.339	232.794
4828	205.389	232.794
4829	205.438	232.792
4831	205.535	232.768
4837	205.914	232.756
4838	205.965	232.721
4839	206.015	232.684
4841	206.113	232.677
4842	206.162	232.664
4846	206.357	232.662
4847	206.407	232.648
4849	206.507	232.647
4850	206.564	232.637
4851	206.62	232.552
4852	206.674	232.552
4853	206.725	232.533
4854	206.78	232.533
4855	206.83	232.498
4858	206.977	232.37
4860	207.075	232.229
4861	207.125	232.224
4863	207.23	232.132
4864	207.281	232.132
4865	207.332	232.088
4866	207.381	231.417
4867	207.436	231.335
4868	207.493	231.334
4871	207.65	230.784
4872	207.699	230.783
4873	207.749	230.59
4875	207.848	230.576
4877	207.949	230.575
4880	208.096	230.571
4881	208.146	230.571
4882	208.195	230.57
4883	208.245	230.523
4884	208.294	230.516
4885	208.344	230.48
4887	208.443	230.446
4888	208.492	230.446
4890	208.59	230.42
4893	208.74	230.416
4895	208.838	230.415
4896	208.887	230.412
4897	208.937	230.399
4898	208.989	230.355
4899	209.038	230.353
4901	209.136	230.352
4903	209.236	230.352
4905	209.336	230.35
4906	209.385	230.344
4907	209.435	230.341
4908	209.483	230.323
4910	209.582	230.276
4911	209.634	230.275
4912	209.687	230.189
4913	209.736	230.186
4914	209.788	230.169
4915	209.848	230.142
4916	209.906	230.139
4917	209.956	230.117
4919	210.054	230.112
4923	210.251	230.098
4925	210.348	230.096
4926	210.397	230.005
4927	210.445	230.004
4931	210.641	229.998
4932	210.689	229.997
4933	210.739	229.996
4935	210.837	229.995
4936	210.887	229.993
4938	210.989	229.968
4939	211.038	229.955
4940	211.087	229.955
4943	211.233	229.94
4945	211.331	229.936
4947	211.457	229.932
4950	211.605	229.93
4953	211.753	229.929
4955	211.852	229.928
4956	211.902	229.927
4957	211.952	229.879
4961	212.149	229.875
4971	212.66	229.804
4976	212.905	229.77
4978	213.011	229.769
4980	213.115	229.758
4986	213.413	229.757
4989	213.561	229.74
4991	213.66	229.733
4994	213.808	229.394
4999	214.053	229.389
5000	214.102	229.389
# FIN	214.102	229.389

