# target=instancias/pollock.png T=240 iters=5000 K=32 seed=auto
iter	segundos	MSE
0	0.00178986	11765.4
1	0.0192881	11738.6
2	0.036756	11733.7
3	0.0535941	11718.4
4	0.0705626	11664.7
5	0.0874706	11660
6	0.104436	11642.8
7	0.120755	11640
8	0.137667	11622.2
9	0.168231	11599.3
10	0.194613	11562.9
11	0.216043	11515.9
12	0.233398	11504.1
13	0.251469	11503.7
14	0.272045	11502.4
15	0.289728	11473.1
16	0.307765	11461.1
17	0.325379	11450.6
18	0.342475	11439.9
19	0.359473	11404.5
20	0.37699	11378
21	0.394668	11371.4
22	0.4126	11366.5
23	0.431024	11304.7
24	0.448384	11278.1
25	0.465555	11218.4
26	0.483314	11180.4
27	0.501357	11176.6
28	0.519009	11151.5
29	0.537021	11151.3
30	0.554311	11134
31	0.572097	11123
32	0.589394	11112.8
33	0.607112	11108.5
34	0.624521	11091.5
35	0.642926	11084.2
36	0.661525	11028.8
37	0.679538	11026.9
38	0.697557	11002.4
39	0.715132	10996.9
40	0.733351	10942
41	0.751587	10924.2
42	0.769097	10915.4
43	0.786571	10902.9
44	0.80392	10899.4
45	0.821668	10898.3
46	0.839336	10888.3
47	0.857046	10829.8
48	0.874581	10826.9
49	0.892244	10810.2
50	0.910067	10810
51	0.92777	10807.3
52	0.9457	10806
53	0.963204	10790.9
54	0.981076	10759.7
55	0.998987	10758.9
56	1.01693	10758.6
57	1.03466	10735
58	1.05324	10709.2
59	1.07258	10670
60	1.09143	10656.5
61	1.11069	10605.9
62	1.1299	10603.1
63	1.14911	10561.8
64	1.16747	10555.7
65	1.18636	10553.2
66	1.20592	10528
67	1.22437	10505.8
68	1.24273	10505.2
69	1.26149	10481.5
70	1.28136	10477.8
71	1.29968	10456.6
72	1.31761	10414.4
73	1.33628	10395.7
74	1.35475	10387.8
75	1.37292	10385.1
76	1.39101	10384
77	1.4091	10362.3
78	1.42762	10350.9
79	1.44665	10345.3
80	1.46536	10281.2
81	1.48357	10233.4
83	1.52005	10187.9
84	1.53886	10171
85	1.5589	10157.5
86	1.57812	10141.8
87	1.59669	10120.3
88	1.61514	10115.2
89	1.63384	10098.2
90	1.65273	10096
91	1.67163	10090.9
92	1.68999	10049.3
93	1.70858	10047.4
94	1.72777	10031.3
95	1.74714	10031.3
96	1.76563	10013.5
97	1.78425	10007.2
98	1.80355	9965.43
99	1.82241	9952.8
100	1.84137	9940.3
101	1.86159	9940.19
102	1.89238	9933.37
103	1.91465	9931.28
104	1.93526	9926.19
105	1.95509	9924.35
106	1.97708	9918.82
107	1.99959	9916.07
108	2.0214	9886.6
109	2.06731	9878.57
110	2.09136	9841.29
111	2.11077	9821.74
112	2.13009	9820.95
113	2.14928	9816.04
114	2.16858	9812.84
115	2.18913	9805.37
116	2.20988	9780.57
117	2.23016	9768.63
118	2.25099	9766.61
119	2.27037	9744.72
120	2.28982	9742.7
121	2.30892	9737.61
122	2.32831	9715.53
123	2.34859	9705.71
124	2.36789	9700.27
125	2.38759	9658.62
126	2.4067	9657.66
127	2.42608	9655.13
128	2.44584	9654.54
129	2.46508	9653.26
130	2.48401	9609.45
131	2.50309	9601.29
132	2.52245	9580.25
133	2.54462	9566.17
134	2.56426	9560.11
135	2.58398	9557.16
136	2.60323	9555.13
137	2.62274	9554.7
138	2.64179	9552.81
139	2.66092	9531.62
140	2.68051	9483.66
141	2.70025	9471.35
142	2.71998	9458.3
143	2.73903	9429.61
144	2.75936	9419.62
145	2.77895	9410.62
146	2.79835	9387.18
147	2.81784	9386.2
148	2.83712	9365.25
149	2.85691	9362.4
150	2.87627	9358.7
151	2.8955	9357.21
152	2.9158	9350.74
153	2.93576	9310.6
154	2.95488	9305.35
156	2.99487	9302.27
157	3.01423	9302.2
158	3.03348	9294.42
159	3.05346	9293.47
160	3.07316	9292.25
161	3.0942	9285.93
162	3.11487	9280.97
163	3.13527	9276.34
164	3.15491	9250.43
165	3.17473	9240.45
166	3.19419	9231.25
167	3.21487	9226.18
168	3.23735	9224.15
169	3.25742	9214.48
170	3.27683	9199.78
171	3.29624	9156.81
172	3.31551	9114.45
173	3.33568	9111.41
174	3.36519	9108.58
175	3.38606	9098.04
176	3.40793	9090.36
177	3.42991	9055.44
178	3.45237	9053.6
179	3.47465	9029.48
180	3.4959	9011.64
181	3.51686	9006.53
182	3.53689	8942.1
183	3.55647	8930.01
184	3.57602	8915.4
185	3.59544	8862.86
186	3.61499	8862.4
187	3.63474	8862.26
188	3.65765	8860.12
189	3.67828	8847
190	3.69902	8841.26
191	3.71971	8837.67
192	3.73989	8822.4
193	3.75982	8816.65
194	3.77987	8809.59
195	3.79985	8808.66
196	3.81974	8777.31
197	3.83973	8776.56
198	3.85962	8775.59
199	3.87968	8769.85
200	3.89915	8757.16
201	3.91916	8757.01
202	3.93881	8753.1
203	3.95888	8726
204	3.97837	8706.14
205	3.99797	8702.73
206	4.01776	8677.26
207	4.03761	8631.87
208	4.05755	8606.16
209	4.07753	8598.29
210	4.0971	8595.93
211	4.11649	8565.11
212	4.13584	8564.81
213	4.15674	8555.44
214	4.17658	8552.18
215	4.19621	8545.45
216	4.21619	8537.57
217	4.2361	8512.75
218	4.25766	8511.96
219	4.27859	8501.88
220	4.29929	8491.87
221	4.31946	8481.79
222	4.34062	8461.18
223	4.3609	8452.99
224	4.38126	8439
225	4.40174	8434.72
226	4.42369	8433.56
227	4.44451	8387.13
228	4.46458	8385.47
229	4.48476	8378.74
230	4.50469	8375.05
231	4.52627	8374.13
232	4.54713	8367.28
233	4.56737	8363.88
234	4.58716	8350.37
235	4.60801	8350.21
236	4.6282	8332.13
237	4.64876	8282.17
238	4.66875	8275.37
239	4.68903	8272.22
240	4.70905	8220.07
241	4.7295	8215.16
242	4.74977	8213.09
243	4.77016	8209.35
244	4.79034	8199.98
245	4.81037	8194.93
246	4.83069	8194.19
247	4.85121	8194.15
248	4.87206	8176.76
249	4.89392	8168.08
250	4.91434	8151.87
251	4.93494	8136.71
252	4.95709	8124.65
253	4.97859	8120.7
254	4.9997	8120.58
255	5.02218	8119.35
257	5.06428	8107.01
258	5.08557	8100.42
259	5.10746	8086.74
260	5.12855	8070.56
261	5.14945	8064.08
262	5.17017	8060.65
263	5.19113	8043.57
264	5.21231	8002.27
265	5.23382	7993.43
266	5.25523	7950.57
267	5.2763	7947.87
268	5.2975	7904.09
269	5.31854	7903.93
270	5.34011	7892.31
271	5.36167	7867.4
272	5.38276	7864.91
273	5.40374	7864.63
274	5.42492	7861.01
275	5.44653	7854.27
276	5.46823	7829.81
277	5.49034	7823.41
278	5.51144	7820.39
279	5.533	7817.63
280	5.55442	7751.16
281	5.57575	7727.58
282	5.5973	7725.16
283	5.61852	7698.07
284	5.64079	7694.45
285	5.66197	7694.25
286	5.68392	7685.03
287	5.70554	7663.07
288	5.73032	7657.81
289	5.75482	7647.51
290	5.77745	7646.31
291	5.79901	7645.11
292	5.82123	7633.02
293	5.84426	7632.54
294	5.86601	7613.96
295	5.8875	7613.3
296	5.909	7611.48
297	5.93054	7594.7
298	5.95212	7443.27
299	5.97434	7441.08
300	5.99616	7431.76
301	6.01833	7409.66
302	6.04017	7408.18
303	6.06279	7390.32
304	6.08645	7389.64
305	6.10895	7386.56
306	6.13259	7378.85
307	6.15812	7360.89
308	6.18267	7360.54
309	6.20597	7308.12
310	6.22842	7303.91
311	6.25085	7292.29
312	6.27328	7282.48
313	6.29727	7276.29
314	6.31929	7273.52
315	6.342	7263.49
316	6.36509	7261.9
317	6.38806	7258.23
318	6.41244	7249.71
319	6.43459	7246.2
320	6.45738	7224.21
321	6.48059	7221.55
323	6.52489	7216.06
324	6.54783	7205.96
325	6.57163	7198.59
326	6.59541	7193.48
327	6.6184	7140.81
328	6.64075	7138.72
329	6.66331	7130.35
330	6.68599	7110.78
331	6.70895	7109.69
332	6.7313	7095.69
333	6.75369	7095.46
334	6.77649	7089.91
335	6.79944	7088.47
336	6.82161	7073.06
337	6.84386	7062.05
338	6.86654	7030.77
339	6.88974	7005.44
340	6.91344	6984.59
341	6.93735	6984.5
342	6.95983	6978.54
343	6.98233	6975.93
344	7.00491	6975.74
345	7.02811	6974.53
346	7.05032	6972.28
347	7.07255	6962.85
348	7.096	6958.08
349	7.11861	6951.51
350	7.14163	6940.86
351	7.1644	6934.99
352	7.18711	6931.19
353	7.21019	6919.74
354	7.23361	6916.85
355	7.25616	6901.07
356	7.27944	6899.16
357	7.30212	6889.53
358	7.3245	6888.13
359	7.3483	6880.16
360	7.37126	6880.11
361	7.3938	6876.51
362	7.41663	6876.32
363	7.4407	6875.12
364	7.46475	6872.2
365	7.50712	6856.33
366	7.5658	6853.35
367	7.59936	6833.59
368	7.62198	6831.67
369	7.64527	6827.57
370	7.66837	6819.67
371	7.69145	6819.19
372	7.71433	6802.07
373	7.73731	6790.43
374	7.76051	6775.65
375	7.78534	6774.03
376	7.80885	6772.89
377	7.83144	6770.36
378	7.85436	6768.81
379	7.87764	6726.69
380	7.90051	6659.08
381	7.92351	6656.66
382	7.94639	6654.96
383	7.96927	6651.48
384	7.99232	6647.32
385	8.0159	6644.17
386	8.03979	6635.54
387	8.06263	6614.4
388	8.08521	6601.26
389	8.10811	6600.58
390	8.1312	6596.84
391	8.15498	6592
392	8.17764	6588.2
393	8.20106	6572.76
394	8.22502	6565.17
396	8.27209	6564.53
397	8.29599	6564.35
398	8.32263	6551.58
399	8.34652	6547.84
400	8.37052	6546.62
401	8.39815	6543.58
402	8.42185	6540.74
403	8.44564	6540.61
404	8.46911	6514.37
405	8.4926	6495.03
406	8.51622	6490.25
407	8.54045	6488.1
408	8.56549	6484.82
409	8.5896	6482.77
410	8.61301	6477.08
411	8.63649	6458.47
412	8.65973	6454.61
413	8.68379	6453.12
414	8.70685	6448.37
415	8.72997	6447.27
416	8.75557	6438.36
417	8.77928	6423.44
418	8.80311	6423.13
419	8.82688	6408.01
420	8.85058	6397.01
421	8.87359	6389.57
422	8.89671	6335.88
423	8.92016	6322.91
424	8.94316	6318.87
425	8.9662	6301.25
426	8.98964	6301.09
427	9.01303	6300.54
428	9.0362	6298.97
429	9.05946	6271.19
430	9.08289	6266.52
431	9.1063	6264.31
432	9.13002	6251.03
433	9.15433	6246.7
434	9.1781	6243.63
435	9.20182	6243.34
436	9.2261	6216.78
437	9.25098	6199.89
438	9.27525	6197.69
439	9.30052	6190.36
440	9.32529	6180.51
441	9.35146	6178.73
442	9.37568	6171.96
443	9.39964	6162.79
444	9.4239	6162.35
445	9.44814	6157.12
446	9.47244	6144.44
447	9.4963	6140.62
448	9.52039	6117.76
449	9.5444	6115.94
450	9.57065	6114.15
451	9.59614	6063.95
452	9.62062	6063.7
453	9.6448	6062.71
454	9.66841	6059.24
455	9.69195	6053.36
456	9.71563	6052.77
457	9.73973	6039.54
458	9.76357	6039.14
459	9.78777	6033.49
460	9.81199	6029.68
461	9.83769	6022.78
462	9.86171	6011.46
463	9.88523	6010.41
464	9.90877	6007.33
465	9.93247	6002.9
466	9.95677	6002.28
467	9.98025	5971.33
468	10.004	5971.01
469	10.0278	5967.44
470	10.0518	5966.74
471	10.0756	5963.49
472	10.0993	5960.23
473	10.1239	5947.71
474	10.1486	5929.08
475	10.1735	5928.74
476	10.1979	5926.02
477	10.222	5904.29
478	10.246	5904.03
479	10.2713	5897.37
480	10.2964	5857.75
481	10.321	5850.1
482	10.3474	5849.22
483	10.3734	5847.14
484	10.399	5835.02
485	10.4235	5831.03
486	10.4479	5827.86
487	10.4738	5827.73
488	10.4992	5814.77
489	10.5237	5807.05
490	10.5486	5800.85
491	10.5742	5798.81
492	10.5988	5793.9
493	10.6231	5793.52
494	10.6479	5793.48
495	10.6737	5792
497	10.7235	5768.86
498	10.7486	5768.17
499	10.7731	5766.36
500	10.798	5764.15
501	10.8228	5762.81
502	10.8476	5748.48
503	10.8726	5733.36
504	10.8974	5723.48
505	10.9218	5717.76
506	10.9475	5696.2
507	10.9733	5682.06
508	10.9997	5657.23
509	11.0246	5656.26
510	11.0499	5633.97
511	11.0749	5622.43
512	11.0997	5616.36
513	11.1245	5614.23
514	11.1491	5614.08
515	11.1743	5612.52
516	11.1988	5593.12
517	11.2233	5592.28
518	11.2481	5587.44
519	11.2732	5580.92
520	11.2994	5553.59
521	11.3248	5536.58
522	11.3503	5536.53
523	11.3755	5529.53
524	11.401	5528.12
525	11.4263	5527.99
526	11.4515	5527.23
527	11.4778	5520.11
528	11.5043	5518.83
529	11.5307	5511.82
530	11.556	5511.43
531	11.5818	5506.58
532	11.6079	5494.52
533	11.6339	5494.35
534	11.6587	5487
535	11.6839	5486.46
536	11.7106	5485.9
537	11.7366	5482.55
538	11.7618	5435.01
539	11.787	5433.36
540	11.8145	5420.6
541	11.8405	5412.88
542	11.8663	5411.92
543	11.8921	5411.54
544	11.9172	5405.95
545	11.945	5405.66
546	11.9701	5401.6
547	11.9973	5374.08
548	12.0237	5372.27
549	12.0507	5360.43
550	12.0778	5359.92
551	12.1038	5336.27
552	12.1305	5321.86
553	12.1574	5312.81
554	12.1831	5311
555	12.2136	5306.09
556	12.2468	5306.01
557	12.3095	5303.61
558	12.347	5284.06
559	12.3858	5283.17
560	12.4162	5268.03
561	12.4436	5260.12
562	12.4725	5260.12
563	12.4992	5254.87
564	12.5261	5244.27
565	12.5548	5243.48
566	12.5807	5241.2
567	12.6065	5235.05
568	12.633	5232.83
569	12.6591	5230.8
570	12.6857	5216.94
571	12.7118	5216.57
572	12.7384	5195.65
573	12.7644	5195.49
574	12.7931	5190.19
575	12.8205	5190.16
576	12.8472	5189.62
577	12.8729	5188.92
578	12.8999	5115.39
579	12.9265	5103.31
580	12.9538	5089.32
581	12.9815	5088.15
582	13.0085	5087.41
583	13.0351	5086.34
584	13.0628	5086.17
585	13.0903	5084.13
586	13.1164	5081.97
587	13.1471	5074.08
588	13.1736	5073.44
589	13.2028	5070.08
590	13.2334	5063.68
591	13.263	5062.45
592	13.2893	5060.8
593	13.3163	5030.22
594	13.3427	5029.9
595	13.3701	5023.45
596	13.3981	5021.7
597	13.4262	5009.49
598	13.4563	5009.04
599	13.4844	5004.3
600	13.5135	5004.25
601	13.5424	4999.36
602	13.5687	4994.01
603	13.595	4991.89
604	13.6218	4989
605	13.657	4985.03
606	13.6854	4983.63
607	13.7116	4977
608	13.7401	4975.47
609	13.7674	4972.05
610	13.7944	4969.96
611	13.8225	4967.33
612	13.8488	4916.07
613	13.8771	4879.96
614	13.9038	4878.31
615	13.931	4878.3
616	13.9592	4878.13
617	13.986	4874.01
618	14.015	4873.49
619	14.0425	4867.38
620	14.072	4842.09
621	14.0996	4841.86
622	14.1263	4840.34
623	14.1533	4838.73
624	14.1819	4834.34
625	14.2086	4832.33
626	14.2357	4829.43
627	14.2639	4815.49
628	14.291	4805.58
629	14.319	4802.72
630	14.3463	4802.56
631	14.375	4799.1
632	14.4042	4795.12
633	14.4309	4791.3
634	14.461	4787.39
635	14.4885	4784.83
636	14.518	4784.51
637	14.5489	4784.34
638	14.5767	4774.43
639	14.6056	4770.31
640	14.6338	4770.17
641	14.6612	4768.59
642	14.6903	4766.96
643	14.719	4766.85
644	14.7469	4750.71
645	14.7749	4745.44
646	14.8049	4742.49
647	14.8323	4742.11
648	14.8597	4740.55
649	14.8892	4738.98
650	14.9174	4738.08
651	14.9449	4734.75
652	14.9731	4688.48
653	15.0028	4686.3
654	15.0387	4685.64
655	15.083	4684.84
656	15.1588	4677.36
657	15.1948	4655.96
658	15.2248	4652.1
659	15.252	4630.68
660	15.2793	4623.49
661	15.309	4622.61
662	15.3387	4600.94
663	15.3687	4598.91
664	15.3992	4595.8
665	15.4259	4580.3
666	15.4523	4579.82
667	15.4809	4579.62
668	15.5096	4578.92
669	15.5377	4571.68
670	15.5649	4562.98
671	15.5958	4560.83
672	15.623	4555.96
673	15.6512	4552.75
674	15.6798	4550.47
675	15.7069	4550.22
676	15.7353	4533.78
677	15.7627	4533.22
678	15.7902	4532.61
679	15.8184	4529.67
680	15.8459	4523.9
681	15.8741	4523.2
682	15.9008	4497.35
683	15.9293	4495.46
684	15.9588	4494.62
685	15.9872	4491.24
686	16.0147	4491.12
687	16.0431	4488.83
688	16.0711	4476.09
689	16.0977	4472.47
690	16.1245	4471.88
691	16.1513	4468.71
692	16.1787	4468.49
693	16.2057	4465.48
694	16.2321	4463.52
695	16.2586	4463.14
696	16.2852	4462.89
697	16.3127	4458.83
698	16.3398	4457.03
699	16.3665	4452.49
700	16.3932	4445.78
701	16.4204	4443.3
702	16.4471	4434.24
703	16.474	4431.42
704	16.501	4430.96
705	16.528	4429.2
706	16.5549	4427.9
707	16.5817	4422.98
708	16.6085	4422.65
709	16.6354	4416.93
710	16.6623	4416.81
711	16.6891	4416.21
712	16.7163	4410.83
713	16.7434	4402.43
714	16.7705	4393.15
715	16.7972	4391.33
716	16.8245	4382.31
717	16.8514	4377.6
718	16.8782	4377.48
719	16.906	4367.45
720	16.9332	4359.79
721	16.9609	4351.55
722	16.9884	4351.43
723	17.0172	4349.65
724	17.044	4347.86
725	17.0708	4344.4
726	17.0984	4342.98
727	17.1251	4342.96
728	17.1521	4342.29
729	17.1805	4337.25
730	17.2076	4336.39
731	17.2346	4335.23
732	17.2624	4334.97
733	17.2897	4334.3
734	17.3166	4332.35
735	17.3434	4329.23
736	17.3711	4329.17
737	17.3987	4318.38
738	17.4258	4317.82
739	17.4528	4317.17
740	17.4809	4310.55
741	17.5082	4310.06
742	17.5369	4308.41
743	17.5668	4304.94
744	17.5941	4297.53
745	17.6212	4294.36
746	17.6495	4281.22
747	17.6767	4251.27
748	17.704	4248.62
749	17.7315	4248.34
750	17.7588	4227.23
751	17.7863	4225.24
752	17.8137	4222.83
753	17.8412	4222.1
754	17.8682	4221.94
755	17.8954	4221.47
756	17.9226	4217.1
757	17.9499	4216.58
758	17.9772	4212.27
759	18.0045	4202.67
760	18.0318	4161.36
761	18.0596	4155.98
762	18.0876	4155.91
763	18.1148	4147.66
764	18.1422	4147.52
765	18.1699	4147.43
766	18.1971	4146.72
767	18.2244	4118.54
768	18.2517	4116.59
769	18.2802	4114.21
770	18.3087	4114
771	18.3371	4113.12
772	18.3651	4112.9
773	18.3925	4112.49
774	18.4202	4107.3
775	18.4481	4107.02
776	18.4764	4106.9
777	18.5038	4104.98
778	18.5319	4031.82
779	18.5601	4025.35
780	18.5883	4014.54
781	18.6156	4012.72
782	18.6432	4012.18
783	18.6712	4003.81
784	18.699	4003.55
785	18.7272	4003.19
786	18.7549	3995.17
787	18.7834	3986.91
788	18.811	3985.63
789	18.839	3982.93
790	18.8672	3981.42
791	18.8954	3971.48
792	18.9231	3962.85
793	18.951	3955.55
794	18.9789	3954.27
795	19.0068	3946.42
796	19.035	3946.34
797	19.0633	3946.17
798	19.0911	3940.39
799	19.1193	3939.72
800	19.1476	3925.98
801	19.1753	3924.5
802	19.2031	3924.5
803	19.231	3920.52
804	19.2592	3918.28
805	19.2871	3918.2
806	19.3152	3915.59
807	19.3429	3901.06
808	19.3707	3898.88
809	19.3993	3896.38
810	19.4271	3889.63
811	19.4553	3884.01
812	19.4832	3874.22
813	19.5113	3874.15
814	19.5394	3871.64
815	19.5677	3871.03
816	19.596	3870.28
817	19.6243	3866.18
818	19.6528	3862.26
819	19.6814	3854.22
820	19.7096	3850.6
821	19.7391	3850.57
822	19.7687	3850.18
823	19.7966	3849.58
824	19.8252	3847.8
825	19.853	3847.2
826	19.8815	3846.09
827	19.9099	3839.98
828	19.9381	3838.87
829	19.9661	3838.39
830	19.9942	3833.28
831	20.0223	3833.02
832	20.0509	3832.51
833	20.0791	3816.18
834	20.1078	3816.06
835	20.1363	3814.67
836	20.1642	3813.83
837	20.192	3801.13
838	20.2202	3800.3
839	20.2482	3797.94
840	20.2767	3797.7
841	20.3054	3797.2
842	20.3334	3793.67
843	20.3625	3792
844	20.3905	3790.79
845	20.419	3786.37
846	20.4472	3785.02
847	20.4757	3782.31
848	20.5038	3781.82
849	20.5318	3773.64
850	20.5607	3771.61
851	20.589	3763.24
852	20.6179	3759.5
853	20.6463	3754.02
854	20.6743	3753.13
855	20.7022	3752.89
856	20.7304	3752.63
857	20.7595	3752.56
858	20.7877	3747.3
859	20.8157	3746.75
860	20.8438	3729.11
861	20.8724	3729.1
862	20.9004	3727.71
863	20.9286	3725.91
864	20.9577	3724.31
865	20.9862	3720.03
866	21.0157	3718.74
867	21.0444	3713.65
868	21.0731	3710
870	21.1304	3708.59
871	21.1596	3708.22
872	21.1879	3706.36
873	21.2167	3699.5
874	21.2451	3699.34
876	21.3026	3699.06
877	21.3309	3698.94
878	21.3601	3682.37
879	21.3888	3681.97
880	21.4181	3681.33
881	21.4468	3678.06
882	21.4755	3677.33
883	21.5044	3676.9
884	21.5334	3663.59
885	21.562	3661.88
886	21.5907	3659.47
887	21.619	3659.25
888	21.6475	3648.1
889	21.676	3647.71
890	21.7052	3647.01
891	21.7337	3643.9
892	21.7622	3643.34
893	21.7912	3639.46
894	21.822	3637.23
895	21.852	3636.8
896	21.8825	3626.53
897	21.9125	3621.08
898	21.9425	3620.85
899	21.9761	3618.41
900	22.005	3618.38
901	22.0344	3616.38
902	22.0648	3613.7
903	22.0956	3609.41
904	22.1252	3608.58
905	22.1542	3598.99
906	22.1834	3598.94
907	22.2127	3598.87
908	22.2421	3597.42
909	22.2719	3595.74
910	22.3016	3594.8
911	22.3304	3594.69
912	22.3592	3590.99
913	22.388	3588.19
914	22.4174	3586.53
915	22.446	3586.11
916	22.4754	3581.38
917	22.5043	3580.19
918	22.5328	3579.84
919	22.5618	3578.17
920	22.5914	3576.73
921	22.621	3576.65
922	22.6495	3572.68
923	22.6781	3570.1
924	22.7071	3566.82
925	22.7357	3565.89
926	22.7644	3560.6
927	22.793	3556.84
928	22.8225	3551.34
929	22.852	3549.05
930	22.8824	3545.91
931	22.9121	3543.01
932	22.9413	3542.74
933	22.9702	3541.68
934	22.9994	3536.76
935	23.0317	3536.4
936	23.0632	3536.1
937	23.0938	3533.14
938	23.1242	3533.02
939	23.1974	3528.41
940	23.2349	3525.95
941	23.2656	3523.05
942	23.2962	3512.2
943	23.3266	3508.52
944	23.3559	3508.17
945	23.3859	3507.82
946	23.4157	3507.74
947	23.4453	3504.77
948	23.4747	3504.58
949	23.5048	3502.58
951	23.5654	3502.04
952	23.5952	3499.86
953	23.6245	3499.3
954	23.6542	3494.77
955	23.6836	3494.72
956	23.715	3489.09
957	23.7449	3488.81
958	23.7736	3488.58
959	23.8031	3487.81
960	23.8334	3482.21
961	23.8619	3481.28
962	23.8906	3481.24
963	23.9192	3480.14
964	23.9484	3478.22
965	23.9771	3477.28
966	24.0059	3475.57
967	24.0346	3475.56
968	24.0635	3475.29
969	24.0931	3473.63
970	24.1236	3473.1
971	24.1554	3470.89
972	24.1865	3469.37
973	24.2152	3469.13
974	24.2442	3469.02
975	24.2752	3467.93
977	24.335	3467.63
978	24.3646	3466.37
979	24.3936	3465.58
980	24.4231	3458.81
981	24.4528	3458.26
982	24.4824	3457.08
983	24.5115	3443.21
984	24.5411	3435.95
985	24.57	3433.59
986	24.5991	3431.95
987	24.6284	3414.8
988	24.6581	3411.93
989	24.6885	3411.9
990	24.7183	3410.99
991	24.7485	3409.14
992	24.7795	3408.16
993	24.8089	3407.94
994	24.8392	3407.81
995	24.8685	3407.21
996	24.8982	3406.3
997	24.9281	3406.06
998	24.9581	3405.5
999	24.9874	3405.09
1000	25.0169	3399
1001	25.0476	3396.96
1002	25.0771	3396.94
1003	25.1067	3394.9
1004	25.1365	3393.61
1005	25.1675	3393.53
1006	25.1967	3392.96
1007	25.2263	3391.3
1008	25.2568	3390.7
1009	25.2863	3389.71
1010	25.3158	3389.3
1011	25.346	3388.88
1012	25.376	3388.73
1013	25.4063	3388.3
1014	25.4356	3385.71
1015	25.464	3385.18
1016	25.4927	3385.13
1017	25.522	3383.31
1018	25.5508	3369.8
1019	25.58	3368.61
1020	25.6092	3364.18
1021	25.6384	3362.92
1022	25.6676	3362.85
1023	25.6958	3362.62
1024	25.7253	3362.56
1025	25.7542	3362.32
1026	25.7835	3358.03
1027	25.8123	3356.91
1028	25.8413	3356.64
1029	25.8697	3355.19
1030	25.8987	3353.54
1031	25.9282	3350.28
1032	25.9567	3348.99
1033	25.9852	3346.1
1034	26.0139	3345.42
1035	26.0428	3345.24
1036	26.0722	3344.42
1037	26.1013	3344.29
1038	26.1305	3342.84
1039	26.1599	3342.08
1040	26.1884	3339.4
1041	26.2169	3338.44
1043	26.2753	3336.09
1044	26.3046	3333.47
1045	26.3354	3333.24
1046	26.3639	3332.57
1047	26.3927	3328.26
1048	26.4225	3326.92
1049	26.4527	3325.13
1050	26.4815	3324.04
1051	26.5106	3323.07
1052	26.5402	3318.66
1053	26.5694	3318.32
1054	26.598	3314.88
1055	26.6276	3314.59
1056	26.6566	3313.14
1057	26.6858	3312.81
1058	26.7147	3301.15
1059	26.7438	3290.73
1060	26.773	3289.83
1061	26.8018	3289.03
1062	26.8315	3287.13
1063	26.8607	3286.94
1064	26.8906	3286.9
1065	26.9201	3286.49
1066	26.9486	3286.17
1067	26.9795	3285.77
1068	27.0132	3285.66
1069	27.0444	3285.22
1070	27.0752	3284.1
1071	27.1047	3283.7
1072	27.1344	3283.36
1073	27.1651	3279.33
1074	27.1962	3278.84
1075	27.2259	3277.72
1076	27.2555	3276.92
1077	27.2849	3274.7
1078	27.3139	3272.77
1079	27.3437	3268.18
1080	27.3727	3267.64
1081	27.4014	3267.29
1082	27.4308	3266.69
1083	27.4596	3265.47
1084	27.4883	3264.53
1085	27.5175	3261.63
1086	27.5471	3261.06
1087	27.5762	3256.34
1088	27.6054	3256.3
1089	27.6344	3255.97
1090	27.6637	3253.96
1091	27.6937	3252.88
1092	27.723	3251.49
1093	27.7534	3245.51
1094	27.7826	3244.32
1095	27.8134	3244.26
1096	27.8436	3243.73
1097	27.8889	3243.03
1098	27.9282	3241.91
1099	27.9606	3241.78
1100	27.9922	3237.58
1101	28.0213	3237.55
1102	28.0516	3234.64
1103	28.0812	3233.62
1104	28.1101	3233.48
1105	28.1398	3233
1106	28.169	3232.2
1107	28.198	3230.15
1108	28.2277	3227.2
1109	28.2572	3227.04
1110	28.2866	3226.78
1111	28.3162	3222.62
1112	28.3461	3221.69
1113	28.3757	3219.93
1114	28.4069	3218.55
1116	28.4714	3217.42
1117	28.5005	3217.19
1118	28.5301	3211.33
1119	28.5601	3211.19
1120	28.5898	3210.32
1121	28.6277	3209.69
1122	28.6714	3208.8
1123	28.7093	3207.85
1124	28.7385	3202.98
1125	28.7686	3201.3
1126	28.7979	3199.06
1127	28.8269	3198.88
1128	28.857	3198.12
1129	28.8865	3197.35
1130	28.9166	3197
1131	28.9458	3194.83
1132	28.9749	3192.78
1133	29.0045	3191.84
1134	29.0341	3191.53
1135	29.0647	3191.23
1136	29.0941	3186.31
1137	29.1243	3183.72
1139	29.1831	3181.09
1141	29.2432	3177.15
1142	29.2726	3173.22
1143	29.3019	3172.44
1144	29.3322	3171.92
1145	29.362	3169.87
1146	29.3911	3169.8
1147	29.4207	3169.52
1148	29.4502	3168.94
1149	29.4795	3168.81
1150	29.5095	3166.15
1151	29.5391	3166.11
1152	29.5687	3154.35
1153	29.5983	3151.23
1154	29.6288	3150.71
1155	29.6583	3149.6
1156	29.6878	3147.2
1157	29.7172	3143.5
1158	29.7473	3143.36
1159	29.7768	3142.27
1160	29.8068	3141.02
1161	29.8359	3140.86
1162	29.8654	3140.54
1163	29.8943	3134.83
1164	29.9241	3132.38
1165	29.9538	3129.68
1166	29.9829	3128.01
1167	30.0128	3127.95
1168	30.0424	3122.35
1169	30.0719	3121.55
1170	30.1013	3118.36
1171	30.1308	3116.54
1172	30.1613	3116.51
1173	30.1903	3115.71
1174	30.2207	3115.49
1176	30.28	3114.38
1177	30.3095	3112.25
1178	30.3399	3112.17
1179	30.3699	3105.99
1180	30.3994	3103.89
1181	30.4289	3102.59
1182	30.4584	3101.67
1183	30.4876	3099.25
1184	30.5172	3099.01
1185	30.5464	3098.71
1186	30.5767	3098.51
1187	30.6093	3094.83
1188	30.6402	3094.67
1189	30.6697	3092.68
1190	30.6995	3092.01
1191	30.7289	3091.5
1192	30.759	3091.13
1193	30.7888	3087.77
1194	30.8206	3084.88
1195	30.8501	3084.85
1196	30.8804	3079.69
1197	30.9098	3079.45
1198	30.9393	3079.15
1199	30.9688	3078.5
1200	30.9986	3075.21
1201	31.0287	3073.75
1202	31.0591	3073.72
1203	31.0896	3073.32
1204	31.1193	3071.71
1205	31.1491	3071.38
1206	31.1804	3071.07
1207	31.2129	3071.07
1208	31.2433	3068.72
1209	31.2741	3065.09
1210	31.3067	3064.82
1211	31.3372	3062.89
1212	31.3675	3062.28
1213	31.3979	3062.24
1214	31.4295	3062.22
1215	31.4631	3061.68
1217	31.559	3061.07
1218	31.5907	3059.36
1219	31.6208	3058.73
1220	31.651	3052.75
1221	31.682	3050.97
1222	31.7138	3049.02
1223	31.7438	3046.89
1224	31.7739	3044.66
1225	31.8043	3041.96
1226	31.8346	3038.2
1227	31.8652	3030.79
1228	31.897	3026.14
1229	31.9264	3026.12
1230	31.957	3025.3
1231	31.9877	3023.61
1232	32.0187	3022.95
1233	32.0499	3022.83
1234	32.0814	3022.74
1235	32.111	3022.24
1236	32.1417	3020.99
1237	32.1739	3020.86
1238	32.2038	3020.06
1239	32.2344	3016.1
1240	32.2646	3011.92
1241	32.2942	3009.99
1242	32.3236	3009.97
1243	32.3537	3008.78
1244	32.383	3007.31
1245	32.4132	3007.11
1246	32.445	3006.47
1247	32.4755	2999.71
1248	32.5091	2999.4
1249	32.5418	2997.35
1250	32.5738	2997.13
1251	32.6082	2996.82
1252	32.6397	2996.39
1253	32.6703	2996.19
1254	32.7017	2994.29
1255	32.7342	2993.99
1256	32.7713	2993.92
1257	32.8035	2993.33
1258	32.8368	2968.17
1259	32.868	2967.71
1260	32.8988	2963.4
1261	32.929	2954.33
1262	32.9593	2954.12
1263	32.9896	2953.62
1265	33.0504	2953.42
1266	33.0808	2942.62
1267	33.1108	2941.63
1268	33.1415	2941.3
1269	33.1715	2940.57
1270	33.2024	2940.28
1271	33.233	2940.04
1272	33.2634	2935.24
1273	33.2942	2933.06
1274	33.3243	2932.05
1275	33.3543	2931.96
1276	33.3853	2931.88
1277	33.4159	2931.1
1278	33.4466	2929.82
1279	33.4781	2928.99
1280	33.5091	2928.45
1281	33.54	2928.23
1282	33.5704	2928.22
1283	33.6006	2926.71
1284	33.6321	2924.9
1285	33.6634	2924.77
1286	33.6937	2924.47
1287	33.7241	2923.33
1288	33.7547	2923.16
1289	33.785	2922.46
1290	33.8146	2921.9
1291	33.8452	2920.4
1292	33.8759	2919.36
1293	33.9073	2918.91
1294	33.9385	2917.53
1295	33.9683	2917.4
1296	33.9989	2917.32
1297	34.0296	2911.41
1298	34.0594	2909.07
1299	34.0897	2903.76
1300	34.1204	2901.03
1301	34.1508	2899.86
1302	34.1811	2899.56
1304	34.2432	2899.32
1305	34.2738	2899.13
1306	34.3062	2898.24
1307	34.3377	2898.02
1308	34.3696	2897.95
1309	34.4004	2895.66
1310	34.4324	2895.24
1311	34.4629	2895.02
1312	34.4933	2894.7
1313	34.5254	2891.72
1314	34.556	2891.34
1315	34.5874	2890.77
1316	34.6183	2889.89
1317	34.6506	2888.16
1318	34.6812	2888.01
1319	34.7133	2884.74
1320	34.7433	2884.58
1322	34.8051	2884.26
1323	34.8353	2882.76
1324	34.8656	2880.73
1325	34.8958	2878.94
1326	34.9281	2878.69
1327	34.9607	2878.05
1328	34.9907	2878.03
1329	35.0217	2872.22
1330	35.0531	2869.93
1331	35.0842	2869.07
1332	35.1145	2867.82
1333	35.1443	2863.32
1334	35.1756	2860.28
1336	35.2362	2859.99
1337	35.266	2857.25
1338	35.2965	2855.95
1339	35.3274	2855.62
1340	35.3577	2855
1342	35.4193	2854.22
1343	35.4497	2853.85
1344	35.48	2853.71
1345	35.5116	2853.46
1346	35.5423	2850.42
1347	35.5725	2847.43
1348	35.6036	2845.78
1349	35.6347	2845.58
1350	35.6653	2845.37
1351	35.6954	2844.4
1352	35.7263	2843.45
1353	35.7563	2841.38
1354	35.7871	2840.87
1355	35.8176	2840.71
1356	35.8479	2840.53
1357	35.8784	2840.2
1358	35.9087	2835.37
1359	35.9392	2834.95
1360	35.9693	2834.46
1361	35.9996	2833.84
1362	36.0311	2832.93
1363	36.0617	2832.57
1364	36.092	2828.85
1365	36.1228	2827.72
1366	36.1535	2822.63
1367	36.1839	2822.48
1368	36.2136	2822.08
1369	36.2435	2822.05
1370	36.2736	2821.81
1371	36.3038	2820.4
1372	36.3339	2818.56
1373	36.3643	2817.82
1374	36.3952	2817.52
1375	36.4255	2817.3
1376	36.4565	2808.61
1377	36.4863	2807.01
1378	36.5164	2807
1379	36.5465	2803.94
1380	36.5765	2803.92
1381	36.6065	2803.28
1382	36.6369	2801.31
1383	36.6667	2800.12
1384	36.6964	2799.53
1385	36.7269	2798.24
1386	36.7569	2797.15
1387	36.7868	2796.9
1388	36.8166	2796.45
1389	36.8467	2796.3
1390	36.8771	2795.01
1392	36.9366	2793.72
1393	36.9664	2791.7
1394	36.9964	2791.18
1395	37.0266	2788.04
1396	37.0564	2787.01
1397	37.0874	2786.62
1398	37.1191	2785.99
1399	37.1494	2785.06
1400	37.1803	2784.37
1401	37.21	2784.33
1402	37.2406	2784
1403	37.2706	2776.25
1404	37.301	2776.06
1405	37.3313	2775.69
1406	37.3616	2775.51
1407	37.3922	2775.49
1408	37.4229	2773.92
1409	37.4531	2773.51
1410	37.483	2769.43
1411	37.5131	2767.03
1413	37.5729	2766.39
1414	37.6029	2766.36
1415	37.6327	2764.02
1416	37.6627	2763.44
1417	37.6927	2760.68
1418	37.7226	2760.6
1419	37.7529	2758.09
1420	37.783	2756.9
1421	37.8133	2756.55
1422	37.8437	2756.01
1423	37.8746	2755.6
1424	37.9061	2755.42
1425	37.9369	2755.17
1426	37.9724	2755.14
1427	38.0337	2751.28
1428	38.0784	2751.19
1429	38.1284	2749.69
1430	38.1624	2749.64
1431	38.1955	2749.54
1432	38.226	2749.29
1433	38.2575	2746.13
1434	38.2891	2745.65
1435	38.3201	2745.64
1436	38.3505	2741.29
1437	38.3807	2741.24
1438	38.4113	2741.21
1439	38.4432	2741.01
1440	38.4744	2739.67
1441	38.505	2739.3
1442	38.5352	2739.27
1443	38.5659	2738.67
1444	38.5964	2737.12
1445	38.6281	2736.9
1446	38.6597	2736.73
1447	38.6898	2736.73
1448	38.7204	2735.9
1449	38.7516	2733.13
1450	38.7818	2733.03
1451	38.8126	2730.99
1452	38.8438	2730.67
1453	38.874	2730.64
1454	38.9045	2730.6
1455	38.9352	2730.49
1457	38.9979	2730.23
1458	39.0285	2729.88
1459	39.0589	2729.76
1460	39.0895	2722.75
1461	39.1199	2720.65
1462	39.1501	2719.47
1463	39.1803	2717.71
1464	39.2117	2716.13
1465	39.2424	2715.44
1466	39.2739	2713.28
1467	39.3063	2709.91
1468	39.3368	2704.96
1469	39.3673	2704.94
1470	39.3987	2704.44
1471	39.4295	2703.25
1472	39.4601	2702.7
1473	39.4915	2702.62
1474	39.5226	2702.5
1475	39.5538	2702.08
1476	39.5848	2701.34
1477	39.6156	2700.91
1478	39.6468	2700.22
1479	39.6779	2698.08
1480	39.7089	2696.01
1481	39.7397	2695.14
1482	39.7702	2695.13
1483	39.801	2693.8
1484	39.8315	2693.68
1485	39.8626	2693.68
1486	39.8945	2693.19
1487	39.9257	2693.07
1488	39.9564	2692.78
1489	39.9869	2691.78
1490	40.0184	2691.77
1491	40.0489	2691.36
1492	40.0797	2690.43
1493	40.1108	2690.2
1494	40.1417	2683.79
1495	40.1723	2683.42
1496	40.2027	2683.38
1497	40.2335	2681.94
1498	40.2654	2679.76
1499	40.296	2679.41
1500	40.3269	2678.86
1501	40.3584	2677.5
1502	40.3896	2675.12
1504	40.4514	2675.06
1506	40.5128	2671.75
1507	40.5438	2671.19
1508	40.5745	2671.05
1509	40.6054	2670.57
1510	40.6365	2670.27
1511	40.6679	2669.54
1512	40.6987	2666.56
1513	40.7297	2664.21
1514	40.7638	2663.14
1515	40.8099	2662.81
1516	40.8409	2662.76
1517	40.8719	2662.65
1518	40.904	2661.77
1519	40.9358	2661.71
1520	40.9667	2661.18
1521	40.9975	2660.95
1522	41.0293	2660.8
1523	41.0601	2660.24
1524	41.0908	2658.62
1526	41.1528	2658.35
1527	41.1833	2657.67
1528	41.215	2657.56
1529	41.2456	2656.83
1530	41.2765	2656.38
1531	41.3075	2655.81
1532	41.3385	2655.18
1533	41.369	2654.96
1534	41.3998	2654.32
1535	41.4309	2654.12
1537	41.4942	2653.77
1538	41.5255	2646.16
1539	41.5563	2642.75
1540	41.5868	2640.48
1541	41.6186	2639.98
1542	41.6493	2639.66
1543	41.6802	2639.6
1544	41.7112	2639.57
1545	41.7421	2639.47
1546	41.7725	2639.15
1547	41.8039	2639.14
1548	41.835	2639.13
1549	41.8656	2638.8
1550	41.8964	2638.43
1551	41.9271	2638.36
1552	41.9582	2638.26
1553	41.9887	2633.54
1554	42.0198	2633.48
1555	42.0512	2632.84
1556	42.0823	2632.33
1557	42.1127	2630.93
1558	42.1439	2629.49
1559	42.1758	2627.83
1560	42.2067	2627.7
1562	42.2691	2627.69
1563	42.3001	2626.7
1564	42.3308	2623.8
1565	42.3616	2622.54
1566	42.3928	2622.5
1567	42.424	2622.14
1570	42.5167	2621.38
1571	42.5477	2620.61
1572	42.5787	2620.04
1573	42.6104	2616.39
1574	42.6413	2615.7
1575	42.6721	2615.45
1576	42.7035	2615.2
1577	42.7343	2615.19
1578	42.7649	2614.85
1579	42.7958	2614.59
1580	42.8269	2614.03
1581	42.858	2613.95
1582	42.8886	2613.56
1583	42.9194	2613.18
1584	42.9501	2612.55
1585	42.9806	2612.3
1586	43.0121	2611.92
1587	43.0442	2610.5
1588	43.0753	2609.97
1589	43.1063	2609.86
1590	43.1369	2609.1
1591	43.1677	2608.53
1592	43.1982	2608.22
1593	43.2293	2606.7
1594	43.2604	2606.23
1595	43.291	2606.21
1596	43.3217	2606.05
1597	43.3527	2605.85
1598	43.3842	2602.57
1599	43.4158	2602.55
1600	43.4462	2601.83
1601	43.4777	2601.55
1602	43.5094	2600.66
1603	43.5402	2600.43
1604	43.571	2598.63
1605	43.6019	2597.94
1606	43.6335	2581.51
1607	43.6663	2581.4
1608	43.698	2580.93
1609	43.7295	2580.91
1610	43.7609	2580.76
1611	43.7918	2579.24
1612	43.8233	2578.32
1613	43.854	2577.78
1614	43.8848	2577.69
1615	43.9154	2577.41
1616	43.9467	2574.13
1617	43.9784	2573.32
1619	44.0401	2571.87
1621	44.102	2569.91
1622	44.1327	2568.47
1623	44.1634	2568.3
1624	44.1941	2567.3
1625	44.2247	2566.57
1626	44.2555	2566.52
1627	44.2864	2566.43
1628	44.3184	2564.81
1630	44.3804	2564.21
1632	44.4431	2560.01
1633	44.4743	2558.15
1634	44.5056	2557.87
1635	44.537	2556.65
1636	44.5687	2556.49
1637	44.6001	2554.17
1638	44.6309	2553.87
1639	44.663	2553.39
1640	44.694	2552.4
1641	44.7247	2552.37
1642	44.7563	2552.27
1643	44.7875	2548.54
1644	44.8185	2548.4
1645	44.8491	2548.13
1646	44.8809	2548.03
1648	44.9424	2544.41
1649	44.974	2543.94
1650	45.0057	2543.25
1651	45.0372	2541.4
1653	45.099	2540.37
1655	45.1612	2539.59
1656	45.2036	2539.08
1657	45.2348	2535.59
1658	45.2661	2535.51
1659	45.2981	2531.05
1660	45.3295	2530.43
1661	45.3614	2530.2
1662	45.3927	2529.86
1664	45.4547	2529.76
1665	45.4861	2529.36
1666	45.5177	2528.12
1667	45.5484	2525.48
1668	45.579	2525.4
1669	45.6101	2525.22
1670	45.642	2525.21
1671	45.6726	2524.93
1672	45.7035	2524.86
1673	45.7344	2524.4
1674	45.7659	2523.17
1675	45.7968	2523.15
1676	45.8278	2521.65
1677	45.8606	2521.55
1678	45.892	2521.55
1679	45.9236	2521.1
1680	45.9548	2519.06
1682	46.0166	2518.93
1683	46.0483	2518.48
1684	46.0793	2517.39
1685	46.1099	2517.05
1686	46.1408	2516.93
1687	46.1719	2516.92
1688	46.2028	2516.41
1689	46.2374	2515.08
1690	46.2808	2515.02
1691	46.3501	2514.47
1692	46.3813	2514.38
1693	46.4125	2514.34
1694	46.4438	2514.29
1695	46.4749	2514.24
1697	46.5372	2513.87
1698	46.5688	2513.55
1699	46.5997	2512.96
1700	46.6309	2511.9
1701	46.6618	2510.9
1702	46.693	2510.24
1703	46.724	2508.45
1704	46.7552	2507.2
1705	46.7864	2506.2
1706	46.8171	2503.21
1707	46.8484	2497.1
1708	46.8808	2496.44
1709	46.9121	2496.38
1710	46.9437	2495.61
1711	46.9997	2494.54
1712	47.0692	2494.05
1713	47.1082	2493.97
1714	47.1399	2493.86
1715	47.1718	2493.5
1716	47.2032	2493.06
1717	47.2343	2492.8
1718	47.2657	2492.25
1719	47.2975	2492
1720	47.3286	2488.24
1721	47.3599	2487.49
1722	47.3916	2487.47
1723	47.4235	2486.78
1724	47.4554	2485.92
1725	47.4876	2485.83
1726	47.5195	2485.43
1727	47.5506	2479.97
1728	47.5823	2479.84
1729	47.6143	2478.93
1730	47.646	2478.88
1731	47.6772	2478.78
1732	47.7086	2478.46
1733	47.7405	2478.28
1734	47.7725	2477.43
1735	47.8042	2477.32
1736	47.8357	2477.23
1737	47.8673	2476.83
1738	47.8992	2474.8
1739	47.9304	2474.52
1740	47.9618	2474.24
1741	47.9929	2473.52
1742	48.0258	2473.42
1743	48.0598	2473.4
1744	48.092	2473.36
1746	48.1545	2472.48
1747	48.1867	2471.98
1749	48.2498	2471.39
1750	48.2809	2471.17
1751	48.3123	2470.53
1752	48.3434	2469.77
1753	48.3749	2468
1754	48.4062	2467.25
1755	48.4375	2467.21
1756	48.4687	2467.16
1757	48.5001	2467.13
1758	48.5316	2466.32
1759	48.563	2466.28
1760	48.5953	2466.05
1762	48.6584	2465.9
1763	48.6906	2465.43
1764	48.7226	2464.08
1765	48.7538	2463.82
1766	48.7856	2463.73
1767	48.8173	2463.14
1768	48.8486	2463.1
1769	48.8806	2462.28
1770	48.9126	2461.31
1771	48.9558	2461.12
1772	48.9873	2460.82
1774	49.0506	2460.05
1775	49.0822	2460.02
1777	49.145	2459.71
1778	49.1762	2457.85
1779	49.2073	2457.23
1780	49.2388	2455.95
1781	49.2703	2455.36
1782	49.3017	2455.1
1783	49.3329	2455.06
1784	49.3645	2455.05
1785	49.3966	2454.65
1786	49.4289	2454.42
1787	49.4613	2454.42
1788	49.4925	2454.38
1789	49.524	2453.48
1790	49.5551	2453.12
1791	49.5873	2453.06
1792	49.6186	2452.96
1793	49.6503	2451.43
1794	49.6825	2451.42
1795	49.7142	2451.1
1796	49.7464	2450.65
1797	49.7774	2449.74
1798	49.8094	2448.45
1799	49.8406	2446.4
1800	49.8723	2446.36
1801	49.9038	2446.23
1803	49.9664	2445.38
1804	49.9978	2443.84
1805	50.0294	2442.79
1806	50.0612	2442.72
1807	50.0932	2442.41
1809	50.1563	2442.35
1810	50.1873	2441.48
1811	50.2197	2440.52
1812	50.2525	2439.84
1813	50.2842	2436.55
1814	50.3154	2436.26
1815	50.347	2436.22
1816	50.3781	2436.08
1818	50.4414	2435.77
1819	50.4726	2435.7
1820	50.504	2435.5
1821	50.5357	2435.33
1822	50.5671	2435.24
1824	50.6315	2435.12
1825	50.6632	2434.89
1826	50.6945	2434.51
1827	50.7261	2433.28
1829	50.7898	2433.12
1830	50.821	2433.04
1831	50.8522	2432.11
1832	50.8836	2431.56
1833	50.9149	2429.2
1836	51.0104	2429.08
1837	51.0426	2429.06
1838	51.0748	2426.94
1839	51.1066	2426.88
1840	51.1378	2424.78
1841	51.17	2424.49
1842	51.2019	2423.6
1843	51.2332	2423.43
1844	51.2643	2423
1845	51.2959	2422.48
1846	51.3274	2419.5
1847	51.3596	2419.02
1848	51.402	2418.56
1849	51.4336	2418.54
1850	51.465	2418.41
1851	51.4966	2417.95
1852	51.5285	2417.73
1853	51.5597	2417.43
1855	51.6227	2417.25
1856	51.6541	2415.38
1857	51.6856	2414.99
1858	51.7172	2414.98
1859	51.7494	2414.44
1860	51.7808	2414.42
1861	51.813	2412.99
1862	51.8446	2411.65
1863	51.8763	2411
1864	51.9084	2410.46
1865	51.9403	2410.3
1866	51.9725	2410.26
1867	52.0038	2409.93
1868	52.0355	2406.78
1869	52.0676	2406.77
1870	52.0994	2406.22
1872	52.1619	2405.64
1873	52.1956	2404.16
1874	52.2281	2403.83
1875	52.2598	2402.98
1877	52.3234	2402
1878	52.3545	2401.7
1879	52.3864	2401.28
1880	52.42	2400.47
1881	52.4531	2400.46
1883	52.5168	2399.11
1884	52.5486	2399.07
1885	52.5813	2399.01
1886	52.6126	2398.96
1887	52.6442	2398.89
1888	52.6757	2394.1
1890	52.7388	2393.62
1891	52.7706	2392.42
1892	52.802	2392.42
1893	52.8338	2391.18
1895	52.8972	2390.93
1896	52.9309	2390.65
1897	52.9711	2389.67
1898	53.0261	2389.62
1899	53.0753	2389.19
1900	53.1278	2388.81
1901	53.1599	2388.8
1902	53.1998	2388.67
1903	53.2353	2388.54
1904	53.267	2387.89
1905	53.2995	2387.69
1906	53.3353	2386.17
1907	53.3671	2385.59
1908	53.399	2385.53
1909	53.4315	2385.48
1910	53.4628	2385.48
1911	53.494	2385.36
1912	53.5259	2384.02
1913	53.5573	2382.06
1914	53.5888	2381.33
1915	53.6208	2381.3
1916	53.6523	2380.55
1917	53.6848	2378.98
1918	53.716	2378.96
1920	53.7787	2378.16
1921	53.8111	2377.52
1922	53.8428	2377.38
1923	53.8741	2377.23
1924	53.9058	2376.37
1925	53.9375	2376.27
1926	53.9688	2376.22
1927	54.0006	2376.22
1928	54.0322	2375.92
1929	54.0635	2375.12
1930	54.1123	2375
1931	54.1438	2374.52
1932	54.1757	2374.51
1933	54.2072	2374.5
1934	54.2395	2374.48
1935	54.2713	2374.46
1937	54.3342	2374.17
1938	54.366	2373.93
1939	54.3975	2373.07
1940	54.429	2372.52
1941	54.4604	2372.24
1942	54.4925	2371.65
1943	54.5241	2370.75
1944	54.5555	2370
1945	54.5867	2368.53
1946	54.6195	2367.92
1947	54.6521	2367.15
1948	54.6839	2366.58
1949	54.7153	2366.54
1950	54.747	2366.12
1951	54.7784	2365.35
1952	54.8109	2364.98
1953	54.843	2364.92
1954	54.8748	2364.87
1955	54.9072	2364.63
1956	54.9392	2364.45
1957	54.9705	2363.05
1958	55.0018	2362.31
1959	55.0345	2362.16
1960	55.0661	2361.03
1961	55.0976	2360.29
1962	55.1293	2360.29
1963	55.1609	2359.68
1964	55.1921	2359.59
1965	55.2246	2359.58
1966	55.2568	2359.26
1967	55.2882	2358.89
1968	55.3204	2357.56
1969	55.3522	2357.37
1970	55.3841	2357.31
1971	55.4157	2357.22
1972	55.4479	2357.12
1973	55.4791	2357.04
1974	55.5108	2356.41
1975	55.5433	2356.33
1976	55.5752	2356.29
1977	55.6065	2355.96
1978	55.6393	2353.57
1979	55.6719	2353.31
1980	55.704	2352.97
1981	55.7365	2352.49
1982	55.7694	2352.4
1984	55.8322	2352.39
1985	55.864	2352.36
1986	55.8953	2351.71
1987	55.9266	2351.47
1988	55.9581	2351.38
1989	55.9899	2351.03
1990	56.0213	2350.85
1992	56.0847	2350.03
1993	56.1171	2349.89
1994	56.1489	2349.15
1995	56.1806	2349.14
1996	56.2121	2349.13
1997	56.2439	2348.95
1998	56.2758	2348.41
1999	56.3084	2348.39
2000	56.3397	2348.36
2001	56.3713	2347.81
2002	56.4031	2347.76
2003	56.4344	2347.54
2004	56.4659	2345.19
2005	56.497	2344.97
2006	56.5281	2344.86
2007	56.5599	2344.46
2008	56.5915	2344.21
2009	56.623	2343.97
2010	56.6547	2343.83
2011	56.686	2343.67
2012	56.7172	2343.47
2014	56.7808	2343.29
2015	56.8132	2343.29
2017	56.8782	2343.09
2018	56.9094	2341.6
2019	56.9417	2341.36
2020	56.9865	2340.31
2021	57.0185	2339.93
2022	57.0549	2339.83
2023	57.0891	2339.81
2024	57.1212	2339.8
2025	57.153	2339.42
2026	57.1848	2339.08
2027	57.2162	2338.99
2028	57.2477	2338.92
2029	57.28	2338.81
2030	57.3118	2338.72
2031	57.3435	2338.64
2032	57.3758	2338.51
2033	57.407	2337.46
2035	57.4681	2337.04
2036	57.4994	2336.57
2037	57.5301	2336.07
2038	57.5612	2334.68
2039	57.592	2334.45
2040	57.6222	2334.41
2041	57.6529	2334.39
2043	57.7203	2333.08
2044	57.7531	2332.87
2045	57.7841	2331.89
2046	57.816	2331.82
2047	57.8479	2331.55
2048	57.8785	2331.3
2049	57.9094	2331.29
2050	57.9405	2329.54
2051	57.9711	2328.88
2052	58.0014	2328.34
2053	58.032	2325.83
2054	58.0625	2325.74
2055	58.0927	2325.68
2056	58.1235	2325.55
2058	58.1841	2325.51
2060	58.2449	2324.91
2061	58.2755	2323.76
2062	58.3059	2323.7
2063	58.3369	2322.84
2064	58.3677	2322.78
2065	58.399	2322.68
2066	58.4299	2322.49
2067	58.4608	2321.17
2069	58.5221	2321.13
2070	58.5533	2320.39
2071	58.5837	2319.09
2072	58.6142	2318.76
2073	58.6446	2317.97
2074	58.6752	2317.94
2076	58.7378	2317.8
2077	58.7685	2317.78
2078	58.7999	2315.74
2080	58.862	2315.61
2081	58.8924	2315.53
2082	58.9232	2314.87
2083	58.9542	2314.3
2084	58.9859	2313.98
2085	59.0183	2313.69
2086	59.0494	2313.32
2087	59.0861	2313.3
2088	59.1199	2312.97
2089	59.1508	2312.94
2090	59.1816	2312.59
2091	59.2125	2312.18
2092	59.2431	2312.14
2093	59.2737	2311.25
2094	59.3047	2310.73
2095	59.3356	2310.58
2096	59.366	2308.8
2097	59.3971	2308.75
2098	59.4287	2308.74
2099	59.4594	2307.51
2100	59.4898	2307.26
2101	59.5202	2306.28
2102	59.5509	2305.63
2103	59.5817	2305.62
2104	59.6122	2305.13
2105	59.6435	2304.99
2106	59.675	2304.97
2107	59.7065	2304.88
2108	59.7377	2304.71
2109	59.7701	2304.6
2110	59.8008	2304.29
2111	59.8317	2304.28
2112	59.8624	2303.99
2113	59.893	2303.12
2114	59.924	2302.82
2115	59.9555	2302.16
2116	59.9868	2302.11
2117	60.0178	2301.03
2118	60.0482	2300.52
2119	60.0789	2300.17
2120	60.1093	2299.47
2121	60.1409	2299.33
2122	60.1721	2299.06
2123	60.2029	2295.15
2124	60.2335	2295.09
2125	60.2647	2295.08
2126	60.2958	2295.07
2128	60.358	2294.22
2129	60.3889	2294.21
2130	60.4197	2293.91
2131	60.4511	2293.17
2133	60.513	2292.95
2134	60.5436	2292.92
2135	60.5751	2292.7
2136	60.6058	2292.61
2137	60.6366	2291.82
2138	60.6675	2291.76
2139	60.698	2291.57
2140	60.7291	2291.44
2141	60.7601	2291.29
2144	60.8528	2291.1
2145	60.8836	2290.91
2147	60.9455	2290.39
2148	60.9764	2290.33
2150	61.0379	2290.32
2151	61.0698	2290.26
2152	61.1015	2290.11
2153	61.133	2288.56
2154	61.1657	2288.28
2155	61.1963	2288.25
2156	61.2273	2287.28
2157	61.2588	2286.45
2160	61.352	2284.32
2161	61.3828	2283.63
2162	61.4143	2283.6
2163	61.4451	2283.34
2164	61.4759	2282.46
2165	61.507	2282.06
2166	61.5385	2282.04
2167	61.5691	2282.04
2168	61.6001	2281.81
2169	61.6315	2281.16
2170	61.6627	2281.12
2171	61.6935	2280.69
2172	61.7247	2280.65
2173	61.7555	2280.64
2174	61.7861	2280.61
2175	61.817	2280.53
2177	61.8802	2280.3
2178	61.911	2280.13
2179	61.9421	2279.42
2180	61.9736	2278.88
2181	62.0052	2277.94
2182	62.0366	2277.55
2183	62.0683	2276.86
2184	62.0997	2276.65
2185	62.1311	2276.42
2186	62.1625	2276.07
2187	62.1944	2274
2188	62.2259	2273.6
2189	62.2576	2273.59
2190	62.2889	2272
2191	62.3201	2271.47
2192	62.3514	2271.16
2193	62.382	2271.12
2194	62.4131	2271.05
2195	62.4443	2270.74
2196	62.4753	2270.7
2197	62.5063	2270.63
2198	62.5375	2270.38
2199	62.569	2270.06
2200	62.6001	2269.3
2201	62.6316	2269.01
2202	62.6626	2269
2203	62.6938	2268.48
2204	62.7252	2268.4
2205	62.7567	2268.33
2206	62.7877	2268.07
2207	62.8187	2267.77
2208	62.8507	2267.7
2209	62.8817	2267.54
2210	62.9129	2267.49
2211	62.9442	2267.41
2212	62.9753	2266.62
2213	63.0064	2266.12
2214	63.0379	2265.6
2215	63.0692	2265.51
2216	63.1004	2265.46
2217	63.1312	2265.08
2218	63.1622	2263.42
2219	63.1939	2263.2
2220	63.2249	2263.17
2221	63.2559	2263.04
2222	63.2885	2262.92
2223	63.321	2262.15
2224	63.3518	2262.02
2225	63.383	2261.75
2226	63.415	2261.23
2227	63.4464	2260.98
2228	63.4775	2260.83
2229	63.5091	2260.59
2230	63.5406	2260.45
2231	63.5717	2260.2
2232	63.6027	2259.73
2233	63.6344	2258.62
2234	63.6651	2258.17
2235	63.6968	2258.12
2236	63.7291	2258.08
2237	63.7613	2258.04
2238	63.7929	2257.6
2239	63.8243	2257.55
2240	63.8553	2257.42
2241	63.887	2257.41
2242	63.9186	2257.22
2243	63.9499	2257.08
2244	63.9807	2255.59
2245	64.0121	2255.58
2246	64.0441	2255.51
2247	64.075	2255.17
2248	64.1059	2255.15
2249	64.1372	2254.93
2250	64.1683	2254.77
2251	64.1994	2254.61
2252	64.2307	2254.37
2254	64.2934	2254.19
2255	64.3245	2254.06
2257	64.3869	2253.92
2258	64.4179	2252.7
2259	64.4489	2252.38
2260	64.4805	2251.72
2261	64.5116	2251.39
2262	64.5426	2251.3
2263	64.5736	2251.25
2264	64.6052	2251.21
2265	64.6364	2249.99
2266	64.6674	2249.83
2267	64.6989	2249.68
2268	64.7308	2249.6
2269	64.7616	2249.56
2270	64.7926	2249.56
2271	64.8238	2249.5
2272	64.855	2249.4
2273	64.8866	2248.71
2274	64.918	2248.63
2275	64.9496	2248.37
2276	64.9815	2247.74
2277	65.0139	2247.42
2278	65.0452	2244.26
2279	65.0767	2243.37
2280	65.1078	2243.34
2281	65.1393	2243.34
2282	65.1701	2243.33
2283	65.2013	2242.39
2284	65.233	2242.24
2285	65.2645	2241.54
2286	65.2959	2241.51
2287	65.3268	2241.3
2288	65.358	2240.87
2289	65.3889	2240.85
2290	65.4208	2239.08
2291	65.4536	2238.61
2292	65.4864	2238.24
2293	65.5175	2236.21
2295	65.5805	2236.2
2296	65.6118	2236.16
2298	65.6747	2235.98
2299	65.7064	2235.94
2301	65.7695	2235.9
2302	65.8007	2235.89
2303	65.8317	2233.12
2304	65.8636	2233.11
2305	65.8955	2233.03
2306	65.9267	2231.41
2307	65.9576	2230.7
2309	66.0201	2230.39
2310	66.0515	2230.37
2311	66.0823	2229.55
2312	66.1136	2229.2
2313	66.1452	2228.44
2314	66.1761	2228.06
2316	66.238	2228.02
2317	66.2693	2228.01
2318	66.3006	2226.42
2320	66.363	2226.38
2321	66.3947	2226.31
2322	66.4264	2225.68
2323	66.4576	2224.13
2325	66.5202	2223.76
2326	66.5515	2223.52
2327	66.5828	2223.39
2328	66.6146	2223.19
2329	66.6464	2223.18
2330	66.6777	2222.92
2331	66.7089	2222.7
2332	66.7403	2222.61
2333	66.7722	2221.45
2334	66.8039	2221.28
2336	66.8665	2218.15
2337	66.8983	2216.12
2338	66.9294	2215.8
2339	66.9609	2215.36
2340	66.992	2214.82
2341	67.0232	2214.15
2342	67.0547	2213.48
2343	67.086	2213.26
2344	67.117	2212.85
2346	67.1797	2212.83
2347	67.2109	2212.72
2349	67.2734	2212.66
2352	67.3672	2212.38
2353	67.3988	2211.2
2354	67.4305	2211.06
2355	67.4622	2210.51
2357	67.5245	2209.49
2358	67.5555	2209.33
2359	67.5864	2209.01
2360	67.6185	2208.68
2361	67.6512	2207.92
2362	67.6822	2207.83
2363	67.7135	2206.54
2365	67.7767	2206.49
2368	67.8712	2206.03
2370	67.9338	2205
2371	67.9655	2204.11
2373	68.0279	2202.94
2374	68.0591	2202.82
2376	68.122	2202.67
2377	68.1532	2202.11
2378	68.1847	2201.46
2379	68.216	2201.05
2380	68.2475	2201.02
2381	68.2788	2201
2382	68.3112	2199.98
2383	68.3424	2199.67
2384	68.3737	2199.23
2385	68.4055	2199.06
2386	68.437	2199.01
2387	68.469	2198.38
2388	68.5004	2198.32
2392	68.6273	2198.22
2393	68.6584	2198.09
2394	68.6898	2197.99
2395	68.7212	2197.97
2396	68.7529	2195.71
2397	68.7847	2195.52
2398	68.8169	2195.51
2400	68.8804	2195.31
2401	68.9121	2195.09
2402	68.9438	2195.05
2403	68.9751	2194.9
2404	69.0065	2194.21
2405	69.0379	2194.16
2406	69.0695	2194.01
2407	69.1007	2194.01
2408	69.1323	2193.79
2409	69.1639	2193.11
2410	69.1952	2193.07
2411	69.2265	2192.62
2412	69.2577	2192.6
2413	69.289	2192.59
2414	69.3209	2192.58
2417	69.4153	2192.5
2418	69.4469	2191.98
2419	69.4782	2191.39
2420	69.51	2191.21
2421	69.5415	2190.96
2422	69.5726	2190.58
2423	69.6037	2189.93
2424	69.6353	2189.8
2425	69.6666	2189.73
2426	69.6982	2189.19
2427	69.7306	2187.1
2428	69.7621	2186.9
2429	69.7947	2186.9
2430	69.8279	2186.75
2431	69.8598	2186.26
2432	69.8915	2185.94
2433	69.9231	2185.9
2434	69.9545	2185.79
2435	69.9861	2185.34
2437	70.0496	2185.24
2438	70.0816	2185.01
2439	70.1135	2184.94
2441	70.1775	2182.96
2442	70.2091	2182.95
2443	70.2406	2182.68
2444	70.2727	2182.66
2445	70.3043	2182.65
2446	70.3355	2182.38
2447	70.3674	2182.21
2448	70.3993	2182.19
2449	70.4309	2182.08
2450	70.4631	2182.04
2451	70.4949	2181.95
2452	70.5264	2181.9
2453	70.5587	2181.68
2454	70.5902	2181.25
2455	70.6218	2181.17
2456	70.6533	2181.07
2457	70.685	2180.81
2458	70.717	2179.73
2459	70.7493	2179.59
2460	70.7808	2179.58
2461	70.8145	2179.46
2462	70.8459	2179.38
2463	70.8775	2178.99
2464	70.9096	2178.63
2465	70.9415	2178.56
2466	70.9731	2178.23
2467	71.0049	2177.91
2468	71.0368	2177.78
2469	71.0687	2177.57
2470	71.1	2177.44
2471	71.1325	2176.4
2473	71.1961	2175.1
2474	71.2276	2174.84
2475	71.259	2174.13
2476	71.2907	2174.09
2478	71.3538	2173.73
2479	71.3855	2173.66
2480	71.4178	2173.61
2482	71.4817	2173.59
2483	71.5137	2173.48
2484	71.5459	2172.8
2485	71.5772	2172.58
2486	71.6086	2172.47
2487	71.6407	2172.21
2488	71.672	2172.21
2489	71.7036	2171.99
2490	71.7361	2171.81
2491	71.7679	2171.67
2492	71.8003	2171.32
2493	71.833	2171.31
2497	71.96	2171.19
2498	71.9931	2169.85
2499	72.0254	2169.72
2500	72.057	2169.17
2501	72.0882	2168.9
2502	72.1196	2167.54
2504	72.1836	2167.53
2505	72.215	2167.08
2506	72.2467	2167.04
2507	72.279	2166.92
2508	72.3105	2166.87
2511	72.4069	2166.84
2512	72.4384	2166.76
2513	72.4709	2166.33
2514	72.5034	2166.23
2515	72.5348	2166.11
2516	72.5667	2165.73
2517	72.5986	2165.52
2518	72.6301	2165.34
2519	72.6618	2165.09
2520	72.694	2165.08
2521	72.7262	2165.06
2523	72.79	2164.29
2524	72.8227	2163.88
2525	72.8544	2163.35
2526	72.8868	2163.32
2527	72.9188	2163.18
2528	72.951	2162.84
2529	72.9829	2162.83
2530	73.0146	2162.81
2531	73.046	2162.52
2532	73.0784	2162.27
2533	73.1108	2160.38
2535	73.1744	2160.34
2536	73.2067	2160.32
2537	73.2391	2160.3
2538	73.2714	2160.04
2539	73.3043	2160.01
2540	73.3361	2159.5
2541	73.3684	2159.47
2543	73.4322	2159.23
2545	73.4963	2159.15
2546	73.5285	2151.89
2547	73.5612	2151.23
2549	73.6293	2150.6
2550	73.6853	2150.58
2551	73.7276	2149.65
2552	73.7616	2149.32
2553	73.795	2148.77
2554	73.8319	2148.53
2557	73.9325	2148.53
2558	73.9668	2147.18
2559	74.0115	2146.3
2560	74.0804	2146.22
2561	74.1119	2146.19
2562	74.1444	2145.59
2563	74.1774	2145.2
2564	74.2089	2142.79
2565	74.2404	2142.67
2566	74.2725	2142.62
2567	74.3047	2142.44
2568	74.3365	2142.42
2569	74.3684	2142.25
2570	74.4	2142.17
2573	74.4953	2140.87
2574	74.5276	2140.85
2575	74.5592	2140.54
2576	74.5912	2140.11
2577	74.6245	2139.56
2578	74.6561	2138.84
2579	74.6881	2138.54
2580	74.721	2138.29
2581	74.7532	2137.93
2583	74.817	2137.84
2584	74.8492	2137.57
2585	74.8918	2137.51
2586	74.9235	2137.51
2587	74.9554	2137.45
2588	74.9878	2136.73
2589	75.0202	2136.6
2590	75.0522	2136.42
2591	75.0848	2136.42
2592	75.1176	2136.41
2593	75.1498	2135.42
2594	75.1818	2135.32
2595	75.2138	2134.92
2596	75.2461	2134.88
2597	75.2777	2134.1
2598	75.3093	2133.9
2600	75.3735	2133.83
2601	75.405	2133.6
2602	75.4368	2133.5
2603	75.4685	2132.85
2604	75.5005	2132.81
2605	75.5321	2132.77
2606	75.5641	2131.56
2607	75.5958	2131.52
2608	75.6285	2131
2610	75.692	2130.78
2611	75.7236	2130.42
2612	75.7556	2130.42
2613	75.7875	2130.35
2614	75.819	2130.32
2616	75.8829	2130.13
2617	75.9144	2129.61
2618	75.9462	2129.25
2619	75.978	2129.03
2622	76.0751	2128.98
2623	76.1072	2128.72
2624	76.1391	2128.45
2625	76.1714	2128.32
2626	76.2036	2128.32
2627	76.2358	2127.84
2628	76.2675	2127.81
2630	76.3326	2127.81
2631	76.3657	2127.15
2632	76.3982	2127.13
2633	76.4302	2127.08
2634	76.4616	2126.57
2635	76.4935	2126.55
2636	76.5253	2126.23
2637	76.5569	2126.16
2639	76.6204	2126.14
2640	76.6524	2125.99
2641	76.6848	2123.87
2642	76.7174	2123.85
2643	76.7499	2123.78
2644	76.7817	2123.21
2645	76.8133	2123.17
2646	76.8467	2123.07
2647	76.8785	2123.06
2648	76.91	2122.65
2649	76.9422	2122.1
2650	76.9744	2122.08
2651	77.0064	2121.78
2652	77.0392	2121.76
2653	77.0727	2121.75
2654	77.1044	2121.74
2655	77.1365	2121.66
2657	77.2009	2121.58
2658	77.2333	2121.32
2659	77.2649	2121.23
2660	77.2965	2121.14
2661	77.3285	2121.06
2662	77.3603	2120.71
2663	77.3921	2120.49
2664	77.4235	2120.39
2666	77.487	2120.21
2667	77.5184	2118.86
2668	77.5502	2118.74
2669	77.5817	2118.73
2670	77.6133	2118.62
2671	77.6448	2118.26
2672	77.6768	2117.98
2673	77.7083	2117.93
2674	77.7402	2117.87
2675	77.7724	2117.52
2676	77.804	2117.48
2677	77.8356	2117.42
2678	77.8672	2117.23
2679	77.8993	2116.95
2681	77.9625	2116.65
2682	77.9945	2116.64
2683	78.0263	2116.08
2684	78.0579	2116.05
2685	78.0898	2116.04
2686	78.1215	2115.84
2687	78.1531	2115.53
2688	78.1851	2115.51
2689	78.2172	2115.4
2690	78.2497	2115.37
2691	78.2818	2115.24
2692	78.3138	2115.19
2693	78.346	2114.99
2694	78.3782	2114.63
2695	78.41	2114.5
2696	78.4417	2114.46
2697	78.4735	2114.35
2698	78.5053	2113.87
2699	78.538	2113.69
2700	78.5714	2113.56
2701	78.6036	2113.41
2702	78.6351	2113.34
2703	78.6675	2110.27
2704	78.7003	2109.26
2705	78.7319	2109.24
2706	78.7639	2109.05
2707	78.8105	2108.56
2708	78.8425	2108.49
2709	78.8745	2108.19
2710	78.9065	2108.03
2712	78.9702	2107.77
2713	79.0016	2107.14
2714	79.0335	2106.92
2715	79.0666	2106.47
2716	79.0986	2106.43
2718	79.1625	2106.16
2719	79.194	2106.05
2720	79.2261	2106.01
2721	79.2589	2106.01
2722	79.2914	2105.93
2723	79.3235	2105.93
2724	79.356	2105.43
2725	79.3879	2105.22
2726	79.4199	2105.12
2727	79.4524	2103.58
2728	79.4841	2103.16
2729	79.5166	2103.1
2730	79.5482	2102.75
2731	79.5799	2102.59
2732	79.6118	2102.31
2733	79.6434	2102.19
2734	79.6758	2102.13
2737	79.7705	2101.98
2738	79.8028	2101.01
2739	79.8348	2100.81
2740	79.8666	2100.3
2741	79.8999	2100.24
2742	79.9317	2099.72
2743	79.9783	2099.67
2744	80.0106	2099.61
2745	80.0427	2099.48
2747	80.1067	2099.39
2748	80.1384	2099.36
2749	80.1699	2099.35
2751	80.234	2099.3
2752	80.2655	2099.09
2753	80.2976	2098.65
2755	80.3614	2098.59
2756	80.3937	2097.3
2757	80.4261	2097.13
2758	80.4583	2097.03
2759	80.4914	2096.78
2760	80.5237	2096.56
2761	80.5553	2096.54
2763	80.6195	2095.8
2764	80.6517	2095.6
2765	80.684	2095.25
2767	80.7506	2095.14
2768	80.7834	2094.11
2769	80.8157	2094.11
2770	80.8476	2094.11
2771	80.8793	2093.88
2772	80.9114	2093.5
2773	80.9437	2091.87
2775	81.0071	2091.51
2778	81.1035	2091.43
2781	81.2002	2091.35
2783	81.2647	2091.15
2786	81.3625	2090.26
2787	81.3945	2090.07
2789	81.4577	2089.46
2791	81.5212	2088.86
2792	81.5538	2088.84
2793	81.5863	2088.61
2794	81.6182	2088.53
2796	81.6813	2088.17
2798	81.7456	2085.29
2799	81.7787	2085.1
2800	81.8112	2085.02
2802	81.8747	2084.62
2803	81.9069	2084.33
2805	81.972	2084.17
2806	82.004	2084.15
2807	82.0365	2084.07
2808	82.0684	2084.03
2809	82.1002	2083.9
2810	82.1327	2083.71
2813	82.2471	2083.67
2815	82.3366	2083.43
2816	82.3786	2083
2817	82.4103	2082.78
2818	82.442	2081.7
2819	82.4744	2080.11
2820	82.5061	2079.88
2821	82.5377	2079.51
2822	82.5697	2079.09
2823	82.6019	2078.99
2824	82.6334	2078.75
2825	82.6651	2078.67
2826	82.6976	2078.66
2827	82.7296	2078.44
2828	82.762	2078.44
2832	82.8895	2078.43
2833	82.9224	2077.78
2834	82.9552	2077.7
2835	82.9876	2077.36
2836	83.0193	2077.09
2837	83.0511	2076.32
2838	83.0829	2076.14
2840	83.1474	2076.1
2841	83.1791	2075.93
2842	83.2112	2075.89
2843	83.2435	2075.26
2844	83.2758	2075.18
2849	83.4358	2074.55
2850	83.4687	2074.39
2851	83.5001	2074.13
2852	83.5321	2074.13
2853	83.5645	2074.05
2854	83.5959	2074.04
2855	83.6278	2074.03
2856	83.6598	2073.7
2857	83.6914	2073.29
2858	83.7231	2072.07
2859	83.7556	2071.94
2862	83.8511	2071.93
2863	83.8832	2071.85
2864	83.9156	2071.76
2865	83.9475	2071.62
2866	83.9795	2071.62
2867	84.0127	2071.19
2868	84.0443	2071.17
2870	84.1085	2071.17
2871	84.1409	2070.87
2872	84.1733	2070.83
2873	84.2053	2070.73
2874	84.2374	2070.6
2875	84.2691	2070.57
2877	84.3325	2070.49
2879	84.3956	2070.47
2880	84.4278	2070.27
2882	84.4914	2070.23
2884	84.5556	2069.81
2885	84.5881	2069.73
2886	84.62	2069.68
2887	84.6513	2069.67
2888	84.6828	2069.48
2889	84.7145	2068.97
2890	84.7459	2068.92
2891	84.7775	2068.54
2892	84.8098	2068.42
2893	84.8417	2068.41
2894	84.8734	2068.39
2896	84.9362	2068.37
2897	84.968	2068.34
2898	85	2068.1
2899	85.0315	2068.1
2902	85.1276	2067.77
2903	85.1603	2067.6
2904	85.1924	2067.55
2905	85.2243	2067.55
2906	85.2558	2067.16
2907	85.2876	2065.83
2909	85.3519	2065.83
2910	85.3835	2065.74
2911	85.415	2065.11
2912	85.447	2064.76
2913	85.4793	2064.72
2914	85.5111	2064.66
2915	85.5423	2064.4
2916	85.5744	2061.99
2917	85.6064	2061.96
2918	85.6381	2061.86
2919	85.6696	2061.81
2920	85.7011	2061.57
2921	85.7327	2061.27
2922	85.7648	2061.27
2923	85.7963	2060.94
2924	85.8283	2060.89
2925	85.8729	2060.88
2926	85.9051	2060.29
2927	85.9374	2060.15
2928	85.969	2060.09
2929	86.001	2059.99
2930	86.0323	2059.94
2931	86.0638	2059.76
2932	86.0953	2059.73
2933	86.1287	2059.71
2934	86.1605	2059.32
2935	86.193	2059.2
2936	86.2246	2059.19
2937	86.2566	2059.08
2938	86.2888	2058.93
2939	86.3207	2058.78
2940	86.3528	2058.78
2941	86.3846	2058.78
2942	86.4164	2058.74
2943	86.448	2058.67
2944	86.4794	2057.16
2946	86.5427	2056.98
2947	86.574	2056.71
2948	86.6057	2056.64
2949	86.6374	2055.93
2950	86.6691	2055.87
2952	86.7327	2054.54
2953	86.7647	2053.98
2954	86.7968	2053.92
2955	86.8283	2053.85
2956	86.86	2053.82
2958	86.9234	2053.57
2959	86.9552	2053.53
2961	87.0197	2053.52
2963	87.0879	2053.49
2964	87.1196	2053.15
2965	87.1518	2052.84
2966	87.1846	2052.78
2967	87.2172	2052.46
2968	87.2496	2052.3
2969	87.2813	2052.29
2970	87.3151	2052.12
2971	87.348	2051.98
2972	87.3799	2051.79
2973	87.4116	2051.23
2977	87.5397	2051.16
2978	87.572	2050.19
2979	87.6036	2050.18
2980	87.6356	2049.69
2981	87.6676	2049.57
2982	87.6992	2049.32
2983	87.7325	2049.16
2984	87.7648	2049.15
2985	87.7971	2049.04
2986	87.8298	2048.97
2987	87.8626	2048.92
2988	87.8945	2048.91
2989	87.927	2048.73
2990	87.959	2048.59
2991	87.992	2048.56
2992	88.0257	2048.5
2993	88.058	2045.46
2996	88.1541	2045.04
2997	88.1876	2045.03
2998	88.2194	2044.97
2999	88.2522	2044.74
3000	88.2857	2044.69
3001	88.3186	2044.66
3003	88.3834	2044.21
3004	88.4151	2044.06
3005	88.4468	2043.74
3006	88.4788	2043.71
3007	88.5112	2043.69
3008	88.5431	2043.33
3009	88.5755	2043.33
3010	88.6082	2043.29
3011	88.6399	2043.18
3012	88.6722	2043.05
3013	88.7041	2041.63
3015	88.768	2041.51
3018	88.8638	2041.42
3020	88.928	2041.36
3021	88.9601	2041.25
3022	88.9925	2041.25
3026	89.1223	2040.94
3027	89.1561	2040.6
3029	89.2205	2040.23
3031	89.2846	2039.86
3033	89.352	2039.67
3034	89.3852	2039.57
3035	89.4178	2039.42
3036	89.4493	2038.65
3038	89.5142	2037.98
3039	89.5481	2037.87
3040	89.5798	2037.79
3042	89.6434	2037.41
3043	89.6752	2037.12
3044	89.7075	2036.77
3045	89.7391	2036.73
3046	89.7722	2036.72
3047	89.8038	2036.56
3048	89.836	2036.54
3049	89.869	2036.53
3050	89.901	2036.44
3053	89.998	2036.38
3054	90.0296	2036.17
3055	90.0613	2035.98
3056	90.0934	2034.8
3057	90.1254	2034.68
3058	90.1575	2033.59
3059	90.189	2033.57
3060	90.2212	2033.47
3061	90.253	2033.05
3063	90.3167	2032.99
3064	90.3489	2032.85
3066	90.4121	2032.84
3067	90.443	2032.82
3071	90.5686	2032.82
3072	90.5994	2032.68
3073	90.6303	2032.2
3074	90.6612	2032.2
3075	90.692	2031.99
3076	90.7227	2030.99
3077	90.7533	2030.24
3078	90.7841	2030.12
3079	90.8143	2030.06
3081	90.8753	2029.92
3082	90.9058	2029.85
3083	90.9369	2029.61
3084	90.9678	2029.58
3085	90.9993	2029.55
3087	91.0622	2029.49
3089	91.1256	2029.49
3093	91.2485	2029.44
3096	91.3408	2029.26
3097	91.3715	2028.92
3098	91.4025	2028.78
3099	91.4338	2028.58
3100	91.4647	2028.51
3102	91.5265	2028.48
3103	91.5578	2028.44
3104	91.5892	2028.34
3105	91.6201	2028.24
3107	91.6839	2028.08
3108	91.7152	2028.06
3111	91.8084	2027.99
3112	91.8394	2027.97
3114	91.9021	2026.95
3115	91.9334	2026.92
3116	91.9648	2026.65
3117	91.9955	2026.65
3118	92.0268	2026.65
3122	92.1508	2026.63
3123	92.182	2026.61
3124	92.213	2026.16
3125	92.2444	2026.15
3126	92.2753	2026.03
3127	92.3059	2026.03
3128	92.3371	2025.88
3129	92.3679	2025.35
3130	92.3986	2025.34
3131	92.43	2025.07
3132	92.4613	2025.02
3133	92.4926	2025.01
3134	92.5234	2024.99
3135	92.5542	2024.97
3137	92.6165	2024.96
3138	92.6472	2024.77
3139	92.6785	2024.69
3140	92.7099	2024.6
3141	92.7411	2024.59
3142	92.7723	2024.29
3144	92.8341	2024.26
3146	92.8968	2023.78
3147	92.9277	2023.61
3148	92.9585	2023.19
3149	92.9893	2023.18
3150	93.0202	2022.14
3151	93.051	2021.9
3152	93.082	2021.65
3153	93.1127	2021.62
3154	93.1438	2021.51
3155	93.1754	2021.29
3156	93.2071	2020.65
3157	93.2382	2020.63
3158	93.2689	2020.51
3159	93.2997	2020.4
3161	93.3613	2020.3
3162	93.3923	2020.29
3163	93.4236	2019.99
3165	93.486	2019.97
3166	93.5174	2019.84
3168	93.579	2019.79
3169	93.6105	2019.7
3170	93.6422	2019.67
3171	93.6733	2019.54
3172	93.705	2019.52
3173	93.7364	2019.47
3174	93.7674	2019.22
3175	93.7991	2019.15
3176	93.832	2019.14
3177	93.8634	2018.99
3178	93.8946	2018.92
3179	93.9255	2018.76
3180	93.9566	2018.72
3182	94.0186	2018.71
3183	94.053	2018.65
3184	94.0902	2018.36
3187	94.1863	2018.13
3188	94.2187	2018.07
3189	94.2521	2017.74
3191	94.3164	2017.74
3192	94.3507	2017.29
3193	94.3827	2017.01
3194	94.4142	2015.53
3195	94.4457	2015.49
3196	94.4784	2015.42
3197	94.5109	2015.41
3198	94.5461	2015.22
3199	94.5786	2015.2
3201	94.6596	2015.16
3203	94.7221	2015.14
3204	94.7538	2014.83
3205	94.785	2014.56
3206	94.8166	2014.5
3207	94.8478	2014.35
3208	94.8794	2014.29
3209	94.9101	2014.29
3210	94.9408	2014.17
3211	94.9722	2014.04
3213	95.0339	2013.88
3216	95.1277	2013.88
3217	95.1585	2013.82
3218	95.1907	2012.88
3219	95.2225	2012.87
3220	95.2539	2012.58
3221	95.2852	2012.52
3222	95.3162	2012.44
3223	95.3473	2012.06
3224	95.378	2012.04
3225	95.4094	2011.97
3226	95.4412	2011.92
3227	95.4722	2011.87
3228	95.5034	2011.82
3229	95.5351	2011.33
3230	95.5665	2011.29
3231	95.5977	2011.27
3232	95.6289	2011.21
3233	95.6609	2010.1
3236	95.7552	2009.97
3237	95.7867	2009.96
3239	95.8499	2009.72
3240	95.881	2009.69
3241	95.9122	2009.66
3243	95.9766	2009.27
3244	96.0078	2009.16
3245	96.0393	2009.02
3246	96.0707	2009.01
3247	96.102	2009
3248	96.1328	2008.56
3250	96.1951	2007.98
3251	96.2268	2007.79
3252	96.2587	2007.58
3253	96.2901	2006.26
3255	96.3524	2006.21
3258	96.4456	2006.12
3263	96.6027	2006.1
3264	96.6346	2006.09
3265	96.6662	2006.09
3266	96.6975	2005.85
3267	96.7291	2003.82
3269	96.7922	2003.52
3271	96.8547	2003.16
3272	96.8858	2003.12
3275	96.9797	2003
3276	97.0119	2002.96
3277	97.0432	2002.96
3278	97.0745	2002.42
3279	97.1057	2002.36
3280	97.1372	2002.3
3282	97.2003	2001.94
3283	97.2321	2001.71
3284	97.2644	2001.41
3285	97.2961	2001.39
3286	97.3274	2001.37
3287	97.359	2001.05
3288	97.3908	2001.04
3289	97.4221	2001.04
3291	97.4854	1999.79
3292	97.5165	1999.77
3293	97.5479	1999.77
3294	97.5794	1999.75
3295	97.6106	1999.55
3296	97.6425	1999.25
3298	97.7052	1999.18
3300	97.7678	1998.99
3301	97.7998	1998.9
3303	97.8618	1998.88
3304	97.8934	1998.76
3306	97.9564	1998.75
3308	98.0201	1998.73
3310	98.0823	1998.69
3312	98.1475	1998.3
3313	98.1802	1998.06
3314	98.2122	1998.05
3315	98.2449	1997.85
3316	98.276	1997.3
3317	98.3095	1996.66
3318	98.3416	1996.56
3321	98.4455	1996.52
3323	98.5105	1996.31
3324	98.5426	1995.12
3325	98.5751	1995.11
3327	98.6385	1994.28
3331	98.764	1994.24
3333	98.8268	1994.21
3334	98.8582	1994.2
3335	98.8902	1994.14
3336	98.9221	1994.01
3337	98.9537	1993.71
3338	98.9855	1993.58
3341	99.0816	1993.16
3342	99.1134	1988.04
3343	99.1448	1988.01
3344	99.176	1987.96
3345	99.208	1987.86
3346	99.2401	1987.85
3347	99.2715	1987.5
3348	99.3037	1987.49
3351	99.3981	1987.43
3352	99.4298	1986.8
3354	99.4935	1986.33
3355	99.525	1986.32
3362	99.7466	1986.29
3364	99.8099	1985.88
3365	99.8416	1985.85
3367	99.9056	1985.84
3368	99.9371	1985.68
3369	99.9688	1985.49
3370	100.001	1985.48
3371	100.032	1985.23
3373	100.096	1985.21
3374	100.128	1985.19
3375	100.16	1985.19
3376	100.192	1984.51
3377	100.225	1984.4
3378	100.256	1984.22
3379	100.288	1984.16
3380	100.322	1984.07
3381	100.355	1984.05
3382	100.386	1983.82
3383	100.418	1983.74
3384	100.45	1983.65
3385	100.481	1983.65
3386	100.513	1983.34
3387	100.545	1983.24
3388	100.577	1982.6
3389	100.608	1982.59
3390	100.64	1982.38
3391	100.672	1980.9
3392	100.703	1980.73
3393	100.735	1980.68
3394	100.766	1980.62
3395	100.798	1980.41
3396	100.83	1979.94
3397	100.861	1979.91
3398	100.893	1979.88
3399	100.925	1979.84
3401	100.989	1979.76
3403	101.053	1979.6
3405	101.117	1979.54
3406	101.151	1979.5
3409	101.256	1979.48
3410	101.289	1979.41
3411	101.321	1979.26
3412	101.353	1979.24
3413	101.386	1979.18
3414	101.422	1979.03
3415	101.458	1978.94
3416	101.49	1978.87
3419	101.586	1978.8
3420	101.618	1978.72
3422	101.682	1978.7
3424	101.746	1978.51
3425	101.778	1978.5
3427	101.841	1978.34
3428	101.873	1978.32
3429	101.905	1978.17
3430	101.937	1977.9
3432	102	1977.48
3433	102.032	1977.25
3434	102.063	1973.88
3435	102.095	1973.76
3436	102.126	1973.72
3438	102.19	1973.65
3439	102.223	1973.61
3440	102.254	1973.59
3441	102.286	1973.58
3442	102.318	1973.55
3444	102.381	1973.36
3445	102.413	1973.07
3446	102.445	1972.59
3447	102.479	1972.49
3448	102.512	1972.44
3449	102.544	1972.41
3450	102.575	1972.29
3451	102.607	1972.07
3453	102.672	1971.99
3454	102.704	1971.96
3456	102.768	1971.96
3457	102.801	1971.94
3458	102.833	1971.2
3459	102.864	1971.14
3460	102.897	1970.82
3461	102.929	1970.67
3462	102.96	1970.64
3463	102.992	1970.6
3465	103.056	1970.53
3466	103.088	1970.45
3467	103.121	1970.44
3468	103.153	1970.3
3469	103.185	1970.06
3471	103.248	1969.81
3472	103.28	1969.76
3473	103.312	1969.4
3474	103.343	1969.39
3475	103.375	1969.37
3476	103.406	1969.32
3477	103.438	1968.37
3479	103.502	1968.22
3480	103.533	1968.19
3482	103.597	1968.19
3483	103.628	1967.89
3484	103.66	1967.86
3485	103.692	1967.63
3488	103.789	1967.36
3489	103.82	1967.35
3490	103.852	1967.3
3492	103.916	1967.24
3493	103.948	1966.08
3495	104.012	1966.06
3496	104.043	1966.06
3500	104.172	1966.06
3501	104.203	1966.02
3502	104.235	1965.96
3503	104.267	1965.95
3504	104.3	1965.95
3505	104.331	1965.92
3506	104.363	1965.72
3507	104.395	1965.41
3509	104.459	1965.25
3511	104.522	1965.02
3513	104.588	1964.9
3515	104.659	1964.82
3516	104.693	1964.77
3517	104.724	1964.76
3518	104.756	1964.42
3519	104.788	1964.39
3520	104.82	1964.37
3521	104.852	1964.33
3522	104.883	1964.09
3523	104.915	1963.88
3525	104.978	1963.86
3527	105.041	1963.74
3530	105.137	1963.71
3531	105.169	1963.29
3533	105.233	1963.26
3534	105.265	1963.25
3535	105.297	1963.09
3536	105.329	1962.91
3538	105.392	1962.87
3539	105.423	1962.83
3540	105.455	1962.74
3541	105.487	1962.48
3543	105.55	1962.47
3544	105.582	1962.34
3546	105.646	1962.33
3547	105.678	1962.33
3551	105.805	1962.33
3552	105.837	1962.3
3553	105.868	1962.02
3555	105.933	1961.93
3556	105.965	1961.73
3557	105.998	1960.75
3558	106.03	1960.68
3559	106.061	1960.67
3561	106.125	1960.55
3565	106.252	1960.52
3567	106.317	1960.27
3570	106.412	1960.17
3571	106.444	1960.06
3573	106.507	1960.05
3574	106.539	1960.01
3576	106.603	1959.99
3577	106.634	1959.73
3578	106.666	1959.66
3579	106.698	1959.56
3581	106.762	1959.47
3582	106.794	1959.11
3583	106.826	1959.08
3584	106.859	1959.04
3585	106.892	1958.97
3587	106.955	1958.71
3592	107.117	1956.89
3594	107.18	1956.47
3595	107.213	1956.45
3597	107.278	1956.4
3598	107.309	1956.39
3602	107.436	1956.38
3603	107.468	1956.3
3604	107.5	1956.01
3605	107.532	1955.99
3607	107.595	1955.99
3608	107.628	1955.93
3609	107.66	1955.67
3610	107.692	1955.65
3611	107.724	1955.47
3612	107.757	1955.39
3613	107.789	1955.38
3614	107.821	1955.37
3615	107.853	1955.33
3616	107.885	1955.03
3617	107.916	1953.25
3618	107.948	1953.11
3619	107.98	1953.09
3622	108.074	1952.91
3624	108.138	1952.9
3625	108.17	1952.86
3626	108.202	1952.58
3627	108.235	1952.47
3628	108.267	1952.04
3629	108.299	1952.04
3631	108.363	1951.84
3632	108.395	1951.64
3633	108.427	1951.6
3634	108.459	1951.59
3635	108.491	1951.4
3636	108.522	1951.05
3637	108.555	1951
3638	108.587	1950.96
3643	108.775	1950.89
3645	108.858	1950.45
3646	108.89	1950.31
3648	108.954	1950.27
3649	108.985	1950.2
3650	109.018	1950.15
3651	109.055	1950.02
3653	109.119	1949.98
3654	109.151	1949.86
3655	109.184	1949.78
3656	109.216	1949.41
3659	109.313	1949.3
3660	109.345	1949.24
3661	109.377	1949.01
3664	109.473	1948.86
3667	109.569	1948.8
3668	109.601	1948.78
3669	109.633	1948.68
3670	109.665	1948.51
3672	109.729	1948.22
3673	109.761	1948.05
3674	109.793	1947.8
3675	109.825	1947.69
3676	109.857	1947.65
3678	109.921	1947.28
3679	109.953	1947.26
3684	110.112	1947.08
3685	110.144	1946.82
3686	110.176	1946.36
3687	110.208	1946.28
3688	110.24	1946.28
3690	110.304	1946.27
3691	110.336	1946.13
3692	110.368	1946.13
3693	110.4	1946.09
3694	110.432	1946.07
3696	110.496	1946.07
3698	110.56	1945.27
3699	110.592	1945.26
3700	110.624	1945.01
3701	110.656	1944.89
3702	110.688	1944.88
3703	110.721	1944.86
3705	110.785	1944.8
3707	110.85	1944.78
3708	110.882	1944.7
3709	110.914	1944.38
3711	110.978	1944.22
3712	111.01	1944.17
3713	111.043	1943.83
3714	111.076	1943.81
3717	111.172	1943.41
3718	111.205	1943.38
3719	111.239	1943.22
3720	111.272	1943.2
3723	111.368	1942.95
3724	111.4	1942.87
3725	111.433	1942.77
3726	111.465	1942.76
3728	111.53	1942.68
3730	111.594	1942.62
3731	111.627	1942.53
3732	111.66	1942.5
3733	111.692	1941.4
3735	111.756	1941.38
3736	111.789	1941.2
3739	111.887	1941.19
3740	111.919	1941.14
3741	111.951	1941.13
3742	111.983	1941.09
3744	112.047	1941.08
3746	112.112	1941.04
3747	112.143	1940.24
3748	112.182	1940.24
3749	112.218	1940.13
3751	112.282	1939.94
3752	112.314	1939.67
3755	112.411	1939.57
3756	112.443	1939.57
3757	112.475	1939.57
3758	112.507	1939.31
3759	112.539	1939.26
3760	112.571	1939.24
3762	112.635	1939
3763	112.668	1938.82
3764	112.7	1938.74
3765	112.732	1938.59
3766	112.764	1938.58
3767	112.796	1938.48
3769	112.86	1938.45
3770	112.892	1938.44
3773	112.989	1938.44
3774	113.02	1938.38
3775	113.052	1938.21
3776	113.085	1938.06
3777	113.118	1938.02
3779	113.182	1937.99
3780	113.214	1937.95
3781	113.246	1937.92
3783	113.311	1937.91
3784	113.344	1937.85
3786	113.408	1937.85
3787	113.442	1937.84
3791	113.572	1937.84
3792	113.604	1937.81
3793	113.637	1937.48
3794	113.669	1937.46
3795	113.701	1937.42
3796	113.733	1937.35
3797	113.765	1936.61
3798	113.798	1936.55
3800	113.862	1936.54
3801	113.894	1936.46
3804	113.99	1934.99
3805	114.022	1934.98
3809	114.15	1934.94
3811	114.215	1934.9
3812	114.248	1934.9
3813	114.279	1934.83
3814	114.311	1934.78
3816	114.377	1934.75
3817	114.41	1934.54
3818	114.443	1934.49
3819	114.476	1934.46
3821	114.545	1934.36
3822	114.578	1933.86
3824	114.645	1933.81
3825	114.68	1933.75
3827	114.745	1933.54
3830	114.842	1933.53
3832	114.907	1933.41
3834	114.971	1932.94
3835	115.003	1932.93
3838	115.1	1932.9
3839	115.133	1932.88
3840	115.164	1932.79
3842	115.228	1932.78
3844	115.292	1932.5
3845	115.324	1932.49
3847	115.388	1932.49
3848	115.42	1932.48
3849	115.452	1932.3
3850	115.484	1932.29
3851	115.516	1932.18
3852	115.551	1932.02
3853	115.583	1932
3854	115.615	1931.99
3855	115.649	1931.99
3857	115.714	1931.87
3858	115.746	1931.69
3859	115.778	1931.69
3862	115.875	1931.52
3864	115.939	1931.49
3865	115.971	1931.41
3867	116.034	1931.39
3868	116.066	1931.23
3869	116.098	1931.23
3870	116.13	1931.2
3871	116.162	1931.06
3872	116.193	1930.95
3873	116.226	1930.94
3874	116.258	1930.93
3875	116.29	1930.76
3876	116.322	1930.45
3877	116.355	1930.42
3878	116.387	1930.32
3879	116.419	1930.28
3880	116.451	1930.2
3881	116.483	1930.16
3882	116.515	1930.16
3885	116.611	1929.73
3886	116.644	1929.62
3887	116.676	1929.58
3888	116.708	1929.57
3889	116.74	1929.34
3890	116.772	1929.32
3891	116.805	1929.23
3892	116.837	1929.18
3893	116.868	1929.13
3894	116.901	1928.62
3895	116.932	1928.56
3896	116.964	1928.54
3897	116.996	1928.38
3899	117.06	1928.1
3900	117.093	1928.08
3901	117.125	1927.93
3904	117.222	1927.74
3906	117.287	1927.74
3907	117.319	1927.61
3908	117.351	1927.6
3909	117.383	1927.51
3910	117.415	1926.97
3912	117.48	1926.76
3913	117.512	1926.44
3914	117.544	1926.35
3915	117.576	1926.28
3916	117.608	1926.26
3917	117.64	1926.24
3918	117.673	1923.68
3919	117.705	1923.66
3920	117.737	1923.62
3924	117.869	1923.51
3925	117.901	1923.26
3926	117.933	1923.09
3927	117.965	1923.06
3928	117.997	1923.04
3929	118.03	1922.83
3930	118.062	1922.74
3931	118.094	1922.62
3932	118.126	1922.59
3933	118.158	1922.56
3934	118.19	1922.54
3937	118.286	1922.53
3938	118.318	1921.88
3939	118.35	1921.83
3940	118.383	1921.7
3941	118.415	1921.68
3943	118.48	1921.65
3944	118.513	1921.61
3945	118.546	1921.59
3946	118.578	1921.52
3947	118.61	1921.52
3948	118.642	1920.93
3949	118.674	1920.81
3951	118.738	1920.71
3952	118.771	1920.69
3953	118.803	1920.5
3954	118.835	1920.49
3959	118.996	1920.32
3960	119.028	1920.29
3961	119.059	1920.25
3963	119.124	1920.06
3964	119.157	1919.95
3965	119.189	1919.89
3966	119.223	1919.87
3967	119.255	1919.77
3968	119.287	1919.58
3969	119.32	1919.42
3970	119.352	1919.36
3971	119.384	1919.33
3972	119.416	1919.29
3973	119.448	1918.4
3974	119.48	1918.33
3975	119.512	1918.3
3976	119.545	1917.94
3980	119.672	1917.93
3987	119.896	1917.63
3988	119.928	1917.6
3989	119.959	1917.53
3991	120.028	1917.36
3992	120.06	1917.31
3994	120.125	1916.82
3995	120.157	1916.76
3996	120.19	1916.75
3997	120.223	1916.75
3998	120.256	1916.68
3999	120.288	1916.67
4000	120.321	1916.66
4002	120.393	1916.44
4003	120.426	1916.31
4005	120.491	1916.29
4006	120.524	1915.96
4007	120.556	1915.87
4008	120.588	1915.86
4009	120.62	1915.85
4010	120.653	1915.84
4013	120.749	1915.51
4014	120.78	1915.51
4015	120.812	1915.37
4016	120.845	1915.27
4017	120.877	1915.05
4020	120.974	1915.05
4021	121.006	1915.04
4024	121.103	1914.99
4027	121.2	1914.99
4032	121.361	1914.95
4033	121.393	1914.17
4034	121.425	1913.72
4035	121.457	1913.66
4037	121.521	1913.06
4038	121.554	1913.01
4041	121.649	1912.93
4044	121.769	1912.73
4045	121.828	1912.71
4052	122.057	1912.71
4053	122.089	1912.68
4054	122.121	1912.65
4056	122.187	1912.57
4057	122.219	1912.37
4058	122.251	1912.34
4059	122.283	1912.3
4060	122.316	1912.3
4061	122.348	1912.27
4062	122.38	1912.03
4064	122.443	1912
4065	122.474	1911.94
4066	122.505	1911.93
4067	122.536	1911.76
4070	122.629	1911.76
4074	122.755	1911.35
4075	122.785	1911.34
4079	122.908	1911.34
4082	123.001	1911.33
4083	123.032	1910.98
4084	123.064	1910.48
4085	123.095	1910.45
4087	123.157	1910.45
4088	123.188	1910.44
4089	123.219	1910.16
4091	123.28	1909.98
4092	123.311	1909.81
4093	123.342	1909.8
4097	123.466	1909.72
4098	123.497	1909.54
4099	123.528	1909.52
4101	123.591	1909.52
4102	123.622	1909.37
4104	123.684	1909.29
4105	123.715	1909.22
4107	123.777	1909.15
4108	123.809	1909.14
4109	123.84	1909.14
4110	123.872	1909.12
4111	123.903	1909.02
4112	123.933	1908.93
4113	123.965	1908.91
4114	123.996	1908.85
4115	124.026	1908.73
4116	124.057	1908.44
4117	124.089	1908.41
4118	124.121	1908.31
4122	124.251	1908.31
4124	124.314	1908.3
4125	124.348	1908.25
4126	124.38	1908.15
4127	124.411	1908.12
4129	124.474	1908.06
4130	124.505	1908.03
4131	124.537	1907.94
4132	124.568	1907.85
4133	124.599	1907.8
4134	124.63	1907.51
4135	124.662	1907.45
4136	124.693	1906.52
4137	124.725	1905.6
4139	124.787	1905.54
4140	124.819	1905.5
4141	124.85	1905.46
4144	124.945	1905.31
4147	125.038	1905.29
4149	125.101	1905.07
4150	125.133	1905.04
4153	125.226	1904.73
4154	125.257	1904.69
4155	125.289	1904.68
4156	125.32	1904.65
4157	125.351	1904.61
4158	125.382	1903.99
4159	125.414	1903.98
4163	125.54	1903.95
4164	125.572	1903.85
4165	125.603	1903.58
4166	125.635	1903.46
4167	125.666	1903.43
4168	125.697	1903.37
4170	125.76	1903.29
4171	125.791	1903.19
4172	125.822	1903.17
4173	125.854	1902.72
4174	125.885	1902.72
4178	126.009	1902.23
4180	126.073	1902.16
4181	126.104	1902.14
4182	126.136	1902.13
4183	126.168	1902.11
4184	126.199	1902.09
4185	126.231	1902.07
4186	126.262	1901.99
4187	126.293	1901.98
4188	126.324	1901.88
4189	126.356	1901.73
4190	126.387	1901.73
4191	126.419	1901.63
4192	126.45	1901.6
4193	126.483	1901.45
4194	126.528	1901.43
4195	126.56	1901.41
4196	126.593	1901.4
4199	126.688	1901.3
4200	126.719	1901.28
4201	126.75	1901.25
4202	126.782	1901.24
4203	126.813	1901.1
4204	126.844	1901.05
4205	126.876	1901.02
4206	126.907	1901.01
4208	126.97	1900.86
4209	127.002	1900.79
4210	127.033	1900.76
4211	127.064	1900.75
4213	127.126	1899.76
4214	127.158	1899.53
4215	127.189	1899.5
4216	127.22	1899.37
4219	127.315	1899.33
4220	127.347	1899.26
4222	127.41	1899.16
4223	127.441	1899.15
4227	127.566	1898.89
4228	127.597	1896.26
4229	127.629	1896.23
4231	127.692	1896.18
4232	127.724	1896.09
4233	127.755	1896.07
4234	127.787	1896.02
4235	127.819	1895.97
4236	127.851	1895.94
4237	127.882	1895.94
4239	127.945	1895.92
4240	127.976	1895.91
4242	128.04	1895.78
4243	128.072	1895.67
4246	128.166	1895.61
4247	128.197	1895.54
4248	128.229	1895.49
4250	128.291	1895.48
4253	128.385	1895.26
4254	128.417	1895.2
4255	128.449	1895.09
4256	128.482	1895.01
4257	128.513	1894.93
4258	128.545	1894.93
4263	128.706	1894.91
4264	128.739	1894.87
4265	128.77	1894.81
4266	128.802	1894.81
4270	128.928	1894.78
4271	128.959	1894.78
4272	128.99	1894.77
4273	129.022	1894.43
4274	129.053	1894.4
4275	129.085	1894.12
4276	129.118	1894.04
4277	129.149	1893.56
4278	129.181	1893.5
4281	129.275	1893.45
4284	129.369	1893.29
4285	129.401	1893.29
4286	129.433	1893.29
4290	129.561	1893.28
4291	129.593	1893.25
4293	129.657	1893.24
4294	129.689	1890.39
4296	129.753	1890.38
4297	129.784	1890.21
4298	129.815	1890.18
4301	129.91	1890.15
4302	129.941	1889.95
4304	130.004	1889.92
4305	130.036	1889.88
4306	130.067	1889.76
4307	130.099	1889.58
4309	130.162	1889.57
4310	130.194	1889.57
4312	130.257	1889.57
4314	130.32	1889.26
4315	130.351	1889.25
4316	130.383	1889.25
4317	130.414	1889.25
4318	130.446	1889.25
4319	130.477	1889.24
4321	130.541	1889.24
4322	130.573	1889.23
4324	130.637	1888.97
4325	130.669	1888.94
4326	130.7	1888.94
4327	130.732	1888.94
4328	130.763	1888.93
4329	130.795	1888.7
4330	130.828	1888.68
4331	130.861	1888.42
4332	130.893	1888.32
4333	130.924	1888.31
4337	131.051	1888.26
4338	131.083	1888.12
4340	131.146	1888.11
4342	131.209	1887.98
4345	131.303	1887.96
4346	131.335	1887.92
4347	131.367	1887.26
4348	131.398	1887.2
4350	131.462	1887.17
4351	131.495	1887.12
4352	131.527	1887.05
4353	131.56	1887.04
4354	131.593	1887.02
4355	131.632	1886.91
4356	131.664	1886.74
4357	131.696	1886.73
4358	131.728	1886.68
4365	131.949	1886.51
4366	131.981	1886.45
4367	132.012	1886.35
4368	132.043	1886.35
4369	132.076	1886.27
4370	132.107	1886.26
4371	132.139	1886.19
4372	132.171	1886.15
4373	132.203	1886.09
4374	132.235	1886
4375	132.267	1885.95
4376	132.299	1885.5
4377	132.332	1885.32
4379	132.398	1885.27
4380	132.43	1885.24
4381	132.463	1885.24
4382	132.496	1885.24
4384	132.562	1885.11
4385	132.594	1885.1
4387	132.658	1885.04
4388	132.69	1884.98
4389	132.722	1884.82
4390	132.754	1884.81
4392	132.817	1884.76
4393	132.85	1884.72
4394	132.882	1884.65
4395	132.914	1884.64
4396	132.946	1884.61
4398	133.01	1884.26
4399	133.044	1884.24
4400	133.076	1884.17
4401	133.108	1884.11
4404	133.204	1884.06
4405	133.236	1883.84
4406	133.267	1883.74
4407	133.299	1883.7
4408	133.331	1883.65
4410	133.395	1883.59
4411	133.426	1883.5
4412	133.458	1883.48
4413	133.489	1882.98
4414	133.521	1882.96
4416	133.584	1882.96
4418	133.648	1882.52
4420	133.712	1882.48
4421	133.744	1882.46
4423	133.808	1882.45
4424	133.839	1882.45
4425	133.871	1882.41
4427	133.935	1882.41
4428	133.967	1882.32
4429	133.998	1882.2
4431	134.061	1882.15
4432	134.093	1882.13
4433	134.125	1881.99
4434	134.156	1881.99
4439	134.316	1881.91
4440	134.347	1881.88
4442	134.411	1881.82
4443	134.444	1881.78
4444	134.475	1881.68
4445	134.508	1881.67
4446	134.542	1881.66
4448	134.614	1881.57
4449	134.647	1881.49
4450	134.679	1881.45
4452	134.744	1881.36
4453	134.777	1880.56
4454	134.826	1880.38
4455	134.865	1880.38
4456	134.898	1880.33
4459	134.996	1880.3
4462	135.091	1880.25
4463	135.124	1880.24
4466	135.222	1880.23
4467	135.254	1880.01
4468	135.285	1879.79
4470	135.35	1879.7
4471	135.382	1879.65
4475	135.509	1879.61
4478	135.604	1879.61
4479	135.637	1879.59
4480	135.671	1879.57
4481	135.708	1879.49
4482	135.752	1879.35
4483	135.787	1879.25
4484	135.821	1879.24
4485	135.853	1879.23
4486	135.886	1879.18
4487	135.918	1879.11
4489	135.98	1879.07
4491	136.044	1879.06
4493	136.108	1878.86
4494	136.139	1878.85
4495	136.171	1878.75
4496	136.203	1878.53
4497	136.235	1878.41
4498	136.266	1878.39
4500	136.33	1878.39
4503	136.425	1878.39
4504	136.458	1878.38
4506	136.522	1878.19
4511	136.681	1878.06
4513	136.745	1877.89
4514	136.777	1877.88
4515	136.81	1877.82
4517	136.874	1876.93
4518	136.905	1876.87
4521	137.001	1876.84
4522	137.032	1876.32
4523	137.064	1876.26
4524	137.096	1876.17
4525	137.128	1876.16
4529	137.256	1876.09
4530	137.287	1875.09
4532	137.352	1875.09
4533	137.385	1875.03
4534	137.418	1873.99
4536	137.481	1873.98
4537	137.514	1873.81
4542	137.672	1873.58
4545	137.766	1873.52
4546	137.798	1873.5
4547	137.83	1873.34
4549	137.895	1873.33
4551	137.958	1873.33
4552	137.99	1872.49
4554	138.054	1872.29
4555	138.086	1872.28
4558	138.182	1871.8
4559	138.214	1871.79
4561	138.277	1871.68
4562	138.31	1871.67
4563	138.342	1871.65
4564	138.374	1871.34
4565	138.406	1871.33
4566	138.438	1871.33
4567	138.47	1871.33
4568	138.502	1871.31
4569	138.534	1871.21
4570	138.567	1871.2
4572	138.63	1871.09
4573	138.663	1871.09
4574	138.695	1871.08
4575	138.727	1870.85
4578	138.827	1870.75
4580	138.891	1870.7
4581	138.924	1870.59
4582	138.956	1870.47
4583	138.988	1870.45
4585	139.053	1870.44
4587	139.117	1869.8
4589	139.182	1869.8
4590	139.214	1869.78
4591	139.247	1869.64
4592	139.279	1869.58
4593	139.311	1869.56
4594	139.343	1869.55
4595	139.374	1869.45
4596	139.407	1869.31
4597	139.439	1869.31
4598	139.471	1869.25
4600	139.535	1869.23
4601	139.568	1869.2
4604	139.665	1869.18
4605	139.697	1869.16
4606	139.73	1869.15
4607	139.762	1869.11
4609	139.826	1869.08
4610	139.858	1869.06
4611	139.89	1868.96
4612	139.922	1868.9
4613	139.954	1868.85
4614	139.986	1868.79
4615	140.018	1868.75
4616	140.05	1868.69
4617	140.082	1868.61
4619	140.145	1868.55
4620	140.177	1868.54
4621	140.209	1868.53
4622	140.241	1868.52
4623	140.273	1868.48
4624	140.304	1868.42
4626	140.368	1868.4
4628	140.432	1868.35
4629	140.464	1868.16
4631	140.528	1868.1
4632	140.56	1868.04
4633	140.592	1868.02
4635	140.657	1868
4636	140.689	1867.98
4637	140.721	1867.07
4638	140.754	1866.9
4639	140.785	1866.88
4640	140.817	1866.87
4641	140.85	1866.83
4643	140.915	1866.61
4644	140.947	1866.59
4645	140.979	1866.35
4646	141.011	1866.26
4647	141.043	1866.24
4648	141.075	1866.21
4650	141.14	1866.17
4651	141.172	1866.09
4652	141.204	1866.07
4653	141.237	1865.98
4658	141.397	1865.64
4659	141.429	1865.63
4660	141.461	1865.63
4661	141.493	1865.61
4662	141.525	1865.6
4663	141.556	1865.59
4665	141.621	1865.56
4666	141.653	1865.55
4667	141.685	1865.5
4668	141.719	1865.43
4669	141.752	1865.28
4670	141.785	1865.21
4671	141.817	1865.18
4672	141.85	1865.16
4673	141.882	1864.87
4674	141.914	1864.62
4675	141.946	1864.62
4676	141.978	1864.62
4679	142.076	1864.53
4680	142.107	1864.5
4682	142.172	1864.47
4683	142.204	1864.28
4684	142.235	1864.22
4685	142.268	1863.31
4686	142.3	1863.3
4687	142.331	1863.29
4688	142.364	1863.2
4689	142.396	1863.19
4690	142.428	1863.17
4692	142.492	1863.14
4693	142.524	1862.52
4694	142.556	1862.4
4695	142.588	1862.39
4696	142.62	1862.33
4699	142.716	1862.31
4700	142.748	1862.29
4702	142.811	1862.24
4703	142.843	1862.23
4706	142.939	1862.22
4707	142.971	1862.06
4708	143.003	1862.05
4710	143.069	1862
4711	143.1	1861.98
4712	143.133	1861.97
4714	143.197	1861.96
4715	143.229	1861.93
4716	143.261	1861.92
4719	143.357	1861.92
4720	143.39	1861.91
4721	143.445	1861.8
4722	143.477	1861.71
4723	143.511	1861.63
4724	143.543	1861.63
4726	143.607	1861.56
4727	143.639	1861.51
4728	143.671	1861.49
4729	143.703	1861.48
4730	143.735	1861.47
4733	143.833	1860.96
4735	143.897	1860.88
4736	143.93	1860.81
4737	143.963	1860.72
4739	144.029	1860.67
4740	144.061	1860.66
4743	144.157	1860.65
4744	144.19	1860.65
4745	144.222	1860.61
4746	144.255	1860.6
4747	144.287	1860.6
4748	144.319	1860.59
4751	144.414	1860.48
4753	144.479	1860.31
4755	144.543	1860.16
4756	144.575	1860.14
4757	144.607	1859.73
4758	144.639	1859.67
4759	144.672	1859.65
4760	144.704	1859.65
4761	144.736	1859.6
4763	144.801	1859.59
4764	144.833	1859.5
4765	144.866	1859.5
4766	144.897	1859.5
4772	145.089	1859.49
4774	145.152	1859.28
4777	145.25	1859.14
4778	145.282	1859.14
4779	145.314	1859.13
4781	145.378	1859.08
4782	145.41	1858.88
4783	145.443	1858.88
4784	145.492	1858.85
4785	145.525	1858.81
4786	145.561	1858.8
4787	145.593	1858.69
4789	145.656	1858.52
4791	145.721	1858.47
4792	145.753	1858.41
4794	145.817	1858.33
4795	145.849	1858.32
4799	145.978	1858.23
4801	146.042	1858.21
4802	146.076	1858.2
4804	146.141	1858.03
4805	146.174	1858.01
4806	146.206	1858.01
4807	146.238	1858.01
4808	146.27	1857.97
4809	146.302	1857.88
4810	146.334	1857.87
4811	146.366	1857.85
4812	146.398	1857.81
4813	146.43	1857.81
4815	146.495	1857.8
4817	146.559	1857.79
4818	146.591	1857.71
4819	146.624	1857.7
4822	146.721	1857.6
4825	146.833	1857.58
4827	146.928	1857.5
4828	146.963	1857.5
4829	146.998	1857.49
4830	147.035	1857.47
4832	147.106	1857.43
4833	147.141	1857.41
4834	147.176	1857.39
4835	147.209	1857.32
4836	147.242	1857.21
4837	147.274	1857.18
4838	147.319	1857.15
4841	147.416	1857.11
4845	147.546	1857.08
4846	147.578	1857.04
4847	147.61	1857.04
4849	147.674	1857.01
4850	147.706	1856.99
4851	147.739	1856.93
4852	147.771	1856.9
4853	147.804	1856.86
4854	147.837	1856.8
4855	147.869	1856.78
4856	147.901	1856.75
4857	147.933	1856.67
4859	147.998	1856.63
4860	148.031	1856.62
4862	148.095	1856.61
4863	148.128	1856.44
4864	148.161	1856.38
4865	148.193	1856.35
4868	148.291	1856.33
4874	148.489	1856.33
4875	148.521	1856.33
4876	148.554	1856.31
4878	148.619	1856.08
4879	148.653	1856.04
4882	148.75	1856.04
4883	148.784	1856.01
4884	148.816	1855.99
4885	148.849	1855.83
4886	148.881	1855.76
4887	148.913	1855.74
4888	148.945	1855.71
4890	149.011	1855.68
4891	149.043	1855.6
4893	149.107	1855.54
4896	149.207	1855.54
4898	149.291	1855.24
4899	149.323	1855.22
4902	149.425	1855.13
4903	149.458	1855.08
4904	149.509	1855.07
4905	149.542	1855.05
4907	149.611	1855.02
4908	149.645	1854.96
4909	149.688	1854.86
4911	149.756	1854.81
4912	149.79	1854.79
4913	149.823	1854.2
4914	149.857	1854.18
4915	149.89	1854.17
4919	150.021	1854.15
4920	150.053	1854.13
4922	150.117	1854.11
4923	150.149	1854.02
4924	150.182	1853.97
4925	150.214	1853.94
4926	150.247	1853.92
4928	150.313	1853.9
4929	150.345	1853.88
4930	150.377	1853.85
4932	150.442	1853.83
4933	150.475	1853.24
4934	150.507	1853.14
4936	150.572	1853.1
4939	150.669	1853.08
4942	150.766	1853.05
4947	150.927	1852.91
4948	150.959	1852.79
4950	151.023	1852.75
4952	151.088	1852.73
4953	151.12	1852.71
4954	151.153	1852.7
4955	151.186	1852.23
4958	151.283	1852.14
4960	151.347	1852.14
4961	151.379	1852.06
4962	151.411	1851.98
4963	151.444	1851.89
4964	151.477	1851.77
4966	151.541	1851.62
4967	151.574	1851.57
4969	151.638	1851.57
4970	151.671	1851.54
4971	151.703	1851.53
4972	151.735	1851.48
4973	151.767	1851.32
4974	151.799	1851.31
4975	151.831	1851.23
4976	151.864	1851.21
4977	151.896	1851.15
4983	152.088	1851.14
4986	152.185	1850.97
4988	152.249	1850.97
4991	152.346	1850.92
4993	152.412	1850.81
4995	152.477	1850.67
4996	152.509	1849.73
4997	152.541	1849.25
4998	152.574	1849.15
4999	152.606	1849.05
5000	152.638	1849.05
# FIN	152.638	1849.05

