# target=instancias/pollock.png T=240 iters=5000 K=32 seed=auto
iter	segundos	MSE
0	0.00195966	11017.4
1	0.0182574	11013.1
2	0.0345087	11008.6
3	0.0507744	10976.5
4	0.0672787	10972.2
5	0.0837688	10957.5
6	0.100208	10942.5
7	0.116473	10934.9
8	0.132967	10885
9	0.14957	10852.7
10	0.166421	10808.2
11	0.184329	10782.2
12	0.201803	10781
13	0.218961	10775.5
14	0.236085	10763.7
15	0.253221	10756.8
16	0.270061	10756.7
17	0.286648	10716.6
18	0.303394	10698.9
19	0.320077	10694.4
20	0.336691	10632.4
21	0.353976	10573.6
22	0.371279	10561.6
24	0.405507	10561.6
25	0.422401	10532.8
26	0.439384	10531.5
27	0.456214	10486.2
28	0.473025	10429.5
29	0.48984	10426
30	0.507042	10419.3
31	0.524358	10375.7
32	0.541368	10360.7
33	0.558446	10342.5
34	0.575624	10330.5
35	0.592872	10329.6
36	0.611241	10308.5
37	0.628494	10245.2
38	0.646508	10228.2
39	0.664175	10224
40	0.682257	10222.1
41	0.70016	10189.3
42	0.718054	10183.5
43	0.735628	10182.9
44	0.753063	10165.9
45	0.770575	10164.5
46	0.788494	10155.9
47	0.806643	10100.8
48	0.824572	10098.1
49	0.842349	10088
50	0.860155	10056.6
51	0.877659	10038
52	0.895205	9970.19
53	0.912864	9965.05
54	0.930748	9952.38
55	0.948164	9914.72
56	0.965857	9910.27
57	0.983943	9887.69
58	1.0022	9864.25
59	1.0207	9833.27
60	1.03967	9832.09
61	1.05795	9830.39
62	1.07779	9827.67
63	1.09666	9826.38
64	1.1149	9811.23
65	1.13441	9783.53
66	1.15477	9744.73
67	1.17542	9728.97
68	1.19373	9718.32
69	1.21273	9716.78
70	1.23098	9713.88
71	1.24919	9688.4
72	1.26728	9687.56
73	1.28509	9678.63
74	1.30361	9667.6
75	1.32215	9643.25
76	1.34076	9625.05
77	1.36032	9619.7
78	1.37906	9617.43
79	1.39851	9601.54
80	1.41685	9591.64
81	1.43614	9526.57
82	1.45464	9526.25
83	1.47393	9520.22
84	1.49327	9504.72
85	1.5116	9504.4
86	1.52988	9476.95
87	1.54815	9466.71
88	1.56706	9465.87
89	1.58556	9444.41
90	1.60402	9438.38
91	1.62288	9343.63
92	1.64169	9336.02
93	1.66086	9330.53
94	1.67952	9328.06
95	1.69786	9326.26
96	1.71604	9309.96
97	1.73575	9309.94
98	1.75525	9279.29
99	1.77463	9269.27
100	1.79358	9258.82
101	1.81329	9243.96
102	1.83189	9237.11
103	1.85049	9219.38
104	1.86966	9187.48
105	1.88908	9174.76
106	1.90844	9172.74
107	1.92694	9143.92
108	1.94609	9141.92
109	1.96589	9105.9
110	1.98455	9091.31
111	2.00382	9087.26
112	2.02269	9074.26
113	2.04271	9074.22
114	2.06204	9072.23
115	2.08096	9020.63
116	2.10038	9006.77
117	2.11946	9002.17
118	2.13933	8995.25
119	2.15917	8985.69
120	2.17889	8983.19
121	2.19812	8979.74
122	2.21703	8956.05
123	2.23608	8944.79
124	2.25543	8933.12
125	2.27533	8912.99
126	2.2955	8900.21
127	2.31521	8876.84
128	2.33548	8870
129	2.3579	8852.83
130	2.37939	8849.58
131	2.40015	8805.7
132	2.42031	8801.63
133	2.43973	8801.55
134	2.45935	8792.78
135	2.48103	8790.53
136	2.50246	8765.35
137	2.52237	8761.23
138	2.54196	8757.74
139	2.56184	8755.95
140	2.5822	8719.38
141	2.60303	8711.23
142	2.62311	8650.06
143	2.6429	8643.95
144	2.66329	8638.73
145	2.68292	8629.41
146	2.70381	8617.47
147	2.72341	8603.66
148	2.74349	8597.66
149	2.76426	8558.49
150	2.78553	8543.68
151	2.80819	8534.91
152	2.83391	8532.25
153	2.85846	8530.79
154	2.8804	8514.36
155	2.90406	8504.66
156	2.92808	8492.33
157	2.95055	8478.13
158	2.97089	8477.38
159	2.99166	8472.63
160	3.01326	8471.42
161	3.03429	8439.6
162	3.05466	8409.29
163	3.07495	8396.97
164	3.09542	8375.61
165	3.11696	8365.72
166	3.13734	8363.94
167	3.15745	8346.85
168	3.17792	8344.68
169	3.19881	8331.96
170	3.21937	8290.54
171	3.23991	8283.48
172	3.26061	8272.85
173	3.28143	8261.8
174	3.30176	8258.56
175	3.32216	8247.79
176	3.34272	8240.35
177	3.36482	8179.84
178	3.38562	8178.56
179	3.40663	8158.3
180	3.42757	8143.7
181	3.44916	8120.42
182	3.47158	8084.71
183	3.49276	8051.93
184	3.51416	8035.46
185	3.53474	8032.95
186	3.55519	8032.06
187	3.57639	8013.38
188	3.59737	8008.41
189	3.61886	7993.4
190	3.63984	7969.27
191	3.66069	7966.95
192	3.68227	7918.9
193	3.70328	7881.5
194	3.7244	7874.24
195	3.74502	7872.46
196	3.76659	7854.64
197	3.78777	7834.46
198	3.80835	7826.19
199	3.82968	7816.99
200	3.8507	7800.19
201	3.8721	7798.3
202	3.89321	7772.18
203	3.91421	7747.07
204	3.93598	7746.79
205	3.95723	7731.4
206	3.97881	7715.95
207	4.00008	7702.27
208	4.0221	7693.34
209	4.04659	7668.57
210	4.06858	7650.26
211	4.09235	7648.55
212	4.11408	7645.56
213	4.13601	7544.6
214	4.1579	7531.51
215	4.1789	7530.88
216	4.20032	7508.63
217	4.22129	7474.18
218	4.24252	7473.94
219	4.26338	7473.32
220	4.28488	7472.49
221	4.30597	7460.53
222	4.32753	7454.91
223	4.34869	7447.44
224	4.36998	7444.51
225	4.39107	7441.46
226	4.41251	7438.5
227	4.4335	7420.38
228	4.4543	7416.14
229	4.47533	7414.69
230	4.49615	7398.93
231	4.52121	7389.48
232	4.54322	7365.35
233	4.56483	7360.88
234	4.58669	7358.89
235	4.60863	7346.01
236	4.63755	7309.84
237	4.66183	7309.67
238	4.68562	7297.78
239	4.71004	7296.67
240	4.73589	7283.34
241	4.7569	7272.92
242	4.77856	7270.52
243	4.80057	7248.88
244	4.82244	7247.6
245	4.84381	7243.55
246	4.86568	7233.69
247	4.88791	7231.99
248	4.91095	7209.6
249	4.93733	7181.61
250	4.96052	7155.9
251	4.98369	7137.76
252	5.00573	7124.27
253	5.02746	7116.95
254	5.04927	7106.97
255	5.0716	7104.39
256	5.09346	7099.57
257	5.11582	7074.63
258	5.13856	7073.36
259	5.16223	7067.63
260	5.18381	7030.21
261	5.2057	7029.71
262	5.22794	7020.96
263	5.25073	7020.81
264	5.27313	7020.73
265	5.29516	6890.65
266	5.31714	6886.07
267	5.33925	6879.05
268	5.36123	6877.33
269	5.39202	6876.98
270	5.41802	6874.79
271	5.44005	6865.25
272	5.46265	6865.24
273	5.48655	6846.21
274	5.50917	6843.27
275	5.53158	6842.5
276	5.55492	6833.62
277	5.57729	6819.03
278	5.5996	6807.37
279	5.62205	6796.55
280	5.64449	6791.7
281	5.66761	6754.94
282	5.691	6752.88
283	5.71419	6751.54
284	5.73618	6744.97
285	5.75854	6744.4
286	5.78075	6734.87
287	5.80296	6710.17
288	5.82725	6707.75
289	5.85003	6704
290	5.87245	6678.54
291	5.89497	6676.24
292	5.91716	6658.66
293	5.93969	6656.29
294	5.96202	6644.72
295	5.98442	6626.47
296	6.00767	6616.22
297	6.03089	6612.01
298	6.05309	6596.09
299	6.07569	6573.29
300	6.09838	6547.15
301	6.12124	6545.84
302	6.14394	6541.32
303	6.16693	6536.76
304	6.18962	6527.56
305	6.21309	6515.48
306	6.23528	6493.51
307	6.25839	6481.82
308	6.28101	6477.72
309	6.30387	6476.59
310	6.32706	6471.04
311	6.34955	6459.86
312	6.37191	6459.27
313	6.39452	6458.66
314	6.41718	6454.21
315	6.44029	6451.56
316	6.4635	6427.61
317	6.48659	6426.32
318	6.51006	6422.47
319	6.53302	6418.77
320	6.55582	6415.49
321	6.57854	6389.08
322	6.60122	6389.03
323	6.62374	6388.46
324	6.64688	6372.03
325	6.67001	6365.35
326	6.69285	6346.59
327	6.71602	6341.96
328	6.74109	6341.81
329	6.76515	6315.6
330	6.78784	6307.06
331	6.81058	6290.68
332	6.83342	6290.11
333	6.8562	6266.74
334	6.87955	6266.07
335	6.90258	6260.89
336	6.92567	6234.67
337	6.94866	6232.14
338	6.97143	6219.01
339	6.99442	6198.91
340	7.01823	6182.92
341	7.04165	6181.01
342	7.06454	6178.02
343	7.08757	6176.23
344	7.11067	6169.69
345	7.13453	6153.15
346	7.15761	6151.48
347	7.18187	6148.41
348	7.2092	6146.5
349	7.23639	6135.31
350	7.25978	6135.05
351	7.28353	6132.61
352	7.30664	6123.36
353	7.33788	6123.34
354	7.36249	6120.05
355	7.38607	6101.48
356	7.40922	6073.41
357	7.4328	6072.47
358	7.45676	6067.39
359	7.48042	6053.65
360	7.5039	6048.37
361	7.52707	6048.04
362	7.55038	6040.03
363	7.57439	6029.34
364	7.59757	6019.19
365	7.62188	6013.75
366	7.64578	6011.5
367	7.66903	6008.82
368	7.6923	6000.88
369	7.71632	5991.93
370	7.74003	5987.89
371	7.76438	5981.86
372	7.78819	5979.91
373	7.81141	5976.73
374	7.83543	5973.6
375	7.85884	5968.64
376	7.88259	5949.93
377	7.90658	5947.15
378	7.9305	5924.81
379	7.95434	5920.15
380	7.97791	5891.39
381	8.00152	5885.28
382	8.02552	5869.13
383	8.04943	5868.28
384	8.07324	5862.78
385	8.09681	5856.02
386	8.12041	5852.85
387	8.14463	5849.68
388	8.16948	5845.13
389	8.19304	5820.11
390	8.21695	5796.32
391	8.24087	5792.65
392	8.26485	5791.73
393	8.28977	5790.1
394	8.31363	5784.93
395	8.3373	5783.14
396	8.36136	5781.39
397	8.38583	5773.53
398	8.41007	5773.19
399	8.4346	5772.3
400	8.45905	5771.1
401	8.48294	5752.78
402	8.5081	5739.29
403	8.53213	5729.19
404	8.55619	5725.43
405	8.58065	5719.46
406	8.60592	5718.13
407	8.63	5716.42
408	8.65409	5713.39
409	8.67838	5710.69
410	8.70946	5709.39
411	8.73426	5705.65
412	8.75826	5698.69
413	8.78294	5694
414	8.8079	5690.07
415	8.83222	5669.73
416	8.85905	5657.9
417	8.88524	5608.3
418	8.92133	5607.36
419	8.95675	5606.76
420	8.98253	5581.34
421	9.00881	5578.88
422	9.034	5557.93
423	9.0584	5542
424	9.08265	5530.25
425	9.1079	5530.17
426	9.13258	5524.84
427	9.15709	5524.5
428	9.18133	5524.39
429	9.20607	5511.75
430	9.23062	5492.77
431	9.25489	5489.67
432	9.27901	5477.03
433	9.30367	5463.78
434	9.32829	5457.87
435	9.35258	5456.68
436	9.37728	5450.79
437	9.4019	5445.56
438	9.42649	5442.48
439	9.45134	5433.59
440	9.47565	5428.35
441	9.50014	5427.76
442	9.52499	5421.98
443	9.54976	5414.65
444	9.57437	5414.55
445	9.59929	5409.65
446	9.62422	5409.62
447	9.64948	5404.19
448	9.67467	5404
449	9.70012	5387.98
450	9.72485	5384.79
451	9.7505	5384.06
452	9.77538	5383.84
453	9.80038	5365.88
454	9.82539	5361.22
455	9.85081	5361.15
456	9.87578	5331.41
457	9.90051	5299.74
458	9.92589	5299.72
459	9.95156	5299.25
460	9.97685	5298.69
461	10.0022	5297.81
462	10.0273	5293.97
463	10.0529	5293.35
464	10.0777	5293.04
465	10.1023	5290.31
466	10.1272	5288.08
467	10.1528	5287.38
468	10.1774	5282.41
469	10.2027	5281.7
470	10.2282	5275.83
471	10.2539	5272.48
472	10.2789	5250.4
473	10.3042	5246.35
474	10.3292	5243.38
475	10.355	5243.26
476	10.3803	5237.87
477	10.406	5237.76
478	10.4308	5219.92
479	10.4573	5218.29
480	10.4831	5209.3
481	10.5087	5208.82
482	10.5433	5208.07
483	10.5716	5205.2
484	10.5965	5204.08
485	10.6212	5203.71
486	10.6461	5181.53
487	10.6713	5176.91
488	10.6963	5174.45
489	10.7212	5166.07
490	10.746	5159.58
491	10.7712	5150.28
492	10.796	5138.19
493	10.8209	5133.82
494	10.8462	5130.67
495	10.8708	5128.61
496	10.8959	5126.26
497	10.921	5100.05
498	10.9458	5099.56
499	10.9704	5093.86
500	10.9955	5045.83
501	11.0207	5043.99
502	11.0454	5039.68
503	11.0707	5039.6
504	11.0957	5039.38
505	11.1206	5016.46
506	11.147	5016.35
507	11.173	5010.11
508	11.1979	5009.71
509	11.2237	5008.12
510	11.2491	5005.98
511	11.2742	5000.92
512	11.2996	4988.18
513	11.3248	4985.48
514	11.3498	4980.44
515	11.3746	4980.43
516	11.4002	4972.92
517	11.426	4967.98
518	11.4513	4943.1
519	11.4763	4935.02
520	11.5019	4933.03
521	11.528	4919.51
522	11.5531	4916.56
523	11.5783	4914.16
524	11.6036	4907.38
525	11.6289	4905.97
526	11.6542	4901.34
527	11.6793	4839.09
528	11.7045	4831.1
529	11.7303	4827.38
530	11.7564	4824.39
531	11.7825	4815.11
532	11.8085	4802.18
533	11.8351	4800.27
534	11.8607	4798.22
535	11.8863	4796.92
536	11.9113	4792.25
537	11.9369	4789.98
538	11.9622	4772.24
539	11.9875	4752.33
540	12.0129	4744.6
541	12.0398	4743.05
542	12.0655	4742.95
543	12.0915	4734.29
544	12.1177	4723.09
545	12.1437	4714.43
546	12.1691	4709.72
547	12.1946	4708.51
548	12.2213	4706.62
549	12.2474	4706.45
550	12.2734	4706.08
551	12.299	4704.98
552	12.3245	4704.09
553	12.3504	4697.62
554	12.3768	4693.37
555	12.4024	4686.95
556	12.428	4670.32
557	12.4543	4665.57
558	12.4802	4663.31
559	12.5062	4650.42
560	12.5323	4647.7
561	12.5582	4638.24
562	12.5848	4637.94
563	12.6118	4636.88
564	12.6385	4629.96
565	12.6646	4627.34
566	12.691	4625.3
567	12.7172	4622.41
568	12.7434	4621.85
569	12.7699	4611.6
570	12.7966	4604.53
571	12.8239	4595.51
572	12.8507	4592.58
573	12.8778	4586.32
574	12.9043	4584.23
575	12.9307	4583.88
576	12.9575	4574.71
577	12.9837	4574.22
578	13.0102	4560.9
579	13.0367	4558.79
580	13.064	4554.91
581	13.0906	4552.79
582	13.1169	4551.97
583	13.1437	4548.99
584	13.1703	4545.93
585	13.1967	4543.89
586	13.2236	4542.38
587	13.2509	4541.83
588	13.2779	4539.64
589	13.3049	4517.83
590	13.3324	4517.55
591	13.3609	4516.72
592	13.3886	4513.91
593	13.416	4513.89
594	13.443	4512.73
595	13.4699	4502.2
596	13.4968	4500.83
597	13.5238	4489.35
598	13.5506	4486.77
599	13.5771	4486.55
600	13.6043	4482.12
601	13.6311	4481.23
603	13.6844	4481.12
604	13.7117	4471.62
605	13.7387	4470.01
606	13.7655	4469.7
607	13.7922	4468.78
608	13.8191	4453.22
609	13.8462	4451.67
610	13.873	4451.54
611	13.8995	4449.27
612	13.9265	4449.14
613	13.9535	4447.7
614	13.9802	4445.33
615	14.0079	4445.01
616	14.035	4438.82
617	14.0618	4438.53
618	14.0893	4436.42
619	14.1166	4432.36
620	14.1432	4427.98
621	14.1698	4417.11
622	14.1965	4416.49
623	14.2236	4415.83
624	14.2507	4408.5
625	14.2778	4392.33
626	14.3049	4391.78
627	14.3318	4385.55
628	14.3585	4381.5
629	14.3856	4372.04
630	14.4128	4364.28
631	14.44	4356.58
632	14.467	4353.29
633	14.4968	4350.82
634	14.5244	4345.51
635	14.5544	4343.56
636	14.5817	4342.4
637	14.6088	4338.77
638	14.6359	4338.73
639	14.6632	4338.68
640	14.6903	4337.74
641	14.7177	4320.11
642	14.7454	4299.65
643	14.7726	4294.74
644	14.7995	4293.84
645	14.8271	4286.97
646	14.8546	4286
647	14.882	4285.06
648	14.9094	4282.14
649	14.9371	4280.43
651	14.9917	4278.75
652	15.0189	4275.71
653	15.0462	4270.98
654	15.0733	4269.2
655	15.101	4242.83
656	15.1281	4239.15
657	15.1552	4227.46
658	15.1828	4226.65
659	15.2107	4225.8
660	15.2383	4210.39
661	15.2665	4209.33
662	15.2937	4199.45
663	15.3216	4192.94
664	15.3496	4184.11
665	15.3771	4180.8
666	15.4053	4180.42
667	15.4328	4179.01
668	15.4602	4178.82
669	15.488	4171.51
670	15.5157	4152.74
671	15.5442	4151.79
672	15.5741	4147.96
673	15.6029	4142.46
674	15.6304	4133.9
675	15.6581	4131.7
676	15.6868	4128.28
677	15.7165	4125.11
678	15.7481	4122.39
679	15.7775	4118.75
680	15.8064	4114.31
681	15.8383	4112.84
682	15.8657	4110.32
683	15.8937	4105.88
684	15.9225	4105.68
685	15.9504	4103.46
686	15.9783	4103.45
687	16.0061	4101.22
689	16.0609	4099.35
690	16.0888	4094.09
691	16.1168	4093.74
692	16.1446	4093.24
693	16.1725	4091.33
694	16.2003	4084.36
695	16.2286	4084.22
696	16.2561	4074.47
697	16.2837	4073.76
699	16.3404	4073.16
700	16.3682	4072.76
701	16.3964	4072.32
702	16.4257	4071.99
703	16.4534	4070.85
704	16.481	4068.11
705	16.5089	4067.66
706	16.5368	4066.07
707	16.5651	4065.61
708	16.5936	4061.7
709	16.6217	4061.2
710	16.6507	4057.75
711	16.6791	4056.22
712	16.7073	4051.28
713	16.7352	4048.95
714	16.7638	4044.44
715	16.792	4043.88
716	16.8198	4040.3
717	16.8473	4040.09
718	16.8754	4033.36
719	16.9032	4030.83
720	16.931	4022.35
721	16.9588	4020.35
722	16.9868	4020.31
723	17.0148	4019.02
724	17.0426	4018.41
725	17.0707	4016.48
726	17.0997	4014.12
727	17.1273	4010.29
728	17.1547	4008.13
729	17.1831	4007.64
730	17.2111	3995.95
731	17.2387	3990.27
732	17.2664	3981.97
733	17.295	3980.02
734	17.3229	3978.92
735	17.3506	3977.97
736	17.379	3977.55
737	17.4071	3962.11
738	17.4349	3956.33
739	17.4627	3956.03
740	17.4906	3948.74
741	17.5187	3948.02
742	17.547	3935
743	17.5749	3934.97
744	17.6033	3934.9
745	17.6316	3901.4
746	17.6597	3901.13
747	17.6895	3896.12
749	17.7514	3895.6
750	17.7863	3894.42
751	17.816	3894.07
752	17.8444	3881.53
753	17.8733	3881.03
754	17.9014	3878.42
755	17.9297	3878.33
756	17.9588	3876.16
757	17.9876	3873.55
758	18.0162	3856.21
759	18.0446	3853.17
760	18.074	3851.81
761	18.103	3849.3
762	18.131	3845
763	18.1592	3844.46
764	18.1875	3842.69
765	18.2157	3841.57
766	18.2442	3841.12
767	18.2726	3803.05
768	18.3013	3799.52
769	18.3302	3796.12
770	18.3595	3779.95
771	18.3881	3779.04
772	18.4164	3778.95
773	18.4446	3777.36
774	18.4778	3777.28
775	18.5092	3777.04
776	18.5378	3777
777	18.5658	3775.33
778	18.5939	3775.08
779	18.6226	3773.01
780	18.6507	3764.84
781	18.6806	3764.68
782	18.7088	3764.37
783	18.7417	3763.75
784	18.7846	3761.41
785	18.8495	3747.26
786	18.8828	3746.37
787	18.9177	3745.71
788	18.9512	3744.55
789	18.9801	3744.35
790	19.0092	3743.33
791	19.0384	3742.83
792	19.0681	3742.74
793	19.0979	3739.38
794	19.127	3738.01
795	19.1566	3735.82
796	19.1857	3732.18
797	19.2146	3729.81
798	19.2441	3726.57
799	19.2739	3720.84
800	19.3044	3717.85
801	19.3343	3713.34
802	19.3631	3712.76
803	19.3941	3712.58
804	19.4225	3711.59
805	19.4514	3711.47
806	19.4805	3709.83
807	19.5098	3707.74
808	19.5389	3706.82
809	19.5687	3697.48
810	19.5978	3696.68
811	19.6289	3695.8
812	19.6581	3694.98
813	19.6869	3693.19
814	19.7163	3692.86
815	19.745	3692.49
816	19.7746	3691.22
817	19.8031	3690.9
818	19.832	3683.8
819	19.8618	3682.92
820	19.8924	3681.14
821	19.9226	3680.86
822	19.9555	3680.7
823	19.9963	3677.22
824	20.0263	3676.2
825	20.0559	3675.11
826	20.0855	3673.71
827	20.1166	3673.26
828	20.1465	3670.19
829	20.178	3667.54
830	20.2075	3666.78
831	20.2364	3666.55
832	20.2652	3662.94
834	20.3242	3662.63
835	20.3529	3656.33
836	20.382	3652.29
837	20.4121	3645.27
838	20.4412	3643.93
839	20.4702	3643.28
840	20.4988	3642.72
841	20.5278	3642.59
843	20.5862	3642.39
844	20.6154	3633.19
845	20.6443	3631.62
846	20.6735	3631.35
847	20.7026	3630.93
848	20.7314	3626.49
849	20.7602	3620.18
850	20.7889	3618.85
851	20.8178	3616.1
852	20.8476	3616.01
853	20.8771	3615.73
854	20.9059	3613.17
855	20.9354	3612.6
856	20.9642	3607.51
857	20.993	3603.87
858	21.022	3601.21
859	21.0513	3600.87
860	21.081	3587.89
861	21.1104	3585.28
862	21.1405	3584.5
863	21.1699	3584.44
864	21.199	3582.97
865	21.2284	3559.72
866	21.2583	3552.49
867	21.2875	3549.35
868	21.3165	3547.19
869	21.347	3545.54
870	21.3767	3543.15
871	21.4061	3542.59
872	21.4346	3542.22
873	21.4636	3539.74
874	21.493	3529.8
875	21.521	3528.04
876	21.549	3527.4
877	21.578	3524.73
878	21.6058	3524.67
879	21.634	3524.65
880	21.6622	3523.94
881	21.6914	3517.1
882	21.7196	3510.91
883	21.7474	3506.96
884	21.7755	3506.42
885	21.8046	3502.15
886	21.8326	3502.04
887	21.8608	3502.03
888	21.8895	3501.82
889	21.9184	3500.39
890	21.9463	3498.88
891	21.9743	3498.16
892	22.0031	3497.96
893	22.0331	3496.91
894	22.0618	3495.98
895	22.1015	3485.31
896	22.1415	3481.2
897	22.1724	3472.06
898	22.2018	3471.18
899	22.23	3470.18
900	22.2598	3467.42
901	22.2889	3466.89
902	22.3172	3459.67
903	22.3457	3459.12
904	22.3744	3458.19
905	22.4027	3455.61
906	22.4319	3455.44
907	22.4605	3453.54
908	22.4894	3452.83
909	22.5181	3452.23
910	22.5471	3450.64
911	22.5762	3449.88
912	22.6056	3441.9
913	22.6343	3438.36
914	22.6646	3437.96
915	22.6931	3437.11
916	22.7215	3433.47
917	22.7507	3431.2
918	22.7797	3428.6
919	22.8082	3422.18
920	22.8379	3417.32
921	22.8684	3409.93
922	22.8969	3407.48
923	22.9276	3406.77
924	22.9572	3406.55
925	22.9862	3406.51
927	23.0443	3404.08
928	23.0776	3404.03
929	23.1106	3402.33
930	23.1411	3397.19
931	23.1704	3396.85
932	23.2	3396.47
933	23.2298	3391.09
934	23.2584	3387.88
935	23.288	3387.77
936	23.3176	3384.87
937	23.3462	3384.13
938	23.3753	3384.11
939	23.4039	3383.84
940	23.4327	3383.03
941	23.4611	3382.79
943	23.5181	3381.78
944	23.5469	3381.35
945	23.5753	3381.12
946	23.6043	3380.55
947	23.6325	3380.37
948	23.6615	3379.17
949	23.6913	3378.55
950	23.7199	3376.08
951	23.7489	3375.48
952	23.7783	3372.31
953	23.8068	3372.09
954	23.8365	3370.95
955	23.8658	3370.9
956	23.8947	3370.48
957	23.9237	3370.33
958	23.9529	3369.2
959	23.9816	3367.92
960	24.0099	3361.93
961	24.0389	3361.5
962	24.0678	3361.38
963	24.0965	3356.53
964	24.126	3355.67
965	24.1548	3355.28
966	24.1848	3354.27
967	24.2134	3353.6
968	24.2422	3349.2
969	24.272	3348.77
970	24.3023	3347.39
971	24.3313	3346.45
972	24.3602	3343.48
973	24.3887	3338.25
974	24.4176	3337.61
975	24.4465	3336.18
976	24.4752	3331.86
977	24.5039	3329.86
978	24.5329	3329.31
979	24.5623	3328.02
980	24.5914	3325.09
981	24.6208	3325.03
982	24.65	3318.58
983	24.6793	3318.51
984	24.7082	3317.75
985	24.7372	3309.51
986	24.7659	3309.48
987	24.7946	3308.67
988	24.8238	3308.15
989	24.8527	3307.45
990	24.8817	3306.67
991	24.9106	3306.51
992	24.9402	3302.92
993	24.9691	3301.71
994	24.9979	3301.39
995	25.0271	3301.32
996	25.0587	3300.95
997	25.088	3296.79
998	25.1174	3296.44
999	25.1468	3294.05
1000	25.1766	3291.66
1001	25.2057	3286.38
1002	25.2348	3282.94
1003	25.2637	3281.89
1004	25.2939	3280.52
1005	25.3229	3279.8
1006	25.3521	3279.5
1007	25.3818	3274.94
1008	25.4107	3269.43
1009	25.4397	3267.73
1010	25.4685	3266.43
1011	25.4981	3266.13
1012	25.5271	3265.66
1013	25.5564	3263.62
1014	25.5856	3263.54
1016	25.6437	3262.73
1017	25.6734	3261.68
1018	25.7029	3261.12
1019	25.7318	3255.05
1020	25.7609	3249.11
1021	25.79	3248.98
1022	25.8192	3248.71
1023	25.8482	3248.14
1024	25.8779	3247.64
1025	25.9074	3242.15
1026	25.9376	3241.65
1027	25.9675	3239.57
1028	25.9986	3237.35
1029	26.0279	3237.2
1030	26.0582	3237.19
1031	26.0876	3236.99
1032	26.1166	3235.9
1033	26.1462	3235.39
1034	26.1764	3235.31
1035	26.2071	3231.87
1036	26.2369	3231.4
1037	26.2667	3231.37
1038	26.2967	3224.77
1039	26.3265	3223.62
1040	26.3559	3222.63
1041	26.3867	3215.14
1042	26.4168	3214.61
1043	26.4488	3214.57
1044	26.4788	3208.42
1045	26.508	3207.13
1046	26.537	3205.32
1047	26.5666	3203.53
1048	26.5963	3202.86
1049	26.6264	3201.42
1050	26.6559	3200.46
1051	26.6849	3198.85
1052	26.714	3197.95
1053	26.7429	3196.45
1054	26.772	3194.76
1055	26.801	3194.36
1056	26.8303	3192.43
1057	26.8605	3192.35
1058	26.89	3191.19
1059	26.9192	3190.73
1060	26.9482	3189.22
1061	26.9778	3183.88
1063	27.0364	3183.63
1064	27.0652	3182.29
1065	27.0948	3180.21
1066	27.1248	3175.64
1067	27.1544	3175.37
1068	27.1837	3174.63
1069	27.2127	3172.87
1070	27.2418	3172.74
1071	27.2709	3171.35
1072	27.3002	3167.79
1074	27.3617	3167.35
1075	27.3922	3164.01
1076	27.4223	3163.38
1077	27.4519	3162.38
1078	27.4819	3161.38
1079	27.5115	3161.17
1080	27.5409	3160.69
1081	27.57	3160.59
1082	27.6002	3160.23
1083	27.6306	3160.08
1084	27.6605	3159.43
1085	27.6901	3156.97
1086	27.72	3156.62
1087	27.7502	3156.56
1088	27.7798	3151.7
1089	27.8103	3150.35
1090	27.84	3148.89
1091	27.8698	3147.69
1092	27.8992	3146.8
1093	27.9295	3146.8
1094	27.96	3145.72
1095	27.9909	3145.61
1096	28.0205	3141.95
1097	28.0501	3140.52
1098	28.0813	3139.7
1099	28.1108	3139.45
1100	28.141	3133.8
1101	28.1714	3131.59
1102	28.203	3130.91
1103	28.2329	3128.62
1104	28.2642	3126.87
1105	28.2939	3113.57
1106	28.3248	3113.29
1107	28.3544	3108.73
1108	28.384	3107.04
1109	28.4133	3106.34
1110	28.444	3104.69
1111	28.4744	3099.31
1112	28.5038	3095.69
1113	28.5336	3094.71
1114	28.5637	3094.19
1115	28.5959	3094.08
1116	28.6273	3093.64
1117	28.6582	3090.76
1118	28.6879	3090.35
1119	28.7173	3090.34
1120	28.7482	3089.8
1121	28.7784	3084.01
1122	28.8085	3083.31
1123	28.8387	3082.23
1124	28.8689	3081.63
1125	28.8995	3076.1
1126	28.929	3075.99
1127	28.9584	3075.13
1128	28.9883	3075.04
1129	29.0179	3072.37
1130	29.0478	3068.49
1131	29.0774	3068.11
1132	29.1089	3067.79
1133	29.1394	3066.75
1134	29.1694	3066.08
1135	29.1994	3055.85
1136	29.2308	3055.26
1137	29.2612	3052.75
1138	29.2911	3051.49
1139	29.3207	3051.01
1140	29.3513	3048.9
1141	29.3812	3047.56
1142	29.4112	3044.11
1143	29.4408	3044.06
1144	29.4705	3043.35
1145	29.5004	3040.75
1146	29.5308	3040.56
1147	29.5609	3037.73
1148	29.5918	3037.49
1149	29.6232	3036.21
1150	29.6537	3035.63
1151	29.6844	3035.25
1152	29.7162	3032.96
1153	29.7469	3030.67
1154	29.7768	3030.51
1155	29.8066	3028.81
1156	29.8368	3028.11
1157	29.8663	3026.17
1158	29.8963	3024.77
1159	29.9268	3023.29
1160	29.9564	3019.87
1161	29.9867	3018.67
1162	30.0172	3017.4
1163	30.0486	3016.69
1164	30.0782	3016.52
1165	30.1087	3016.44
1167	30.1699	3014.42
1168	30.2005	3014.2
1169	30.2303	3011.49
1170	30.2598	3009.48
1171	30.2899	3009.3
1172	30.321	3008.96
1173	30.3523	3006.82
1174	30.3826	3005.61
1175	30.4127	3005.47
1176	30.4427	3001.4
1177	30.4746	3000.96
1179	30.5354	3000.78
1180	30.5658	3000.77
1181	30.5959	3000.13
1182	30.6261	3000.03
1183	30.6565	2999.76
1184	30.6874	2999.39
1185	30.7177	2998.85
1186	30.7501	2993.62
1187	30.7816	2992.66
1188	30.8124	2992.15
1189	30.8429	2992.08
1190	30.8937	2990.17
1191	30.9238	2990.01
1192	30.9544	2989.66
1193	30.9862	2989.5
1194	31.0166	2989.31
1195	31.0464	2989.24
1196	31.0766	2986.63
1197	31.1082	2986.49
1198	31.1381	2983.76
1199	31.1686	2983.02
1200	31.1991	2981.33
1201	31.2293	2981.05
1202	31.2593	2980.95
1203	31.2896	2980.84
1204	31.3199	2979.95
1205	31.3499	2979.22
1206	31.3805	2978.71
1207	31.4108	2978.18
1208	31.4404	2974.86
1209	31.4703	2974.65
1210	31.4999	2971.86
1211	31.5296	2971.24
1212	31.5598	2968.54
1213	31.59	2968.42
1214	31.62	2967.94
1215	31.6498	2967.57
1216	31.6798	2958.72
1217	31.7095	2953.34
1218	31.7395	2952.96
1219	31.7694	2952.94
1220	31.7997	2950.42
1221	31.8299	2948.92
1222	31.8602	2947.54
1223	31.8901	2947.5
1224	31.9213	2946.82
1225	31.952	2939.65
1226	31.9823	2939.65
1227	32.0132	2939.4
1228	32.0436	2939.24
1229	32.0736	2939.2
1230	32.1045	2938.62
1231	32.1358	2938.47
1232	32.1662	2938.18
1233	32.1967	2938.15
1234	32.2273	2938.11
1235	32.2573	2938.09
1236	32.2885	2937.12
1237	32.3194	2935.27
1238	32.3508	2935.09
1239	32.3818	2932.95
1240	32.412	2932.84
1241	32.4421	2932.64
1242	32.4729	2930.61
1243	32.503	2930.15
1244	32.5334	2929.03
1245	32.5645	2928.67
1246	32.5956	2926.31
1247	32.626	2919.18
1248	32.6569	2918.95
1249	32.689	2917.71
1250	32.7206	2916.96
1251	32.7517	2914.84
1252	32.7835	2914.47
1253	32.8139	2912.64
1254	32.845	2912.58
1255	32.8754	2911.83
1256	32.9061	2911.78
1257	32.94	2910.03
1258	32.9728	2909.91
1259	33.0042	2908.3
1260	33.0353	2907.58
1261	33.0666	2907.32
1262	33.0973	2906.87
1263	33.1276	2906.34
1264	33.1587	2906.19
1265	33.19	2904.11
1266	33.2224	2904.03
1267	33.2532	2903.12
1268	33.2835	2902.36
1269	33.3147	2902.12
1270	33.3449	2902.1
1271	33.3753	2902.03
1272	33.4062	2901.97
1273	33.4367	2901.91
1274	33.4672	2901.72
1275	33.499	2901.21
1277	33.5602	2901.01
1278	33.5904	2900.12
1279	33.6211	2898.9
1280	33.6515	2898
1281	33.6819	2893.48
1282	33.7122	2893.03
1283	33.7433	2892.88
1284	33.7743	2892.37
1285	33.8049	2890.99
1286	33.8365	2890.56
1287	33.8685	2890.18
1288	33.8993	2887.71
1289	33.9308	2886.74
1290	33.9617	2886.23
1291	33.9922	2884.23
1292	34.0234	2883.79
1293	34.054	2883.28
1294	34.0843	2883.19
1295	34.1151	2883.01
1296	34.1464	2882.72
1297	34.1777	2882.61
1298	34.2095	2882.2
1299	34.2414	2881.88
1300	34.2726	2880.97
1301	34.3046	2876.49
1302	34.3368	2876.36
1303	34.3676	2876.24
1304	34.3992	2874.58
1305	34.4296	2873.09
1306	34.4601	2871.84
1307	34.4909	2871.06
1308	34.5214	2870.66
1309	34.5517	2869.02
1310	34.5823	2868.81
1311	34.6127	2868.69
1312	34.6433	2867.79
1314	34.7041	2867.15
1315	34.7396	2864.94
1316	34.7777	2864.62
1317	34.8131	2862.14
1318	34.8562	2861.4
1319	34.891	2861.14
1320	34.9244	2860.66
1321	34.9619	2860.51
1322	34.9937	2860.17
1323	35.0246	2860.01
1324	35.0559	2859.16
1325	35.0885	2858.12
1326	35.1206	2857.91
1328	35.1834	2856.06
1329	35.2141	2855.12
1330	35.245	2853.33
1331	35.2772	2852.17
1332	35.3086	2851.62
1333	35.3404	2851.55
1334	35.3712	2849.39
1335	35.4033	2848.97
1336	35.4362	2845.83
1338	35.499	2843.91
1339	35.5297	2843.66
1340	35.561	2842.16
1341	35.5926	2840.63
1342	35.6245	2840.11
1343	35.656	2839.62
1344	35.687	2838.95
1345	35.7193	2831.8
1346	35.7499	2831.58
1347	35.781	2830.79
1348	35.8119	2830.18
1349	35.843	2828.09
1350	35.8736	2827.03
1351	35.9046	2824.58
1352	35.9369	2823.03
1353	35.9682	2822.51
1355	36.0292	2822.43
1356	36.0606	2822.15
1357	36.0919	2821.2
1358	36.1224	2821.1
1359	36.1527	2821.08
1360	36.1828	2820.72
1361	36.2138	2814.51
1362	36.2441	2813.78
1363	36.2749	2813.05
1364	36.3058	2812.6
1365	36.3363	2808.7
1366	36.367	2808.69
1368	36.4282	2808.61
1369	36.4588	2807.98
1370	36.489	2806.3
1371	36.5193	2805.98
1372	36.5504	2805.79
1374	36.6119	2805.26
1375	36.6423	2801.88
1376	36.6729	2798.72
1377	36.7038	2797.69
1378	36.7342	2797.41
1379	36.7649	2797.11
1380	36.7968	2795.13
1381	36.8283	2793.99
1382	36.859	2788.92
1383	36.89	2788.9
1384	36.9206	2788.56
1385	36.953	2786.74
1386	36.9845	2786.72
1387	37.0151	2785.82
1388	37.0462	2784.41
1389	37.0786	2783.44
1390	37.1096	2783.11
1391	37.1405	2782.9
1392	37.1719	2781.21
1393	37.2022	2779.39
1395	37.2648	2778.7
1397	37.3305	2777.34
1398	37.3624	2776.43
1399	37.3937	2776.03
1400	37.4243	2773.24
1401	37.4554	2773.18
1402	37.486	2772.11
1403	37.5167	2769.46
1404	37.5476	2769.32
1405	37.5787	2769.25
1407	37.6402	2767.71
1408	37.6715	2767.69
1409	37.7022	2765.86
1410	37.733	2764.19
1411	37.7638	2763.88
1412	37.7948	2763.59
1413	37.8259	2762.14
1414	37.8574	2760.29
1415	37.8882	2760.22
1416	37.9193	2758.72
1417	37.951	2758.32
1419	38.0128	2758.29
1420	38.0435	2758.16
1421	38.0744	2757.73
1423	38.1362	2757.26
1424	38.1667	2757.11
1425	38.1974	2756.72
1426	38.2284	2755.34
1427	38.2839	2755.22
1428	38.3462	2754.84
1429	38.3779	2754.8
1430	38.4083	2750.86
1431	38.4394	2750.8
1432	38.4704	2750.17
1433	38.5012	2750.03
1434	38.5317	2749.96
1435	38.5626	2749.88
1436	38.5934	2749.13
1437	38.6245	2749.1
1438	38.6558	2744.42
1439	38.6867	2743.89
1440	38.7177	2743.82
1441	38.7482	2743.63
1442	38.7791	2743.56
1443	38.81	2743.49
1444	38.8412	2743.1
1445	38.8729	2742.68
1446	38.9044	2741.82
1447	38.9353	2741.34
1448	38.9662	2736.2
1449	38.997	2735.99
1450	39.0279	2735.36
1451	39.0588	2734.84
1452	39.0896	2731.94
1453	39.1203	2731.92
1454	39.1511	2731.73
1455	39.1817	2731.13
1456	39.2137	2725.71
1457	39.245	2722.5
1458	39.2761	2722.16
1459	39.3072	2722.15
1460	39.3384	2720.49
1461	39.3694	2720.14
1462	39.4001	2719.14
1463	39.4311	2719.1
1464	39.4619	2718.88
1465	39.4943	2717.2
1467	39.5581	2716.36
1468	39.5896	2716.29
1469	39.6211	2716.08
1470	39.6525	2715.73
1471	39.6839	2715.71
1473	39.7458	2714.6
1475	39.8074	2714.59
1476	39.8385	2712.66
1477	39.8703	2712.15
1478	39.9012	2711.76
1479	39.932	2710.05
1480	39.9628	2710.03
1481	39.994	2709.92
1482	40.026	2708.06
1483	40.0577	2707.96
1484	40.0885	2707.1
1485	40.1194	2706.6
1486	40.1509	2703.22
1487	40.1821	2696.65
1488	40.2139	2695.87
1489	40.2449	2695.17
1490	40.2766	2692.99
1491	40.3078	2692.64
1493	40.3698	2692.01
1494	40.4007	2691.98
1495	40.4325	2691.3
1496	40.464	2691.27
1497	40.4956	2690.32
1499	40.5585	2689.08
1500	40.5894	2688.48
1501	40.6204	2688
1502	40.6514	2687.83
1503	40.6823	2686.46
1505	40.7453	2685.68
1506	40.7761	2685.48
1507	40.8072	2684.69
1508	40.8383	2684.12
1509	40.8698	2684.03
1510	40.9008	2684.03
1511	40.9322	2682.89
1512	40.9632	2682.12
1513	40.9945	2682.03
1514	41.0261	2681.83
1515	41.0571	2681.57
1516	41.088	2681.48
1517	41.119	2681.42
1518	41.1501	2680.8
1519	41.1814	2679.04
1520	41.2128	2678.3
1521	41.2439	2672.08
1522	41.2749	2672.06
1523	41.3058	2671.94
1524	41.337	2671.61
1525	41.3679	2671.51
1526	41.3994	2671.18
1527	41.4304	2670.61
1528	41.4613	2668.45
1529	41.4923	2668.03
1530	41.5235	2667.6
1531	41.5548	2667.39
1532	41.5858	2667.22
1533	41.6175	2666.42
1534	41.6485	2666.39
1535	41.6794	2665.94
1536	41.7124	2665.82
1537	41.7444	2665.4
1538	41.7754	2665.12
1539	41.8064	2664.93
1540	41.8382	2664.24
1541	41.8694	2663.85
1542	41.9002	2663.06
1543	41.9314	2662.99
1544	41.9624	2662.45
1545	41.9933	2661.2
1546	42.0253	2660.2
1547	42.057	2659.77
1548	42.0884	2659.62
1549	42.1194	2658.66
1550	42.1511	2658.62
1551	42.1828	2658.6
1552	42.2136	2654.66
1554	42.2758	2654.09
1555	42.3069	2653.2
1556	42.3384	2653.01
1557	42.3697	2651.36
1558	42.4008	2650.93
1559	42.4327	2650.26
1560	42.464	2649.85
1561	42.4951	2649.54
1562	42.5262	2649.44
1563	42.558	2649.31
1564	42.5897	2646.46
1565	42.6205	2645.66
1566	42.6516	2645.55
1567	42.6825	2642.94
1568	42.7136	2642.64
1569	42.7448	2641.89
1570	42.776	2641.8
1571	42.807	2641.25
1572	42.8381	2641.03
1573	42.869	2640.8
1574	42.9005	2640.67
1575	42.9318	2640.54
1576	42.9629	2638.16
1577	42.9944	2637.59
1578	43.0255	2636.39
1579	43.0569	2634.94
1580	43.0885	2632.67
1581	43.12	2631.28
1582	43.1511	2630.86
1583	43.182	2630.85
1584	43.2134	2630.44
1585	43.2449	2627.49
1586	43.2765	2626.74
1587	43.3078	2626.3
1588	43.3388	2622.18
1590	43.4021	2621.62
1591	43.4343	2620.05
1592	43.466	2619.58
1593	43.4971	2619.49
1595	43.5595	2619.42
1596	43.591	2619.38
1597	43.6227	2618.87
1598	43.6546	2618.8
1599	43.6858	2618.34
1600	43.7176	2618.03
1601	43.7487	2612.5
1602	43.7805	2612.03
1603	43.8122	2611.38
1604	43.8441	2611.09
1605	43.8751	2609.98
1606	43.9092	2609.17
1607	43.9411	2609.11
1608	43.9724	2609.07
1609	44.0033	2608.72
1610	44.0343	2607.5
1611	44.0666	2607.24
1612	44.0981	2607.11
1613	44.1295	2607.09
1614	44.161	2607.01
1615	44.1921	2605.1
1616	44.2232	2604.41
1617	44.2547	2604.1
1618	44.2858	2603.75
1619	44.3168	2603.73
1620	44.348	2600.97
1621	44.3809	2600.82
1622	44.4124	2597.03
1623	44.4435	2597.01
1624	44.475	2596.34
1625	44.506	2594.89
1626	44.537	2594.81
1627	44.5685	2594.34
1628	44.6002	2594.31
1629	44.6311	2593.53
1630	44.6627	2589.03
1631	44.6944	2588.78
1632	44.7265	2587.55
1633	44.7581	2583.31
1635	44.8198	2582.18
1636	44.8514	2580.28
1637	44.8824	2577.48
1638	44.9139	2576.59
1640	44.9802	2573.95
1641	45.0241	2573.92
1642	45.0658	2573.09
1644	45.1311	2572.98
1645	45.1631	2572.95
1646	45.1943	2572.94
1647	45.2268	2571.68
1648	45.2592	2571.67
1649	45.2907	2568.21
1650	45.3227	2567.4
1651	45.3539	2567.22
1652	45.3852	2567.04
1653	45.4171	2566.05
1654	45.4496	2563.32
1655	45.4828	2563.26
1656	45.5144	2562.89
1657	45.5469	2562.72
1658	45.5801	2562.72
1659	45.6131	2562.42
1660	45.6458	2562.33
1661	45.6769	2562.1
1663	45.7407	2560.95
1664	45.7731	2560.84
1665	45.8053	2559.98
1666	45.8384	2559.37
1667	45.8702	2559.26
1668	45.9013	2559.15
1669	45.9331	2559.1
1670	45.9643	2555.8
1672	46.0279	2555.59
1673	46.0593	2555.49
1675	46.1245	2555.43
1677	46.1878	2555.18
1678	46.2202	2554.1
1679	46.2514	2554.01
1680	46.2823	2552.56
1681	46.3148	2552.46
1682	46.3466	2552.4
1683	46.378	2552.27
1684	46.4096	2552.05
1685	46.4407	2551.78
1686	46.4736	2550.77
1687	46.505	2550.48
1688	46.5364	2549.29
1689	46.5682	2549.15
1690	46.5994	2548.58
1691	46.6316	2548.26
1692	46.6638	2545.48
1693	46.6947	2545.19
1694	46.7262	2544.72
1695	46.7577	2544.59
1696	46.7894	2541.02
1697	46.8206	2539.34
1698	46.8527	2537.72
1699	46.8848	2537.23
1700	46.9165	2535.97
1701	46.9474	2535.93
1702	46.9795	2535.15
1703	47.0135	2535.13
1704	47.0508	2534.99
1705	47.0835	2519.53
1708	47.1825	2519.43
1709	47.2143	2519.37
1710	47.2459	2519.31
1713	47.3411	2519.07
1714	47.3727	2519.07
1715	47.4038	2519.06
1716	47.4365	2518.7
1717	47.4675	2518.28
1718	47.4988	2518.17
1719	47.5301	2516.77
1720	47.5627	2516.72
1721	47.5936	2516.03
1722	47.6251	2514.5
1723	47.6576	2514.37
1724	47.6887	2513.72
1725	47.7198	2513.49
1726	47.7517	2513.18
1727	47.7833	2510.7
1728	47.8149	2510.18
1729	47.847	2509.41
1730	47.8785	2508.75
1731	47.9101	2508.46
1732	47.9421	2508.38
1733	47.9731	2508.17
1734	48.0042	2508.17
1735	48.0359	2507.94
1736	48.0683	2507.87
1737	48.1004	2506.92
1738	48.1321	2506.68
1739	48.1637	2505.06
1740	48.1948	2504.46
1741	48.2267	2504.38
1742	48.2594	2504.32
1743	48.292	2504.25
1744	48.324	2503.89
1745	48.3556	2503.55
1746	48.3872	2503.42
1747	48.4203	2502.77
1748	48.4526	2502.51
1749	48.4845	2502.48
1750	48.5399	2502.43
1751	48.5723	2502.12
1752	48.605	2501.36
1753	48.6368	2500.91
1754	48.6693	2500.58
1755	48.7018	2500.35
1756	48.7341	2500.2
1757	48.7652	2500.18
1758	48.7975	2499.63
1759	48.8288	2498.3
1760	48.8599	2496.9
1761	48.8909	2495.87
1762	48.923	2495.6
1763	48.9552	2495.5
1764	48.9863	2494.82
1765	49.0182	2494.52
1766	49.0491	2494.26
1767	49.0801	2494.1
1768	49.1118	2490.41
1769	49.1437	2490.24
1770	49.1751	2489.84
1772	49.2375	2489.6
1773	49.2691	2489.36
1774	49.3006	2489.35
1775	49.3318	2489.21
1776	49.3627	2489.16
1777	49.3941	2489.05
1778	49.4261	2488.71
1779	49.4589	2488.44
1780	49.4902	2488.21
1781	49.5213	2487.73
1782	49.5526	2487.44
1784	49.6158	2486.5
1785	49.6546	2485.58
1786	49.6866	2484.83
1787	49.7216	2483.25
1789	49.7886	2482.33
1790	49.8204	2482.29
1792	49.8853	2481.62
1794	49.95	2481.16
1795	49.9817	2480.89
1796	50.0138	2480.7
1797	50.047	2478.75
1798	50.0789	2478.36
1799	50.1114	2478.19
1800	50.1438	2477.68
1801	50.1766	2477.2
1803	50.2392	2477.12
1804	50.2717	2475.76
1805	50.3032	2475.2
1806	50.3349	2475.09
1807	50.3682	2474.94
1808	50.4002	2474.83
1809	50.4326	2474.25
1810	50.4657	2474.18
1811	50.4979	2473.82
1812	50.5306	2473.65
1813	50.5626	2473.6
1814	50.5937	2473.59
1815	50.6258	2473.5
1816	50.6579	2472.03
1817	50.69	2471.64
1818	50.7223	2471.12
1819	50.7536	2471.03
1820	50.7854	2470.97
1821	50.8179	2469.41
1822	50.8496	2469.31
1823	50.8825	2469.27
1824	50.9149	2468.93
1825	50.9462	2468.56
1826	50.9791	2464.92
1827	51.0109	2464.59
1828	51.0426	2463.67
1829	51.0751	2463.43
1830	51.1071	2462.67
1831	51.1385	2462.03
1832	51.1705	2461.24
1833	51.2017	2461.05
1834	51.2352	2461.01
1835	51.2965	2460.95
1836	51.3289	2460.85
1837	51.3605	2460.41
1838	51.3949	2460.35
1839	51.4263	2459.92
1840	51.4588	2459.83
1841	51.4983	2455.65
1842	51.53	2455.58
1843	51.5615	2454.12
1844	51.5928	2453.81
1845	51.6239	2452.96
1846	51.6556	2452.91
1849	51.7517	2452.52
1850	51.783	2450.23
1851	51.8146	2450.1
1852	51.8458	2450.02
1853	51.8774	2450.01
1854	51.9097	2449.97
1855	51.9414	2444.76
1856	51.973	2443.93
1857	52.0041	2442.98
1858	52.0353	2442.85
1859	52.0677	2442.83
1860	52.0991	2440.12
1861	52.1303	2440.09
1862	52.1629	2437.04
1863	52.1954	2437.03
1864	52.2274	2437
1865	52.2592	2436.52
1866	52.2903	2436.49
1867	52.3222	2435.38
1869	52.3851	2434.53
1870	52.4163	2433.58
1871	52.4479	2433.42
1872	52.4791	2431.86
1873	52.5109	2430.16
1875	52.5738	2429.84
1876	52.6049	2429.49
1877	52.6367	2428.24
1878	52.6703	2427.55
1879	52.703	2427.26
1880	52.7345	2424.93
1881	52.7662	2424.91
1882	52.7974	2424.36
1884	52.8598	2424.27
1885	52.891	2424.25
1887	52.9537	2423.3
1888	52.9852	2423.29
1889	53.0173	2422.48
1890	53.0499	2421.55
1891	53.0816	2421.49
1892	53.1127	2421.3
1893	53.1442	2420.37
1894	53.1759	2418.97
1895	53.2071	2418.56
1897	53.2706	2418.18
1899	53.3331	2418.14
1900	53.3648	2418.05
1902	53.4277	2417.93
1903	53.4579	2411.86
1904	53.4883	2409.88
1905	53.5192	2407.37
1906	53.5493	2407.05
1907	53.5794	2407.04
1908	53.6095	2406.78
1909	53.6404	2406.75
1910	53.6705	2405.99
1912	53.7325	2405.71
1913	53.7631	2405.63
1915	53.8238	2405.26
1917	53.884	2405.19
1918	53.9145	2404.44
1919	53.9447	2404.18
1920	53.9816	2403.82
1921	54.0197	2403.7
1922	54.0501	2403.69
1924	54.1116	2403.14
1925	54.1424	2402.64
1926	54.1725	2402.36
1927	54.2034	2401.93
1928	54.2345	2401.06
1929	54.2647	2401.01
1930	54.2948	2400.69
1931	54.325	2399.94
1932	54.3556	2399.55
1933	54.3862	2399.26
1934	54.4171	2398.91
1935	54.4477	2398.81
1936	54.4783	2398
1937	54.5086	2393.8
1938	54.5391	2393.47
1939	54.5705	2393.41
1940	54.601	2392.69
1941	54.6317	2392.64
1942	54.6619	2391.92
1943	54.6924	2391.91
1944	54.7229	2391.71
1945	54.753	2387.88
1946	54.7835	2387.88
1947	54.8158	2387.46
1948	54.8481	2386.13
1949	54.879	2385.96
1950	54.9095	2385.92
1951	54.9401	2385.85
1952	54.9706	2385.8
1953	55.0012	2385.71
1954	55.0315	2385.21
1955	55.0622	2385.2
1956	55.0929	2384.94
1957	55.1239	2384.59
1958	55.1546	2384.32
1959	55.1856	2382.48
1960	55.2162	2382.36
1961	55.2468	2381.94
1962	55.2775	2380.76
1963	55.3076	2380.71
1964	55.3379	2380.13
1965	55.3685	2380.01
1966	55.3994	2379.62
1967	55.4298	2378.08
1968	55.4608	2377.79
1969	55.4923	2377.2
1970	55.524	2376.81
1971	55.5544	2376.57
1973	55.6163	2376.39
1974	55.6469	2376.39
1975	55.678	2375.97
1976	55.7086	2375.94
1977	55.7395	2375.39
1978	55.7702	2375.14
1979	55.8021	2374.05
1980	55.833	2373.27
1981	55.8636	2373.21
1982	55.8943	2373.01
1983	55.9249	2372.9
1984	55.9561	2372.24
1985	55.9876	2372.04
1986	56.0193	2371.96
1987	56.0502	2371.37
1988	56.0808	2371.05
1989	56.112	2371.04
1991	56.1736	2370.8
1992	56.2042	2370.29
1993	56.2346	2370.18
1994	56.2653	2369.57
1995	56.2958	2369.35
1996	56.3264	2369.19
1997	56.3574	2369.17
1998	56.3887	2368.85
1999	56.419	2367.83
2000	56.4506	2367.57
2001	56.4819	2367.03
2002	56.5137	2366.99
2003	56.5441	2366.75
2004	56.575	2365.05
2005	56.6057	2364.9
2006	56.6366	2364.66
2007	56.6671	2364.5
2008	56.6976	2363.11
2009	56.7293	2362.95
2010	56.7609	2362.63
2012	56.8229	2362.38
2013	56.8535	2362.06
2014	56.8843	2362
2015	56.9158	2361.9
2017	56.9819	2361.86
2019	57.0449	2361.76
2020	57.0764	2361.57
2021	57.1076	2361.18
2022	57.1386	2361.07
2024	57.2009	2360.71
2025	57.232	2359.93
2026	57.263	2359.25
2027	57.2943	2355.97
2029	57.3708	2355.44
2030	57.402	2355.39
2032	57.4652	2355.07
2034	57.5287	2354.8
2035	57.5597	2352.89
2036	57.5919	2352.81
2037	57.6235	2351.13
2038	57.6544	2350.9
2040	57.7174	2348.02
2041	57.7485	2347.96
2043	57.8107	2347.88
2044	57.8414	2346.98
2045	57.8724	2346.5
2046	57.9042	2346.07
2047	57.9394	2346.05
2048	57.974	2345.58
2049	58.0076	2344.95
2050	58.0407	2344.93
2051	58.0735	2344.83
2052	58.1056	2344.58
2053	58.1379	2344.48
2054	58.1693	2344.25
2055	58.2007	2344.13
2056	58.2326	2342.67
2057	58.264	2342.43
2058	58.2948	2341.88
2059	58.3275	2341.41
2061	58.3904	2340.97
2062	58.4227	2340.91
2064	58.5054	2340.58
2066	58.5945	2340.25
2067	58.6264	2340.06
2068	58.658	2339.71
2069	58.691	2337.22
2070	58.7232	2336.82
2071	58.7555	2336.43
2072	58.7866	2335.86
2073	58.8189	2335.78
2074	58.8507	2335.69
2075	58.8823	2335.58
2076	58.9137	2335.4
2077	58.9473	2334.61
2078	58.9814	2334.59
2079	59.0218	2334.06
2080	59.0601	2333.86
2081	59.0953	2328.87
2082	59.1292	2328.41
2083	59.1608	2326.94
2084	59.1917	2326.94
2085	59.2239	2326.18
2086	59.2561	2326.05
2087	59.288	2325.99
2089	59.3514	2325.82
2090	59.3824	2323.06
2091	59.4135	2322.97
2092	59.4446	2322.92
2093	59.4756	2322.01
2095	59.5383	2320.41
2096	59.5694	2319.83
2097	59.6005	2319.62
2098	59.6326	2319.55
2099	59.6644	2319.4
2100	59.6955	2318.29
2101	59.7273	2316.92
2102	59.7588	2315.11
2103	59.7901	2315.1
2104	59.8215	2314.69
2105	59.8562	2313.52
2107	59.9223	2313.21
2109	59.9853	2312.63
2110	60.0184	2312.19
2111	60.0497	2312.03
2112	60.0817	2311.64
2113	60.113	2310.29
2115	60.1765	2310.03
2116	60.2084	2303.36
2117	60.2399	2302.48
2118	60.2723	2301.83
2120	60.3352	2299.82
2121	60.3672	2299.8
2122	60.399	2299.21
2124	60.4633	2299.14
2127	60.5608	2298.38
2128	60.5922	2298.38
2129	60.6243	2297.87
2131	60.6877	2297.84
2132	60.7209	2297.69
2133	60.7655	2297.23
2134	60.8149	2296.12
2135	60.8488	2296.08
2137	60.9238	2295.91
2139	60.9935	2295.89
2140	61.0301	2295.84
2141	61.0615	2295.72
2143	61.1266	2295.62
2144	61.1591	2295.39
2146	61.2219	2295.04
2148	61.2875	2294.75
2149	61.3199	2294.74
2150	61.3514	2294.11
2153	61.4453	2294.07
2154	61.4775	2294.02
2155	61.5084	2291.95
2157	61.5721	2291.89
2158	61.6041	2291.46
2159	61.6354	2291.33
2160	61.6666	2291.01
2161	61.6978	2290.95
2164	61.7913	2290.53
2165	61.8223	2290.47
2166	61.8538	2290.28
2167	61.8849	2289.98
2168	61.9164	2289.13
2169	61.9479	2289.05
2170	61.979	2287.67
2171	62.0106	2287.26
2172	62.0424	2286.48
2173	62.0736	2286.31
2174	62.1052	2286.18
2175	62.1367	2286.15
2176	62.1692	2283.87
2177	62.2012	2283.76
2178	62.2327	2283.33
2179	62.2642	2283.28
2180	62.2963	2282.13
2181	62.3275	2282.1
2182	62.359	2281.54
2184	62.4225	2281.38
2185	62.4538	2280.22
2186	62.4852	2280.2
2187	62.5176	2279.86
2188	62.5489	2279.74
2189	62.5809	2279.58
2190	62.6128	2279.43
2191	62.6442	2279.39
2193	62.7078	2279.32
2194	62.7395	2278.44
2195	62.7706	2278.43
2196	62.8022	2278.19
2197	62.8337	2277.9
2198	62.866	2277.69
2199	62.8989	2276.6
2200	62.9304	2276.44
2202	62.9943	2275.51
2203	63.0259	2275.47
2204	63.0575	2275.08
2205	63.0888	2275.03
2206	63.121	2274.71
2207	63.1522	2273.38
2208	63.1839	2273.13
2209	63.2153	2272.74
2210	63.2465	2272.5
2211	63.2781	2272.39
2212	63.3095	2272.28
2213	63.3416	2272.23
2215	63.4043	2271.96
2216	63.4368	2271.95
2217	63.4691	2271.53
2218	63.5008	2271.38
2219	63.5322	2270.45
2220	63.5642	2270.01
2221	63.5964	2269.94
2222	63.6287	2269.82
2223	63.6604	2269.68
2224	63.6918	2269.66
2225	63.7233	2269.52
2226	63.7549	2269.41
2227	63.7875	2268.79
2228	63.8196	2268.53
2229	63.8509	2268.52
2230	63.8828	2268.34
2231	63.9153	2268.26
2232	63.9466	2268.14
2233	63.9787	2267.24
2234	64.0101	2266.99
2235	64.0427	2266.97
2236	64.0739	2266.89
2237	64.105	2266.68
2238	64.1368	2266.52
2239	64.1682	2265.65
2240	64.1995	2265.45
2241	64.2317	2265.2
2242	64.2638	2265.04
2243	64.2966	2264.96
2244	64.3285	2264.89
2245	64.3603	2264.62
2246	64.3927	2264.47
2248	64.4565	2263.45
2249	64.4879	2263.39
2250	64.5198	2263.17
2251	64.5515	2263.16
2252	64.5828	2263.08
2253	64.615	2262.98
2254	64.6471	2262.91
2255	64.6788	2262.84
2256	64.7106	2262.81
2257	64.7424	2262.8
2258	64.7738	2262.53
2259	64.8061	2261.96
2260	64.8385	2261.73
2261	64.8712	2261.39
2264	64.9753	2260.83
2265	65.008	2260.1
2266	65.04	2259.28
2267	65.0717	2256.27
2268	65.1038	2255.75
2269	65.1353	2255.44
2270	65.1671	2255.41
2272	65.2312	2255.19
2274	65.2946	2255.01
2276	65.3574	2254.64
2277	65.3894	2254.16
2278	65.4218	2253.75
2280	65.486	2253.47
2281	65.5176	2253.38
2283	65.5811	2253.33
2284	65.6137	2252.12
2285	65.6467	2250.67
2286	65.6786	2250.59
2287	65.7106	2250.09
2288	65.7422	2249.2
2289	65.7737	2248.65
2291	65.8368	2248.47
2292	65.8684	2248.16
2293	65.9011	2248.14
2294	65.9332	2248.03
2295	65.9656	2247.98
2296	65.9974	2247.41
2297	66.0295	2246.64
2298	66.0615	2246.52
2299	66.0929	2246.46
2301	66.1564	2245.98
2304	66.254	2245.66
2305	66.2863	2245.39
2306	66.318	2245.04
2307	66.3499	2244.92
2308	66.3825	2244.52
2309	66.414	2244.38
2310	66.4452	2244.08
2311	66.4766	2243.79
2312	66.5084	2243.56
2313	66.54	2243.5
2314	66.5719	2242.95
2315	66.6053	2242.86
2317	66.6712	2242.44
2318	66.7038	2242.41
2319	66.7357	2242.11
2320	66.7677	2241.93
2321	66.8	2238.25
2322	66.832	2238.18
2323	66.8635	2237.52
2324	66.8951	2237.36
2325	66.9267	2237.17
2326	66.9583	2236.88
2327	66.9899	2236.76
2328	67.0221	2236.75
2330	67.0865	2235.76
2331	67.1186	2235.42
2333	67.1871	2235.07
2334	67.2259	2235.05
2335	67.2679	2234.41
2336	67.3058	2233.82
2338	67.3718	2233.59
2339	67.4043	2233.55
2340	67.4361	2230.34
2341	67.4676	2230.31
2342	67.4994	2228.6
2343	67.5308	2228.58
2344	67.5626	2227.32
2345	67.5942	2226.69
2347	67.6568	2226.43
2349	67.7316	2226.21
2350	67.7651	2226.15
2351	67.7981	2226.03
2352	67.831	2225.94
2353	67.863	2225.01
2355	67.926	2224.98
2356	67.9585	2223.96
2357	67.9912	2223.45
2358	68.023	2223.01
2359	68.0556	2222.95
2360	68.088	2221.22
2361	68.1202	2221.22
2362	68.1522	2220.84
2363	68.1836	2216.91
2364	68.2152	2216.85
2367	68.3128	2216.4
2369	68.3825	2215.48
2370	68.4204	2215.43
2371	68.4558	2215.37
2372	68.4882	2215.33
2373	68.5207	2214.58
2374	68.5527	2213.95
2375	68.5857	2213.73
2376	68.618	2213.62
2377	68.6506	2213.5
2379	68.7164	2213.49
2380	68.7485	2213.46
2383	68.8457	2213.33
2384	68.8782	2213.19
2385	68.9108	2213.18
2386	68.9445	2213.08
2387	68.976	2213.08
2389	69.04	2213.07
2390	69.073	2212.46
2393	69.1856	2212.42
2395	69.2568	2212.03
2397	69.3322	2211.99
2398	69.3639	2211.57
2399	69.396	2211.5
2400	69.4277	2211.21
2401	69.4603	2211.19
2402	69.4921	2211.19
2403	69.5237	2211.02
2404	69.5556	2210.4
2405	69.5877	2210.37
2406	69.6201	2210.22
2407	69.6517	2209.89
2408	69.6837	2209.15
2409	69.7152	2209.1
2410	69.7481	2208.82
2411	69.78	2208.65
2412	69.8116	2208.43
2413	69.8433	2208.39
2414	69.8753	2208.23
2415	69.9077	2208.2
2416	69.9392	2207.89
2417	69.9715	2207.72
2418	70.004	2207.28
2419	70.0376	2207.24
2420	70.0695	2206.78
2421	70.1012	2206.77
2422	70.1332	2206.33
2423	70.1653	2206.27
2424	70.1974	2206.21
2425	70.2289	2203.78
2426	70.2608	2203.76
2427	70.2933	2203.66
2428	70.3253	2203.65
2429	70.3572	2203.3
2431	70.4215	2203.18
2433	70.4852	2203.11
2434	70.5171	2203.06
2435	70.5491	2203.05
2436	70.5808	2202.89
2437	70.6126	2202.62
2438	70.6444	2202.43
2439	70.6763	2201.56
2440	70.7081	2201.46
2441	70.7398	2201.41
2442	70.7714	2200.67
2443	70.8032	2200.62
2444	70.8352	2200.29
2445	70.8679	2200.27
2446	70.8993	2198.87
2447	70.932	2198.23
2448	70.9641	2198
2449	70.9961	2197.73
2450	71.0278	2196.95
2451	71.0596	2196.85
2454	71.1547	2196.83
2455	71.1864	2196.68
2456	71.2183	2196.66
2457	71.2501	2196.39
2459	71.3134	2195.89
2460	71.346	2195.52
2462	71.4104	2195.46
2463	71.4427	2195.36
2464	71.4747	2195.32
2465	71.5103	2195.22
2466	71.5457	2195.02
2467	71.5772	2194.5
2468	71.6092	2194.25
2469	71.6413	2194.24
2470	71.6728	2186.46
2471	71.7044	2186.38
2472	71.7363	2186.27
2473	71.768	2185.74
2474	71.7994	2185.57
2475	71.8309	2185.56
2476	71.863	2185.45
2477	71.8946	2185.21
2478	71.9265	2185.09
2479	71.9586	2182.32
2480	71.9907	2182.18
2481	72.0226	2182
2482	72.0548	2181.84
2483	72.0862	2181.75
2485	72.151	2181.56
2486	72.1847	2181.49
2488	72.2494	2181.24
2489	72.2817	2181.22
2490	72.3134	2181.01
2492	72.3783	2180.93
2494	72.4423	2180.87
2495	72.4739	2180.8
2497	72.5372	2180.8
2498	72.5693	2180.62
2499	72.6019	2180.21
2500	72.6338	2180.05
2501	72.6656	2179.69
2503	72.7293	2179.56
2504	72.7608	2178.35
2505	72.7935	2177.84
2506	72.8261	2176.53
2507	72.858	2176.15
2508	72.8899	2176.08
2509	72.9224	2175.53
2510	72.9546	2175.41
2511	72.9869	2175.38
2512	73.019	2175.25
2514	73.0836	2175.03
2515	73.116	2174.8
2516	73.1482	2172.01
2517	73.1799	2171.67
2518	73.2119	2171.22
2519	73.2434	2170.8
2520	73.2749	2170.54
2521	73.3067	2170.52
2523	73.3704	2170.46
2524	73.4019	2169.53
2525	73.4336	2169.37
2527	73.4985	2169.2
2528	73.5311	2167.57
2529	73.563	2167.06
2530	73.5947	2166.96
2531	73.6264	2166.83
2532	73.6583	2166.69
2533	73.691	2166.65
2534	73.7231	2166.59
2535	73.7552	2166.53
2536	73.7867	2166.39
2537	73.8184	2166.32
2539	73.8815	2165.98
2540	73.9134	2165.98
2541	73.945	2165.66
2544	74.0409	2165.4
2545	74.0732	2165.01
2546	74.105	2164.62
2547	74.1366	2164.53
2548	74.168	2164.04
2550	74.2323	2163.28
2551	74.2639	2163
2552	74.2959	2162.84
2553	74.3279	2162.78
2555	74.3942	2162.69
2556	74.4266	2162.67
2557	74.459	2162.23
2558	74.4905	2162.21
2559	74.5225	2160.57
2560	74.5547	2160.45
2561	74.5865	2157.64
2562	74.6185	2157.51
2563	74.6502	2157.13
2564	74.6824	2157.07
2565	74.7143	2156.6
2566	74.746	2156.5
2567	74.7791	2156.47
2570	74.875	2155.85
2571	74.907	2155.5
2573	74.9709	2155.11
2575	75.0357	2154.68
2576	75.0684	2154.31
2578	75.1324	2154.22
2579	75.165	2154.2
2580	75.1983	2154
2581	75.2312	2153.81
2582	75.2637	2152.8
2583	75.296	2152.77
2584	75.3277	2152.65
2585	75.3606	2152.5
2586	75.394	2152.49
2587	75.4259	2152.28
2589	75.4897	2151.93
2591	75.5541	2151.84
2592	75.5873	2151.77
2593	75.6202	2151.1
2596	75.7163	2150.38
2597	75.7479	2149.77
2598	75.7803	2149.4
2600	75.8448	2147.82
2602	75.9101	2147.46
2603	75.9418	2145.76
2604	75.9743	2145.62
2607	76.0759	2145.06
2608	76.111	2145.06
2609	76.1486	2145.03
2612	76.2632	2144.96
2613	76.2952	2144.5
2614	76.3274	2144.14
2615	76.361	2144.07
2619	76.4913	2144.06
2622	76.5901	2144.04
2623	76.6228	2143.98
2624	76.6552	2143.92
2626	76.7192	2143.85
2627	76.7644	2143.81
2629	76.8376	2143.81
2630	76.8708	2143.36
2633	76.9754	2143.22
2634	77.0074	2143.19
2635	77.0394	2142.95
2637	77.1035	2142.92
2638	77.1366	2142.73
2639	77.1694	2142.69
2640	77.2013	2142.65
2641	77.2338	2142.63
2644	77.3308	2142.31
2645	77.3641	2142.29
2646	77.396	2142.04
2647	77.4283	2141.88
2648	77.4693	2141.4
2649	77.5016	2141.37
2650	77.5344	2141.32
2651	77.5672	2141.07
2652	77.5988	2141
2654	77.6644	2140.88
2655	77.6962	2140.81
2656	77.7282	2140.73
2657	77.76	2140.62
2658	77.7922	2140.32
2659	77.8238	2140.28
2660	77.8555	2140.1
2661	77.8871	2140.07
2662	77.9188	2139.75
2664	77.9838	2139.64
2665	78.016	2137.61
2667	78.0802	2137.52
2668	78.1131	2137.49
2669	78.145	2137.05
2670	78.177	2136.74
2671	78.2106	2136.64
2673	78.2751	2136.58
2674	78.3088	2136.5
2675	78.3422	2136.49
2676	78.374	2136.31
2677	78.4063	2136.14
2678	78.4388	2135.98
2679	78.471	2135.19
2680	78.5041	2135.04
2682	78.5684	2134.47
2683	78.6005	2134.43
2684	78.6322	2134.18
2685	78.6646	2134.14
2686	78.6989	2133.68
2687	78.7349	2133.05
2688	78.7703	2132.93
2689	78.8041	2132.78
2690	78.8358	2132.14
2691	78.8678	2131.97
2692	78.9003	2131.91
2695	78.9985	2131.2
2696	79.0305	2131.13
2697	79.0633	2130.93
2698	79.0986	2130.7
2699	79.1556	2130.09
2700	79.1909	2129.78
2701	79.2268	2129.74
2702	79.2684	2129.7
2703	79.3031	2129.61
2704	79.3378	2129.58
2705	79.3715	2129.31
2706	79.4063	2129.06
2707	79.4382	2128.61
2708	79.4706	2128.45
2709	79.5039	2128.37
2710	79.5364	2128.13
2712	79.5999	2128.09
2713	79.6325	2128.06
2714	79.6658	2127.89
2715	79.6983	2127.88
2716	79.7307	2127.73
2717	79.7645	2127.46
2718	79.7972	2127.35
2719	79.8293	2126.72
2720	79.862	2126.57
2721	79.8937	2126.29
2722	79.9251	2126.12
2723	79.9567	2126.04
2724	79.9891	2125.98
2725	80.0207	2125.88
2726	80.0522	2125.86
2727	80.0838	2125.79
2728	80.1158	2125.69
2729	80.1474	2125.67
2730	80.1797	2125.49
2732	80.2435	2125.48
2733	80.275	2125.39
2734	80.3071	2125.35
2735	80.3389	2125.31
2738	80.4466	2125.27
2739	80.486	2125.05
2740	80.5351	2124.91
2741	80.5696	2124.7
2743	80.6345	2124.41
2744	80.6677	2124.32
2745	80.7007	2123.97
2746	80.7336	2122.96
2747	80.7694	2122.56
2748	80.8026	2122.52
2749	80.8342	2120.56
2750	80.8665	2120.44
2752	80.9322	2120.34
2754	80.9987	2120.2
2755	81.0316	2120.16
2756	81.0645	2120.07
2757	81.0972	2119.71
2758	81.1306	2118.73
2760	81.1966	2118.5
2761	81.23	2118.47
2762	81.2627	2118.45
2763	81.2949	2118.28
2764	81.327	2117.74
2765	81.3585	2117.16
2767	81.4225	2117.15
2768	81.4545	2116.49
2769	81.4863	2116.15
2770	81.5184	2116.09
2772	81.5827	2115.97
2773	81.615	2115.9
2774	81.6473	2115.81
2775	81.6788	2115.8
2776	81.7106	2115.33
2777	81.7422	2115.16
2778	81.7739	2115.08
2779	81.8071	2114.94
2781	81.8807	2114.75
2782	81.9124	2114.74
2783	81.945	2114.74
2784	81.9771	2114.48
2785	82.009	2114.33
2786	82.0465	2114
2787	82.0902	2113.96
2788	82.1258	2113.45
2789	82.1649	2113.37
2790	82.1993	2113.01
2791	82.2311	2112.87
2793	82.2945	2112.83
2794	82.3265	2112.14
2795	82.3583	2112.05
2797	82.4214	2111.74
2798	82.4532	2111.73
2799	82.4852	2111.63
2801	82.5492	2108.39
2802	82.5809	2108.33
2803	82.6127	2108.17
2805	82.6766	2107.74
2806	82.7085	2107.67
2807	82.74	2107.53
2808	82.7722	2107.5
2810	82.836	2107.15
2811	82.8678	2106.93
2813	82.932	2106.56
2814	82.9639	2106.56
2815	82.9954	2106.52
2816	83.0273	2106.4
2818	83.0909	2106.32
2819	83.1227	2106.22
2820	83.1552	2106.04
2821	83.1894	2104.5
2822	83.223	2103.5
2823	83.2546	2103.48
2824	83.2863	2103.46
2825	83.318	2103.31
2826	83.3501	2103.29
2827	83.383	2103.18
2829	83.4491	2102.97
2831	83.5243	2102.89
2833	83.6118	2102.35
2836	83.7074	2100.62
2837	83.7397	2100.24
2838	83.7721	2099.97
2840	83.836	2098.79
2841	83.8678	2098.78
2842	83.8996	2098.64
2843	83.9316	2098.08
2844	83.963	2097.86
2847	84.0599	2097.71
2848	84.0916	2097.71
2849	84.1233	2097.66
2852	84.2213	2097.66
2853	84.254	2097.4
2854	84.2857	2096.34
2855	84.318	2096.28
2857	84.3819	2096.2
2859	84.4478	2095.99
2860	84.4792	2095.92
2863	84.5745	2095.88
2866	84.6854	2095.85
2867	84.7187	2095.83
2869	84.7847	2095.83
2870	84.8166	2095.43
2873	84.9118	2095.37
2874	84.9444	2095.35
2875	84.9769	2095.09
2877	85.0424	2095.06
2878	85.0741	2094.96
2879	85.1059	2094.76
2880	85.1376	2094.7
2881	85.1699	2094.69
2884	85.265	2094.2
2885	85.297	2094.17
2886	85.3298	2094.03
2887	85.3633	2093.74
2888	85.3969	2093.44
2889	85.43	2093.36
2890	85.4631	2093.16
2891	85.4956	2093
2894	85.5927	2092.94
2895	85.6253	2092.72
2896	85.658	2092.66
2897	85.6896	2092.63
2898	85.7215	2092.29
2899	85.7535	2092.26
2900	85.7857	2092.17
2901	85.8185	2092.16
2902	85.8501	2091.85
2904	85.9151	2091.78
2905	85.9474	2091.05
2907	86.0165	2090.91
2909	86.0818	2090.85
2910	86.1145	2090.73
2911	86.1463	2090.65
2913	86.2112	2089.89
2915	86.2751	2089.88
2916	86.3081	2089.7
2917	86.3404	2089.62
2918	86.3727	2089.46
2919	86.4057	2088.8
2920	86.4374	2088.7
2921	86.4681	2088.69
2922	86.4994	2088.24
2923	86.5395	2088.22
2924	86.5802	2087.99
2925	86.6201	2087.88
2926	86.6606	2087.27
2927	86.6959	2086.85
2928	86.7278	2086.76
2929	86.7597	2086.72
2930	86.7913	2086.41
2931	86.8224	2086.23
2934	86.9321	2086.2
2935	86.9626	2086.08
2936	86.9931	2086.07
2937	87.0262	2085.71
2938	87.0608	2081.72
2939	87.0934	2081.41
2940	87.1241	2081.12
2941	87.1558	2081.11
2942	87.1877	2081.06
2943	87.2189	2081.02
2944	87.2496	2081.02
2945	87.2812	2080.89
2946	87.3124	2080.85
2947	87.3437	2080.38
2948	87.3745	2080.1
2949	87.405	2079.75
2950	87.4357	2079.63
2951	87.4671	2079.62
2952	87.4979	2079.59
2953	87.5293	2079.53
2954	87.5676	2079.38
2956	87.6344	2079.3
2957	87.6656	2079.27
2959	87.7286	2078.77
2960	87.7611	2078.67
2961	87.7924	2078.61
2962	87.8239	2078.55
2963	87.8557	2078.49
2965	87.9189	2078.39
2967	88.0039	2078.39
2968	88.0404	2078.33
2969	88.0722	2078.3
2970	88.1076	2078.15
2972	88.1697	2078.12
2974	88.234	2078.08
2975	88.2672	2077.64
2976	88.303	2077.6
2977	88.3345	2077.59
2978	88.3668	2077.51
2979	88.3987	2077.39
2980	88.4301	2077.33
2981	88.4615	2077.16
2983	88.5238	2077.04
2984	88.5546	2076.93
2985	88.5867	2076.7
2986	88.6194	2075.79
2987	88.6514	2075.52
2988	88.6829	2075.47
2989	88.7139	2074.86
2990	88.7449	2074.64
2991	88.7763	2074.61
2992	88.8077	2074.56
2994	88.8702	2074.43
2995	88.901	2074.37
2996	88.9317	2074.32
2997	88.9625	2073.99
2998	88.9931	2073.92
2999	89.0242	2073.91
3000	89.0549	2073.7
3001	89.0858	2073.68
3002	89.1174	2073.67
3003	89.1493	2073.61
3004	89.1807	2073.11
3005	89.2121	2072.78
3007	89.2751	2072.77
3008	89.3063	2072.54
3009	89.3373	2072.18
3010	89.3688	2072.14
3011	89.4009	2071.9
3012	89.4321	2071.87
3013	89.4629	2071.84
3014	89.4946	2071.81
3016	89.557	2071.64
3017	89.588	2071.62
3019	89.65	2071.6
3021	89.7153	2071.49
3022	89.7473	2071.47
3024	89.81	2070.9
3025	89.8409	2070.74
3026	89.8722	2070.46
3027	89.9036	2070.44
3029	89.9656	2070.16
3030	89.9965	2069.81
3031	90.0277	2069.65
3033	90.0899	2069.6
3035	90.1517	2069.5
3036	90.1833	2069.5
3037	90.2149	2069.25
3038	90.2463	2069.25
3039	90.278	2069.23
3040	90.3095	2069.22
3041	90.3407	2067.12
3042	90.3715	2067.07
3043	90.4023	2066.96
3045	90.4655	2066.37
3046	90.4971	2066.33
3047	90.5283	2066.31
3048	90.5593	2066.3
3050	90.6209	2065.93
3051	90.6517	2065.73
3053	90.7152	2065.5
3054	90.7462	2065.48
3055	90.7772	2065.4
3056	90.8083	2064.25
3057	90.8391	2063.73
3058	90.8702	2063.69
3059	90.902	2063.69
3060	90.9327	2063.02
3061	90.9636	2063.02
3062	90.9952	2062.38
3063	91.0267	2062.36
3064	91.0582	2062.34
3066	91.1211	2062.33
3067	91.1518	2062.24
3069	91.2144	2061.1
3070	91.2457	2061.1
3071	91.2767	2061.04
3073	91.339	2060.88
3075	91.4012	2060.87
3076	91.4332	2060.49
3077	91.4646	2060.24
3078	91.4962	2060.03
3080	91.5586	2058.98
3081	91.5896	2057.86
3082	91.6205	2057.83
3083	91.652	2057.76
3084	91.683	2057.6
3086	91.746	2057.6
3087	91.7772	2057.42
3088	91.8091	2057.4
3089	91.842	2055.79
3092	91.9352	2055.77
3094	91.9982	2055.24
3095	92.0293	2055
3096	92.0607	2054.92
3097	92.0922	2054.22
3099	92.1556	2054.2
3100	92.1865	2054.18
3101	92.2176	2054.18
3103	92.2803	2054.16
3105	92.3428	2054.05
3106	92.3743	2054.01
3107	92.4054	2053.99
3108	92.4365	2053.86
3109	92.4677	2053.86
3110	92.4994	2053.62
3113	92.5944	2053.57
3115	92.6574	2053.15
3117	92.7204	2053.14
3118	92.7515	2053.06
3120	92.8157	2053.04
3124	92.9408	2052.5
3125	92.9722	2052.48
3126	93.0032	2052.39
3127	93.035	2052.27
3128	93.0665	2052.04
3129	93.098	2052.01
3130	93.1296	2051.71
3131	93.1613	2051.58
3133	93.2241	2051.58
3134	93.2562	2051.49
3135	93.2872	2051.43
3136	93.319	2051.36
3137	93.35	2051.21
3138	93.3813	2050.99
3139	93.4128	2050.93
3142	93.5072	2050.67
3145	93.6022	2050.01
3147	93.6656	2049.75
3149	93.7284	2049.69
3150	93.7605	2049.68
3151	93.7922	2049.63
3152	93.8238	2049.63
3153	93.8554	2049.58
3155	93.9185	2049.56
3156	93.9507	2049.48
3157	93.9837	2049.27
3159	94.0502	2048.53
3160	94.0818	2048.47
3161	94.1133	2048.4
3162	94.1446	2047.9
3163	94.1768	2047.88
3164	94.2088	2047.8
3165	94.2424	2047.76
3166	94.2753	2047.24
3167	94.3078	2046.85
3168	94.3399	2046.85
3169	94.3715	2046.84
3170	94.4031	2046.6
3171	94.4347	2046.38
3174	94.5316	2046.35
3175	94.5631	2046.1
3176	94.5948	2046.08
3177	94.6263	2045.62
3178	94.6588	2044.43
3179	94.69	2044.2
3180	94.7221	2044.01
3181	94.7556	2044
3182	94.7909	2042.29
3183	94.8261	2042.14
3184	94.8654	2042.09
3185	94.8992	2041.88
3186	94.933	2041.83
3187	94.9697	2041.45
3188	95.0037	2041.35
3189	95.0361	2041.33
3190	95.0683	2041.13
3192	95.1311	2041.1
3193	95.1627	2041.03
3194	95.1946	2040.91
3195	95.2268	2040.91
3196	95.2585	2040.83
3199	95.3915	2040.43
3200	95.4238	2040.34
3201	95.4551	2040.32
3202	95.4875	2040.28
3203	95.5193	2040.21
3204	95.5515	2040.15
3205	95.583	2039.94
3206	95.6149	2039.72
3207	95.6463	2039.67
3208	95.678	2039.66
3209	95.7098	2039.64
3210	95.7413	2039.12
3211	95.7732	2039.07
3212	95.8048	2039.07
3214	95.8684	2039.04
3215	95.9	2039.03
3217	95.9661	2039.03
3219	96.032	2038.95
3220	96.0693	2038.81
3221	96.1017	2038.65
3224	96.1995	2038.62
3225	96.2372	2038.43
3226	96.2701	2037.63
3227	96.3047	2037.44
3229	96.3678	2036.89
3230	96.3992	2036.78
3231	96.4306	2036.76
3232	96.4624	2036.75
3233	96.4943	2036.74
3234	96.5257	2036.62
3235	96.5571	2036.57
3236	96.5897	2036.55
3237	96.6213	2035.9
3238	96.6532	2035.87
3239	96.686	2035.85
3240	96.7184	2035.71
3241	96.75	2035.67
3242	96.7819	2035.66
3243	96.8137	2035.63
3244	96.8458	2035.07
3245	96.8772	2034.88
3247	96.9414	2034.86
3248	96.9749	2034.24
3249	97.0214	2034.02
3252	97.1313	2034.01
3253	97.1632	2033.97
3254	97.195	2033.86
3255	97.2281	2033.85
3256	97.2596	2033.7
3257	97.2915	2033.55
3259	97.3552	2033.52
3261	97.4185	2033.24
3264	97.5129	2033.16
3265	97.5447	2033.05
3266	97.5768	2032.79
3268	97.6404	2032.62
3269	97.6737	2032.55
3270	97.7057	2032.5
3271	97.7384	2031.54
3273	97.8037	2031.5
3275	97.8682	2031.37
3277	97.9336	2030.79
3279	97.9994	2030.75
3281	98.0655	2028.77
3282	98.0972	2028.76
3285	98.1947	2028.48
3286	98.2262	2028.44
3287	98.258	2028.27
3288	98.2907	2028.26
3290	98.3566	2028.12
3291	98.3881	2027.97
3293	98.4518	2027.51
3294	98.4868	2027.51
3295	98.5225	2027.45
3296	98.5576	2027.23
3297	98.5894	2026.96
3298	98.6208	2026.94
3299	98.6529	2026.93
3300	98.6847	2026.72
3302	98.748	2025.97
3303	98.7795	2025.97
3306	98.8748	2025.96
3307	98.9072	2025.89
3309	98.972	2025.71
3310	99.0038	2025.68
3311	99.0361	2025.63
3312	99.0761	2025.62
3316	99.2094	2025.52
3317	99.2443	2025.32
3318	99.2817	2025.17
3319	99.3152	2024.58
3320	99.347	2023.95
3321	99.3785	2023.92
3322	99.4099	2023.91
3324	99.4736	2023.64
3327	99.5706	2022.35
3328	99.6029	2022.34
3329	99.6347	2022.3
3334	99.7929	2021.99
3335	99.8245	2021.95
3337	99.8874	2021.7
3339	99.9514	2021.68
3340	99.9831	2021.65
3341	100.015	2021.65
3343	100.078	2021.64
3348	100.247	2021.62
3349	100.28	2021.62
3350	100.312	2021.44
3353	100.408	2021.42
3355	100.471	2021.07
3356	100.504	2020.86
3357	100.537	2020.85
3358	100.569	2020.63
3360	100.632	2020.59
3361	100.664	2020.59
3363	100.727	2020.58
3364	100.758	2020.17
3365	100.79	2020.16
3366	100.822	2020.08
3367	100.854	2020.01
3368	100.888	2019.82
3370	100.96	2019.68
3371	100.992	2019.51
3373	101.055	2019.49
3374	101.087	2019.46
3375	101.118	2019.43
3376	101.151	2019.42
3377	101.183	2019.29
3378	101.214	2019.22
3379	101.246	2019.19
3380	101.279	2019.18
3381	101.312	2019.17
3382	101.344	2018.88
3383	101.376	2018.75
3384	101.408	2018.74
3385	101.439	2018.43
3386	101.471	2018.39
3387	101.503	2018.21
3388	101.539	2018.21
3389	101.574	2018.17
3390	101.61	2018.16
3391	101.666	2018.07
3392	101.697	2018.04
3393	101.729	2018
3394	101.761	2017.83
3395	101.793	2017.83
3396	101.825	2017.68
3397	101.857	2017.61
3398	101.89	2017.5
3399	101.922	2017.14
3400	101.954	2017.07
3402	102.018	2016.65
3403	102.05	2016.63
3404	102.082	2016.52
3405	102.125	2016.46
3406	102.184	2015.84
3407	102.241	2015.54
3408	102.297	2015.4
3409	102.335	2015.36
3410	102.37	2015.29
3411	102.405	2015.12
3412	102.438	2015.12
3414	102.504	2015.1
3415	102.536	2014.98
3417	102.603	2014.75
3418	102.636	2013.74
3419	102.67	2013.49
3420	102.703	2013.26
3421	102.736	2013.24
3422	102.768	2013.23
3423	102.801	2012.85
3424	102.834	2012.84
3425	102.866	2012.7
3426	102.898	2012.67
3427	102.93	2012.36
3428	102.962	2012.3
3429	102.999	2012.28
3430	103.038	2012.15
3431	103.07	2012.12
3432	103.103	2012.09
3433	103.135	2012.04
3434	103.167	2011.91
3435	103.199	2011.79
3436	103.231	2011.75
3437	103.264	2011.74
3439	103.329	2011.4
3440	103.361	2011.37
3441	103.393	2011.28
3442	103.425	2011.26
3443	103.456	2011.22
3444	103.488	2011.21
3445	103.52	2011.19
3446	103.553	2009.19
3447	103.585	2008.84
3448	103.621	2008.83
3450	103.691	2008.43
3453	103.788	2008.38
3454	103.82	2008.3
3455	103.853	2008.26
3457	103.918	2008.26
3459	103.981	2008.22
3460	104.013	2008.13
3461	104.045	2008.05
3462	104.077	2007.96
3464	104.14	2007.9
3465	104.172	2007.73
3466	104.205	2004.48
3467	104.237	2004.4
3468	104.269	2004.38
3469	104.301	2003.94
3470	104.334	2003.71
3471	104.366	2003.7
3472	104.398	2003.62
3473	104.43	2003.61
3474	104.462	2003.53
3475	104.494	2001.8
3477	104.557	2001.56
3478	104.589	2001.48
3479	104.621	2001.48
3480	104.66	2001.35
3481	104.695	2001.17
3482	104.728	2001.16
3483	104.76	2001.11
3484	104.793	2000.72
3485	104.826	2000.57
3488	104.924	1998.72
3489	104.956	1998.67
3492	105.054	1998.66
3493	105.086	1998.64
3494	105.117	1998.48
3495	105.149	1998.21
3496	105.187	1998.08
3497	105.22	1997.9
3498	105.255	1997.86
3499	105.287	1997.84
3500	105.32	1997.84
3501	105.353	1997.3
3502	105.384	1997.27
3504	105.448	1997.24
3505	105.48	1997.22
3506	105.512	1997.02
3507	105.544	1997.01
3508	105.577	1996.89
3509	105.609	1996.88
3510	105.641	1996.88
3511	105.673	1994.54
3512	105.707	1994.46
3513	105.739	1994.37
3514	105.77	1994.25
3515	105.802	1994.19
3516	105.834	1994.01
3517	105.866	1993.7
3518	105.898	1993.7
3519	105.933	1993.58
3520	105.984	1993.55
3521	106.025	1992.31
3522	106.059	1992.11
3523	106.091	1991.69
3525	106.154	1991.57
3526	106.186	1991.55
3527	106.218	1991.49
3529	106.281	1991.48
3530	106.313	1991.33
3531	106.344	1991.22
3533	106.407	1990.97
3534	106.439	1990.94
3535	106.472	1990.92
3536	106.503	1990.7
3537	106.535	1985.73
3538	106.57	1985.69
3539	106.605	1985.69
3540	106.64	1985.6
3542	106.708	1983.82
3543	106.74	1983.82
3546	106.835	1983.81
3547	106.867	1983.75
3549	106.931	1981.55
3550	106.962	1981.52
3551	106.994	1981.48
3552	107.026	1981.29
3553	107.057	1981.22
3554	107.09	1981.15
3555	107.123	1981.14
3556	107.155	1981.1
3557	107.187	1980.93
3558	107.22	1980.82
3560	107.293	1979.81
3561	107.324	1979.81
3562	107.357	1979.8
3563	107.388	1979.78
3564	107.42	1979.69
3569	107.581	1979.67
3572	107.677	1979.67
3574	107.742	1979.41
3575	107.774	1979.38
3577	107.838	1979.32
3579	107.902	1979.3
3583	108.039	1979.3
3587	108.168	1979.29
3590	108.265	1979.23
3591	108.297	1979.21
3592	108.329	1979.21
3593	108.361	1979.21
3595	108.424	1979.17
3596	108.456	1977.56
3597	108.489	1977.56
3598	108.521	1977.52
3600	108.585	1977.51
3601	108.617	1977.49
3602	108.648	1977.49
3604	108.712	1977
3605	108.744	1976.91
3606	108.776	1976.85
3607	108.808	1976.83
3608	108.84	1976.7
3610	108.903	1976.55
3611	108.935	1976.46
3612	108.966	1976.45
3613	108.997	1973.06
3614	109.029	1972.98
3615	109.061	1972.97
3616	109.095	1972.91
3618	109.158	1972.67
3619	109.19	1972.64
3620	109.221	1972.64
3622	109.287	1972.52
3623	109.324	1972.49
3624	109.36	1972.48
3625	109.394	1972.1
3626	109.427	1972.1
3627	109.458	1971.93
3629	109.521	1971.88
3630	109.552	1971.84
3631	109.584	1971.8
3633	109.647	1971.75
3634	109.679	1971.53
3635	109.711	1971.53
3636	109.743	1971.38
3637	109.774	1971.3
3638	109.806	1971.21
3639	109.838	1970.84
3640	109.872	1970.83
3641	109.904	1970.77
3642	109.937	1970.41
3643	109.969	1970.36
3644	110.001	1968.74
3645	110.032	1968.69
3646	110.064	1968.23
3647	110.096	1968.06
3648	110.128	1967.98
3649	110.16	1967.96
3650	110.193	1967.92
3651	110.224	1967.86
3652	110.256	1967.82
3654	110.321	1967.82
3655	110.354	1967.8
3657	110.417	1967.55
3658	110.449	1967.37
3659	110.481	1967.12
3660	110.513	1966.9
3661	110.545	1966.9
3662	110.577	1966.83
3663	110.609	1966.18
3664	110.641	1966.15
3666	110.71	1966.14
3667	110.748	1965.81
3668	110.781	1965.78
3669	110.813	1965.77
3670	110.845	1965.66
3672	110.91	1965.63
3673	110.943	1965.59
3674	110.974	1965.54
3675	111.007	1965.53
3676	111.039	1965.44
3677	111.071	1965.43
3678	111.121	1965.36
3679	111.195	1964.93
3680	111.231	1964.9
3681	111.266	1964.8
3682	111.299	1964.79
3683	111.33	1964.22
3684	111.363	1964.21
3686	111.427	1963.59
3687	111.46	1963.38
3688	111.493	1963.35
3690	111.558	1962.91
3691	111.59	1962.79
3693	111.656	1962.76
3694	111.694	1962.69
3695	111.727	1962.65
3700	111.888	1962.57
3701	111.92	1962.53
3702	111.952	1962.47
3705	112.047	1962.33
3706	112.079	1961.65
3707	112.112	1961.57
3708	112.143	1961.52
3709	112.176	1961.21
3710	112.212	1961.09
3711	112.248	1961
3713	112.314	1961
3714	112.347	1960.92
3715	112.378	1960.88
3717	112.442	1960.7
3718	112.474	1960.67
3719	112.506	1960.67
3720	112.538	1960.55
3721	112.569	1960.25
3723	112.633	1960.21
3724	112.665	1959.89
3725	112.697	1959.75
3728	112.792	1959.42
3729	112.823	1959.24
3731	112.89	1959.18
3732	112.932	1959.18
3733	112.98	1959.15
3734	113.014	1959.09
3736	113.079	1958.99
3737	113.111	1958.99
3739	113.174	1958.97
3741	113.243	1958.72
3744	113.342	1958.71
3746	113.406	1958.49
3747	113.438	1958.47
3749	113.502	1958.47
3751	113.566	1958.15
3754	113.661	1958.14
3755	113.694	1958.14
3756	113.728	1957.87
3757	113.759	1957.54
3758	113.791	1957.54
3759	113.823	1957.53
3760	113.855	1957.51
3761	113.886	1956.6
3762	113.918	1956.37
3763	113.95	1952.96
3765	114.016	1952.87
3766	114.052	1952.84
3767	114.089	1952.79
3770	114.185	1952.69
3771	114.217	1952.66
3773	114.281	1952.6
3776	114.377	1951.74
3777	114.409	1950.82
3778	114.44	1950.81
3780	114.503	1950.37
3782	114.572	1949.75
3783	114.609	1949.75
3785	114.673	1949.74
3787	114.736	1949.68
3789	114.799	1949.63
3790	114.831	1949.62
3791	114.863	1949.6
3793	114.926	1949.5
3796	115.023	1949.39
3797	115.055	1948.82
3798	115.087	1948.73
3800	115.152	1948.17
3801	115.183	1948.17
3802	115.218	1948.06
3804	115.294	1947.99
3809	115.454	1947.99
3810	115.485	1947.95
3812	115.548	1947.94
3813	115.58	1947.91
3814	115.613	1947.83
3815	115.649	1947.81
3816	115.685	1947.76
3817	115.717	1947.75
3818	115.749	1947.75
3821	115.844	1947.74
3823	115.912	1947.72
3826	116.007	1947.71
3827	116.039	1947.68
3830	116.133	1947.57
3832	116.198	1947.54
3833	116.23	1947.54
3835	116.293	1947.53
3836	116.325	1947.01
3841	116.485	1947.01
3842	116.518	1947.01
3843	116.549	1946.95
3844	116.581	1946.57
3845	116.612	1946.53
3846	116.644	1946.46
3847	116.676	1946.45
3848	116.708	1946.33
3849	116.74	1946.31
3850	116.772	1946.27
3851	116.804	1946.18
3853	116.868	1945.87
3854	116.9	1945.85
3855	116.937	1945.85
3856	116.97	1945.85
3858	117.034	1945.68
3859	117.065	1945.63
3861	117.13	1945.63
3862	117.162	1945.52
3863	117.194	1945.51
3864	117.227	1945.5
3865	117.259	1945.29
3867	117.323	1945.2
3869	117.387	1945.15
3870	117.419	1945.14
3871	117.451	1945.11
3873	117.514	1945.09
3874	117.546	1945.01
3875	117.577	1945.01
3876	117.609	1944.86
3877	117.64	1944.8
3878	117.671	1944.72
3879	117.703	1944.34
3880	117.735	1944.33
3881	117.766	1944.31
3882	117.798	1944.03
3883	117.829	1943.95
3884	117.861	1942.95
3885	117.893	1942.94
3886	117.925	1942.53
3887	117.956	1942.46
3888	117.989	1942.42
3889	118.02	1942.41
3890	118.052	1942.4
3891	118.094	1942.35
3892	118.133	1939.3
3894	118.201	1939.29
3895	118.232	1939.25
3896	118.264	1939.22
3897	118.296	1939.1
3898	118.328	1937.91
3899	118.36	1937.72
3900	118.392	1937.6
3901	118.423	1937.56
3903	118.485	1937.5
3905	118.546	1937.48
3906	118.577	1937.43
3907	118.608	1937.36
3908	118.638	1936.98
3909	118.671	1936.96
3910	118.704	1936.89
3913	118.797	1936.87
3914	118.828	1936.82
3915	118.859	1936.79
3916	118.891	1936.73
3917	118.923	1936.44
3919	118.985	1936.25
3920	119.017	1936.23
3921	119.049	1936.15
3922	119.099	1936.05
3923	119.141	1935.99
3925	119.208	1935.96
3926	119.24	1935.79
3927	119.271	1935.61
3930	119.374	1935.27
3931	119.405	1935.12
3932	119.438	1935.08
3934	119.5	1935.01
3935	119.53	1934.94
3936	119.562	1934.93
3938	119.623	1934.88
3940	119.686	1934.79
3941	119.717	1934.73
3942	119.748	1934.72
3943	119.78	1934.72
3944	119.81	1934.7
3945	119.842	1934.64
3946	119.873	1934.16
3947	119.905	1934.13
3948	119.936	1934.11
3949	119.967	1933.85
3950	119.998	1933.74
3951	120.029	1933.74
3952	120.06	1933.7
3954	120.124	1933.64
3956	120.186	1933.56
3957	120.219	1933.42
3958	120.253	1933.39
3959	120.284	1933.39
3960	120.315	1933.3
3961	120.346	1933.25
3962	120.377	1933.23
3963	120.408	1933.12
3964	120.439	1932.91
3965	120.47	1932.73
3967	120.531	1932.69
3968	120.562	1932.44
3969	120.593	1932.22
3971	120.655	1932.14
3972	120.686	1932.13
3973	120.718	1932.11
3974	120.748	1932.08
3975	120.779	1932.06
3976	120.81	1931.94
3977	120.841	1931.93
3978	120.872	1931.91
3979	120.904	1931.9
3981	120.966	1931.86
3986	121.121	1931.71
3989	121.214	1931.67
3991	121.277	1931.43
3993	121.339	1931.39
3995	121.401	1931.34
3996	121.432	1930.81
3997	121.464	1930.6
3998	121.495	1930.59
3999	121.526	1930.56
4000	121.557	1930.47
4001	121.588	1929.41
4002	121.619	1929.36
4003	121.65	1928.93
4005	121.712	1928.87
4006	121.744	1928.85
4007	121.775	1928.79
4011	121.899	1928.74
4012	121.93	1928.73
4013	121.961	1928.69
4014	121.992	1928.68
4015	122.023	1928.58
4016	122.055	1927.41
4017	122.086	1926.84
4018	122.117	1926.82
4020	122.181	1926.78
4022	122.244	1926.29
4025	122.338	1926.28
4027	122.404	1926.26
4029	122.466	1925.27
4030	122.497	1925.25
4031	122.529	1925.24
4037	122.714	1925.21
4038	122.747	1925.16
4039	122.778	1923.92
4040	122.809	1923.48
4042	122.873	1923.48
4043	122.904	1923.2
4044	122.935	1923.08
4048	123.059	1923.04
4049	123.091	1923.04
4051	123.153	1923.03
4052	123.184	1923.03
4054	123.246	1922.99
4055	123.277	1922.97
4058	123.371	1922.97
4059	123.402	1922.97
4061	123.464	1922.96
4066	123.62	1922.96
4067	123.651	1922.93
4068	123.683	1922.9
4070	123.745	1922.79
4071	123.777	1922.68
4072	123.808	1922.66
4074	123.871	1922.64
4075	123.903	1922.64
4076	123.935	1922.49
4080	124.061	1922.49
4082	124.124	1922.48
4083	124.157	1922.43
4084	124.188	1922.08
4085	124.219	1921.7
4086	124.25	1921.68
4087	124.282	1921.65
4088	124.313	1921.4
4089	124.344	1921.39
4090	124.376	1921.16
4091	124.407	1921.08
4092	124.438	1921.07
4093	124.469	1920.9
4094	124.501	1920.81
4096	124.565	1920.8
4097	124.596	1920.8
4098	124.627	1920.69
4099	124.659	1920.66
4101	124.722	1920.65
4102	124.754	1920.54
4103	124.785	1920.39
4104	124.817	1920.34
4105	124.848	1920.24
4107	124.912	1919.95
4108	124.944	1919.81
4109	124.975	1919.76
4113	125.102	1919.7
4114	125.133	1919.65
4115	125.165	1919.65
4116	125.197	1919.59
4117	125.229	1919.54
4118	125.26	1919.5
4119	125.291	1919.27
4120	125.323	1919.27
4121	125.354	1919.24
4122	125.385	1918.92
4123	125.417	1918.82
4124	125.449	1918.52
4126	125.511	1918.16
4127	125.542	1918.06
4128	125.574	1918.05
4131	125.668	1918.03
4132	125.7	1917.93
4135	125.794	1917.9
4136	125.825	1917.89
4137	125.857	1917.79
4138	125.888	1917.38
4139	125.919	1917.33
4140	125.951	1917.17
4141	125.982	1917.14
4143	126.047	1917.14
4147	126.173	1917.03
4148	126.205	1916.86
4149	126.237	1916.84
4150	126.268	1916.79
4153	126.387	1916.75
4154	126.42	1916.67
4155	126.452	1916.65
4156	126.483	1916.63
4157	126.515	1916.48
4158	126.547	1916.42
4159	126.578	1916.15
4160	126.609	1916.13
4162	126.674	1916.12
4163	126.707	1916.07
4165	126.772	1916.04
4166	126.804	1915.91
4167	126.837	1915.78
4169	126.901	1915.77
4170	126.938	1915.48
4173	127.041	1915.43
4174	127.078	1915.38
4175	127.113	1915.37
4176	127.145	1915.34
4179	127.239	1915.33
4180	127.271	1915.25
4182	127.335	1915.19
4183	127.366	1915.18
4185	127.441	1915.12
4186	127.475	1914.75
4187	127.507	1914.72
4188	127.539	1914.72
4189	127.571	1914.47
4190	127.603	1914.39
4191	127.634	1914.38
4192	127.666	1913.91
4194	127.729	1913.87
4196	127.793	1913.86
4197	127.825	1913.76
4199	127.888	1913.76
4200	127.92	1913.69
4201	127.952	1913.67
4203	128.017	1913.63
4204	128.05	1913.46
4205	128.082	1913.25
4207	128.152	1913.22
4208	128.189	1913.05
4209	128.223	1912.98
4210	128.261	1912.96
4211	128.294	1912.94
4212	128.325	1912.89
4213	128.358	1912.87
4216	128.459	1912.81
4217	128.511	1912.78
4218	128.547	1912.75
4219	128.594	1912.74
4220	128.627	1912.58
4221	128.66	1912.41
4226	128.821	1912.29
4228	128.888	1912.27
4230	128.951	1912.21
4231	128.983	1912.03
4233	129.046	1912.01
4235	129.11	1911.94
4236	129.141	1911.93
4237	129.173	1911.76
4240	129.268	1911.73
4241	129.299	1911.13
4242	129.331	1911.09
4243	129.363	1910.89
4245	129.426	1910.82
4246	129.457	1910.81
4247	129.489	1910.8
4250	129.583	1910.78
4251	129.615	1910.75
4254	129.711	1910.75
4255	129.742	1910.68
4256	129.775	1910.3
4257	129.807	1909.1
4258	129.838	1909.08
4259	129.87	1909.07
4260	129.901	1909.04
4262	129.965	1908.81
4264	130.028	1908.79
4265	130.059	1908.77
4266	130.091	1908.77
4267	130.122	1908.76
4269	130.184	1908.75
4270	130.216	1908.74
4275	130.383	1908.73
4276	130.426	1908.72
4277	130.464	1908.51
4278	130.496	1908.47
4279	130.527	1907.03
4280	130.559	1906.62
4281	130.59	1906.61
4282	130.622	1906.58
4284	130.687	1906.48
4286	130.751	1906.48
4287	130.783	1906.46
4288	130.814	1906.45
4291	130.911	1906.37
4294	131.008	1906.13
4295	131.042	1906.12
4300	131.203	1906.11
4301	131.235	1906.1
4302	131.273	1906.09
4303	131.33	1906.08
4306	131.451	1906.05
4307	131.488	1906.04
4308	131.522	1906
4309	131.559	1906
4310	131.595	1905.92
4311	131.626	1905.69
4312	131.66	1905.68
4318	131.883	1905.68
4319	131.914	1905.64
4320	131.947	1905.63
4323	132.042	1905.54
4324	132.074	1905.23
4325	132.105	1905.22
4326	132.137	1905.17
4327	132.169	1905.16
4328	132.201	1904.92
4329	132.233	1904.9
4331	132.298	1904.83
4333	132.363	1904.72
4334	132.394	1904.66
4335	132.427	1904.65
4336	132.459	1904.62
4338	132.525	1904.52
4339	132.557	1904.49
4340	132.588	1904.49
4341	132.621	1904.49
4342	132.652	1904.4
4343	132.685	1904.38
4347	132.815	1904.27
4348	132.847	1904.25
4349	132.878	1904.22
4350	132.91	1904.19
4351	132.942	1904.18
4353	133.006	1904.12
4354	133.039	1904.08
4355	133.071	1904.08
4356	133.102	1904.02
4357	133.135	1904.01
4358	133.167	1904
4359	133.2	1903.82
4361	133.266	1903.82
4362	133.299	1903.67
4363	133.332	1903.59
4364	133.364	1903.49
4365	133.397	1903.48
4366	133.43	1903.16
4367	133.462	1903.13
4368	133.494	1903.12
4369	133.526	1903.11
4371	133.594	1903.1
4372	133.625	1903.1
4375	133.721	1903.1
4378	133.816	1903.06
4380	133.879	1902.97
4381	133.91	1902.96
4382	133.942	1902.95
4383	133.974	1902.93
4384	134.006	1902.93
4385	134.039	1902.89
4386	134.071	1902.88
4387	134.103	1902.79
4388	134.135	1902.55
4389	134.167	1902.53
4390	134.199	1902.49
4392	134.264	1902.49
4393	134.295	1902.47
4395	134.359	1902.46
4396	134.391	1902.44
4397	134.423	1902.33
4398	134.455	1902.3
4399	134.486	1902.13
4400	134.518	1902.12
4401	134.55	1901.99
4402	134.581	1901.99
4403	134.613	1901.76
4405	134.677	1901.76
4406	134.708	1901.62
4407	134.74	1901.51
4410	134.835	1901.22
4412	134.898	1901.21
4414	134.961	1901.17
4415	134.993	1901.15
4416	135.024	1901.15
4418	135.089	1901.12
4419	135.12	1901.12
4420	135.153	1900.99
4421	135.185	1900.99
4423	135.248	1900.96
4425	135.314	1900.9
4426	135.346	1900.56
4427	135.377	1900.55
4428	135.41	1900.55
4429	135.442	1900.39
4430	135.475	1900.29
4432	135.538	1898.24
4434	135.602	1898.19
4437	135.698	1898.11
4440	135.792	1898.05
4441	135.824	1898.03
4443	135.888	1897.98
4444	135.923	1897.84
4448	136.06	1897.74
4449	136.096	1897.68
4450	136.131	1897.67
4453	136.231	1897.67
4459	136.421	1897.66
4461	136.486	1897.66
4464	136.582	1897.65
4466	136.645	1897.55
4469	136.741	1897.38
4470	136.776	1897.37
4471	136.811	1897.19
4475	136.973	1896.95
4476	137.007	1895.33
4477	137.042	1895.17
4478	137.075	1895.17
4480	137.139	1895.16
4481	137.171	1894.5
4482	137.203	1894.49
4483	137.235	1894.16
4485	137.299	1894.13
4486	137.332	1894.12
4487	137.365	1894.11
4491	137.493	1894.04
4493	137.557	1894.01
4496	137.657	1893.45
4497	137.689	1893.39
4498	137.721	1893.39
4499	137.753	1893.38
4500	137.784	1893.34
4502	137.848	1893.29
4504	137.911	1893.26
4507	138.005	1893.23
4508	138.037	1893.21
4509	138.069	1893.19
4510	138.101	1893.18
4511	138.132	1893.18
4515	138.259	1893.14
4517	138.323	1893.02
4518	138.355	1892.99
4519	138.386	1892.76
4520	138.418	1892.52
4521	138.451	1892.52
4523	138.514	1892.02
4524	138.546	1891.93
4527	138.641	1891.69
4528	138.673	1891.69
4529	138.706	1891.68
4531	138.781	1891.6
4532	138.832	1891.6
4533	138.873	1891.59
4534	138.906	1891.54
4535	138.938	1891.54
4538	139.033	1891.54
4540	139.096	1891.53
4541	139.128	1891.53
4546	139.286	1891.52
4547	139.317	1891.52
4548	139.349	1891.47
4550	139.411	1891.4
4551	139.443	1891.32
4554	139.539	1891.24
4556	139.603	1891.24
4558	139.679	1891.23
4559	139.712	1891.23
4561	139.801	1891.21
4562	139.834	1891.12
4564	139.899	1890.86
4565	139.933	1890.85
4566	139.966	1890.83
4567	139.997	1890.82
4568	140.029	1890.67
4569	140.062	1890.65
4570	140.094	1890.58
4571	140.127	1890.55
4572	140.159	1890.47
4573	140.192	1890.08
4574	140.224	1890.02
4575	140.257	1890
4576	140.289	1890
4577	140.321	1889.96
4578	140.354	1889.91
4579	140.387	1889.88
4580	140.419	1889.84
4581	140.451	1889.84
4582	140.483	1889.78
4584	140.548	1889.75
4585	140.58	1889.74
4587	140.644	1888.93
4588	140.676	1888.92
4589	140.708	1888.9
4592	140.803	1888.88
4593	140.835	1888.79
4595	140.898	1888.79
4596	140.931	1888.74
4597	140.966	1888.72
4598	140.999	1888.72
4599	141.032	1888.51
4600	141.066	1888.5
4602	141.129	1888.29
4603	141.161	1888.23
4604	141.194	1888.21
4606	141.258	1887.94
4607	141.29	1887.86
4608	141.322	1887.84
4609	141.354	1887.82
4611	141.419	1887.81
4612	141.45	1887.76
4613	141.482	1886.17
4614	141.514	1886.02
4615	141.547	1885.95
4617	141.61	1885.85
4618	141.641	1884.96
4620	141.705	1884.89
4623	141.8	1884.85
4624	141.832	1884.84
4625	141.864	1884.81
4626	141.896	1884.69
4627	141.927	1884.66
4628	141.96	1884.59
4629	141.992	1884.58
4630	142.026	1884.55
4631	142.058	1884.54
4632	142.09	1884.53
4633	142.121	1884.48
4634	142.153	1884.42
4635	142.185	1884.41
4637	142.249	1884.35
4638	142.281	1884.25
4639	142.313	1884.12
4640	142.344	1884.08
4641	142.376	1883.95
4642	142.409	1883.94
4643	142.442	1883.89
4645	142.511	1883.85
4646	142.547	1883.83
4647	142.582	1883.79
4648	142.624	1883.78
4649	142.665	1883.77
4650	142.708	1883.53
4653	142.81	1883.5
4654	142.842	1883.46
4655	142.874	1883.43
4657	142.938	1883.43
4658	142.969	1883.41
4659	143.001	1883.39
4660	143.034	1883.32
4661	143.066	1883.31
4663	143.13	1883.3
4665	143.193	1883.27
4666	143.226	1883.03
4667	143.258	1883.02
4668	143.29	1882.99
4669	143.322	1882.82
4670	143.354	1882.76
4671	143.386	1882.74
4672	143.418	1882.52
4674	143.481	1882.48
4675	143.513	1882.46
4676	143.545	1882.44
4677	143.577	1882.37
4678	143.609	1882.36
4679	143.64	1882.36
4680	143.672	1882.32
4681	143.704	1882.31
4683	143.767	1882.27
4684	143.799	1882.22
4685	143.831	1882.21
4686	143.862	1882.14
4687	143.894	1882.04
4688	143.926	1881.93
4689	143.958	1881.89
4693	144.089	1881.89
4694	144.13	1881.88
4698	144.26	1881.85
4699	144.293	1881.85
4700	144.325	1881.76
4701	144.357	1881.75
4703	144.421	1881.75
4704	144.453	1881.71
4706	144.516	1881.63
4707	144.549	1881.63
4708	144.581	1881.62
4709	144.614	1881.61
4710	144.645	1881.56
4711	144.677	1881.41
4712	144.709	1881.4
4713	144.742	1881.4
4715	144.806	1881.19
4716	144.838	1881.13
4717	144.87	1881.13
4720	144.965	1881.13
4721	144.998	1880.68
4722	145.029	1880.65
4723	145.061	1880.43
4725	145.126	1880.41
4727	145.189	1880.37
4728	145.221	1880.37
4729	145.252	1880.34
4731	145.316	1880.29
4735	145.443	1880.28
4736	145.476	1879.93
4738	145.54	1879.92
4739	145.572	1879.92
4740	145.603	1879.85
4742	145.667	1879.57
4745	145.762	1879.57
4746	145.793	1879.57
4747	145.825	1879.55
4750	145.92	1879.53
4755	146.078	1879.21
4757	146.142	1879.18
4758	146.174	1879.16
4759	146.206	1879.11
4760	146.238	1878.93
4762	146.302	1878.91
4763	146.334	1878.88
4764	146.366	1878.81
4766	146.431	1878.81
4768	146.494	1878.8
4771	146.59	1878.76
4773	146.654	1878.75
4774	146.686	1878.7
4775	146.719	1878.7
4776	146.753	1878.7
4777	146.788	1878.68
4779	146.854	1878.6
4782	146.949	1878.6
4786	147.075	1878.59
4790	147.203	1878.54
4795	147.362	1878.53
4798	147.458	1878.52
4799	147.49	1878.5
4800	147.521	1878.46
4801	147.553	1878.45
4802	147.585	1878.43
4803	147.617	1878.43
4804	147.649	1878.21
4805	147.68	1878.2
4806	147.712	1878.13
4807	147.744	1878.09
4808	147.775	1877.93
4809	147.807	1877.9
4810	147.839	1877.87
4811	147.871	1877.79
4812	147.904	1877.75
4813	147.936	1877.67
4814	147.967	1877.63
4815	147.999	1877.63
4816	148.031	1877.57
4817	148.063	1877.52
4818	148.094	1877.51
4819	148.126	1877.47
4822	148.221	1877.39
4824	148.284	1877.39
4827	148.379	1877.27
4829	148.442	1877.23
4830	148.474	1877.22
4833	148.57	1877.19
4835	148.635	1877.18
4836	148.668	1877.15
4839	148.764	1877.08
4840	148.795	1877.07
4841	148.826	1877.06
4842	148.858	1876.92
4843	148.89	1876.87
4844	148.922	1876.76
4846	148.984	1876.52
4847	149.016	1876.49
4853	149.206	1876.1
4855	149.27	1876.04
4857	149.334	1876.02
4858	149.366	1874.05
4860	149.429	1874
4863	149.523	1873.92
4866	149.618	1873.88
4867	149.649	1873.83
4868	149.681	1873.69
4869	149.713	1873.68
4871	149.776	1873.61
4872	149.808	1873.6
4873	149.839	1873.59
4874	149.871	1873.58
4878	149.998	1873.56
4879	150.03	1873.43
4881	150.093	1873.39
4883	150.157	1873.35
4886	150.253	1873.25
4887	150.285	1873.18
4889	150.349	1873.18
4890	150.38	1872.94
4891	150.412	1872.9
4894	150.503	1872.86
4895	150.534	1872.82
4896	150.564	1872.78
4897	150.595	1872.78
4898	150.625	1872.77
4899	150.656	1872.76
4900	150.686	1872.73
4901	150.716	1872.73
4904	150.81	1872.7
4905	150.84	1872.69
4906	150.871	1872.5
4907	150.902	1872.49
4908	150.932	1872.47
4909	150.963	1872.28
4910	150.993	1872.21
4911	151.024	1872.21
4912	151.054	1872.04
4914	151.116	1872.01
4917	151.207	1871.92
4918	151.238	1871.92
4920	151.298	1871.89
4921	151.329	1871.87
4923	151.391	1871.84
4924	151.422	1871.75
4926	151.484	1871.74
4927	151.514	1871.48
4928	151.546	1871.44
4929	151.577	1871.4
4933	151.7	1871.39
4934	151.731	1871.39
4935	151.763	1871.39
4936	151.793	1871.38
4938	151.854	1871.36
4939	151.885	1871.35
4944	152.038	1871.33
4946	152.101	1871.3
4947	152.133	1871.27
4948	152.164	1871.22
4949	152.195	1871.19
4951	152.257	1871.06
4952	152.288	1871.04
4955	152.381	1870.87
4956	152.412	1870.87
4957	152.442	1870.87
4960	152.535	1870.86
4961	152.566	1870.52
4962	152.597	1870.48
4963	152.629	1870.32
4967	152.752	1870.31
4971	152.875	1870.29
4972	152.907	1870.27
4976	153.031	1869.99
4977	153.062	1869.98
4978	153.093	1869.97
4979	153.124	1869.97
4980	153.156	1869.96
4982	153.217	1869.72
4984	153.28	1869.71
4987	153.374	1869.7
4993	153.559	1869.7
4995	153.621	1869.67
4997	153.682	1869.58
4998	153.713	1869.57
5000	153.775	1869.42
# FIN	153.775	1869.42

