# target=instancias/starrynight.png T=240 iters=5000 K=32 seed=auto
iter	segundos	MSE
0	0.0018949	10781.3
1	0.019576	10781.1
2	0.0367376	10756.4
3	0.0539439	10739.8
4	0.0712187	10723.3
5	0.0889669	10690.5
6	0.106983	10680.6
7	0.124387	10650.6
8	0.141743	10609.4
9	0.159085	10582.1
10	0.176563	10567.3
11	0.194766	10542.9
12	0.212519	10475.7
13	0.230221	10470.4
14	0.247732	10445.5
15	0.265385	10423.1
16	0.283276	10341.8
17	0.301492	10328.4
18	0.318957	10286.3
19	0.336589	10267.6
20	0.354708	10259.1
21	0.373151	10241.8
22	0.390747	10233.8
23	0.408612	10229.2
24	0.426518	10222.2
25	0.444341	10205.5
26	0.462465	10160.6
27	0.480449	10146.7
28	0.498468	10121.5
29	0.516128	10038.9
30	0.53403	10019.5
31	0.552088	10018.6
32	0.571411	10018.4
33	0.589677	10015.6
34	0.608117	10015
35	0.626397	9979.31
36	0.6445	9978
37	0.662684	9946.41
38	0.680867	9936.21
39	0.699643	9926.29
40	0.718281	9856.6
41	0.736674	9852.97
42	0.755038	9850.03
43	0.773278	9818.68
44	0.791327	9800.21
45	0.809525	9766.76
46	0.827886	9749.48
47	0.846062	9715.01
48	0.864383	9704.1
49	0.882881	9666.97
50	0.901454	9624.58
51	0.919972	9616.76
52	0.938543	9557.75
53	0.957809	9463.64
54	0.976994	9281.58
55	0.996005	9252.51
56	1.01549	9206.8
57	1.03524	9189.4
58	1.05485	9111.2
59	1.07391	9102.74
60	1.09395	9096.14
61	1.11316	9095.75
62	1.13271	9094.83
63	1.15303	9084.71
64	1.17211	9083.13
65	1.1925	9051.58
66	1.21291	8999.54
67	1.23255	8993.6
68	1.25255	8976.73
69	1.27197	8953.26
70	1.29124	8947.7
71	1.31047	8934.12
72	1.33009	8928.25
73	1.35014	8916.17
74	1.36931	8891.42
75	1.38973	8890.18
76	1.41042	8863.97
77	1.43066	8824.92
78	1.45035	8801.11
79	1.47005	8800.56
80	1.48966	8779.78
81	1.50905	8774.37
82	1.52862	8702.54
83	1.54855	8698.24
84	1.56828	8686.65
85	1.58801	8680.17
86	1.60771	8605.16
87	1.62809	8603.7
88	1.64831	8516.18
89	1.66857	8514.3
90	1.68877	8509.85
91	1.70976	8491.39
92	1.72968	8486.64
93	1.7499	8471.58
94	1.77033	8462.52
95	1.79046	8461.49
96	1.8104	8447.69
97	1.83045	8422.18
98	1.85042	8410.9
99	1.87064	8410.78
100	1.8907	8409.6
101	1.91057	8355.48
102	1.93057	8327.68
103	1.95064	8279.24
104	1.97094	8278.71
105	1.99078	8273.87
106	2.01078	8259.22
107	2.03092	8252.02
108	2.05111	8236.46
109	2.07132	8219.3
110	2.09179	8165.74
111	2.11285	8153.77
112	2.13311	8148.4
113	2.15346	8134.41
114	2.17398	8133.96
115	2.19438	8116.29
116	2.21494	8065.48
117	2.23539	8058.84
118	2.25599	8044.49
119	2.27653	8041.56
120	2.29731	8025.52
121	2.3181	7966.02
122	2.33859	7966
123	2.35896	7965.99
124	2.3794	7934.25
125	2.39987	7933.74
126	2.42044	7929.64
127	2.44078	7929.39
128	2.46195	7898.91
129	2.48246	7897.72
130	2.50306	7892.39
131	2.52357	7872.96
132	2.54422	7872.13
133	2.56468	7866.3
134	2.58552	7839.66
135	2.60674	7839.43
136	2.62738	7803.06
137	2.64807	7801.96
138	2.66905	7793.6
139	2.69044	7792.88
140	2.71165	7791.79
141	2.73272	7768.58
142	2.75353	7767.91
143	2.77428	7765.58
144	2.79506	7739.84
145	2.81598	7734.36
146	2.83675	7631.84
147	2.8576	7630.67
148	2.87841	7602.85
149	2.89933	7586.28
150	2.92032	7564.81
151	2.9411	7562.77
152	2.96199	7520.95
153	2.98317	7447.42
154	3.00459	7382.83
155	3.02624	7367.33
156	3.04713	7340.32
157	3.06808	7330.67
158	3.08907	7297.66
159	3.11031	7296.8
160	3.13163	7296.69
161	3.15279	7270.44
162	3.17393	7251.93
163	3.1951	7239.74
164	3.21636	7235.97
165	3.23764	7233.88
166	3.25888	7219.6
167	3.28021	7217.85
168	3.30143	7207.86
169	3.32263	7206.84
170	3.34378	7204.17
171	3.36519	7192.95
172	3.3866	7186.28
173	3.40779	7186.19
174	3.42896	7144.16
175	3.45024	7139.41
176	3.47213	7117.31
177	3.49375	7085.55
178	3.51504	7081.58
179	3.53671	7073.91
180	3.55925	7024.9
181	3.58166	7015.79
182	3.60305	7008.6
183	3.62448	6907.91
184	3.64651	6907.7
185	3.66823	6879.32
186	3.6902	6870.36
187	3.71186	6869.78
188	3.73356	6867.38
189	3.75519	6846.06
190	3.77711	6842.53
191	3.79881	6814.8
192	3.82084	6795.54
193	3.84277	6787.71
194	3.8645	6783.86
195	3.8863	6750.84
196	3.90837	6714.15
197	3.9305	6679.48
198	3.95237	6678.48
199	3.9743	6661.24
200	3.99624	6654.8
201	4.01866	6563.13
202	4.04067	6556.33
203	4.06262	6551.14
204	4.08479	6537.56
205	4.10685	6537.23
206	4.12908	6532.52
207	4.1517	6528.71
208	4.17377	6511.62
209	4.19584	6506.97
210	4.21812	6503.62
211	4.24054	6500.21
212	4.26292	6469.52
213	4.28574	6461.32
214	4.30822	6449.95
215	4.33061	6445.7
216	4.3527	6443.82
217	4.37484	6443.79
218	4.39713	6436.94
219	4.41933	6435.65
220	4.44153	6430.9
221	4.46387	6426.91
222	4.48667	6426.23
223	4.50866	6411.35
224	4.53078	6410.84
225	4.55304	6384.97
226	4.57528	6383.82
227	4.59755	6382.81
228	4.61984	6379.09
229	4.64215	6363.52
230	4.66453	6358.67
231	4.6869	6358.28
232	4.70961	6335.01
233	4.73228	6333.97
234	4.7547	6323.36
235	4.77715	6305.45
236	4.79964	6299.27
237	4.82208	6274.09
238	4.84448	6266.44
239	4.86705	6247.68
240	4.88968	6220.47
241	4.91286	6220.02
242	4.9361	6165.32
243	4.9594	6158.87
244	4.98201	6158.77
245	5.00462	6135.2
246	5.0273	6133.91
247	5.05001	6064.39
248	5.07272	6036.1
249	5.09548	5986.58
250	5.11847	5977.06
251	5.14119	5970.07
252	5.16387	5964.58
253	5.18698	5957.78
254	5.21056	5935.28
255	5.23402	5934.57
256	5.25703	5923.77
257	5.27983	5921.53
258	5.30335	5870.65
259	5.3264	5810.52
260	5.34962	5802.31
261	5.37265	5801.13
262	5.39574	5794.74
263	5.41888	5794.2
264	5.4421	5793.98
265	5.46516	5791.07
266	5.48855	5759.4
267	5.51178	5758.47
268	5.53513	5756.31
269	5.55902	5730.32
270	5.58215	5725.67
271	5.60532	5725.14
272	5.6289	5725.11
273	5.65237	5718.55
274	5.67542	5717.5
275	5.69936	5675.72
276	5.72452	5649.39
277	5.74841	5648.03
278	5.77173	5641.46
279	5.79526	5623.08
280	5.81915	5602.03
281	5.84318	5601.01
282	5.86664	5594.24
283	5.8903	5575.03
284	5.91367	5558.63
285	5.93713	5515.72
286	5.96064	5499.27
287	5.98444	5489.83
288	6.0084	5486.99
289	6.03197	5469.98
290	6.05558	5441.99
291	6.07934	5437.18
292	6.10313	5392.69
293	6.1269	5348.48
294	6.15113	5184.16
295	6.1758	5163.37
296	6.20016	5150.55
297	6.2242	5127.79
298	6.24921	5100.28
299	6.2742	5097.51
300	6.29879	5090.56
301	6.32349	5090.21
302	6.34769	5088.69
303	6.37181	5076.29
304	6.39651	5075.79
305	6.42106	5046.16
306	6.44535	5018.34
307	6.46978	5008.77
308	6.49456	4998.01
309	6.51901	4970.21
310	6.54352	4965.68
311	6.56805	4961.6
312	6.59302	4946.2
313	6.61829	4945.58
314	6.643	4925.09
315	6.66761	4924.68
316	6.6928	4910.63
317	6.7178	4889.26
318	6.74296	4886.54
319	6.76766	4885.81
320	6.79275	4882.93
321	6.81752	4866.29
322	6.84251	4812.47
323	6.86746	4793.72
324	6.89244	4791.08
325	6.91789	4778.5
326	6.94325	4729.39
327	6.96834	4723.29
328	6.99377	4712.07
329	7.01902	4711.25
330	7.04427	4708.38
331	7.06973	4701.6
332	7.09532	4698.88
333	7.12109	4697.08
334	7.14669	4695.35
335	7.17194	4695.28
336	7.19758	4693.38
337	7.22322	4677.25
338	7.2492	4641.85
339	7.27525	4641.75
340	7.30115	4641.07
341	7.32667	4625.42
342	7.35214	4623.14
343	7.37825	4608.71
344	7.40373	4607.6
345	7.42918	4601.36
346	7.45553	4599.02
347	7.48097	4596.52
348	7.5066	4589.61
349	7.53235	4577.12
350	7.5583	4558.68
351	7.58431	4547.71
352	7.61012	4545.62
353	7.63613	4526.67
354	7.66254	4526.63
355	7.68895	4522.13
356	7.71479	4494.51
357	7.74097	4490.45
358	7.76734	4490.25
359	7.79378	4488.86
360	7.81984	4485.88
361	7.84587	4464.31
362	7.87378	4464.25
363	7.90091	4464.24
364	7.92786	4450.87
365	7.95393	4450.69
366	7.98023	4449.54
367	8.0067	4444.9
368	8.03315	4423.47
369	8.05974	4422.65
370	8.0863	4418.55
371	8.11247	4400.55
372	8.13875	4397.8
373	8.16519	4397.44
374	8.19176	4392.29
375	8.21911	4390.29
376	8.24629	4382.98
377	8.27332	4382.8
378	8.29982	4363.87
379	8.32703	4362.99
380	8.3535	4355.05
381	8.37999	4352.68
382	8.40647	4352.58
383	8.43287	4352.41
384	8.4595	4314.37
385	8.48595	4313.28
386	8.51234	4311.36
387	8.53961	4310.64
388	8.56613	4279.12
389	8.59252	4267.23
390	8.61939	4252.25
391	8.6461	4250.95
392	8.67273	4224.22
393	8.69936	4175.32
394	8.72629	4094.96
395	8.75411	4081.18
396	8.78127	4054.42
397	8.80834	4050.45
398	8.83581	4035.7
399	8.86277	4033.33
400	8.88981	4033.32
401	8.91705	4020.65
402	8.94383	4016.29
403	8.97169	4005.09
404	8.99855	4002.23
405	9.02588	3999.05
406	9.05361	3998.16
407	9.08059	3989.41
408	9.10764	3989.22
409	9.13503	3985.17
410	9.16233	3984.75
411	9.19027	3979.24
412	9.21771	3978.87
413	9.24527	3978.86
414	9.27286	3973.88
415	9.30002	3972.59
416	9.32712	3947.91
417	9.35425	3941.15
418	9.38183	3926.51
419	9.40953	3922.42
420	9.43697	3906.2
421	9.46456	3901.61
422	9.49213	3900.1
423	9.51953	3867.9
424	9.54678	3867.74
425	9.57443	3862.81
426	9.60153	3861.87
427	9.62902	3861.29
428	9.65607	3858.53
429	9.68325	3847.84
430	9.71057	3846.73
431	9.73888	3839.69
432	9.767	3807.84
433	9.79476	3806.65
434	9.82243	3804.61
435	9.85009	3782.87
436	9.87754	3734.99
437	9.90537	3715.48
438	9.933	3714.99
439	9.96048	3688.71
440	9.9881	3675.88
441	10.0161	3616.67
442	10.0446	3610.58
443	10.0737	3607.7
444	10.1016	3603.81
445	10.1299	3603.76
446	10.1577	3603.65
447	10.1858	3602.38
448	10.214	3590.15
449	10.2425	3588.05
450	10.2706	3586.57
451	10.2983	3586.41
452	10.3264	3581.52
453	10.3543	3578.54
454	10.382	3569.64
455	10.4102	3568.15
456	10.4387	3566.66
457	10.4663	3566.36
458	10.4941	3565.67
459	10.5226	3564.08
460	10.5503	3560.82
461	10.5782	3557.54
462	10.606	3556.59
463	10.634	3553.94
464	10.6618	3549.77
465	10.69	3536.24
466	10.7187	3534.57
467	10.7468	3532.57
468	10.7751	3532.19
469	10.8036	3528.22
470	10.8317	3526.69
471	10.86	3526.33
472	10.8882	3520.84
473	10.9164	3520.67
474	10.9443	3517.04
475	10.972	3478.01
476	11.0001	3476.29
477	11.0283	3472.49
478	11.0566	3464.23
479	11.0846	3455.46
480	11.1128	3438.89
481	11.1407	3436.84
482	11.1689	3409.05
483	11.1973	3392.41
484	11.2264	3391.73
485	11.2546	3361.68
486	11.2831	3357.88
487	11.3113	3306.37
488	11.3399	3249.09
489	11.3684	3224.96
490	11.3965	3222
491	11.4254	3214.48
492	11.4543	3210.68
493	11.4825	3210.06
494	11.5114	3204.39
495	11.5408	3204.15
496	11.5695	3197.78
497	11.5981	3197.63
498	11.6266	3117.6
499	11.655	3102.38
500	11.6838	3101.91
501	11.7122	3094.07
502	11.7409	3093.94
503	11.77	3093.62
504	11.7985	3093.1
505	11.8278	3090.87
506	11.857	3081.39
507	11.8861	3078.08
508	11.9148	3074.66
509	11.9435	3048.94
510	11.9721	3047.69
511	12.001	3044.89
512	12.0298	3044.73
513	12.0586	3043.3
514	12.0875	3042.76
515	12.1163	3009.11
516	12.1455	2994.83
517	12.1751	2992.83
518	12.2047	2991.96
519	12.2348	2988.64
520	12.2651	2967.32
521	12.2946	2967.25
522	12.3233	2966.44
524	12.381	2958.68
525	12.4108	2946.19
526	12.4402	2937.85
527	12.4699	2930.72
528	12.4993	2929.11
529	12.5289	2923.67
530	12.558	2911.02
531	12.5869	2910.65
532	12.616	2892.36
533	12.6456	2873.67
534	12.6746	2819.92
535	12.704	2806.06
536	12.7334	2790.94
537	12.7627	2781.82
538	12.7925	2778.56
539	12.8219	2777.55
540	12.851	2734.37
541	12.8805	2733.04
542	12.9102	2732.57
543	12.9395	2727.64
544	12.9689	2726.64
545	12.9984	2724.8
546	13.0281	2711.91
547	13.0581	2711.65
548	13.0876	2710.2
549	13.117	2689.74
550	13.1466	2687.49
551	13.1762	2686.9
552	13.206	2681.61
553	13.2357	2680.41
554	13.2657	2665.51
555	13.2958	2664.9
556	13.3259	2645.48
557	13.3554	2642.26
558	13.3851	2639.08
559	13.4148	2638
560	13.4444	2632.43
561	13.4743	2621.78
562	13.504	2613.66
563	13.5339	2601.72
564	13.5637	2600.72
565	13.5937	2595.94
566	13.6235	2587.96
567	13.6535	2586.38
568	13.6836	2582.59
569	13.7135	2576.1
570	13.7442	2573.39
571	13.7742	2567.78
572	13.8041	2567.24
573	13.8339	2564.13
574	13.864	2563.6
575	13.894	2563.32
576	13.924	2563.12
577	13.9539	2555.58
578	13.9841	2539.19
579	14.0147	2538.16
580	14.0452	2538.03
581	14.0754	2530.51
582	14.1053	2522.1
583	14.1354	2520.41
584	14.1654	2519.62
585	14.1956	2519.49
586	14.226	2518.38
587	14.2563	2518.24
588	14.2867	2510.38
589	14.3171	2503.97
590	14.3476	2498.85
591	14.3781	2496.38
592	14.411	2491.81
593	14.4422	2481.33
594	14.4728	2481.29
595	14.5034	2480.19
596	14.5344	2474.12
597	14.5649	2473.75
598	14.5954	2471.91
599	14.6261	2465.3
600	14.6565	2464.32
601	14.6876	2459.46
602	14.7182	2459.45
603	14.7494	2459.44
604	14.7806	2458.48
605	14.8114	2457.59
606	14.8422	2457.32
607	14.873	2452.62
608	14.9041	2443.99
609	14.9356	2442.87
610	14.9666	2442.49
611	14.9978	2440.77
612	15.0285	2440.23
613	15.0593	2440.07
614	15.0901	2436.04
615	15.1213	2432.05
616	15.152	2426.8
617	15.183	2426.57
618	15.2146	2413.14
619	15.2461	2412.7
620	15.2773	2409.32
621	15.3089	2407.38
622	15.3404	2407.29
623	15.3721	2407.04
624	15.4035	2361.96
625	15.4344	2361.33
626	15.4657	2360.59
627	15.4969	2360.12
628	15.5279	2358.39
629	15.5592	2334.24
630	15.5902	2333.43
631	15.6226	2333.4
632	15.6583	2327.19
633	15.6917	2312.35
634	15.7268	2307.87
635	15.759	2306.13
636	15.7913	2297.29
637	15.8268	2296.85
638	15.8608	2295.84
639	15.8948	2293.36
640	15.9283	2293.35
641	15.9676	2291.06
642	16.0045	2290.22
643	16.0359	2284.76
644	16.0705	2284.23
645	16.1015	2283.5
646	16.1327	2281.27
647	16.164	2280.26
648	16.1953	2277.69
649	16.2268	2277.37
650	16.2584	2276.55
651	16.2903	2269.26
652	16.3217	2267.58
653	16.3529	2267.47
654	16.3843	2266.04
655	16.4157	2265.81
656	16.4471	2259.12
657	16.4783	2258.36
658	16.5095	2256.31
659	16.5407	2253.78
660	16.5731	2250.87
661	16.606	2250.34
662	16.6382	2249.51
663	16.6693	2212.64
664	16.7006	2211.94
665	16.7323	2208.93
666	16.7635	2208.27
667	16.8139	2208.21
668	16.8669	2207.09
669	16.9	2203.95
670	16.933	2202.23
671	16.9656	2200.25
672	16.9973	2182.46
673	17.0289	2180.85
674	17.0608	2180.7
675	17.0927	2164.54
676	17.1251	2164.11
677	17.1572	2161
678	17.1897	2160.75
679	17.2223	2158
680	17.2549	2157.12
681	17.2876	2114.43
682	17.3192	2114
683	17.3511	2112.72
684	17.3831	2110.06
685	17.4151	2109.67
686	17.4468	2107.33
687	17.4788	2106.75
688	17.5109	2098.09
689	17.543	2097.85
690	17.5744	2097.32
691	17.6064	2096.11
692	17.6381	2095.1
693	17.6703	2094.04
694	17.7019	2088.75
695	17.7335	2087.84
696	17.766	2087.17
697	17.7979	2086.7
698	17.8298	2086.5
699	17.8621	2084.9
700	17.8942	2084.06
701	17.9261	2082.97
703	17.9895	2078.86
704	18.0213	2078.19
705	18.0532	2076.75
706	18.0851	2075.55
707	18.1169	2074.31
708	18.1489	2073.93
709	18.1808	2068.37
710	18.2123	2067.58
711	18.2444	2066.72
712	18.2769	2062.01
713	18.3093	2061.82
714	18.3412	2055.56
715	18.3731	2026.29
716	18.4056	2025.89
717	18.4372	2025.52
718	18.4696	2014.11
719	18.5015	2003.57
720	18.5335	1995.35
721	18.5659	1995.31
722	18.5985	1988.34
723	18.6313	1981.26
724	18.6637	1980.79
725	18.6964	1962.9
726	18.7282	1962.57
727	18.7604	1900.66
728	18.795	1897.13
729	18.828	1882.44
730	18.8602	1881.96
731	18.893	1868.75
732	18.9252	1868.33
733	18.9575	1867.79
734	18.9902	1866.76
735	19.0228	1865.69
736	19.0554	1852.53
737	19.0882	1852.44
738	19.1213	1851.6
739	19.1543	1849.04
740	19.1874	1846.77
741	19.2201	1846.38
742	19.2526	1846.14
743	19.2855	1845.79
744	19.3181	1845.63
745	19.3507	1844.65
746	19.3832	1842.83
747	19.4162	1842.09
748	19.4491	1841.65
749	19.4821	1804.72
750	19.5154	1804.19
751	19.5484	1803.93
752	19.5811	1803.63
753	19.6137	1803.61
754	19.6467	1803.56
755	19.6793	1801.33
756	19.7122	1799.53
757	19.745	1798.64
758	19.7781	1797.92
759	19.811	1797.34
760	19.8442	1794.92
761	19.8773	1794.78
762	19.9101	1794.61
763	19.9428	1794.4
764	19.9759	1792.78
765	20.0087	1786.02
766	20.042	1782.05
767	20.0751	1774.56
768	20.1082	1774.03
769	20.1422	1772.09
770	20.176	1770.37
771	20.2094	1769.81
772	20.243	1766.27
773	20.2763	1762.55
774	20.3096	1750.17
775	20.3429	1742.58
776	20.3761	1739.32
777	20.409	1734.85
778	20.4427	1734.6
779	20.4767	1734.44
780	20.51	1733.84
781	20.5433	1733.69
782	20.5775	1733.6
783	20.6112	1730.33
784	20.6443	1729.34
785	20.6777	1728.89
786	20.7117	1727.99
787	20.7449	1727.49
788	20.7784	1725.32
789	20.8118	1721.68
790	20.845	1720.96
791	20.8786	1720.52
792	20.912	1718.28
793	20.9455	1718.28
794	20.9799	1717.36
795	21.0143	1717.34
796	21.0477	1713.08
797	21.0811	1710.92
798	21.1145	1710.7
799	21.1481	1710.53
800	21.1819	1707.69
801	21.2161	1703.88
802	21.2498	1701.63
803	21.2837	1699.49
804	21.3174	1697.66
805	21.3518	1697.35
806	21.3855	1693.3
807	21.4189	1691.8
808	21.4526	1691.25
809	21.4866	1689.68
810	21.5204	1689.06
811	21.5545	1687.71
812	21.5885	1687.49
813	21.622	1687.01
814	21.6553	1686.63
815	21.6898	1686.62
816	21.7232	1686.35
817	21.7571	1685.46
818	21.791	1670.7
819	21.8247	1660.63
820	21.8583	1660.46
822	21.9254	1659.28
823	21.9589	1658.55
824	21.9924	1658.36
825	22.0261	1657.73
826	22.0603	1656.84
827	22.0938	1656.83
828	22.1272	1652.27
829	22.1609	1648.42
830	22.1946	1647.74
831	22.2286	1646.47
832	22.2623	1645.84
833	22.2961	1630.83
834	22.3302	1630.76
835	22.3645	1628.94
836	22.3985	1622.29
837	22.4323	1618.85
838	22.4662	1617.75
839	22.5005	1613.83
840	22.5344	1612.8
841	22.5686	1608.54
842	22.6034	1608.38
843	22.6375	1608.36
844	22.6715	1608.25
845	22.7054	1608.1
846	22.7394	1608.02
847	22.7733	1607.61
848	22.8074	1603.89
849	22.8414	1603.53
850	22.8755	1603.25
851	22.9096	1602.84
852	22.9438	1602.25
853	22.9777	1596.2
854	23.0121	1594.82
855	23.0466	1593.47
856	23.0811	1593.25
857	23.115	1592.99
858	23.1492	1591.54
859	23.1847	1591.48
860	23.2188	1573.91
861	23.2526	1572.52
862	23.2867	1572.19
863	23.3214	1571.85
864	23.3553	1538.66
865	23.3894	1537.92
866	23.4235	1537.55
867	23.4579	1537.33
868	23.492	1536.34
869	23.5259	1527.63
870	23.5603	1527.51
871	23.5948	1527.03
872	23.6482	1517.86
873	23.7045	1515.83
874	23.7469	1514.11
875	23.7837	1513.95
876	23.8184	1509.36
877	23.8529	1508.09
878	23.8871	1507.89
879	23.9221	1506.35
880	23.9563	1506.35
881	23.9906	1505.49
882	24.0248	1505.05
883	24.0591	1504.69
885	24.1287	1504.18
886	24.1632	1504.1
887	24.1977	1503.36
889	24.2667	1503.31
890	24.3009	1502.59
891	24.3359	1502.45
892	24.3701	1501.54
893	24.4047	1501.28
894	24.4396	1500.92
895	24.4745	1500.28
896	24.5088	1499.9
897	24.5435	1499.37
898	24.5779	1498.77
899	24.6123	1497.88
900	24.6471	1496.55
901	24.6817	1496.41
902	24.716	1496.16
903	24.7504	1451.62
904	24.7855	1451.54
905	24.8201	1451.07
906	24.8544	1450.94
907	24.889	1450.22
908	24.9236	1450.03
909	24.9591	1445.29
910	24.994	1444.07
911	25.0283	1443.26
912	25.0627	1428.2
913	25.0974	1427.83
914	25.1318	1427.3
915	25.1665	1414.18
916	25.201	1409.09
917	25.236	1406.39
918	25.2714	1406.39
919	25.3066	1405.56
920	25.3418	1405.41
921	25.3794	1396.98
922	25.4144	1396.85
923	25.4492	1394.44
924	25.4836	1388.96
925	25.5186	1388.95
926	25.5535	1388.82
927	25.5881	1388.8
928	25.6231	1384.22
929	25.6581	1384.17
930	25.6927	1383.81
931	25.7276	1383.79
932	25.7623	1383.3
933	25.7973	1382.84
934	25.8324	1382.39
935	25.8674	1382.07
936	25.9023	1381.38
938	25.972	1380.66
939	26.007	1379.07
940	26.0425	1378.68
942	26.1138	1378.44
943	26.149	1377.17
944	26.1847	1376.83
945	26.221	1372.63
946	26.2566	1372.35
947	26.2914	1371.81
948	26.327	1371.45
949	26.3626	1370.76
950	26.3984	1369.77
951	26.4341	1369.7
952	26.4691	1365.67
953	26.5037	1365.59
954	26.539	1360.91
955	26.574	1354.53
956	26.609	1354.39
957	26.6442	1354.32
958	26.6789	1352.72
959	26.7141	1348.39
960	26.749	1347.96
961	26.7842	1347.95
962	26.8191	1346.04
963	26.8539	1345.22
964	26.8891	1344.55
965	26.924	1341.36
966	26.9589	1341.31
967	26.9939	1285.37
968	27.0291	1284.24
969	27.0643	1280.24
970	27.0997	1279.59
971	27.1359	1279.39
972	27.1715	1279.03
973	27.2069	1278.79
974	27.2428	1275.44
975	27.2779	1275.03
976	27.3139	1274.4
977	27.3502	1274.26
978	27.3885	1260.09
979	27.4239	1252.16
980	27.4601	1251.5
981	27.4958	1251.31
982	27.5326	1250.93
983	27.5707	1250.54
984	27.6095	1250.38
985	27.6467	1249.32
986	27.6837	1248.59
987	27.7201	1247.92
988	27.7563	1247.69
989	27.7923	1246.46
990	27.8292	1245.8
991	27.8653	1245.77
992	27.9024	1245.75
994	27.974	1245.59
995	28.0107	1244.93
996	28.0465	1244.64
997	28.0821	1244.51
998	28.1185	1243.94
999	28.1547	1243.92
1000	28.1991	1243.31
1001	28.2562	1243.14
1002	28.32	1243.09
1003	28.3635	1242.72
1004	28.4093	1241.96
1005	28.4453	1239.5
1006	28.4826	1226.89
1007	28.52	1225.1
1008	28.5572	1225.06
1009	28.5944	1224.74
1010	28.6311	1222.14
1011	28.6687	1220.56
1012	28.7056	1204.32
1013	28.7427	1202.95
1014	28.7806	1201.6
1015	28.8172	1199.78
1016	28.8541	1198.13
1017	28.8907	1196.42
1018	28.9273	1196.28
1019	28.9651	1195.74
1020	29.0014	1195.47
1021	29.0386	1195.03
1022	29.0755	1194.99
1023	29.1123	1193.04
1024	29.1503	1192.8
1025	29.1869	1192.14
1026	29.2235	1191.8
1027	29.2612	1191.57
1028	29.2976	1191.44
1029	29.3338	1190.87
1030	29.3711	1190.15
1031	29.4105	1189.56
1032	29.4522	1189.26
1033	29.4943	1189.2
1034	29.5331	1188.66
1035	29.5692	1188.61
1036	29.6055	1187.95
1037	29.6412	1185.3
1038	29.6772	1185.12
1039	29.7137	1184.94
1040	29.7506	1184.01
1041	29.7891	1183.25
1042	29.8259	1182.75
1043	29.8653	1176.29
1044	29.9381	1176.05
1045	29.9765	1175.35
1046	30.0155	1172.9
1047	30.0545	1171.73
1048	30.0925	1171.67
1049	30.1297	1171.46
1050	30.1667	1170.72
1051	30.2059	1170.36
1052	30.2428	1170.23
1053	30.2842	1169.85
1054	30.3237	1169.39
1055	30.3647	1169.38
1057	30.4386	1168.16
1058	30.4767	1146.61
1059	30.5132	1145.46
1060	30.5497	1144.24
1061	30.5863	1144.19
1062	30.6232	1143.87
1063	30.6596	1143.38
1064	30.6973	1143.31
1065	30.7341	1143.19
1066	30.771	1142.89
1067	30.8075	1142.53
1068	30.844	1141.06
1069	30.8818	1139.09
1070	30.9181	1138.79
1071	30.9544	1138.19
1072	30.9909	1137.49
1073	31.0274	1135.12
1074	31.0637	1135.09
1075	31.0996	1134.71
1076	31.1364	1134.35
1077	31.1733	1133.53
1078	31.2112	1132.95
1079	31.2478	1129.12
1080	31.2843	1128.39
1081	31.3212	1127.44
1082	31.3577	1127.44
1083	31.3945	1127.42
1084	31.4322	1127.03
1085	31.4692	1126.98
1086	31.5057	1126.5
1087	31.5443	1126.14
1088	31.5812	1123.56
1089	31.6177	1122.99
1090	31.6534	1122.63
1091	31.6891	1121.48
1092	31.7242	1121.26
1093	31.7753	1121.15
1094	31.8135	1120.62
1095	31.8505	1120.55
1096	31.8878	1119.84
1097	31.9238	1119.82
1098	31.9645	1111.21
1099	32.0052	1110.97
1100	32.0483	1097.17
1101	32.0874	1096.7
1102	32.1229	1096.24
1103	32.159	1096.14
1104	32.1943	1084.76
1105	32.2305	1082.64
1106	32.2667	1082.41
1107	32.3022	1082.4
1108	32.3389	1080.94
1109	32.3747	1072.15
1111	32.4465	1071.83
1112	32.4815	1069.34
1114	32.5639	1067.72
1115	32.6004	1067.3
1116	32.6361	1066.19
1117	32.6721	1065.99
1118	32.7078	1065.82
1119	32.7437	1064.3
1120	32.7797	1064.29
1121	32.8152	1063.98
1122	32.8508	1063.86
1123	32.8867	1063.36
1125	32.958	1063.03
1126	32.9941	1062.62
1127	33.0301	1062.26
1128	33.0655	1062.1
1129	33.1009	1061.92
1130	33.1366	1061.02
1131	33.1723	1059.98
1132	33.208	1059.89
1133	33.2439	1059.8
1134	33.2792	1059.79
1135	33.3148	1059.66
1136	33.3503	1059.48
1137	33.3859	1059.45
1138	33.4292	1058.7
1139	33.4704	1056.8
1140	33.5126	1056
1142	33.5849	1055.84
1143	33.6206	1039.56
1144	33.657	1039.51
1145	33.6946	1039.15
1146	33.731	1039.1
1147	33.7679	1038.99
1148	33.8039	1038.07
1149	33.8404	1035.32
1150	33.8773	1034.28
1151	33.9137	1033.64
1152	33.9499	1033.03
1153	33.9863	1032.94
1154	34.0232	1032.87
1155	34.06	1032.82
1156	34.0968	1032.02
1157	34.1332	1030.39
1159	34.2085	1030.14
1160	34.2456	1030.12
1161	34.2815	1024.29
1162	34.318	1023.97
1163	34.3543	1023.18
1165	34.4263	1023.17
1166	34.4628	1020.84
1167	34.4992	1020.82
1168	34.536	1018.46
1169	34.5727	1017.86
1170	34.6098	1017.56
1171	34.6516	1017.48
1172	34.688	1016.3
1173	34.7243	1015.71
1174	34.7605	1014.13
1175	34.7969	1013.82
1176	34.8341	1013.27
1177	34.8707	1013.27
1178	34.9073	1012.93
1179	34.9439	1011.23
1180	34.9805	1009.12
1182	35.0526	1009.05
1183	35.0889	1007.94
1184	35.1253	1007.74
1185	35.1612	1004.74
1186	35.1974	1004.5
1187	35.234	1004
1189	35.3069	1003.76
1190	35.343	1002.94
1191	35.3799	1002.91
1192	35.4166	999.736
1193	35.4523	999.709
1194	35.4888	995.84
1195	35.5249	990.061
1196	35.5611	990.01
1198	35.6337	989.509
1199	35.6699	988.757
1200	35.706	988.41
1201	35.7429	988.384
1202	35.7795	988.054
1203	35.8183	987.008
1204	35.8616	986.543
1205	35.9014	973.545
1206	35.9403	973.484
1207	35.9824	942.44
1208	36.0269	941.152
1209	36.0659	939.901
1210	36.1049	939.676
1211	36.1454	938.618
1212	36.1823	938.51
1213	36.2206	938.202
1214	36.2617	936.955
1215	36.3097	936.935
1216	36.3824	936.661
1217	36.4734	936.572
1218	36.5281	934.361
1219	36.5654	932.064
1220	36.6023	931.757
1221	36.639	931.688
1222	36.6761	931.538
1223	36.7124	931.482
1224	36.7489	931.331
1225	36.7864	930.755
1226	36.8228	930.589
1227	36.859	930.549
1228	36.8955	930.37
1229	36.9316	928.886
1230	36.9677	928.763
1231	37.0045	928.539
1232	37.0414	928.523
1233	37.0784	928.506
1234	37.1144	928.409
1235	37.1505	927.703
1236	37.1869	927.657
1237	37.2245	927.509
1238	37.2624	926.59
1239	37.2996	926.538
1240	37.3365	926.217
1241	37.3729	926.128
1243	37.4454	925.976
1244	37.482	925.549
1245	37.5188	924.802
1246	37.5555	921.834
1247	37.5929	920.943
1248	37.6301	920.387
1249	37.6666	920.142
1250	37.7043	918.001
1251	37.7412	917.633
1252	37.7778	917.342
1253	37.8149	917.305
1254	37.8513	913.419
1255	37.8887	912.206
1256	37.9255	912.039
1257	37.9622	911.175
1258	38.0001	911.009
1259	38.0367	910.949
1260	38.0728	910.718
1261	38.1099	910.598
1262	38.1462	910.347
1263	38.184	908.892
1264	38.2239	908.638
1265	38.2604	908.38
1266	38.297	908.305
1267	38.3334	908.037
1268	38.371	907.933
1269	38.4084	907.735
1270	38.4456	906.739
1271	38.4826	906.706
1272	38.5191	906.25
1273	38.5588	906.191
1274	38.5976	906.034
1275	38.6343	906.026
1276	38.6709	905.941
1277	38.7077	905.531
1278	38.7449	905.485
1280	38.8184	904.853
1281	38.8555	904.614
1283	38.9304	901.619
1284	38.9674	901.419
1285	39.0043	900.925
1286	39.0409	900.836
1287	39.0803	900.339
1288	39.1178	900.188
1289	39.1554	899.999
1290	39.1922	899.233
1291	39.2288	898.671
1293	39.3246	898.502
1294	39.361	898.108
1295	39.3978	898.095
1296	39.4347	898.086
1297	39.4729	897.985
1298	39.5095	896.813
1299	39.5461	896.524
1300	39.5841	896.282
1302	39.6605	896.081
1303	39.6974	895.911
1304	39.7338	895.91
1305	39.7711	895.842
1306	39.8078	895.743
1307	39.8464	895.573
1308	39.883	894.488
1309	39.9207	892.894
1310	39.9575	892.784
1311	39.9962	892.274
1312	40.0334	890.836
1313	40.0701	888.574
1314	40.1071	888.53
1316	40.1813	888.107
1317	40.2184	887.828
1318	40.2563	887.796
1319	40.2933	881.761
1320	40.3311	881.162
1321	40.3682	880.801
1322	40.4053	880.793
1323	40.4417	880.756
1324	40.4792	880.653
1325	40.5172	880.545
1326	40.5551	880.292
1327	40.5923	880.181
1328	40.6292	878.709
1329	40.6659	878.514
1330	40.7043	878.511
1332	40.7796	878.376
1333	40.818	878.282
1334	40.8559	877.684
1335	40.8933	877.128
1336	40.9323	876.715
1337	40.97	876.67
1338	41.0074	862.448
1339	41.0445	862.152
1340	41.0816	857.648
1342	41.1578	857.407
1343	41.1945	857.319
1344	41.2315	833.003
1345	41.2683	832.741
1346	41.3077	832.557
1347	41.3448	832.485
1348	41.3819	831.359
1349	41.4201	815.035
1351	41.4945	814.865
1352	41.5323	812.403
1353	41.5698	811.837
1354	41.607	809.491
1355	41.644	809.457
1356	41.6824	808.731
1357	41.7196	808.672
1358	41.7566	808.051
1359	41.7936	807.327
1360	41.8306	807.316
1361	41.8681	807.131
1363	41.9433	807.049
1364	41.9807	807.019
1365	42.0175	806.468
1367	42.0936	805.972
1369	42.1685	805.971
1370	42.2064	805.536
1371	42.244	805.383
1372	42.2812	805.331
1374	42.355	804.842
1375	42.3927	804.815
1376	42.4296	804.57
1377	42.4675	804.553
1378	42.505	804.082
1379	42.5423	803.256
1380	42.5798	802.971
1381	42.6188	802.887
1382	42.6559	802.772
1383	42.6935	795.579
1384	42.7305	795.532
1385	42.7684	794.972
1386	42.8068	794.931
1387	42.8441	794.887
1388	42.8818	794.604
1389	42.9203	792.959
1390	42.9574	792.869
1391	42.9957	792.845
1392	43.0331	791.716
1393	43.0701	791.298
1394	43.1072	790.991
1395	43.1442	790.482
1396	43.181	789.655
1397	43.2186	787.536
1398	43.2561	787.4
1400	43.3308	787.359
1401	43.3694	784.697
1402	43.4063	784.493
1403	43.4437	783.79
1405	43.5173	783.612
1406	43.5554	783.34
1407	43.5926	783.303
1408	43.6297	782.695
1409	43.6664	782.558
1410	43.7035	782.058
1411	43.7411	781.885
1412	43.7785	781.723
1413	43.8154	781.509
1414	43.8527	779.675
1415	43.8901	779.51
1416	43.9269	779.35
1417	43.9639	779.348
1418	44.0025	779.038
1419	44.0403	778.78
1420	44.0793	778.147
1422	44.1534	778.016
1423	44.1905	777.88
1424	44.2273	777.655
1425	44.2647	777.46
1426	44.3025	777.301
1427	44.3397	777.149
1429	44.4148	777.115
1431	44.4898	777.085
1432	44.5273	774.631
1433	44.5643	774.563
1434	44.6034	773.943
1435	44.6406	771.042
1436	44.679	771.041
1438	44.7557	770.674
1439	44.7935	770.257
1440	44.8309	770.132
1441	44.8676	770.117
1442	44.9052	769.886
1443	44.9433	769.101
1444	44.9809	769.043
1445	45.0178	757.659
1446	45.0554	757.633
1447	45.0964	735.337
1448	45.1341	734.679
1449	45.1712	734.456
1450	45.2084	734.266
1451	45.2477	733.724
1452	45.2846	733.491
1453	45.3222	733.383
1454	45.3592	733.222
1455	45.3963	733.167
1456	45.4344	732.942
1457	45.4721	732.741
1458	45.5092	732.501
1460	45.584	732.318
1461	45.6221	732.191
1462	45.6592	732.095
1463	45.6968	731.951
1464	45.7345	731.557
1465	45.772	731.485
1466	45.8096	731.332
1467	45.8699	731.228
1468	45.9085	731.076
1469	45.9459	730.629
1470	45.9834	730.435
1471	46.0205	730.404
1472	46.0579	730.401
1474	46.1337	730.39
1475	46.1709	729.935
1476	46.2086	729.904
1477	46.2459	729.833
1478	46.2831	729.246
1479	46.3205	729.226
1480	46.3576	729.166
1481	46.3948	729.123
1482	46.4321	729.063
1483	46.4693	729.062
1484	46.5064	728.795
1485	46.5448	728.192
1486	46.5829	727.766
1487	46.6205	727.562
1488	46.6591	727.117
1489	46.6963	726.817
1490	46.7348	726.381
1491	46.7723	726.331
1492	46.8096	726.041
1494	46.8846	724.377
1495	46.941	723.522
1496	46.9857	723.415
1497	47.024	722.696
1498	47.0654	722.507
1499	47.1039	722.33
1500	47.1431	722.136
1501	47.1814	721.888
1502	47.219	721.864
1503	47.2571	721.167
1504	47.2977	721.134
1505	47.3358	721.053
1506	47.3743	720.996
1508	47.4525	720.93
1509	47.4925	720.73
1510	47.5371	720.326
1511	47.575	720.289
1512	47.6137	720.186
1513	47.6514	720.156
1514	47.6896	720.083
1515	47.7469	720.061
1516	47.7877	719.97
1518	47.8827	719.869
1519	47.9211	719.834
1520	47.9597	719.656
1521	47.9982	719.606
1523	48.0751	719.253
1525	48.1509	718.957
1526	48.1899	717.695
1527	48.2281	717.38
1528	48.2667	717.312
1529	48.3043	717.214
1530	48.3423	717.017
1531	48.3801	716.653
1534	48.515	715.727
1535	48.5539	715.719
1536	48.5914	715.694
1537	48.6293	715.616
1538	48.6672	714.972
1539	48.7055	714.799
1540	48.7444	714.793
1541	48.7825	714.784
1542	48.8202	714.635
1544	48.8965	714.615
1545	48.9342	714.555
1547	49.0106	714.502
1548	49.05	714.186
1549	49.0899	713.584
1550	49.1304	713.458
1552	49.2065	713.311
1553	49.2453	712.531
1554	49.2834	712.501
1556	49.3596	712.239
1557	49.3984	711.853
1558	49.4361	711.809
1559	49.4773	710.828
1561	49.5536	710.723
1562	49.5933	710.7
1563	49.6373	710.66
1564	49.6776	710.531
1565	49.7167	710.49
1566	49.7552	710.456
1567	49.7933	710.024
1568	49.8315	709.881
1569	49.8709	709.59
1570	49.9086	709.53
1571	49.9468	709.52
1572	49.9857	709.403
1573	50.0236	709.345
1575	50.0991	709.181
1577	50.1753	709.161
1578	50.2132	703.556
1579	50.2514	703.034
1580	50.2899	701.672
1581	50.3286	701.619
1582	50.3667	701.488
1583	50.4052	701.126
1584	50.4437	695.954
1585	50.4818	695.819
1586	50.5204	695.723
1587	50.5588	695.719
1588	50.597	693.901
1589	50.6357	682.276
1591	50.7116	682.155
1592	50.7498	679.701
1593	50.7881	679.68
1594	50.8267	678.694
1595	50.866	678.654
1596	50.9044	678.344
1597	50.9431	678.101
1598	50.9813	677.848
1599	51.0195	677.682
1600	51.0577	677.675
1601	51.0955	677.505
1602	51.1338	677.459
1603	51.1721	677.421
1605	51.2489	676.591
1607	51.3262	676.186
1609	51.4033	676.146
1610	51.4426	676.067
1611	51.4818	675.839
1612	51.5201	675.701
1613	51.5583	675.693
1614	51.5977	675.69
1615	51.6366	675.677
1616	51.678	675.398
1618	51.7561	675.07
1619	51.7965	674.411
1620	51.8349	674.092
1622	51.9122	673.979
1623	51.9503	667.545
1624	51.9891	667.519
1625	52.0272	667.449
1627	52.1041	667.368
1629	52.1819	666.633
1630	52.2276	666.546
1632	52.3046	666.109
1633	52.3438	665.959
1634	52.3818	665.821
1635	52.4207	665.461
1637	52.4971	664.14
1638	52.5358	664.118
1640	52.6127	664.081
1641	52.6519	661.338
1642	52.6904	661.023
1643	52.7286	660.889
1645	52.8053	660.866
1646	52.8439	660.732
1647	52.8825	660.538
1648	52.9216	660.038
1649	52.9601	659.98
1650	52.9983	659.785
1651	53.0363	659.718
1652	53.0749	659.703
1654	53.1508	656.775
1655	53.1888	656.669
1656	53.2268	656.505
1657	53.2653	656.498
1659	53.3418	656.122
1660	53.38	655.882
1662	53.4574	655.869
1664	53.5348	655.74
1665	53.5736	655.614
1666	53.6115	655.522
1667	53.6498	655.29
1668	53.6879	655.281
1669	53.726	655.239
1670	53.7648	655.149
1672	53.8422	653.332
1673	53.8816	653.329
1674	53.9203	652.788
1675	53.9584	650.533
1678	54.0731	650.211
1680	54.1493	650.062
1681	54.188	650.057
1682	54.227	650.03
1683	54.2659	649.846
1684	54.3039	649.815
1685	54.3421	649.601
1686	54.3804	649.573
1687	54.4184	613.597
1688	54.457	613.209
1689	54.4955	613.045
1690	54.5338	612.887
1691	54.5727	611.915
1692	54.6116	611.789
1693	54.6498	611.758
1694	54.6887	611.715
1695	54.728	611.666
1696	54.7668	611.581
1697	54.8048	611.52
1698	54.8429	611.246
1700	54.9192	610.988
1701	54.9577	610.762
1702	54.9971	610.696
1703	55.0349	610.651
1704	55.0733	610.557
1705	55.1112	610.498
1706	55.1494	610.341
1707	55.1874	610.198
1708	55.2257	610.058
1709	55.2636	608.763
1710	55.3019	608.535
1711	55.3401	608.483
1714	55.4551	608.33
1715	55.4931	607.994
1716	55.5318	607.956
1717	55.5705	607.953
1718	55.6086	607.856
1719	55.6467	607.842
1720	55.6847	607.82
1721	55.7227	607.732
1723	55.7992	607.728
1724	55.8382	607.36
1725	55.8763	606.965
1726	55.9166	606.09
1727	55.9617	606.008
1728	56.0028	605.76
1730	56.0833	604.584
1731	56.1215	604.534
1732	56.1597	603.728
1733	56.1985	603.614
1734	56.2377	602.629
1735	56.2758	602.269
1736	56.314	602.226
1737	56.352	601.884
1739	56.4294	601.775
1741	56.5057	601.7
1742	56.5439	601.694
1743	56.582	601.47
1744	56.6205	601.377
1745	56.6588	601.35
1746	56.6971	601.288
1747	56.7356	601.074
1748	56.7743	600.99
1749	56.8123	600.899
1750	56.8504	600.597
1751	56.8888	600.583
1752	56.9277	600.572
1753	56.9679	600.535
1754	57.0128	600.45
1755	57.0515	600.326
1756	57.093	600.294
1757	57.135	600.279
1758	57.1736	600.02
1759	57.2121	599.938
1760	57.2505	599.544
1761	57.2897	599.318
1762	57.3295	599.179
1763	57.3681	598.962
1764	57.4062	598.879
1765	57.4443	598.817
1766	57.4825	598.777
1767	57.5207	598.371
1768	57.5591	598.257
1769	57.6225	598.194
1771	57.7365	598.065
1772	57.775	597.896
1773	57.8135	597.792
1774	57.8516	597.412
1775	57.8899	597.394
1778	58.0053	597.103
1779	58.0438	596.993
1780	58.0825	596.877
1781	58.1217	596.842
1782	58.1597	596.744
1783	58.1979	596.629
1785	58.2775	596.53
1787	58.355	596.058
1788	58.3932	595.946
1789	58.4314	595.593
1790	58.4698	595.472
1792	58.5469	595.302
1793	58.5853	594.821
1794	58.6242	594.804
1795	58.663	594.786
1796	58.7014	594.758
1797	58.7397	594.43
1798	58.7785	594.3
1799	58.817	593.956
1800	58.8559	593.777
1801	58.894	593.678
1802	58.9327	593.674
1803	58.971	593.588
1804	59.0099	593.513
1805	59.0483	593.424
1806	59.0864	593.407
1807	59.1243	593.022
1808	59.1634	592.848
1810	59.2395	592.773
1811	59.2778	592.695
1812	59.3162	592.578
1813	59.3542	592.564
1815	59.4312	592.522
1817	59.5087	592.519
1819	59.5846	592.393
1820	59.6245	591.207
1821	59.6631	590.986
1822	59.7016	590.9
1823	59.7402	590.692
1824	59.7789	585.54
1826	59.8561	585.497
1827	59.8945	585.474
1828	59.9327	584.894
1829	59.971	575.683
1831	60.0476	575.601
1832	60.0859	574.5
1834	60.1625	573.883
1835	60.2013	573.515
1836	60.2419	573.238
1837	60.2826	573.135
1838	60.3243	573.005
1839	60.3635	572.515
1840	60.4018	572.51
1841	60.4416	572.409
1842	60.4826	572.326
1843	60.5213	572.272
1845	60.5993	571.792
1847	60.6767	571.457
1848	60.7158	570.816
1850	60.7931	570.701
1851	60.8325	570.64
1852	60.8718	570.513
1853	60.911	570.423
1854	60.9506	570.288
1855	60.9894	570.251
1856	61.0283	570.182
1858	61.1044	569.882
1859	61.1429	569.273
1860	61.1822	569.248
1862	61.2598	569.238
1863	61.2991	564.184
1864	61.3377	564.176
1865	61.3771	564.135
1867	61.4543	564.114
1868	61.4935	563.976
1869	61.5317	563.303
1872	61.6477	560.07
1873	61.6867	559.738
1874	61.7257	559.629
1875	61.7638	559.546
1877	61.843	559.392
1879	61.92	558.659
1880	61.9585	558.526
1881	61.9967	557.15
1882	62.0356	556.954
1883	62.0739	556.889
1885	62.1506	556.863
1886	62.1899	556.748
1887	62.2288	556.673
1888	62.2682	556.254
1889	62.3069	556.18
1890	62.3474	555.602
1891	62.3929	555.598
1894	62.5134	552.863
1895	62.5536	552.067
1896	62.5928	551.064
1898	62.6741	550.913
1899	62.7127	550.622
1900	62.7513	550.569
1901	62.7901	550.389
1902	62.8294	549.871
1904	62.9072	549.776
1905	62.9464	549.764
1906	62.9927	549.715
1907	63.0333	549.642
1909	63.1123	549.574
1910	63.151	549.459
1911	63.1972	549.451
1912	63.2425	547.772
1914	63.3189	547.35
1915	63.3572	545.854
1916	63.3964	545.843
1918	63.4736	545.796
1920	63.5502	545.666
1921	63.5891	545.659
1922	63.628	545.57
1923	63.6671	545.523
1924	63.7052	545.486
1925	63.7434	541.327
1926	63.7817	541.31
1927	63.8209	535.444
1928	63.8595	535.406
1929	63.9001	535.314
1930	63.9388	535.122
1931	63.9784	535.075
1932	64.0171	534.974
1933	64.0555	534.963
1934	64.0941	534.897
1935	64.1332	534.83
1936	64.1727	534.774
1937	64.2159	534.724
1940	64.3344	534.554
1941	64.3733	534.438
1942	64.4122	534.4
1943	64.4512	534.13
1944	64.4904	534.129
1945	64.5295	534.047
1946	64.5676	534.041
1947	64.6064	534.034
1948	64.6452	533.954
1949	64.683	533.707
1950	64.7201	533.594
1951	64.7577	533.588
1952	64.7946	533.586
1954	64.871	533.574
1955	64.9084	533.373
1956	64.9451	533.358
1957	64.9834	533.342
1958	65.0202	533.219
1959	65.0576	533.216
1960	65.0944	533.179
1961	65.1315	533.165
1963	65.2056	533.139
1964	65.2426	532.989
1965	65.2802	532.724
1966	65.3172	532.265
1967	65.3549	532.091
1968	65.3929	531.831
1969	65.4306	531.732
1970	65.4675	531.593
1971	65.5046	531.573
1972	65.5417	531.271
1973	65.5795	531.169
1974	65.6176	530.326
1975	65.6546	530.18
1976	65.6918	530.033
1977	65.7297	529.902
1980	65.8415	529.853
1981	65.8789	529.772
1982	65.9161	529.743
1983	65.9536	529.595
1984	65.991	529.589
1986	66.0659	529.572
1987	66.1034	529.44
1988	66.1412	529.376
1989	66.1787	529.337
1990	66.216	529.192
1991	66.2535	529.177
1992	66.2907	529.167
1993	66.3303	529.148
1994	66.3679	529.01
1995	66.4054	528.992
1996	66.4428	528.882
1997	66.4801	528.792
1998	66.5173	528.615
2000	66.5919	528.537
2001	66.6297	528.378
2003	66.7052	527.869
2004	66.7429	527.762
2005	66.7805	527.69
2007	66.8563	527.546
2008	66.8936	527.513
2009	66.9319	527.47
2011	67.009	527.323
2012	67.0464	527.284
2013	67.0844	527.228
2014	67.1225	527.015
2015	67.1599	527.001
2017	67.2355	526.91
2018	67.2816	526.671
2020	67.3584	526.55
2022	67.4339	526.524
2024	67.5101	526.511
2025	67.5478	526.372
2027	67.6235	526.127
2028	67.661	525.826
2032	67.8123	525.676
2033	67.85	525.651
2035	67.9266	525.644
2036	67.965	525.56
2037	68.003	525.518
2038	68.0414	525.412
2039	68.0799	524.865
2040	68.1182	524.71
2042	68.1938	524.678
2043	68.2317	524.622
2044	68.2701	524.494
2045	68.3087	524.452
2046	68.3466	524.446
2047	68.3847	524.344
2049	68.4601	524.315
2050	68.4982	524.203
2052	68.5744	524.11
2053	68.6126	524.093
2055	68.688	523.964
2056	68.7259	523.937
2057	68.7638	523.933
2058	68.8021	523.65
2059	68.8404	523.466
2060	68.8788	522.35
2063	68.9931	522.273
2064	69.032	521.434
2065	69.0708	521.354
2066	69.1102	521.326
2067	69.1489	521.278
2068	69.1869	521.198
2069	69.2258	518.89
2071	69.3016	518.739
2072	69.3397	517.532
2073	69.3777	517.474
2074	69.416	517.173
2075	69.4541	517.085
2076	69.4922	516.827
2077	69.5302	516.768
2078	69.569	516.664
2079	69.6068	516.594
2080	69.6451	516.592
2081	69.6833	516.25
2082	69.7214	516.244
2083	69.7597	516.228
2085	69.836	515.921
2087	69.912	515.695
2088	69.9502	515.502
2089	69.9883	515.478
2090	70.0272	515.398
2091	70.0657	515.251
2092	70.1051	515.179
2093	70.1439	514.946
2094	70.183	514.801
2095	70.2214	514.757
2096	70.2597	514.321
2098	70.3374	514.095
2099	70.3763	513.646
2101	70.4542	513.604
2102	70.4924	513.593
2103	70.5307	504.092
2105	70.6072	504.074
2106	70.6456	504.048
2107	70.6839	504.005
2108	70.7271	503.722
2109	70.767	503.183
2111	70.8446	502.664
2113	70.9222	502.36
2114	70.961	502.29
2115	70.9996	502.242
2117	71.078	502.066
2119	71.1551	501.974
2120	71.1939	501.922
2121	71.2332	501.101
2123	71.3157	501.033
2124	71.3557	500.9
2125	71.3939	500.896
2127	71.4725	500.892
2128	71.5114	500.765
2129	71.55	500.625
2130	71.5888	500.571
2131	71.6268	500.568
2132	71.6663	500.461
2133	71.7048	500.426
2134	71.7431	499.154
2136	71.8196	499.145
2137	71.8582	499.12
2139	71.9353	498.877
2140	71.9745	498.769
2141	72.0131	498.604
2142	72.0521	498.531
2144	72.1288	498.484
2145	72.1673	498.434
2146	72.2064	498.408
2147	72.2455	498.353
2149	72.3232	498.35
2150	72.3626	498.324
2151	72.4015	498.321
2152	72.4468	497.138
2153	72.4881	497.099
2154	72.5301	496.297
2155	72.5714	494.475
2157	72.6506	494.466
2159	72.7274	494.285
2160	72.7656	494.106
2162	72.8424	494.073
2163	72.8804	494.008
2164	72.9186	493.961
2165	72.9568	492.043
2167	73.0378	488.214
2168	73.0822	488.126
2169	73.1218	487.69
2170	73.1613	487.64
2171	73.1998	486.756
2172	73.2382	486.684
2173	73.2769	486.589
2174	73.3154	486.4
2175	73.3535	486.341
2176	73.3929	486.229
2177	73.4321	486.178
2180	73.5575	486.049
2181	73.5962	485.953
2182	73.6347	485.825
2183	73.6731	485.792
2184	73.7123	485.754
2185	73.7516	485.657
2186	73.7897	485.618
2187	73.8301	485.604
2188	73.8739	485.566
2189	73.9138	485.469
2190	73.9524	485.208
2192	74.0291	485.205
2194	74.106	485.193
2195	74.1449	483.343
2196	74.183	483.303
2197	74.2217	483.289
2198	74.2599	483.204
2199	74.2981	483.083
2200	74.3363	483.061
2201	74.3749	483.05
2202	74.4135	483.049
2203	74.4528	482.948
2204	74.4914	482.771
2205	74.5306	482.689
2206	74.5691	482.34
2207	74.6079	482.059
2208	74.6461	481.624
2209	74.6848	481.563
2210	74.7238	481.401
2211	74.7626	481.375
2212	74.8015	481.148
2213	74.8404	481.042
2214	74.8786	480.805
2216	74.9559	480.466
2217	74.9951	480.428
2218	75.0443	480.287
2219	75.0913	480.255
2221	75.1711	479.996
2222	75.2107	479.976
2223	75.2502	479.788
2224	75.2893	479.771
2225	75.3281	479.765
2226	75.3666	479.749
2227	75.4052	479.629
2228	75.4438	479.589
2229	75.4822	479.518
2230	75.5204	479.346
2232	75.6132	479.339
2233	75.6518	479.111
2234	75.6909	479.071
2235	75.7298	478.923
2238	75.8458	478.831
2239	75.8839	478.785
2240	75.9225	478.725
2241	75.9613	478.685
2243	76.0388	477.507
2244	76.0797	477.456
2245	76.121	477.377
2247	76.2055	477.319
2248	76.2573	477.268
2251	76.4095	477.178
2252	76.4527	477.145
2253	76.4932	477.127
2254	76.533	477.039
2255	76.5731	477.021
2259	76.7311	476.907
2260	76.7704	476.852
2261	76.8126	476.795
2262	76.8566	476.779
2263	76.8972	476.768
2265	76.9764	476.614
2266	77.0149	476.607
2267	77.0537	476.425
2268	77.0926	476.419
2269	77.1328	476.404
2270	77.1719	476.393
2273	77.2876	476.096
2274	77.3265	476.079
2275	77.3652	476.025
2276	77.4042	475.848
2277	77.4428	475.769
2278	77.481	475.67
2279	77.5197	475.455
2282	77.6354	475.389
2283	77.6739	475.373
2285	77.7525	475.349
2286	77.7922	475.336
2287	77.8323	475.319
2288	77.8712	475.26
2289	77.9105	475.214
2290	77.9495	475.114
2291	77.9884	474.844
2292	78.0277	474.394
2293	78.0665	474.388
2295	78.1441	474.183
2296	78.1827	474.171
2297	78.2212	474.167
2298	78.2605	473.764
2299	78.3005	473.686
2300	78.3393	472.02
2301	78.3799	471.907
2302	78.4196	471.867
2304	78.4965	470.784
2305	78.5349	470.706
2306	78.5735	470.705
2307	78.6168	470.658
2308	78.6558	470.618
2309	78.6952	467.897
2311	78.7724	467.771
2312	78.8112	467.712
2313	78.8503	467.663
2314	78.8887	467.513
2315	78.9285	467.445
2316	78.9671	467.348
2318	79.0448	466.91
2319	79.0835	466.901
2321	79.1608	466.723
2322	79.2005	466.613
2323	79.2396	466.361
2324	79.2793	466.298
2325	79.3185	466.255
2327	79.3962	466.082
2328	79.4352	465.862
2329	79.4748	465.839
2330	79.5138	465.702
2331	79.5529	465.26
2333	79.6314	464.716
2334	79.6709	464.558
2335	79.7107	464.529
2336	79.7494	464.15
2337	79.7885	464.133
2338	79.8273	464.119
2339	79.866	463.732
2340	79.9053	463.728
2341	79.944	463.673
2342	79.9845	463.653
2343	80.0247	460.982
2344	80.0639	460.979
2345	80.1033	460.975
2349	80.2592	460.829
2351	80.3371	460.664
2352	80.3754	460.126
2353	80.4147	459.958
2354	80.4534	459.957
2355	80.492	459.829
2357	80.5702	459.711
2359	80.6484	459.671
2360	80.6873	459.633
2361	80.7265	459.193
2362	80.7655	459.151
2367	80.96	459.086
2369	81.0382	459.041
2370	81.0775	458.979
2371	81.1168	458.929
2373	81.1942	458.85
2374	81.2338	458.221
2376	81.3117	458.21
2378	81.391	458.043
2379	81.4303	458.022
2380	81.4696	457.82
2381	81.5088	457.783
2384	81.6248	457.689
2386	81.7019	457.638
2390	81.858	457.564
2392	81.9366	456.516
2393	81.9761	456.511
2395	82.0536	455.325
2397	82.1319	455.275
2400	82.2522	455.242
2401	82.2921	455.236
2402	82.3315	454.951
2403	82.3703	454.917
2404	82.4099	454.905
2405	82.4487	453.791
2406	82.4875	453.788
2407	82.5266	451.841
2408	82.5657	451.829
2409	82.6044	451.267
2410	82.6439	451.247
2412	82.7216	451.207
2413	82.7603	451.193
2414	82.7991	451.097
2415	82.8382	451.079
2416	82.8775	450.967
2417	82.9163	450.908
2418	82.9556	450.812
2420	83.0333	450.727
2421	83.0726	450.705
2422	83.111	450.59
2423	83.1505	450.578
2424	83.1897	450.415
2425	83.2285	450.299
2426	83.2673	450.267
2427	83.3064	450.226
2428	83.3458	450.156
2429	83.3845	449.908
2430	83.423	449.798
2431	83.4616	449.785
2432	83.5006	449.782
2434	83.5778	449.754
2435	83.6171	449.388
2436	83.6557	449.364
2437	83.6953	449.333
2438	83.7343	449.114
2439	83.7732	449.094
2440	83.8119	449.025
2441	83.8507	449.012
2443	83.9305	448.973
2444	83.97	448.806
2445	84.0086	448.719
2446	84.0478	448.613
2447	84.087	448.258
2448	84.126	448.215
2450	84.2037	448.123
2451	84.2428	448.099
2452	84.2819	447.571
2453	84.3208	447.543
2454	84.3614	447.427
2455	84.4012	447.424
2456	84.4406	447.368
2457	84.4803	447.34
2461	84.6354	447.1
2462	84.6747	447.089
2464	84.7526	447.075
2467	84.8691	447.009
2468	84.9079	446.928
2469	84.9467	446.813
2470	84.9854	446.685
2471	85.0241	446.666
2472	85.0627	446.652
2473	85.1016	446.613
2474	85.1403	446.586
2475	85.1797	446.549
2477	85.2582	446.54
2478	85.2976	446.45
2480	85.3772	446.444
2481	85.416	446.422
2482	85.455	446.403
2483	85.4939	446.307
2484	85.5327	446.174
2485	85.5715	446.026
2486	85.6104	445.969
2487	85.6499	445.897
2489	85.7672	445.841
2491	85.8499	445.78
2492	85.8903	445.751
2494	85.9681	445.678
2495	86.0077	445.668
2497	86.0854	445.567
2498	86.1243	445.545
2500	86.2023	445.499
2502	86.2805	445.487
2505	86.3971	445.369
2506	86.4359	445.322
2507	86.4751	445.319
2508	86.5146	445.188
2510	86.5946	445.184
2512	86.6725	445.15
2513	86.7115	445.036
2514	86.7509	445.019
2515	86.7897	445.013
2516	86.8292	444.876
2517	86.8679	444.747
2518	86.9071	444.144
2519	86.946	443.777
2520	86.9854	443.712
2522	87.0638	443.487
2523	87.1031	443.472
2524	87.1431	443.466
2525	87.1818	443.429
2526	87.2213	443.396
2527	87.2603	443.357
2530	87.3775	443.261
2532	87.4564	443.066
2533	87.4958	443.037
2535	87.5752	442.753
2536	87.6144	442.697
2538	87.692	442.152
2539	87.7314	442.109
2540	87.7706	441.008
2542	87.8484	440.988
2544	87.9264	439.085
2545	87.9657	439.044
2546	88.0047	438.996
2547	88.0438	438.98
2548	88.0827	438.815
2549	88.1217	437.149
2551	88.2	437.02
2554	88.3174	436.978
2555	88.3569	436.873
2557	88.4356	436.819
2559	88.5143	436.803
2561	88.5929	436.792
2563	88.6706	436.65
2567	88.8294	436.544
2568	88.8688	436.471
2569	88.9089	436.443
2570	88.9486	436.397
2571	88.9883	436.116
2573	89.0665	435.948
2574	89.1054	435.864
2575	89.1446	435.835
2576	89.1833	435.695
2578	89.2614	435.639
2579	89.3006	435.118
2581	89.3805	435.037
2582	89.4205	434.983
2583	89.4602	434.14
2585	89.5383	434.112
2588	89.6589	434.066
2591	89.7772	433.968
2593	89.8558	433.826
2594	89.896	433.824
2595	89.9359	433.682
2598	90.0718	433.68
2599	90.1128	433.663
2601	90.1934	433.538
2602	90.2381	433.526
2603	90.2987	433.51
2604	90.3459	433.369
2607	90.4685	433.345
2608	90.5084	433.218
2609	90.5491	433.183
2611	90.6287	433.182
2614	90.7483	432.526
2616	90.8275	432.202
2620	90.9884	432.034
2621	91.0283	432.006
2624	91.1464	431.999
2626	91.2289	431.991
2629	91.3519	431.937
2630	91.3908	431.809
2631	91.43	431.806
2632	91.4688	431.231
2633	91.5089	431.195
2635	91.5879	430.373
2640	91.7868	430.122
2641	91.8261	430.12
2642	91.8656	430.064
2643	91.9045	429.872
2644	91.9437	429.858
2645	91.9828	429.262
2646	92.0374	429.261
2647	92.0897	427.92
2648	92.1441	427.602
2649	92.1911	427.292
2650	92.2319	427.28
2651	92.2713	427.152
2652	92.3133	427.085
2653	92.3554	427.058
2654	92.3944	426.977
2655	92.4337	426.936
2656	92.473	426.926
2657	92.5121	426.884
2658	92.5514	426.825
2659	92.5913	426.536
2660	92.6304	426.497
2661	92.6699	426.474
2662	92.7089	426.381
2663	92.7488	426.279
2664	92.7885	426.226
2665	92.8273	426.209
2666	92.867	426.178
2667	92.9064	426.166
2668	92.9455	426.156
2669	92.9846	425.966
2670	93.0247	425.77
2671	93.0647	425.758
2672	93.1047	425.756
2674	93.1854	425.734
2675	93.225	425.173
2676	93.2645	425.169
2678	93.3436	425.13
2679	93.3826	425.109
2680	93.4329	425.108
2681	93.4801	425.1
2683	93.579	425.088
2684	93.6278	425.043
2685	93.6678	424.99
2686	93.7079	424.873
2687	93.7491	424.78
2688	93.7884	424.729
2689	93.8282	424.724
2690	93.8677	424.619
2691	93.9069	424.605
2692	93.948	424.466
2694	94.0271	424.441
2697	94.1458	424.439
2700	94.266	424.401
2701	94.3066	424.273
2707	94.5544	424.215
2708	94.5945	424.159
2709	94.6345	423.782
2710	94.6741	423.304
2711	94.7131	423.261
2712	94.7536	423.232
2713	94.7935	423.208
2714	94.833	423.193
2715	94.8725	423.168
2716	94.9121	423.12
2717	94.9519	423.068
2718	94.9924	423.049
2720	95.0706	422.985
2721	95.1101	422.975
2722	95.1497	422.747
2724	95.2287	422.702
2725	95.2679	422.639
2726	95.3075	422.595
2729	95.427	422.586
2730	95.4664	422.355
2731	95.5062	422.297
2732	95.5456	422.295
2733	95.5854	422.265
2734	95.6258	422.22
2735	95.6659	422.212
2737	95.7456	422.11
2738	95.7853	421.868
2740	95.8647	421.695
2742	95.9434	421.681
2743	95.9825	421.676
2744	96.0224	421.673
2745	96.0623	421.619
2747	96.1408	421.452
2748	96.1799	421.311
2750	96.2587	421.298
2751	96.299	421.266
2753	96.3788	421.224
2754	96.4197	421.213
2755	96.4746	421.197
2756	96.5265	421.043
2757	96.5711	420.728
2758	96.6184	420.226
2759	96.6605	420.05
2761	96.7423	420.037
2762	96.7829	419.844
2763	96.8236	419.839
2764	96.8624	419.781
2765	96.9009	419.777
2767	96.977	419.756
2768	97.0153	419.648
2770	97.0919	419.551
2772	97.1753	419.324
2773	97.2194	419.313
2775	97.3019	419.256
2776	97.3449	419.201
2778	97.4396	418.818
2779	97.4902	418.761
2780	97.5441	417.937
2782	97.6235	417.888
2784	97.7014	417.198
2786	97.7786	417.179
2787	97.8169	417.163
2788	97.8548	417.126
2789	97.8936	416.483
2790	97.9317	416.33
2791	97.9699	416.194
2792	98.0092	414.667
2793	98.0475	414.6
2794	98.0858	414.58
2795	98.1237	414.409
2797	98.2016	413.941
2799	98.278	413.863
2800	98.3166	413.86
2801	98.3553	413.833
2803	98.433	413.749
2804	98.4715	413.735
2807	98.5877	413.426
2808	98.6269	413.383
2809	98.6663	413.324
2810	98.7065	413.287
2811	98.7454	413.221
2813	98.8228	413.048
2814	98.8614	412.96
2815	98.8996	412.937
2816	98.9381	412.84
2817	98.9767	412.804
2819	99.0544	412.583
2820	99.0929	412.579
2822	99.1693	412.578
2823	99.2085	411.463
2830	99.4795	411.44
2832	99.5569	411.389
2835	99.6751	410.933
2840	99.8689	410.927
2844	100.028	410.834
2847	100.144	410.771
2848	100.182	410.649
2851	100.299	410.637
2853	100.376	410.625
2854	100.416	410.027
2855	100.456	410.025
2856	100.495	409.783
2860	100.653	409.528
2866	100.886	409.513
2870	101.042	409.403
2872	101.119	408.855
2873	101.159	408.756
2874	101.198	408.71
2875	101.237	407.976
2876	101.276	407.935
2880	101.437	407.9
2881	101.486	407.89
2882	101.535	407.865
2883	101.575	407.713
2884	101.624	407.552
2885	101.666	407.482
2886	101.707	407.476
2887	101.747	406.921
2888	101.788	406.851
2889	101.83	406.817
2890	101.87	406.755
2891	101.911	406.61
2892	101.951	406.531
2893	101.991	406.51
2894	102.03	406.448
2895	102.069	406.442
2896	102.11	406.388
2897	102.149	406.354
2898	102.189	406.301
2899	102.228	405.996
2900	102.267	405.942
2902	102.347	405.903
2903	102.387	405.894
2904	102.427	405.83
2905	102.465	405.829
2906	102.505	405.806
2907	102.545	405.791
2908	102.584	405.732
2909	102.624	404.873
2910	102.664	404.612
2911	102.703	404.601
2912	102.742	404.6
2913	102.782	404.6
2914	102.821	404.595
2915	102.861	404.468
2916	102.9	404.464
2917	102.939	404.448
2918	102.978	404.325
2919	103.017	404.324
2920	103.057	404.315
2921	103.097	404.296
2922	103.136	404.285
2923	103.176	404.268
2924	103.214	404.191
2926	103.294	404.03
2927	103.333	403.973
2928	103.372	403.876
2929	103.411	403.788
2930	103.45	403.728
2931	103.489	403.632
2932	103.528	403.46
2933	103.568	403.437
2934	103.608	403.378
2937	103.734	403.221
2939	103.816	403.218
2940	103.855	403.188
2941	103.894	402.978
2942	103.933	402.973
2944	104.028	402.965
2946	104.108	402.963
2947	104.147	402.909
2948	104.186	402.856
2949	104.225	402.805
2950	104.265	402.718
2951	104.306	402.709
2952	104.35	402.692
2953	104.393	402.675
2954	104.433	402.656
2955	104.473	402.631
2958	104.591	402.616
2959	104.631	402.604
2960	104.671	402.599
2961	104.71	402.583
2963	104.796	402.344
2965	104.878	402.298
2966	104.917	402.265
2967	104.957	402.253
2969	105.035	402.239
2971	105.115	402.205
2975	105.271	402.204
2976	105.31	402.2
2977	105.349	402.162
2978	105.389	401.938
2980	105.469	401.852
2982	105.555	401.836
2984	105.634	401.835
2985	105.673	401.78
2988	105.791	401.311
2989	105.834	401.283
2990	105.877	401.281
2992	105.964	401.275
2994	106.042	401.272
2996	106.121	401.094
2997	106.161	401.063
2999	106.242	400.962
3000	106.282	400.962
3002	106.36	400.757
3004	106.443	400.725
3005	106.519	400.701
3006	106.56	400.648
3007	106.601	400.63
3008	106.641	400.542
3010	106.72	400.48
3012	106.799	400.342
3013	106.838	400.315
3015	106.917	400.239
3018	107.036	399.301
3020	107.115	398.751
3022	107.196	398.711
3024	107.276	398.005
3026	107.354	397.985
3028	107.435	397.981
3029	107.475	397.76
3031	107.554	397.66
3032	107.594	397.287
3035	107.714	397.244
3036	107.753	396.973
3037	107.794	396.902
3039	107.884	396.804
3040	107.937	396.799
3041	107.977	396.791
3047	108.216	396.67
3048	108.256	396.523
3050	108.337	396.439
3051	108.379	396.381
3053	108.464	396.122
3054	108.504	396.119
3055	108.544	396.102
3056	108.583	395.905
3058	108.664	395.899
3059	108.703	395.48
3060	108.743	395.47
3064	108.901	395.469
3066	108.979	395.469
3069	109.097	395.462
3072	109.215	395.027
3073	109.255	394.972
3074	109.294	394.966
3075	109.334	394.698
3078	109.453	394.695
3082	109.612	394.688
3085	109.73	394.687
3088	109.849	394.652
3091	109.968	394.63
3092	110.008	394.401
3094	110.087	394.304
3096	110.166	394.169
3097	110.206	394.12
3100	110.327	394.068
3102	110.406	394.061
3105	110.526	393.927
3109	110.686	393.852
3110	110.726	393.43
3112	110.805	393.285
3113	110.844	393.27
3114	110.884	393.155
3115	110.923	392.662
3116	110.963	392.659
3117	111.002	392.605
3121	111.16	392.605
3122	111.2	392.575
3123	111.24	392.564
3124	111.28	392.546
3125	111.32	392.444
3126	111.359	392.442
3127	111.398	391.968
3128	111.439	391.875
3130	111.518	391.804
3131	111.557	391.781
3132	111.596	391.703
3133	111.636	391.664
3134	111.721	391.622
3135	111.765	391.608
3136	111.806	391.602
3137	111.846	391.563
3140	111.965	391.515
3142	112.044	391.49
3144	112.123	391.465
3145	112.163	391.448
3146	112.202	391.42
3147	112.242	391.416
3148	112.281	391.333
3149	112.321	391.317
3150	112.36	390.902
3151	112.4	390.894
3152	112.44	390.878
3154	112.519	390.876
3158	112.678	390.849
3159	112.719	390.848
3161	112.8	390.843
3162	112.839	390.799
3164	112.919	390.777
3166	112.997	390.736
3167	113.037	390.703
3168	113.076	390.658
3169	113.115	390.498
3170	113.155	390.46
3171	113.195	390.449
3172	113.234	390.362
3174	113.314	390.22
3176	113.393	390.218
3180	113.551	390.217
3181	113.591	390.128
3182	113.631	390.127
3186	113.789	390.119
3188	113.867	390.1
3189	113.907	390.007
3190	113.947	389.874
3191	113.986	389.852
3192	114.026	389.841
3193	114.066	389.82
3194	114.105	389.813
3195	114.144	389.802
3199	114.301	389.793
3200	114.341	389.78
3201	114.38	389.515
3205	114.537	389.495
3206	114.576	389.479
3207	114.616	389.456
3208	114.656	389.45
3209	114.696	389.447
3211	114.775	389.391
3215	114.937	389.387
3217	115.016	389.338
3218	115.055	389.243
3220	115.135	389.047
3223	115.254	389.014
3225	115.334	388.978
3228	115.452	388.922
3230	115.53	388.909
3232	115.609	388.811
3233	115.649	388.793
3234	115.688	388.787
3235	115.728	388.764
3236	115.767	388.621
3237	115.807	388.603
3238	115.847	388.594
3239	115.887	388.231
3242	116.006	388.104
3243	116.045	388.104
3244	116.085	388.085
3245	116.124	388.084
3246	116.164	387.997
3247	116.204	387.942
3250	116.323	387.884
3252	116.402	387.727
3253	116.442	387.625
3254	116.481	387.621
3255	116.521	387.501
3258	116.639	387.002
3260	116.718	386.804
3262	116.798	386.773
3263	116.838	386.771
3264	116.877	386.621
3269	117.078	386.48
3271	117.161	386.403
3272	117.201	385.371
3274	117.28	385.292
3276	117.361	385.177
3277	117.404	385.061
3280	117.528	385.06
3282	117.616	384.771
3283	117.657	384.71
3284	117.703	384.684
3286	117.783	384.64
3287	117.827	384.526
3288	117.873	384.514
3289	117.915	384.471
3290	117.97	384.426
3291	118.031	384.227
3293	118.131	383.792
3295	118.211	383.777
3296	118.251	383.36
3299	118.37	383.141
3302	118.489	383.137
3306	118.648	383.124
3307	118.689	383.113
3309	118.768	383.031
3311	118.85	382.927
3313	118.929	382.89
3314	118.969	382.885
3315	119.008	382.854
3319	119.167	382.836
3320	119.207	382.831
3331	119.65	382.822
3333	119.73	382.763
3334	119.771	382.529
3335	119.811	382.398
3336	119.85	382.314
3337	119.891	382.241
3340	120.01	382.092
3342	120.09	382.09
3345	120.209	382.024
3348	120.33	382.019
3349	120.369	382.017
3350	120.409	381.973
3352	120.489	381.838
3354	120.57	381.687
3355	120.611	381.256
3357	120.691	381.237
3360	120.811	381.224
3361	120.85	381.212
3362	120.891	381.21
3364	120.971	381.188
3365	121.011	381.087
3367	121.099	380.693
3368	121.145	380.651
3371	121.269	380.503
3372	121.309	380.447
3373	121.349	380.444
3374	121.39	380.436
3375	121.43	380.432
3376	121.471	380.417
3377	121.513	380.383
3380	121.636	380.366
3382	121.717	380.336
3383	121.757	380.334
3384	121.798	380.315
3385	121.838	380.304
3386	121.878	380.288
3387	121.92	380.281
3388	121.96	380.25
3389	122	380.233
3390	122.039	379.922
3391	122.079	379.909
3392	122.119	379.907
3393	122.161	379.903
3394	122.2	379.901
3395	122.241	379.889
3398	122.37	379.673
3399	122.413	379.668
3401	122.505	379.664
3402	122.546	379.617
3403	122.586	379.615
3406	122.718	379.55
3407	122.762	379.507
3408	122.802	379.459
3409	122.843	379.439
3410	122.883	379.429
3411	122.923	379.421
3412	122.965	379.328
3413	123.005	379.278
3414	123.046	379.263
3419	123.247	379.246
3421	123.341	379.171
3422	123.391	379.169
3425	123.522	379.149
3426	123.563	379.123
3428	123.643	379.102
3429	123.684	379.005
3430	123.726	378.891
3432	123.805	378.88
3433	123.845	378.868
3434	123.885	378.862
3435	123.925	378.855
3436	123.965	378.704
3439	124.084	378.703
3440	124.124	378.667
3441	124.163	378.637
3444	124.281	378.617
3445	124.321	378.559
3446	124.36	378.543
3447	124.4	378.515
3449	124.479	378.5
3451	124.576	378.479
3455	124.763	378.473
3456	124.804	378.468
3457	124.845	378.423
3460	124.966	378.273
3462	125.047	378.254
3465	125.169	378.244
3466	125.209	378.226
3467	125.25	378.213
3468	125.29	378.203
3469	125.332	378.196
3472	125.453	378.076
3476	125.628	378.031
3477	125.668	377.99
3479	125.748	377.89
3480	125.788	377.888
3481	125.827	377.795
3482	125.872	377.757
3485	125.992	377.756
3486	126.033	377.732
3487	126.072	377.725
3488	126.112	377.679
3490	126.191	377.616
3492	126.27	377.539
3493	126.311	377.513
3494	126.351	377.414
3495	126.391	377.368
3496	126.43	377.358
3497	126.47	377.357
3498	126.511	376.914
3500	126.591	376.684
3502	126.671	376.64
3503	126.712	376.638
3504	126.752	376.624
3505	126.791	376.615
3506	126.832	376.609
3507	126.872	376.586
3509	126.952	376.36
3511	127.034	376.292
3512	127.074	375.943
3513	127.113	375.925
3514	127.153	375.874
3517	127.273	375.791
3520	127.393	375.79
3522	127.472	375.734
3524	127.555	375.713
3527	127.675	375.663
3528	127.715	375.609
3529	127.755	375.578
3530	127.795	375.533
3531	127.836	375.431
3533	127.915	375.28
3535	127.996	375.261
3536	128.037	375.171
3538	128.122	375.148
3539	128.186	374.952
3542	128.309	374.836
3547	128.513	374.82
3549	128.593	374.673
3551	128.672	374.239
3553	128.75	374.204
3554	128.79	374.196
3555	128.829	374.134
3558	128.947	374.133
3559	128.996	374.127
3561	129.078	373.942
3565	129.237	373.926
3567	129.317	373.917
3571	129.481	373.883
3573	129.58	373.774
3574	129.631	373.316
3576	129.733	373.135
3577	129.793	373.13
3582	130.001	373.122
3588	130.24	373.11
3589	130.279	373.105
3590	130.318	373.046
3592	130.396	373.03
3593	130.435	373.03
3595	130.513	372.899
3597	130.6	372.882
3598	130.639	372.853
3601	130.756	372.844
3603	130.834	372.829
3604	130.873	372.789
3605	130.912	372.695
3606	130.952	372.691
3607	130.991	372.294
3608	131.03	372.229
3609	131.069	372.223
3610	131.108	372.137
3611	131.147	372.121
3612	131.187	372.092
3613	131.226	372.082
3616	131.343	372.076
3617	131.389	372.041
3620	131.511	372.026
3622	131.589	372.012
3623	131.628	372.01
3624	131.667	371.962
3625	131.709	371.943
3626	131.756	371.933
3627	131.796	371.928
3628	131.835	371.92
3629	131.874	371.907
3630	131.915	371.583
3631	131.954	371.581
3633	132.032	371.575
3634	132.071	371.572
3638	132.261	371.526
3639	132.3	371.517
3642	132.419	371.515
3644	132.498	371.499
3645	132.537	371.488
3646	132.575	371.42
3647	132.615	371.394
3648	132.654	371.368
3650	132.732	371.353
3651	132.771	371.347
3652	132.811	371.266
3656	132.998	371.265
3658	133.078	371.262
3660	133.165	371.26
3661	133.204	371.192
3662	133.245	371.175
3663	133.285	371.165
3664	133.324	371.148
3666	133.403	371.138
3668	133.483	371.096
3669	133.522	371.041
3670	133.562	370.967
3671	133.601	370.96
3672	133.64	370.953
3673	133.68	370.948
3675	133.78	370.938
3676	133.823	370.928
3678	133.908	370.915
3679	133.95	370.899
3680	133.99	370.875
3681	134.03	370.871
3685	134.187	370.832
3687	134.265	370.806
3688	134.304	370.802
3690	134.389	370.789
3691	134.431	370.743
3695	134.592	370.743
3697	134.672	370.536
3700	134.79	370.441
3702	134.869	370.43
3705	134.988	370.383
3708	135.116	370.308
3710	135.195	370.296
3715	135.407	370.293
3716	135.446	370.275
3717	135.487	370.247
3718	135.526	370.23
3719	135.567	370.141
3721	135.645	370.135
3722	135.685	370.115
3723	135.73	370.108
3724	135.774	370.105
3725	135.814	370.102
3727	135.894	370.102
3730	136.013	370.043
3732	136.092	370.012
3733	136.139	369.998
3734	136.205	369.968
3735	136.245	369.926
3738	136.363	369.85
3740	136.442	369.84
3741	136.482	369.819
3742	136.525	369.792
3744	136.608	369.695
3745	136.648	369.672
3746	136.689	369.671
3749	136.807	369.589
3751	136.898	369.532
3752	136.937	369.477
3755	137.057	369.465
3757	137.136	369.43
3759	137.216	369.411
3767	137.569	369.368
3769	137.655	369.363
3770	137.698	369.306
3771	137.75	369.151
3773	137.832	369.056
3774	137.871	369.05
3775	137.912	369.03
3776	137.953	368.95
3779	138.101	368.924
3782	138.231	368.861
3784	138.31	368.859
3785	138.35	368.855
3786	138.389	368.843
3787	138.429	368.666
3789	138.508	368.658
3793	138.668	368.586
3794	138.714	368.581
3795	138.758	368.48
3796	138.799	368.45
3798	138.882	368.449
3799	138.923	368.427
3802	139.046	368.42
3805	139.178	368.391
3807	139.261	368.39
3811	139.423	368.233
3814	139.544	368.084
3816	139.627	368.058
3817	139.668	368.039
3818	139.709	368.021
3820	139.815	367.992
3822	139.899	367.985
3823	139.943	367.954
3825	140.027	367.918
3828	140.146	367.912
3830	140.226	367.828
3832	140.306	367.821
3833	140.346	367.819
3835	140.426	367.677
3836	140.466	367.663
3837	140.506	367.648
3841	140.666	367.644
3842	140.706	367.617
3844	140.786	367.605
3845	140.826	367.581
3846	140.866	367.577
3847	140.907	367.35
3848	140.947	367.31
3849	140.988	367.293
3850	141.03	367.271
3851	141.072	367.26
3852	141.112	367.238
3853	141.152	367.225
3857	141.313	367.211
3859	141.392	367.127
3860	141.432	367.112
3863	141.553	367.101
3864	141.593	367.088
3865	141.633	367.068
3866	141.673	367.057
3867	141.713	367.056
3868	141.753	367.044
3870	141.833	366.793
3871	141.872	366.792
3873	141.954	366.789
3874	141.993	366.785
3875	142.033	366.781
3877	142.112	366.773
3878	142.152	366.748
3879	142.192	366.746
3882	142.311	366.741
3884	142.39	366.741
3885	142.43	366.727
3886	142.471	366.693
3887	142.511	366.664
3888	142.552	366.656
3890	142.632	366.647
3891	142.673	366.634
3892	142.713	366.563
3896	142.872	366.547
3898	142.952	366.25
3900	143.032	366.055
3901	143.071	365.993
3902	143.112	365.991
3906	143.274	365.961
3907	143.314	365.96
3908	143.354	365.944
3909	143.393	365.899
3910	143.433	365.847
3911	143.473	365.844
3913	143.553	365.84
3914	143.594	365.839
3915	143.634	365.824
3916	143.674	365.788
3919	143.793	365.78
3920	143.833	365.747
3921	143.873	365.737
3923	143.953	365.727
3924	143.993	365.669
3925	144.033	365.571
3926	144.073	365.54
3927	144.113	365.506
3934	144.393	365.493
3935	144.433	365.484
3937	144.512	365.456
3939	144.591	365.449
3940	144.632	365.376
3942	144.712	365.305
3945	144.832	365.282
3946	144.872	365.259
3948	144.952	365.221
3950	145.031	365.205
3954	145.191	365.203
3955	145.231	365.179
3957	145.311	365.115
3959	145.392	365.058
3961	145.473	364.975
3963	145.553	364.975
3965	145.632	364.971
3967	145.712	364.97
3969	145.792	364.968
3970	145.832	364.935
3972	145.914	364.901
3975	146.033	364.844
3977	146.113	364.844
3978	146.152	364.616
3979	146.192	364.587
3980	146.232	364.513
3981	146.272	364.482
3982	146.312	364.458
3984	146.391	364.452
3986	146.471	364.445
3987	146.512	364.431
3989	146.591	364.347
3990	146.631	364.325
3991	146.671	364.264
3992	146.71	364.045
3995	146.83	363.94
3997	146.909	363.918
4000	147.029	363.918
4001	147.069	363.761
4002	147.109	363.625
4007	147.309	363.561
4009	147.389	363.553
4010	147.43	363.528
4011	147.47	363.438
4013	147.551	363.36
4015	147.633	363.346
4016	147.673	363.271
4018	147.753	363.264
4019	147.794	363.228
4020	147.835	363.207
4022	147.916	363.18
4027	148.115	363.161
4029	148.195	362.922
4031	148.275	362.916
4033	148.355	362.815
4036	148.475	362.811
4038	148.555	362.81
4039	148.595	362.786
4040	148.635	362.786
4042	148.715	362.719
4045	148.835	362.709
4047	148.916	362.704
4049	148.997	362.648
4051	149.077	362.611
4054	149.222	362.475
4056	149.303	362.415
4057	149.353	362.41
4065	149.688	362.379
4070	149.905	362.311
4073	150.025	362.308
4075	150.105	362.15
4080	150.33	362.09
4081	150.37	362.081
4084	150.491	362.072
4085	150.531	362.04
4086	150.571	362.037
4087	150.612	361.901
4088	150.655	361.846
4091	150.786	361.843
4092	150.829	361.823
4093	150.869	361.811
4095	150.977	361.772
4096	151.026	361.761
4097	151.071	361.75
4100	151.199	361.728
4103	151.323	361.72
4104	151.365	361.71
4105	151.405	361.693
4106	151.447	361.69
4107	151.487	361.688
4108	151.527	361.678
4110	151.607	361.44
4111	151.647	361.439
4114	151.768	361.436
4115	151.809	361.424
4116	151.849	361.423
4118	151.93	361.401
4119	151.971	361.398
4121	152.053	361.393
4122	152.093	361.393
4126	152.254	361.388
4127	152.294	361.369
4128	152.334	361.343
4131	152.454	361.335
4132	152.494	361.266
4138	152.735	361.253
4140	152.815	361.233
4141	152.856	361.159
4142	152.896	361.151
4144	152.977	361.149
4146	153.057	361.143
4148	153.138	361.138
4149	153.178	361.109
4150	153.219	361.091
4152	153.3	361.085
4154	153.38	361.08
4155	153.42	361.07
4158	153.541	361.069
4163	153.741	360.88
4164	153.781	360.825
4165	153.831	360.812
4166	153.871	360.793
4167	153.911	360.723
4168	153.951	360.721
4170	154.031	360.714
4174	154.194	360.71
4175	154.235	360.709
4176	154.275	360.69
4180	154.434	360.661
4182	154.514	360.633
4185	154.634	360.631
4188	154.754	360.624
4189	154.794	360.614
4192	154.915	360.43
4194	154.995	360.428
4195	155.036	360.387
4196	155.076	360.338
4197	155.117	360.305
4198	155.156	360.294
4199	155.197	360.256
4200	155.237	360.141
4203	155.357	360.138
4205	155.437	360.135
4210	155.636	360.104
4212	155.716	360.044
4214	155.796	360.034
4215	155.836	360.018
4216	155.877	360.01
4218	155.957	359.812
4221	156.077	359.801
4222	156.117	359.789
4223	156.158	359.787
4224	156.198	359.786
4225	156.239	359.777
4227	156.32	359.766
4229	156.406	359.757
4231	156.487	359.712
4232	156.528	359.666
4235	156.65	359.656
4241	156.889	359.647
4242	156.929	359.479
4247	157.128	359.464
4249	157.209	359.463
4250	157.25	359.423
4251	157.29	359.379
4253	157.382	359.364
4255	157.502	359.354
4256	157.543	359.319
4258	157.625	359.305
4259	157.665	359.118
4260	157.706	359.107
4262	157.787	359.103
4265	157.909	359.089
4266	157.951	359.081
4267	157.993	359.07
4270	158.123	359.069
4272	158.211	359.046
4273	158.256	358.867
4274	158.299	358.859
4278	158.485	358.857
4284	158.767	358.851
4285	158.807	358.789
4287	158.887	358.787
4289	158.968	358.759
4291	159.049	358.736
4292	159.089	358.726
4293	159.129	358.717
4294	159.169	358.626
4295	159.209	358.618
4297	159.289	358.611
4299	159.369	358.6
4301	159.448	358.598
4304	159.569	358.595
4306	159.65	358.593
4307	159.691	358.591
4308	159.733	358.574
4309	159.774	358.543
4311	159.857	358.539
4312	159.897	358.493
4313	159.938	358.486
4315	160.02	357.527
4318	160.142	357.51
4319	160.184	357.51
4321	160.265	357.505
4324	160.388	357.5
4325	160.429	357.474
4326	160.469	357.471
4327	160.51	357.343
4328	160.555	357.324
4330	160.64	357.294
4331	160.681	357.282
4332	160.72	357.274
4334	160.799	357.237
4335	160.839	357.232
4336	160.877	357.229
4337	160.924	357.222
4340	161.043	357.198
4343	161.16	357.19
4344	161.199	357.185
4345	161.238	357.175
4346	161.278	357.173
4347	161.317	357.172
4350	161.435	356.987
4354	161.598	356.986
4358	161.756	356.963
4359	161.819	356.96
4360	161.859	356.952
4361	161.9	356.947
4364	162.019	356.93
4366	162.097	356.911
4367	162.136	356.901
4368	162.175	356.874
4369	162.218	356.861
4370	162.261	356.841
4371	162.301	356.834
4372	162.341	356.742
4376	162.498	356.739
4381	162.697	356.699
4382	162.738	356.696
4383	162.777	356.684
4387	162.939	356.682
4388	162.981	356.679
4389	163.02	356.659
4392	163.139	356.654
4393	163.179	356.645
4394	163.222	356.642
4395	163.283	356.635
4396	163.324	356.562
4401	163.536	356.56
4403	163.614	356.558
4404	163.653	356.491
4405	163.692	356.473
4407	163.769	356.452
4408	163.809	356.447
4409	163.847	356.435
4419	164.282	356.421
4420	164.322	356.221
4422	164.402	356.217
4424	164.48	356.21
4432	164.791	356.191
4434	164.869	356.191
4435	164.908	356.161
4436	164.948	356.125
4437	164.987	356.108
4438	165.026	356.074
4439	165.071	355.899
4445	165.312	355.897
4446	165.352	355.895
4450	165.512	355.859
4452	165.591	355.814
4453	165.631	355.813
4455	165.711	355.803
4456	165.75	355.799
4458	165.827	355.743
4461	165.946	355.74
4462	165.985	355.726
4464	166.063	355.725
4465	166.104	355.647
4467	166.209	355.63
4468	166.252	355.624
4471	166.371	355.583
4475	166.529	355.552
4477	166.607	355.545
4479	166.686	355.532
4482	166.804	355.429
4483	166.843	355.413
4487	167.048	355.41
4490	167.169	355.379
4493	167.294	355.303
4494	167.333	355.3
4495	167.373	355.286
4496	167.413	355.269
4499	167.533	355.209
4500	167.573	355.209
4503	167.69	355.161
4506	167.808	355.153
4508	167.888	355.081
4513	168.088	354.934
4514	168.127	354.933
4518	168.286	354.933
4519	168.325	354.912
4520	168.365	354.909
4522	168.454	354.855
4525	168.572	354.834
4527	168.651	354.832
4530	168.769	354.739
4531	168.808	354.737
4533	168.886	354.726
4534	168.926	354.676
4538	169.087	354.653
4544	169.329	354.649
4545	169.371	354.628
4547	169.452	354.575
4549	169.532	354.572
4551	169.612	354.564
4555	169.773	354.385
4561	170.014	354.384
4562	170.056	354.343
4564	170.183	354.312
4565	170.236	354.296
4566	170.283	354.293
4567	170.325	354.285
4568	170.369	354.264
4569	170.41	354.1
4570	170.45	354.076
4571	170.491	354.065
4572	170.53	354
4573	170.57	353.918
4574	170.61	353.912
4575	170.654	353.906
4576	170.699	353.903
4577	170.74	353.895
4582	170.938	353.894
4583	170.978	353.875
4584	171.018	353.87
4585	171.058	353.868
4586	171.103	353.851
4587	171.146	353.85
4588	171.187	353.844
4590	171.269	353.713
4591	171.308	353.709
4596	171.509	353.708
4597	171.561	353.695
4598	171.609	353.675
4599	171.648	353.672
4600	171.688	353.668
4601	171.728	353.666
4602	171.768	353.642
4603	171.808	353.628
4604	171.848	353.626
4606	171.927	353.605
4607	171.967	353.593
4608	172.007	353.59
4610	172.086	353.567
4611	172.126	353.56
4612	172.166	353.342
4614	172.247	353.322
4615	172.287	353.32
4616	172.327	353.315
4621	172.528	353.248
4622	172.568	353.248
4624	172.649	353.247
4625	172.691	353.242
4626	172.731	353.241
4628	172.834	353.239
4631	172.978	353.229
4632	173.019	353.226
4633	173.06	353.223
4635	173.142	353.216
4637	173.223	353.207
4639	173.306	353.206
4640	173.346	353.201
4641	173.386	353.196
4644	173.507	353.16
4645	173.547	353.157
4646	173.587	353.146
4648	173.666	353.122
4654	173.906	353.12
4655	173.946	353.119
4656	173.986	353.025
4659	174.107	353.005
4660	174.147	352.97
4662	174.226	352.907
4666	174.388	352.904
4668	174.468	352.887
4670	174.549	352.883
4672	174.629	352.874
4674	174.709	352.873
4677	174.827	352.861
4679	174.908	352.795
4682	175.027	352.792
4683	175.066	352.791
4684	175.106	352.785
4685	175.146	352.779
4687	175.226	352.778
4690	175.345	352.752
4692	175.425	352.735
4693	175.464	352.719
4694	175.504	352.707
4695	175.544	352.69
4697	175.624	352.69
4699	175.703	352.684
4700	175.743	352.647
4702	175.822	352.631
4703	175.861	352.613
4704	175.901	352.604
4705	175.942	352.597
4707	176.022	352.578
4709	176.101	352.572
4711	176.18	352.533
4712	176.22	352.483
4718	176.459	352.477
4719	176.498	352.443
4720	176.538	352.437
4722	176.618	352.356
4724	176.698	352.269
4729	176.895	352.262
4730	176.935	352.23
4731	176.975	352.221
4732	177.014	352.218
4733	177.054	352.188
4734	177.094	352.183
4735	177.134	352.181
4737	177.213	352.169
4738	177.252	352.16
4739	177.293	352.108
4744	177.492	352.107
4746	177.571	352.089
4753	177.85	351.872
4758	178.048	351.871
4760	178.139	351.863
4762	178.228	351.831
4763	178.274	351.822
4765	178.361	351.807
4770	178.613	351.77
4771	178.666	351.765
4774	178.785	351.727
4776	178.864	351.656
4780	179.024	351.652
4782	179.103	351.649
4784	179.183	351.64
4786	179.263	351.637
4787	179.304	351.621
4788	179.344	351.619
4790	179.424	351.617
4795	179.623	351.273
4796	179.663	351.268
4799	179.782	351.26
4800	179.822	351.259
4802	179.902	351.24
4803	179.941	351.225
4804	179.981	351.223
4805	180.021	351.215
4806	180.061	351.206
4807	180.101	351.192
4808	180.141	351.17
4809	180.18	351.141
4810	180.221	351.131
4812	180.303	351.035
4813	180.345	351.024
4814	180.385	351
4815	180.425	350.994
4816	180.465	350.993
4817	180.505	350.987
4818	180.545	350.968
4823	180.744	350.964
4824	180.784	350.96
4825	180.824	350.958
4826	180.864	350.949
4827	180.904	350.948
4830	181.023	350.825
4836	181.263	350.821
4838	181.344	350.806
4839	181.383	350.803
4840	181.423	350.8
4841	181.463	350.798
4846	181.663	350.796
4847	181.703	350.794
4848	181.743	350.78
4849	181.783	350.776
4850	181.822	350.757
4851	181.863	350.756
4852	181.903	350.575
4854	181.983	350.558
4855	182.024	350.54
4856	182.064	350.521
4858	182.145	350.492
4859	182.186	350.489
4860	182.225	350.489
4861	182.266	350.456
4862	182.307	350.452
4863	182.347	350.445
4865	182.428	350.434
4868	182.55	350.419
4869	182.59	350.419
4870	182.632	350.41
4871	182.671	350.375
4872	182.711	350.355
4875	182.83	350.345
4878	182.951	350.336
4884	183.192	350.322
4888	183.354	350.307
4890	183.434	350.3
4892	183.515	350.271
4894	183.596	350.266
4895	183.636	350.263
4896	183.677	350.24
4900	183.838	350.213
4905	184.039	350.207
4907	184.12	350.155
4908	184.159	350.146
4912	184.32	350.106
4914	184.4	350.106
4916	184.48	350.1
4917	184.52	350.094
4919	184.602	350.032
4922	184.725	350.031
4927	184.925	350.015
4928	184.965	350.01
4930	185.044	349.989
4932	185.124	349.987
4933	185.164	349.982
4935	185.245	349.973
4938	185.365	349.913
4941	185.484	349.893
4942	185.524	349.884
4943	185.564	349.854
4944	185.604	349.852
4945	185.644	349.849
4947	185.724	349.838
4951	185.885	349.81
4952	185.925	349.773
4960	186.244	349.77
4961	186.284	349.761
4962	186.324	349.748
4963	186.364	349.73
4970	186.644	349.704
4971	186.684	349.666
4974	186.803	349.664
4975	186.843	349.66
4979	187.005	349.412
4993	187.616	349.285
5000	187.896	349.282
# FIN	187.897	349.282

