# target=instancias/starrynight.png T=240 iters=5000 K=32 seed=auto
iter	segundos	MSE
0	0.00196372	11348.9
1	0.0184751	11329.2
2	0.0351904	11250.5
3	0.0520396	11239
4	0.0689116	11191.9
5	0.0856295	11170.1
6	0.102364	11163
7	0.119097	11142.2
8	0.135697	11138.5
9	0.152345	11110.6
10	0.169358	11099.5
11	0.186921	11081.4
12	0.204076	11078.2
13	0.220982	11069.9
14	0.237942	11060.1
15	0.255024	11057.4
16	0.272525	11025.3
17	0.290245	10970.5
18	0.308019	10945.2
19	0.325518	10938.5
20	0.343261	10911.6
21	0.360384	10904.8
22	0.377389	10900.6
23	0.39459	10895.9
24	0.411817	10841.2
25	0.428969	10836.8
26	0.44655	10788
27	0.463622	10778.8
28	0.481132	10747.2
29	0.498761	10677.9
30	0.516618	10668.9
31	0.534288	10651
32	0.551834	10647.8
33	0.56956	10639.9
34	0.58712	10636.6
35	0.60478	10588.4
36	0.622249	10561.7
37	0.639995	10561.5
38	0.657908	10548.9
39	0.675779	10537.5
40	0.693653	10528.9
41	0.711163	10446.1
42	0.728712	10416.9
43	0.746813	10385.4
44	0.764431	10368.4
45	0.782105	10362.7
46	0.799705	10320.1
47	0.817323	10290.1
48	0.835186	10180.8
49	0.853046	10175.2
50	0.87087	10124.3
51	0.888598	10119.1
52	0.906479	10091.9
53	0.924266	10081.8
54	0.942067	10069.8
55	0.95989	10035.7
56	0.977809	10014.8
57	0.995627	10003.6
58	1.01337	10003
59	1.03208	9968.02
60	1.05057	9966.39
61	1.06878	9956.67
62	1.0871	9932.27
63	1.10508	9904.59
64	1.12432	9886.29
65	1.14324	9798.73
66	1.16252	9798.07
67	1.18136	9789.59
68	1.19968	9715.22
69	1.2187	9707.06
70	1.23728	9665.41
71	1.25596	9663.94
72	1.27437	9662.48
73	1.29287	9622.69
74	1.31125	9602.48
75	1.32987	9601.34
76	1.34831	9600.91
77	1.36685	9522.56
78	1.38601	9441.75
79	1.40545	9427.55
80	1.42378	9412.69
81	1.44248	9344.74
82	1.46135	9344.72
83	1.48018	9341.29
84	1.49988	9338.34
85	1.51871	9298.57
86	1.53761	9280.78
87	1.55624	9278.73
88	1.57508	9261.21
89	1.59459	9215.74
90	1.61415	9204.86
91	1.63315	9202.5
92	1.65181	9183.01
93	1.6705	9150.54
94	1.68923	9149.71
95	1.70934	9131.01
96	1.7288	9122.01
97	1.74865	9120.81
98	1.76779	9083.19
99	1.7871	9080.91
100	1.80636	9080.16
101	1.82542	9077.5
102	1.84461	9076.43
103	1.86417	9064.93
104	1.8836	9052.38
105	1.90274	9050.4
106	1.92184	8929.97
107	1.94102	8897.38
108	1.96059	8880.4
109	1.97992	8878.38
110	1.99985	8867.31
111	2.01922	8855.71
112	2.03895	8822.33
113	2.05841	8811.66
114	2.07793	8783.67
115	2.09759	8739.13
116	2.11819	8737.33
117	2.13837	8676.64
118	2.15836	8547.25
119	2.17818	8542.59
120	2.19799	8517.1
121	2.218	8500.88
122	2.23759	8479.51
123	2.2575	8466.25
124	2.2773	8460.22
125	2.297	8395.48
126	2.31741	8390.38
127	2.33745	8351.52
128	2.35732	8349.41
129	2.37724	8322.97
130	2.39737	8316
131	2.41749	8300.84
132	2.43758	8300.15
133	2.45782	8285.49
134	2.47902	8277.57
135	2.50024	8274.32
136	2.52198	8274.16
137	2.54221	8271.42
138	2.56234	8264.52
139	2.58255	8256.76
140	2.60341	8256.73
141	2.6235	8245.07
142	2.64406	8183.59
143	2.66417	8161.66
144	2.68498	8160.85
145	2.70683	8030.44
146	2.72758	8021.36
147	2.74819	7989.27
148	2.76849	7980.8
149	2.78893	7975.7
150	2.80979	7964.14
151	2.83009	7918.22
152	2.85046	7912.12
153	2.87114	7877.87
154	2.89167	7835.64
155	2.91209	7823.8
156	2.93265	7811.91
157	2.95377	7776.83
158	2.97426	7747.14
159	2.99485	7746.12
160	3.01595	7743.98
161	3.03655	7730.89
162	3.05738	7708.97
163	3.07791	7702.41
164	3.09874	7702.17
165	3.11972	7672.86
166	3.14067	7636.99
167	3.16202	7627.22
168	3.18301	7602.03
169	3.20376	7570.67
170	3.22488	7566.14
171	3.24625	7566
172	3.26719	7546.06
173	3.28803	7525.95
174	3.30948	7525.03
175	3.33077	7515.4
176	3.35226	7510.52
177	3.3734	7505.8
178	3.39438	7505.05
179	3.41553	7496.93
180	3.43656	7493.83
181	3.4576	7491.25
182	3.47872	7482.85
183	3.49988	7480.51
184	3.52099	7456.3
185	3.54267	7420.19
186	3.56441	7415.11
187	3.5862	7411.12
188	3.60763	7409.85
189	3.6292	7403.89
190	3.65042	7344.99
191	3.67204	7342.06
192	3.69373	7313.27
193	3.7156	7303.5
194	3.73735	7300.08
195	3.75915	7290.34
196	3.78197	7284.2
197	3.80348	7238.03
198	3.82494	7230.58
199	3.84654	7186.22
200	3.86833	7156.52
201	3.88994	7150.65
202	3.91177	7124.93
203	3.93358	7122.8
204	3.95602	7105.83
205	3.97775	7093.58
206	4.00007	7093.19
207	4.02256	7091.88
208	4.04447	7088.32
209	4.06685	7087.99
210	4.08899	7081.04
211	4.11081	7071.57
212	4.13275	6991.15
213	4.15465	6985.09
214	4.17677	6916.32
215	4.19919	6898.74
216	4.22143	6846.73
217	4.24333	6829.73
218	4.26588	6827.4
219	4.28831	6812.4
220	4.31095	6806.88
221	4.33359	6806.25
222	4.35594	6806.14
223	4.37826	6782.69
224	4.40118	6777.39
225	4.42357	6766.12
226	4.44597	6759.79
227	4.46838	6727.66
228	4.49055	6718.52
229	4.51287	6712.62
230	4.53561	6711.91
231	4.55799	6703.64
232	4.58047	6698.73
233	4.60273	6643.86
234	4.62506	6629.43
235	4.6473	6628.07
236	4.67055	6626.51
237	4.69341	6619.74
238	4.71704	6568.46
239	4.74016	6559.28
240	4.76257	6555.42
241	4.78514	6539.08
242	4.80756	6512.86
243	4.83006	6508.34
244	4.85259	6487.27
245	4.87593	6435.11
246	4.8984	6432.97
247	4.92079	6404.98
248	4.9435	6404.37
249	4.96619	6392.42
250	4.9891	6382.2
251	5.01171	6370.92
252	5.0346	6368.42
253	5.05734	6367.05
254	5.08	6364
255	5.1027	6363.8
256	5.12559	6354.68
257	5.14843	6331.4
258	5.17105	6311.94
259	5.19452	6310.94
260	5.21753	6304.23
261	5.2412	6278.14
262	5.26457	6273.72
263	5.28821	6270.66
264	5.31147	6230.1
265	5.33477	6227.19
266	5.35783	6185.47
267	5.3811	6184.79
268	5.4047	6167.98
269	5.42802	6123.55
270	5.45114	6118.48
271	5.47489	6113.19
272	5.49845	6109.11
273	5.52177	6105.2
274	5.54525	6102.99
275	5.56859	6089.44
276	5.59208	6060.97
277	5.61573	6057.74
278	5.63934	6036.1
279	5.66321	6035.12
280	5.68668	6006.75
281	5.71039	5967.84
282	5.73423	5941.46
283	5.75824	5937.01
284	5.78184	5932.82
285	5.8059	5906.46
286	5.83028	5880.25
287	5.85402	5853.38
288	5.87795	5780.84
289	5.9024	5750.31
290	5.92647	5705.19
291	5.95128	5676.58
292	5.97551	5670.2
293	6.00024	5651.23
294	6.02444	5637.58
295	6.04864	5633.76
296	6.073	5633.04
297	6.09777	5612.98
298	6.12179	5604.73
299	6.14569	5558.5
300	6.16991	5554.96
301	6.19391	5530.59
302	6.21819	5527.53
303	6.24242	5507.74
304	6.26686	5505.59
305	6.29112	5470.3
306	6.31542	5469.28
307	6.33984	5468.7
308	6.3632	5455.22
309	6.38694	5453.67
310	6.41085	5435.99
311	6.43492	5435.68
312	6.45861	5435.46
313	6.48248	5430.62
314	6.50591	5421.19
315	6.52951	5420.94
316	6.55309	5419.31
317	6.57651	5364.28
318	6.60029	5294.56
319	6.62431	5293.87
320	6.6482	5292.09
321	6.6725	5226.88
322	6.69653	5226.87
323	6.7201	5221.31
324	6.74375	5216.49
325	6.76768	5197.57
326	6.79125	5196.72
327	6.81478	5195.82
328	6.83847	5194.95
329	6.86295	5156.71
330	6.88803	5150.92
331	6.91198	5149.71
332	6.9362	5148.55
333	6.96003	5091.93
334	6.98439	5091.1
335	7.00841	5074.49
336	7.03245	5070.26
337	7.05622	5069.44
338	7.0804	5065.35
339	7.10502	5062.68
340	7.12877	5060.33
341	7.15258	5057.16
342	7.1766	5056.59
343	7.20039	5055.35
344	7.22435	4980.42
345	7.24837	4978.37
346	7.27225	4888.95
347	7.29647	4881.12
348	7.32038	4875.1
349	7.34434	4874.31
350	7.36854	4872.67
351	7.39269	4855.71
352	7.41675	4839.04
353	7.44075	4836.95
354	7.4652	4823.69
355	7.48967	4798.8
356	7.51401	4797.78
357	7.53829	4757.59
358	7.56262	4754.85
359	7.58703	4752.97
360	7.6112	4747.85
361	7.63579	4735.83
362	7.66031	4729.34
363	7.68455	4729.17
364	7.70897	4723.26
365	7.73358	4696.69
366	7.75834	4687.25
367	7.78256	4681.67
368	7.80718	4680.97
369	7.83182	4671.05
370	7.85612	4669.42
371	7.88054	4663.08
372	7.90504	4662.08
373	7.92952	4651.24
374	7.95397	4646.66
375	7.97874	4645.54
376	8.00339	4645.25
377	8.02797	4642.39
379	8.0773	4640.95
380	8.10181	4640.92
381	8.12651	4637.99
382	8.1515	4613.42
383	8.17676	4588.02
384	8.20186	4587.79
385	8.22718	4531.54
386	8.25264	4525.48
387	8.27749	4516.87
388	8.30229	4508.8
389	8.32732	4508.79
390	8.35263	4503.96
391	8.37778	4482.61
392	8.40292	4480
393	8.42831	4439.27
394	8.45349	4437.11
395	8.47897	4424.45
396	8.50448	4418.96
397	8.53025	4382.63
398	8.5554	4381.2
399	8.5815	4380.56
400	8.60672	4379.35
401	8.63207	4363.96
402	8.65757	4355.92
403	8.68319	4355.5
404	8.70864	4354.77
405	8.73399	4341.49
406	8.75974	4338.03
407	8.78524	4335.58
408	8.81062	4325.03
409	8.8364	4306
410	8.86204	4300.31
411	8.88815	4299.87
412	8.91399	4276.23
413	8.93938	4273.01
414	8.96493	4272.54
415	8.9915	4259.98
416	9.01792	4250.64
417	9.04418	4246.53
418	9.07041	4246.4
419	9.09599	4239.66
420	9.12174	4236.91
421	9.14738	4230.13
422	9.17319	4211.31
423	9.19875	4210.87
424	9.22489	4203.87
425	9.25082	4186.03
426	9.27651	4177.52
427	9.303	4171.3
428	9.32902	4171.09
429	9.35537	4167.75
430	9.38131	4127.46
431	9.40716	4124.88
432	9.43344	4119.86
433	9.45954	4103.15
434	9.48589	4099.24
435	9.51255	4093.26
436	9.53933	4091.72
437	9.56558	4083.91
438	9.59173	4082.12
439	9.61834	4058.23
440	9.64496	4025.25
441	9.67136	4023.38
442	9.69776	4007.66
443	9.72453	4006.05
444	9.75087	4004.97
445	9.77757	4003.3
446	9.80419	4002.59
447	9.83085	4002.31
448	9.85801	4001.72
449	9.8849	4000.49
450	9.91159	3999.91
451	9.93842	3990.56
452	9.96501	3976.35
453	9.99179	3975.76
454	10.0191	3873.22
455	10.0456	3873.04
456	10.073	3859.23
457	10.0999	3845.15
458	10.1266	3842.66
459	10.1535	3840.22
460	10.1808	3839.48
461	10.2084	3838.65
462	10.2354	3837.9
463	10.2624	3825.44
464	10.2901	3824.4
465	10.3171	3822.17
466	10.344	3818.7
467	10.3711	3794.46
468	10.3983	3776.58
469	10.4253	3774.22
470	10.4539	3770.58
471	10.4818	3770.24
472	10.5094	3769.97
473	10.5371	3754.5
474	10.5646	3717.19
475	10.5919	3716.42
476	10.6192	3714.86
477	10.6465	3712.74
478	10.6741	3688.06
479	10.7014	3683.43
480	10.7286	3682.59
481	10.756	3678.28
482	10.7832	3666.45
483	10.8106	3665.66
484	10.8383	3659.51
485	10.8658	3649.51
486	10.8935	3649.22
487	10.921	3600.66
488	10.9487	3600.03
489	10.9774	3598.2
490	11.0066	3593.78
491	11.0343	3593.57
492	11.0619	3591.71
493	11.0895	3590.21
494	11.1171	3589.71
495	11.1464	3587.38
496	11.1748	3584.68
497	11.2025	3560.94
498	11.2302	3538.45
499	11.2578	3537.59
500	11.2883	3536.29
501	11.3204	3514.62
502	11.353	3513.56
503	11.3824	3513.29
504	11.4114	3496.95
505	11.4401	3495.38
506	11.4716	3478.56
507	11.5015	3477.23
508	11.5328	3476.57
509	11.5626	3393.59
510	11.591	3390.35
511	11.626	3387.23
512	11.6552	3385.88
513	11.6953	3383.53
514	11.7348	3382.09
515	11.786	3378.86
516	11.8244	3378.08
517	11.8526	3377.8
518	11.8812	3373.57
519	11.9097	3373.1
520	11.9382	3342.46
521	11.9666	3319.68
522	11.9948	3312.71
523	12.0231	3310.14
524	12.0512	3309.56
525	12.0793	3227.56
526	12.1085	3222.25
527	12.1379	3196.29
528	12.1664	3173.91
529	12.1946	3160.03
530	12.2228	3126.74
531	12.2517	3034.04
532	12.2804	3033.43
533	12.3087	3012.91
534	12.3376	3005.21
535	12.3671	3003.71
536	12.3958	3001.64
537	12.4252	2996.31
538	12.4538	2995.8
539	12.4827	2965.54
540	12.5111	2958.02
541	12.54	2953.87
542	12.5685	2946.01
543	12.5978	2927.9
544	12.6268	2926.29
545	12.6556	2908.43
546	12.6844	2907.49
547	12.7131	2901.44
548	12.7418	2899.89
549	12.771	2899.26
550	12.8	2880.13
551	12.8288	2880.07
552	12.8578	2879.89
553	12.8869	2869.98
554	12.9162	2863.5
555	12.9453	2863.23
556	12.9741	2863.13
557	13.0034	2797.97
558	13.0322	2701.86
559	13.0617	2701.55
560	13.0918	2699.04
561	13.1211	2656.51
562	13.1501	2656.5
563	13.1795	2656.14
564	13.2084	2652.33
565	13.2385	2649.27
566	13.2681	2647.22
567	13.2982	2645.63
568	13.3297	2645.23
569	13.3591	2644.12
570	13.3888	2643.17
571	13.418	2641.99
572	13.4485	2640.96
573	13.4787	2621.98
574	13.5085	2621.06
575	13.5378	2620.22
576	13.5674	2618.35
577	13.5969	2618
578	13.6267	2617.4
579	13.6566	2617.19
580	13.6862	2615.7
581	13.7156	2615.28
582	13.7453	2615.22
583	13.775	2613.92
584	13.8046	2583.36
585	13.8347	2583.1
586	13.8643	2531.64
587	13.8939	2531.09
588	13.9242	2530.68
589	13.9545	2529.98
590	13.9844	2528.35
591	14.0149	2523.34
592	14.0447	2511.12
593	14.0741	2510.74
594	14.1046	2502.17
595	14.1351	2500.39
596	14.1648	2499.89
597	14.1943	2465.86
598	14.2245	2456.76
599	14.255	2456.67
600	14.2848	2452.94
601	14.3145	2452.8
602	14.3449	2451.97
603	14.3752	2450.59
604	14.4049	2449.47
605	14.4347	2440.81
606	14.4643	2440.35
607	14.494	2436.31
608	14.524	2436.15
609	14.554	2414.87
610	14.5844	2414.37
611	14.6151	2414.08
612	14.6454	2413.34
613	14.6753	2412.33
614	14.7061	2411.44
615	14.7367	2411.39
616	14.7667	2411.2
617	14.7968	2410.5
618	14.8271	2410.07
619	14.8575	2409.06
620	14.8872	2408.99
621	14.9182	2404.42
622	14.9482	2370.09
623	14.9783	2362.39
624	15.0082	2362.08
625	15.0386	2345.07
626	15.0694	2343.88
627	15.0992	2342.95
628	15.1291	2336.86
629	15.1602	2336.83
630	15.1901	2334.76
631	15.2204	2309.32
632	15.2514	2306.72
633	15.2816	2303.91
634	15.3117	2301.75
635	15.3423	2300.43
636	15.3727	2299.69
637	15.4037	2290.01
638	15.4348	2289.75
639	15.4669	2289.12
640	15.4982	2288.32
641	15.5286	2286.05
642	15.5595	2285.24
643	15.5899	2285.2
644	15.6205	2284.2
645	15.6514	2266.32
646	15.6817	2265.66
647	15.7128	2264.82
648	15.743	2243.48
649	15.7734	2226.46
650	15.804	2221.86
651	15.835	2221.74
652	15.8661	2182.45
653	15.897	2181.43
654	15.9278	2181.23
655	15.9583	2177.66
656	15.9887	2166.97
657	16.0192	2166.83
658	16.0501	2166.81
659	16.0808	2160.04
660	16.1116	2158.45
661	16.1424	2157.45
662	16.1731	2146.38
663	16.2037	2146.22
664	16.2343	2145.54
665	16.265	2142.97
666	16.2955	2142.2
667	16.3264	2128.28
668	16.3575	2128.14
669	16.3887	2127.76
670	16.4201	2123.28
671	16.4508	2122.02
672	16.4814	2115.9
673	16.5129	2109.43
674	16.5441	2107.89
675	16.5751	2103.31
676	16.6058	2102.13
677	16.6369	2095.1
678	16.6677	2094.9
679	16.699	2092.08
680	16.7296	2090.82
681	16.7608	2089.99
682	16.7918	2061.34
683	16.8225	2060.91
684	16.8535	2059.68
685	16.8842	2059.01
686	16.9151	2058.85
687	16.9464	2058.5
688	16.9772	2056.18
689	17.0084	2054.32
690	17.0403	2052.59
691	17.0718	2050.52
692	17.1031	2049.79
693	17.1341	2049.31
694	17.1659	2014.72
695	17.1976	2014.6
696	17.2289	2013.28
697	17.2602	2006.5
698	17.2911	2004.36
699	17.3226	2001.99
700	17.3541	1999
701	17.3852	1998.88
702	17.4165	1998.74
703	17.4475	1978.96
704	17.4794	1977.57
705	17.5109	1977.06
706	17.5421	1975.57
707	17.5733	1962.71
708	17.6048	1959.88
709	17.6372	1959.63
710	17.67	1957.04
711	17.7017	1956.79
712	17.7326	1956.53
713	17.764	1844.68
714	17.7959	1832.97
715	17.8272	1832.77
716	17.8586	1829.94
717	17.8921	1825.11
718	17.9237	1814.73
719	17.9549	1814.66
720	17.9863	1814.38
721	18.0178	1813.67
722	18.049	1810.52
723	18.0811	1810.03
724	18.1128	1805.43
725	18.1449	1802.05
726	18.1764	1801.79
727	18.2083	1798.8
728	18.2398	1798.27
729	18.2717	1795.88
730	18.3035	1792.5
731	18.335	1792.17
732	18.3667	1791.54
733	18.3983	1791.08
734	18.4303	1790.82
735	18.4627	1790.68
736	18.495	1790.35
737	18.5275	1773.28
738	18.5595	1759.77
739	18.5921	1759.24
740	18.6249	1758.54
741	18.6577	1752.84
742	18.6905	1752.79
743	18.7226	1752.6
744	18.7546	1748.32
745	18.787	1747.75
746	18.819	1743.75
747	18.8511	1743.44
748	18.8829	1740.43
749	18.9151	1738.08
750	18.9476	1737.48
751	18.9797	1737.24
752	19.0117	1734.25
753	19.0441	1734.04
754	19.0768	1732.92
755	19.109	1731.54
756	19.1411	1730.61
757	19.1742	1730.6
758	19.2065	1729.89
759	19.2387	1729.82
760	19.2711	1696.78
761	19.3033	1666.56
762	19.3355	1654.36
763	19.3677	1654.08
764	19.4	1653.27
765	19.4326	1629.79
766	19.465	1629.23
767	19.4974	1627.41
768	19.53	1624.99
769	19.5628	1622.54
770	19.5954	1617.46
771	19.6276	1556.89
772	19.6601	1556.88
773	19.6926	1552.6
774	19.725	1551.84
775	19.7575	1551.2
776	19.7903	1551.13
777	19.8243	1550.45
778	19.8571	1546.18
779	19.8897	1528.79
780	19.9223	1527.28
781	19.9554	1526.76
782	19.9879	1524.32
783	20.0205	1509.32
784	20.0537	1509.04
785	20.0869	1507.95
786	20.1194	1507.68
787	20.1528	1506.28
788	20.1858	1500.77
789	20.2189	1500.56
790	20.2519	1476.34
791	20.2855	1476.33
792	20.3187	1476
793	20.3516	1474.61
794	20.3846	1474.05
795	20.4179	1474.05
796	20.4515	1473.94
797	20.485	1451.85
798	20.518	1446.95
799	20.5512	1446.76
800	20.5842	1445.85
801	20.6177	1438.12
802	20.6507	1438.09
803	20.6839	1437.65
804	20.717	1437.5
805	20.7501	1436.2
806	20.7834	1434.97
807	20.8166	1434.78
808	20.8497	1433.78
809	20.8835	1433.04
810	20.917	1430.28
811	20.9504	1430.18
812	20.9838	1429.63
813	21.0172	1426.98
814	21.0505	1426.5
815	21.0837	1426.29
816	21.1169	1425.85
817	21.1506	1425.47
818	21.184	1425.1
819	21.2174	1424.32
820	21.2518	1423.49
821	21.2858	1423.36
822	21.3197	1423.18
823	21.3532	1422.96
824	21.387	1421.26
825	21.4205	1420.66
826	21.4548	1409.89
828	21.5222	1409.37
829	21.5557	1408.96
830	21.5897	1408.27
831	21.6232	1406.96
832	21.6568	1406.48
833	21.6907	1406.42
834	21.725	1394.12
835	21.7594	1393.72
836	21.7933	1393.27
837	21.8278	1384.82
838	21.8618	1383.92
839	21.8956	1383.81
840	21.9301	1382.42
841	21.964	1382.2
842	21.9996	1381.86
843	22.0352	1381.2
844	22.0695	1380.92
845	22.1034	1375.21
846	22.1381	1373.49
847	22.1717	1369.41
848	22.2052	1369.19
849	22.2397	1367.77
850	22.2735	1367.36
851	22.3073	1366.74
852	22.3412	1366.66
853	22.3755	1366.4
854	22.4092	1366.01
855	22.4428	1365.98
856	22.4768	1365.38
857	22.5107	1365.31
858	22.5444	1365.27
859	22.5783	1364.35
860	22.6122	1364.3
861	22.6459	1362.31
862	22.6804	1349.19
863	22.7142	1340.3
864	22.7485	1340.19
865	22.7822	1335.82
866	22.8168	1335.6
867	22.8512	1334.55
868	22.8849	1331.1
869	22.9188	1331.01
870	22.9531	1330.6
871	22.9884	1326.12
872	23.0226	1325.85
873	23.0567	1325.69
874	23.0909	1324.84
875	23.1248	1324.19
876	23.1588	1323.93
877	23.193	1320.07
878	23.2278	1319.27
879	23.2627	1319.1
880	23.2972	1318.6
881	23.3312	1317.9
882	23.3653	1315.36
883	23.3997	1315.22
884	23.434	1313.43
885	23.4681	1312.81
886	23.5023	1312.25
887	23.5368	1312.24
888	23.5708	1287.36
889	23.6056	1274.63
890	23.6401	1273.23
891	23.6744	1273.1
892	23.7087	1247.93
893	23.7432	1247.62
894	23.7779	1247.52
895	23.8122	1243.48
896	23.8465	1229.79
897	23.8811	1229.19
898	23.9156	1228.78
899	23.9499	1228.22
900	23.9842	1225.21
901	24.0185	1224.09
902	24.0531	1219.98
903	24.0876	1219.91
904	24.1224	1218.99
905	24.1576	1217.91
906	24.1935	1217.51
907	24.2297	1212.89
908	24.2648	1212.66
909	24.2991	1212.63
910	24.3339	1208.33
911	24.3681	1207.96
912	24.4031	1203.57
913	24.438	1196.25
914	24.4731	1196.06
915	24.5076	1195.08
916	24.5425	1193.92
917	24.5777	1190.85
918	24.6125	1190.66
919	24.6472	1189.75
920	24.6817	1188.62
921	24.7161	1188
922	24.7505	1185.56
923	24.7848	1184.14
924	24.8195	1183.72
925	24.8538	1182.95
926	24.8886	1182.19
927	24.923	1181.79
928	24.9581	1179.47
929	24.9926	1177.08
930	25.0273	1174.57
931	25.0621	1172.74
933	25.1318	1172.35
934	25.1669	1169.03
935	25.2025	1168.4
936	25.2384	1168.07
937	25.2739	1165.33
938	25.3087	1163.9
939	25.3435	1163.66
940	25.3784	1162.45
941	25.4134	1162.2
942	25.449	1162.18
943	25.4847	1155.74
944	25.5204	1154.29
945	25.5556	1153.3
946	25.5912	1152.69
947	25.6259	1142.02
948	25.661	1141.61
949	25.6962	1140.81
950	25.731	1139.28
951	25.7659	1139.14
952	25.8014	1138.92
953	25.8369	1108.26
954	25.8718	1107.53
955	25.9066	1107.45
956	25.9416	1105.74
957	25.9764	1104.73
958	26.0116	1089.51
959	26.0462	1086.12
960	26.0811	1085.42
961	26.116	1084.91
962	26.1512	1084.17
963	26.1865	1083.44
964	26.2215	1082.66
965	26.2562	1082.35
966	26.2914	1082.13
967	26.3261	1081.85
968	26.361	1081.82
969	26.3975	1079.82
970	26.4337	1079.29
971	26.4692	1078.91
972	26.5045	1078.57
973	26.5402	1078.48
974	26.5753	1078.39
975	26.6106	1074.28
976	26.6464	1073.16
977	26.6816	1067.44
978	26.7162	1065.11
979	26.7517	1064.88
980	26.7869	1064.35
981	26.8221	1059.32
982	26.8573	1059.31
983	26.8921	1059.08
984	26.9278	1052.71
985	26.9637	1052.05
986	26.9993	1051.42
987	27.0342	1051.2
988	27.0694	1044.43
989	27.1045	1043.75
990	27.1394	1043.6
991	27.1743	1043.27
992	27.21	1042.45
993	27.2451	1042.27
994	27.2802	1042.11
995	27.3153	1042.06
996	27.3509	1041.73
997	27.386	1041.65
998	27.4211	1041.53
999	27.4559	1041.5
1000	27.4906	1041.06
1001	27.5258	1038.05
1002	27.5607	1035.86
1003	27.5959	1035.69
1005	27.6662	1033.8
1006	27.7014	1033.58
1007	27.7366	1033.25
1008	27.7717	1030.41
1009	27.807	1029.32
1010	27.842	1027.21
1011	27.8775	992.566
1012	27.9133	990.882
1013	27.9493	990.215
1014	27.985	989.959
1015	28.021	989.541
1016	28.0563	989.405
1017	28.0915	989.288
1018	28.1269	986.183
1019	28.1993	974.081
1020	28.2495	973.269
1021	28.2859	973.112
1022	28.3225	971.076
1023	28.3581	969.08
1024	28.3933	968.878
1025	28.4289	968.536
1026	28.4651	968.512
1027	28.5006	968.232
1028	28.5363	962.85
1029	28.5724	962.189
1030	28.6102	953.502
1031	28.6457	953.406
1032	28.6817	953.36
1033	28.7181	952.145
1034	28.7537	951.945
1035	28.7893	951.686
1036	28.8251	951.672
1037	28.8605	950.717
1038	28.8961	947.713
1039	28.9317	947.696
1040	28.9677	947.39
1041	29.0032	934.871
1042	29.039	934.786
1043	29.0748	934.742
1044	29.1109	934.429
1045	29.1467	932.519
1046	29.1826	932.134
1047	29.219	929.938
1048	29.2551	929.012
1049	29.2916	928.596
1050	29.3283	927.695
1051	29.3645	927.639
1052	29.4003	927.437
1053	29.4365	926.789
1054	29.4725	925.905
1055	29.5084	925.838
1056	29.5441	925.274
1057	29.5803	925.233
1058	29.6163	924.723
1059	29.6521	924.528
1060	29.6879	924.298
1061	29.7235	924.142
1062	29.7595	924.072
1063	29.7953	923.931
1064	29.8314	922.945
1065	29.868	922.723
1066	29.9041	921.511
1067	29.9397	921.367
1068	29.9761	921.13
1069	30.0124	920.964
1070	30.0489	920.748
1071	30.0854	920.056
1072	30.1214	919.269
1073	30.158	919.033
1074	30.1939	915.421
1075	30.2298	914.935
1076	30.2657	914.796
1077	30.3018	914.477
1078	30.338	913.039
1079	30.3745	912.566
1080	30.4105	911.669
1081	30.4467	911.476
1082	30.4831	911.28
1083	30.5196	911.018
1084	30.5559	910.83
1085	30.5919	908.421
1086	30.6277	908.052
1087	30.664	907.666
1088	30.6999	907.536
1089	30.7367	905.75
1090	30.7739	905.535
1091	30.811	905.176
1092	30.8468	905.016
1093	30.8832	904.092
1094	30.9194	903.535
1095	30.9557	903.454
1096	30.9919	903.355
1097	31.0286	903.322
1098	31.0649	902.987
1099	31.1012	902.632
1100	31.1376	902.536
1101	31.1742	901.913
1102	31.2108	893.462
1103	31.2469	893.06
1104	31.2831	892.138
1105	31.3201	888.076
1106	31.3611	888.004
1107	31.3975	887.141
1109	31.4703	887.135
1110	31.5063	886.957
1111	31.5429	885.26
1112	31.5793	884.776
1113	31.6161	884.734
1114	31.6525	883.912
1115	31.6885	883.705
1116	31.7248	883.542
1117	31.761	880.884
1118	31.7974	879.43
1119	31.8336	879.28
1120	31.8699	878.549
1121	31.9079	877.972
1122	31.9473	877.166
1123	31.9887	876.978
1124	32.0289	875.57
1125	32.0681	875.507
1126	32.1071	875.228
1127	32.1506	874.816
1128	32.1876	872.633
1129	32.2499	868.51
1130	32.3233	868.118
1131	32.3754	868
1132	32.4204	864.018
1133	32.4568	862.929
1134	32.4939	862.527
1135	32.5305	859.684
1136	32.5671	846.903
1137	32.6037	846.596
1139	32.6767	846.296
1140	32.7137	844.705
1141	32.7509	844.31
1142	32.7875	838.452
1144	32.8607	837.242
1145	32.8972	836.887
1146	32.9335	836.477
1147	32.9707	836.093
1148	33.0083	835.989
1149	33.0449	835.967
1150	33.0816	835.567
1151	33.1184	835.457
1152	33.1548	834.687
1153	33.1914	832.847
1154	33.2275	832.691
1155	33.2638	831.244
1156	33.3003	829.917
1157	33.3365	828.384
1159	33.4093	828.141
1160	33.4468	827.338
1161	33.4828	826.869
1162	33.5197	823.96
1163	33.556	823.001
1164	33.5922	822.398
1165	33.6295	822.068
1166	33.6662	821.977
1167	33.7022	821.874
1168	33.7387	821.415
1169	33.7752	820.963
1170	33.8117	819.704
1171	33.8483	818.267
1172	33.8848	818.078
1173	33.9214	817.768
1174	33.9581	812.484
1175	33.9949	812.246
1177	34.0684	809.977
1178	34.1047	808.67
1179	34.1414	808.636
1180	34.178	807.782
1181	34.2143	807.709
1182	34.2507	807.581
1183	34.288	806.886
1184	34.3242	806.381
1185	34.3611	805.677
1186	34.3982	805.43
1187	34.4346	801.992
1188	34.4717	801.707
1189	34.5082	801.616
1190	34.5447	801.021
1191	34.5816	800.886
1192	34.6183	800.802
1193	34.6548	790.518
1194	34.6913	788.418
1195	34.728	788.362
1196	34.7649	788.357
1197	34.8011	787.29
1198	34.8378	780.57
1199	34.8752	777.139
1201	34.9476	776.893
1202	34.9845	776.46
1203	35.021	776.307
1204	35.0577	776.169
1205	35.0941	776.146
1206	35.1306	775.61
1207	35.1682	775.555
1208	35.2072	775.541
1209	35.2442	775.152
1210	35.2809	774.92
1211	35.3178	774.715
1212	35.3551	774.43
1214	35.4292	774.271
1215	35.4667	774.071
1216	35.5036	774.034
1217	35.5409	772.427
1218	35.5774	771.131
1219	35.614	771.111
1220	35.6504	770.972
1221	35.6873	770.236
1222	35.7236	770.084
1223	35.7599	769.882
1224	35.7973	769.769
1225	35.8337	769.75
1226	35.8704	766.647
1227	35.9075	766.339
1228	35.9444	765.985
1229	35.9808	764.682
1230	36.0178	764.609
1231	36.0551	764.503
1232	36.0922	763.675
1233	36.1291	763.419
1234	36.1657	763.09
1235	36.2027	763.019
1236	36.2392	762.922
1237	36.2761	762.83
1238	36.3133	762.73
1239	36.3503	762.684
1240	36.3869	762.419
1241	36.4241	761.063
1242	36.4618	759.771
1243	36.4987	759.755
1244	36.5359	759.677
1245	36.5727	758.743
1246	36.6094	758.615
1247	36.6466	758.221
1248	36.6835	756.205
1249	36.7215	755.97
1250	36.7588	753.147
1251	36.7963	751.985
1252	36.8333	751.466
1253	36.8702	750.658
1254	36.9072	750.475
1255	36.9444	750.108
1256	36.9811	750.024
1257	37.0184	749.979
1258	37.0552	749.945
1259	37.0927	744.83
1260	37.1298	744.752
1262	37.2034	744.688
1263	37.2406	743.707
1264	37.2773	743.387
1265	37.3148	743.37
1266	37.3524	743.351
1267	37.3904	742.386
1268	37.4285	742.155
1269	37.4656	741.877
1270	37.5027	736.04
1271	37.5404	735.936
1272	37.5777	735.913
1273	37.6146	735.288
1274	37.6512	735.125
1275	37.6882	735.05
1276	37.7253	735.039
1277	37.7628	728.36
1278	37.8001	726.508
1279	37.8374	726.449
1280	37.8741	726.33
1281	37.9111	725.545
1282	37.948	725.523
1283	37.9853	725.496
1284	38.0223	724.89
1285	38.0596	724.791
1286	38.0987	724.588
1287	38.1357	724.451
1288	38.1724	724.158
1289	38.2092	724.097
1290	38.2462	723.339
1291	38.2837	723.149
1292	38.3207	722.958
1293	38.3577	722.491
1294	38.3941	721.618
1295	38.4303	721.476
1296	38.4662	721.045
1297	38.5027	720.941
1298	38.5389	720.8
1299	38.5746	720.547
1300	38.6103	720.42
1301	38.6462	720.254
1302	38.6818	720.208
1303	38.7179	720.12
1304	38.7534	719.964
1305	38.7898	719.768
1306	38.8257	718.795
1307	38.8613	718.654
1309	38.9328	718.439
1310	38.9691	718.335
1311	39.0056	717.628
1312	39.0418	717.332
1313	39.0774	716.887
1314	39.1133	715.063
1315	39.1489	714.967
1316	39.185	714.875
1317	39.2206	714.279
1318	39.2567	713.177
1319	39.2923	713.1
1320	39.3282	712.481
1321	39.3644	712.135
1322	39.4003	712.059
1323	39.4372	712.01
1324	39.4731	711.864
1325	39.5099	709.796
1326	39.5476	709.62
1327	39.5838	709.502
1328	39.6197	709.442
1329	39.6557	707.811
1330	39.6918	707.686
1331	39.7277	707.407
1332	39.764	707.137
1333	39.8001	707.07
1334	39.8361	706.935
1335	39.872	706.886
1336	39.9084	706.439
1338	39.9805	706.302
1339	40.0164	705.824
1340	40.0524	705.772
1341	40.0889	705.625
1342	40.1253	701.17
1343	40.1613	700.774
1344	40.197	700.742
1345	40.2332	696.234
1346	40.2691	696.134
1347	40.3057	695.407
1348	40.3419	694.948
1349	40.3783	694.942
1350	40.4141	694.87
1351	40.4506	694.771
1352	40.4869	694.63
1354	40.5593	694.527
1355	40.5951	694.31
1357	40.6675	693.693
1358	40.7036	692.97
1359	40.7397	692.788
1360	40.7759	692.66
1361	40.8119	692.082
1362	40.8478	691.42
1363	40.884	691.41
1364	40.92	689.585
1366	40.9934	689.513
1368	41.0658	687.941
1369	41.1021	687.187
1370	41.1382	686.963
1371	41.1743	686.503
1372	41.2104	685.26
1373	41.2463	684.739
1374	41.2825	684.643
1375	41.3188	683.306
1376	41.3552	680.342
1377	41.3917	680.288
1379	41.4648	680.046
1380	41.5011	679.562
1381	41.5378	679.374
1382	41.5742	675.797
1383	41.6109	675.458
1384	41.6478	674.562
1386	41.722	674.288
1388	41.7946	674.209
1389	41.831	674.197
1390	41.8674	673.846
1391	41.9037	673.556
1392	41.9404	673.365
1393	41.978	672.337
1394	42.0151	672.252
1395	42.0746	672.142
1396	42.1162	671.944
1397	42.1553	670.951
1399	42.2294	670.922
1400	42.2674	670.54
1401	42.3038	670.383
1402	42.3404	669.671
1403	42.377	669.11
1405	42.4507	668.782
1406	42.4887	668.726
1407	42.5264	668.647
1408	42.5635	668.348
1409	42.6004	668.312
1410	42.6373	667.646
1411	42.674	666.297
1412	42.7111	665.738
1413	42.7478	665.521
1414	42.7848	663.799
1415	42.8219	663.462
1416	42.8588	663.254
1417	42.8957	662.518
1418	42.9332	661.983
1419	42.9702	661.948
1420	43.0081	661.737
1421	43.045	661.605
1422	43.0817	661.504
1423	43.1184	661.097
1424	43.1553	660.603
1425	43.1919	660.187
1426	43.2293	660.164
1427	43.2661	659.032
1428	43.3032	658.658
1431	43.4137	658.522
1432	43.4513	658.493
1433	43.4885	654.081
1434	43.5265	653.7
1435	43.5644	653.661
1437	43.6387	652.421
1438	43.6758	649.556
1439	43.7131	648.758
1440	43.7524	648.706
1441	43.7982	648.627
1442	43.8384	648.265
1443	43.8772	648.23
1444	43.9143	648.14
1445	43.9533	647.856
1446	43.9906	647.663
1447	44.0283	646.652
1448	44.0686	646.644
1449	44.1062	646.113
1450	44.1453	645.938
1451	44.1831	645.903
1452	44.2201	645.719
1453	44.2575	645.615
1454	44.2956	645.463
1455	44.3341	645.321
1456	44.3742	645.195
1457	44.4129	639.448
1458	44.4519	638.616
1459	44.4897	638.611
1460	44.5281	638.409
1461	44.5658	636.008
1462	44.6028	635.985
1463	44.6413	635.943
1464	44.679	635.815
1465	44.718	635.782
1466	44.7558	635.059
1467	44.7936	634.957
1468	44.8326	633.301
1469	44.8703	632.999
1470	44.9086	632.958
1471	44.9471	632.926
1472	44.986	632.764
1473	45.0234	632.288
1474	45.0796	632.265
1475	45.1176	632.109
1476	45.1557	631.684
1477	45.1939	631.672
1478	45.2315	631.507
1479	45.2703	631.498
1480	45.3075	631.193
1481	45.3447	631.068
1482	45.3832	629.777
1483	45.422	629.768
1484	45.4597	629.72
1485	45.4978	628.279
1486	45.5365	628.127
1487	45.5742	627.912
1488	45.612	627.513
1489	45.6506	626.985
1490	45.6884	624.853
1491	45.7271	624.04
1492	45.7651	623.853
1493	45.8041	623.387
1494	45.8431	623.362
1496	45.9186	623.122
1497	45.9573	623.077
1498	45.9971	622.784
1499	46.0355	621.548
1500	46.0733	621.528
1502	46.1504	621.477
1503	46.1892	620.535
1504	46.2271	620.462
1505	46.2649	620.316
1506	46.303	620.299
1507	46.3415	619.849
1508	46.3791	618.242
1509	46.4175	618.142
1510	46.4562	616.955
1511	46.495	616.938
1512	46.5336	616.905
1513	46.5733	616.379
1514	46.6132	615.842
1515	46.6513	615.84
1516	46.6892	615.814
1517	46.7273	615.228
1518	46.7667	614.783
1519	46.8052	614.697
1520	46.8447	614.586
1521	46.8835	613.78
1522	46.9215	613.732
1523	46.9594	613.177
1524	46.9983	613.095
1525	47.037	613.026
1526	47.0757	612.956
1527	47.1148	612.884
1528	47.1525	612.727
1530	47.228	612.375
1531	47.2661	611.947
1532	47.3042	611.742
1533	47.3435	610.274
1534	47.3817	610.096
1535	47.42	610.074
1536	47.4588	609.717
1537	47.4967	609.643
1538	47.5355	609.632
1539	47.5747	609.519
1540	47.6137	609.304
1541	47.6529	609.189
1542	47.6907	609.176
1543	47.7286	609.122
1544	47.7665	608.936
1545	47.8046	608.807
1546	47.8423	608.512
1547	47.8803	608.344
1549	47.9572	608.312
1550	47.9957	608.18
1551	48.0341	605.675
1552	48.0722	605.638
1553	48.1117	605.304
1554	48.1512	604.294
1556	48.2304	604.221
1557	48.2696	604.221
1558	48.309	603.505
1559	48.3476	603.454
1560	48.3868	603.099
1561	48.4262	602.776
1562	48.4656	602.697
1563	48.5055	602.501
1564	48.5443	602.499
1565	48.5823	598.938
1566	48.6211	598.615
1568	48.6999	598.557
1569	48.7389	598.302
1570	48.7778	598.066
1571	48.8168	597.887
1572	48.8555	597.759
1574	48.9333	597.552
1575	48.9716	597.525
1576	49.0114	597.36
1578	49.0884	597.088
1579	49.127	596.522
1580	49.1654	596.47
1581	49.204	596.135
1582	49.2426	594.1
1583	49.2813	593.076
1584	49.3197	592.505
1585	49.3593	591.41
1587	49.437	591.02
1588	49.4757	590.59
1589	49.514	590.586
1590	49.5527	590.418
1591	49.5916	590.349
1592	49.63	590.079
1593	49.6685	590.076
1594	49.7069	590.028
1595	49.745	589.931
1596	49.7831	589.9
1597	49.8213	589.422
1598	49.8597	589.099
1599	49.9075	588.994
1600	49.9628	588.984
1601	50.0382	588.624
1602	50.0878	588.223
1603	50.129	588.208
1604	50.1677	587.296
1605	50.2088	587.081
1606	50.2515	586.368
1608	50.3331	583.874
1609	50.3737	583.564
1610	50.4128	583.398
1611	50.4518	583.256
1612	50.4928	582.233
1613	50.5322	581.973
1614	50.5716	581.934
1615	50.6106	581.533
1616	50.6497	578.867
1617	50.6893	578.646
1618	50.7291	578.638
1619	50.7684	578.635
1620	50.8072	578.365
1621	50.8459	578.339
1622	50.8844	578.126
1623	50.9236	578.113
1624	50.9625	577.497
1625	51.0009	577.343
1626	51.0396	576.824
1627	51.0795	576.773
1628	51.121	576.2
1629	51.1641	576.186
1630	51.22	576.129
1632	51.323	575.353
1633	51.3684	574.875
1636	51.4944	574.854
1637	51.5353	574.02
1638	51.5777	574
1639	51.6258	573.988
1641	51.7647	573.805
1642	51.8508	573.275
1643	51.89	572.691
1645	51.9733	572.625
1646	52.014	572.572
1647	52.0605	572.47
1648	52.1038	572.384
1649	52.1473	572.375
1650	52.187	572.206
1651	52.2265	569.28
1652	52.266	565.663
1653	52.3062	565.509
1654	52.3455	564.943
1655	52.3847	564.798
1657	52.4699	564.23
1658	52.5117	563.05
1661	52.6466	562.929
1662	52.6888	562.745
1663	52.7275	562.736
1664	52.7663	562.352
1665	52.805	562.024
1667	52.8862	561.157
1668	52.9278	560.955
1670	53.0068	560.786
1671	53.0461	560.678
1672	53.0861	560.428
1673	53.1249	554.791
1674	53.1647	554.623
1675	53.2031	554.591
1676	53.2424	554.576
1677	53.2815	554.467
1678	53.3202	551.516
1679	53.365	551.264
1680	53.409	551.252
1681	53.4485	551.229
1682	53.4869	551.168
1683	53.526	551.147
1684	53.5655	550.798
1685	53.605	550.527
1686	53.6444	550.323
1687	53.6841	550.035
1688	53.7233	550.027
1689	53.7622	549.75
1690	53.801	549.738
1691	53.8403	549.658
1692	53.8791	549.216
1693	53.9477	549.137
1694	53.9924	549.048
1695	54.0318	548.601
1696	54.071	548.53
1697	54.11	547.781
1698	54.1494	547.691
1700	54.2269	547.657
1701	54.266	547.484
1702	54.3166	547.461
1705	54.449	547.312
1706	54.4902	547.287
1707	54.5291	547.174
1708	54.5686	546.909
1709	54.6072	546.718
1710	54.647	546.714
1711	54.6862	546.585
1712	54.7261	546.302
1713	54.7672	546.272
1714	54.8059	546.26
1715	54.8448	546.104
1716	54.8838	545.878
1719	55.0007	545.851
1720	55.0393	542.734
1721	55.0787	542.652
1722	55.1182	542.351
1723	55.1605	542.039
1724	55.2074	542.015
1725	55.2502	541.324
1726	55.2902	541.261
1727	55.3292	541.175
1728	55.3686	540.972
1729	55.4086	540.252
1730	55.4488	538.982
1731	55.4877	537.59
1732	55.5264	537.325
1733	55.5662	537.187
1734	55.6095	537.133
1736	55.6948	536.594
1737	55.735	536.589
1738	55.7742	536.523
1739	55.8131	534.775
1740	55.8522	534.529
1741	55.8913	534.355
1742	55.9305	534.324
1743	55.971	534.134
1744	56.0104	534.12
1745	56.0496	534.068
1746	56.0901	534.051
1748	56.1693	533.765
1749	56.2081	533.762
1750	56.2487	533.274
1751	56.2885	533.116
1752	56.3278	533.115
1753	56.3681	532.68
1755	56.4483	532.122
1756	56.4886	532.104
1757	56.5297	530.607
1758	56.5691	530.507
1759	56.6096	530.452
1760	56.6499	530.299
1761	56.7037	529.9
1762	56.7578	529.858
1763	56.8062	529.757
1764	56.8599	529.712
1765	56.9004	529.61
1766	56.9419	529.407
1767	56.9826	529.255
1768	57.0221	528.991
1769	57.0619	528.948
1770	57.1025	528.651
1771	57.1427	528.078
1772	57.1839	527.791
1773	57.2231	526.502
1774	57.2624	523.594
1776	57.3415	523.491
1777	57.3811	523.448
1779	57.46	523.369
1780	57.4989	523.046
1781	57.5386	522.985
1782	57.5777	522.974
1783	57.6168	522.868
1784	57.6561	522.855
1785	57.695	522.752
1786	57.7349	522.287
1790	57.8919	522.122
1791	57.9312	521.778
1792	57.9704	521.728
1793	58.0107	521.484
1794	58.0502	520.445
1795	58.0904	520.309
1796	58.1296	520.211
1797	58.1692	520.027
1798	58.2081	519.687
1799	58.2472	519.659
1800	58.2864	519.616
1801	58.3259	519.468
1802	58.365	519.432
1803	58.404	519.4
1804	58.4436	519.397
1805	58.4827	519.237
1807	58.561	519.223
1810	58.6793	519.185
1811	58.7186	519.126
1813	58.7968	519.079
1814	58.8358	518.972
1815	58.875	518.955
1816	58.9145	518.867
1818	58.9924	518.608
1819	59.0313	518.371
1820	59.0706	518.334
1822	59.1511	517.481
1823	59.19	517.256
1824	59.2295	517.158
1825	59.2686	516.282
1826	59.3076	516.248
1827	59.3465	515.941
1828	59.3857	515.487
1829	59.4245	515.468
1830	59.4637	515.358
1831	59.5033	515.178
1832	59.543	515.08
1833	59.5824	514.934
1834	59.6216	514.919
1835	59.661	514.828
1836	59.7007	514.656
1837	59.7398	514.555
1838	59.7793	514.294
1840	59.8575	514.22
1841	59.8965	513.867
1842	59.9354	513.601
1843	59.9749	513.564
1844	60.0145	512.862
1845	60.0536	512.834
1846	60.0927	512.748
1847	60.1324	512.591
1848	60.1715	512.324
1849	60.2105	511.644
1850	60.2495	511.39
1851	60.289	511.341
1852	60.3278	510.553
1853	60.367	510.203
1854	60.4058	510.162
1855	60.445	510.134
1856	60.4842	509.777
1858	60.5638	509.751
1861	60.6819	509.689
1862	60.721	509.376
1864	60.7998	509.12
1865	60.8391	509.057
1866	60.8791	508.882
1868	60.9574	508.675
1869	60.9962	508.671
1871	61.0744	508.486
1872	61.1141	508.307
1873	61.1535	506.705
1876	61.2707	506.684
1877	61.311	506.03
1878	61.3519	505.999
1882	61.5092	505.632
1883	61.5483	505.253
1884	61.5873	505.225
1885	61.627	505.205
1886	61.6664	505.157
1887	61.7055	505.137
1888	61.7449	505.107
1889	61.7839	504.94
1890	61.8231	504.881
1891	61.863	502.989
1892	61.9022	502.976
1893	61.9418	502.849
1898	62.1389	502.4
1901	62.2569	502.292
1902	62.2958	501.776
1903	62.3354	501.74
1904	62.3747	500.77
1905	62.4142	500.577
1906	62.4533	500.509
1907	62.4928	499.955
1908	62.5322	499.878
1911	62.6512	499.795
1912	62.6908	499.753
1913	62.7304	497.005
1914	62.7699	496.791
1915	62.8108	496.765
1918	62.9281	494.277
1919	62.9672	493.686
1921	63.0464	493.644
1922	63.0856	493.332
1923	63.1252	493.327
1924	63.1647	493.205
1925	63.2039	493.166
1926	63.2443	493.147
1927	63.2842	492.143
1928	63.324	492.118
1929	63.3636	491.953
1930	63.4031	491.943
1931	63.4422	491.864
1932	63.4819	491.853
1933	63.5223	491.555
1934	63.563	491.505
1935	63.6029	491.429
1936	63.6422	491.336
1937	63.6819	490.987
1938	63.7214	490.977
1939	63.7605	490.969
1940	63.8001	490.853
1941	63.8393	490.758
1942	63.8787	490.702
1945	63.9979	490.618
1946	64.0386	490.541
1947	64.0781	490.496
1948	64.1184	490.412
1949	64.1584	490.384
1951	64.238	490.376
1952	64.2776	490.358
1953	64.3178	490.297
1954	64.3573	490.261
1955	64.3968	490.205
1956	64.436	490.069
1959	64.5561	490.044
1960	64.5965	489.984
1961	64.6359	489.891
1962	64.6755	489.348
1963	64.7154	488.771
1964	64.7561	488.721
1965	64.7956	488.144
1967	64.875	488.104
1969	64.9544	487.883
1971	65.034	487.701
1972	65.0734	487.617
1973	65.1131	487.575
1974	65.1526	487.523
1976	65.2314	487.484
1977	65.2709	487.451
1978	65.3104	487.324
1979	65.3505	486.767
1980	65.3896	486.59
1982	65.4699	486.579
1983	65.5096	486.384
1984	65.55	486.372
1986	65.6289	486.369
1987	65.6691	486.339
1988	65.7108	485.534
1989	65.7524	485.45
1990	65.7924	485.367
1991	65.8322	485.324
1992	65.8722	485.303
1993	65.912	485.151
1994	65.9513	485.114
1995	65.9915	485.064
1996	66.0313	485.05
1997	66.0709	484.137
1998	66.1112	484.12
1999	66.1518	484.107
2000	66.1926	484.076
2002	66.2716	484.06
2003	66.3113	484.033
2004	66.3513	483.944
2005	66.3907	483.818
2006	66.4302	483.768
2007	66.4704	483.503
2008	66.5099	483.376
2009	66.5494	483.3
2011	66.628	483.012
2012	66.6674	482.868
2013	66.7072	482.596
2016	66.8276	482.524
2019	66.9467	482.396
2020	66.9865	482.202
2021	67.0258	482.183
2022	67.0653	482.177
2023	67.1055	482.092
2024	67.145	481.978
2025	67.1849	481.912
2026	67.2249	481.779
2028	67.3046	481.778
2030	67.3852	481.677
2031	67.4248	480.731
2032	67.4648	480.725
2033	67.5043	480.629
2034	67.5436	479.183
2036	67.6236	479.098
2037	67.6634	479.01
2038	67.703	478.973
2039	67.7423	478.972
2041	67.8213	478.903
2042	67.8616	478.847
2043	67.9017	478.712
2044	67.9428	478.643
2045	67.9824	478.532
2046	68.022	478.405
2048	68.1013	478.336
2049	68.1409	477.97
2051	68.2199	477.836
2052	68.2593	477.775
2053	68.299	477.696
2054	68.3397	477.666
2055	68.3789	477.632
2056	68.4193	477.589
2058	68.4987	477.336
2059	68.538	477.178
2060	68.5774	477.153
2062	68.6567	476.202
2063	68.6966	475.66
2064	68.7362	475.209
2065	68.7758	475.134
2067	68.855	474.894
2068	68.895	474.502
2069	68.9346	474.502
2071	69.017	474.343
2072	69.0565	474.281
2073	69.0987	474.237
2074	69.1394	474.228
2075	69.1794	474.103
2076	69.2199	474.006
2078	69.2997	473.815
2080	69.3791	473.791
2081	69.4189	473.517
2082	69.4585	473.315
2083	69.4982	473.307
2084	69.5377	472.351
2088	69.7093	472.259
2089	69.7573	471.798
2090	69.7971	471.688
2091	69.8532	471.58
2092	69.9071	470.881
2093	69.9467	470.614
2094	69.9863	470.575
2095	70.0257	470.517
2096	70.0665	470.468
2100	70.2292	470.436
2101	70.27	470.396
2102	70.3105	470.29
2104	70.3959	470.221
2105	70.4359	470.149
2106	70.4759	470.107
2107	70.5159	470.086
2108	70.5559	469.721
2109	70.5955	469.711
2113	70.7559	469.691
2116	70.8855	469.643
2117	70.9259	469.586
2120	71.0463	469.532
2121	71.0855	469.331
2122	71.1254	468.17
2124	71.2063	468.107
2126	71.2871	468.089
2127	71.3285	468.055
2128	71.3674	467.927
2129	71.4057	467.363
2130	71.4444	466.962
2131	71.4832	465.46
2132	71.5237	465.434
2133	71.5636	465.363
2140	71.8705	465.351
2141	71.9115	465.298
2142	71.9512	465.296
2144	72.0307	464.622
2145	72.0697	464.427
2146	72.1082	464.287
2147	72.1466	464.133
2148	72.186	464.118
2151	72.3458	464.067
2152	72.4287	464.057
2153	72.471	461.973
2155	72.5526	461.953
2156	72.5934	461.942
2157	72.6336	461.177
2158	72.6748	458.961
2159	72.7136	458.369
2161	72.7918	458.319
2162	72.8312	457.925
2163	72.8697	457.906
2164	72.9089	457.859
2165	72.9472	457.745
2166	72.9864	457.713
2167	73.0249	457.16
2168	73.0644	457.117
2169	73.1032	456.93
2170	73.1417	456.924
2172	73.2193	456.905
2173	73.2583	456.853
2174	73.2971	456.792
2175	73.3361	456.758
2176	73.375	456.734
2177	73.4139	456.667
2178	73.4529	456.625
2180	73.5307	456.609
2181	73.5697	456.516
2182	73.6083	456.508
2184	73.6859	456.472
2185	73.7246	456.441
2186	73.7645	456.07
2187	73.8034	456.039
2189	73.8818	456.003
2190	73.9359	455.991
2191	73.9762	455.712
2192	74.0152	455.552
2193	74.0552	455.409
2194	74.0938	455.385
2195	74.1328	455.304
2196	74.1724	455.211
2199	74.2892	455.195
2200	74.3279	455.155
2201	74.3665	455.02
2202	74.4055	454.467
2203	74.4445	454.242
2204	74.4861	454.217
2205	74.5255	453.91
2207	74.6046	453.903
2211	74.7596	453.859
2212	74.7985	453.797
2213	74.8372	453.734
2214	74.8762	453.689
2216	74.9536	453.684
2217	74.9923	453.683
2218	75.0312	453.617
2220	75.1086	453.527
2222	75.1878	453.497
2223	75.2264	453.377
2224	75.2654	453.373
2226	75.3437	453.355
2227	75.3826	453.348
2228	75.4221	453.338
2229	75.4619	453.263
2230	75.501	453.228
2231	75.5404	453.221
2232	75.58	453.197
2233	75.6197	453.076
2235	75.6979	452.74
2236	75.7375	452.73
2237	75.7763	452.47
2238	75.8155	452.413
2239	75.8549	452.322
2241	75.9334	452.292
2242	75.9725	452.267
2244	76.0507	452.209
2245	76.0894	452.163
2246	76.1287	452.138
2247	76.168	452.117
2249	76.246	451.857
2250	76.2849	451.727
2251	76.3234	451.292
2252	76.3628	451.166
2253	76.4023	450.934
2254	76.4427	450.924
2255	76.4814	450.91
2256	76.5206	450.681
2259	76.6395	450.657
2260	76.6792	450.465
2262	76.7575	450.461
2263	76.7966	450.43
2264	76.8359	450.378
2265	76.8754	450.341
2266	76.9153	450.164
2269	77.0369	450.092
2270	77.077	449.995
2271	77.1184	449.915
2272	77.1791	449.857
2273	77.2234	449.776
2274	77.2863	449.134
2276	77.3688	449.121
2278	77.4493	449.054
2279	77.4887	449.05
2280	77.5293	449.026
2281	77.5734	448.924
2282	77.6155	448.85
2283	77.6543	448.777
2285	77.7332	448.684
2288	77.8515	448.64
2289	77.891	448.547
2290	77.9301	448.425
2291	77.969	448.401
2292	78.008	448.205
2294	78.0858	448.143
2297	78.2038	448.133
2298	78.2433	448.002
2299	78.2824	447.789
2300	78.3218	447.769
2302	78.402	447.387
2304	78.5033	447.323
2305	78.5429	447.246
2306	78.5821	447.226
2307	78.6466	447.181
2308	78.6896	447.159
2309	78.7428	447.158
2310	78.7842	447.14
2311	78.826	447.038
2312	78.8655	446.984
2315	78.9859	446.925
2316	79.0259	446.889
2317	79.0657	446.743
2318	79.1058	446.656
2319	79.1458	446.424
2320	79.1856	446.209
2321	79.2248	445.872
2322	79.2645	445.64
2323	79.3037	445.606
2324	79.3434	445.095
2325	79.3826	445.038
2328	79.5006	444.814
2329	79.5396	444.511
2330	79.5794	444.501
2331	79.6189	444.255
2332	79.6585	443.565
2333	79.6992	443.253
2334	79.739	443.243
2336	79.8177	443.18
2338	79.8966	443.17
2340	79.9753	443.16
2341	80.0145	443.144
2342	80.0539	443.093
2345	80.1728	442.871
2346	80.2122	442.859
2347	80.2515	442.837
2348	80.2913	442.678
2349	80.3315	442.674
2353	80.4902	442.509
2354	80.5299	442.483
2355	80.5694	442.468
2356	80.609	442.232
2361	80.8059	442.197
2362	80.8461	441.594
2367	81.0446	441.387
2368	81.0841	441.269
2369	81.1233	441.257
2371	81.2023	441.234
2373	81.2809	441.178
2375	81.3594	441.16
2377	81.4387	440.83
2378	81.4782	440.391
2380	81.5567	440.217
2381	81.5966	440.212
2382	81.6363	440.21
2383	81.6758	440.161
2384	81.7151	439.692
2385	81.755	439.615
2386	81.7945	439.419
2387	81.8342	439.383
2388	81.8735	439.235
2389	81.9128	439.209
2391	81.9913	439.134
2393	82.0699	437.9
2395	82.148	437.897
2396	82.188	437.885
2398	82.2665	436.261
2399	82.3063	436.113
2401	82.3847	436.04
2402	82.4238	435.98
2404	82.5024	435.957
2405	82.5418	435.914
2406	82.5811	435.753
2407	82.6205	435.711
2408	82.6599	435.707
2409	82.6993	435.593
2410	82.7387	435.584
2412	82.8185	435.246
2413	82.8596	435.198
2414	82.8997	435.181
2415	82.9396	435.094
2416	82.9788	435.084
2417	83.0186	435.004
2418	83.0589	434.93
2419	83.0987	434.928
2420	83.141	434.903
2421	83.1809	434.822
2422	83.2201	434.813
2423	83.2611	434.788
2425	83.3409	434.751
2426	83.3813	434.723
2427	83.4211	434.693
2429	83.4999	434.661
2430	83.5398	434.66
2431	83.5797	434.65
2432	83.6205	434.601
2433	83.6609	434.517
2434	83.7009	434.483
2435	83.7405	434.459
2436	83.7806	434.376
2437	83.8208	434.356
2438	83.8615	434.344
2439	83.9013	434.335
2440	83.9408	434.322
2441	83.9807	434.232
2442	84.0207	433.981
2443	84.0606	433.976
2446	84.2023	433.969
2447	84.2433	433.961
2450	84.3626	433.874
2451	84.4023	433.784
2452	84.4421	433.732
2453	84.4818	433.355
2454	84.5215	433.332
2456	84.6012	433.181
2458	84.6819	433.015
2460	84.7613	432.936
2462	84.8404	432.928
2464	84.9196	432.873
2466	84.9996	432.871
2467	85.0399	432.818
2469	85.1192	432.705
2470	85.1589	432.671
2471	85.1982	432.649
2472	85.2376	432.637
2473	85.2782	432.494
2474	85.3198	432.425
2475	85.3594	432.37
2476	85.3997	432.362
2477	85.4404	432.119
2478	85.48	432.115
2479	85.5205	432.03
2483	85.6799	432.012
2484	85.7203	431.859
2485	85.76	431.816
2486	85.7995	431.801
2487	85.8389	431.658
2488	85.8791	431.548
2489	85.9197	431.527
2490	85.9601	431.477
2491	85.9999	431.351
2492	86.0392	431.292
2493	86.0789	430.815
2494	86.1188	430.596
2496	86.1988	430.52
2497	86.2383	430.515
2499	86.3192	430.499
2500	86.3589	430.414
2502	86.4386	430.409
2503	86.4784	430.335
2505	86.5576	430.266
2509	86.7162	430.18
2510	86.757	430.099
2511	86.7971	430.078
2513	86.8765	430.05
2514	86.9162	429.947
2519	87.1213	429.923
2520	87.1621	429.902
2521	87.2023	429.847
2522	87.2424	429.818
2523	87.2826	429.8
2524	87.3225	429.786
2525	87.3617	429.692
2527	87.4413	429.66
2528	87.4829	429.633
2529	87.5385	429.353
2530	87.5835	429.242
2533	87.708	429.233
2534	87.7501	429.091
2536	87.835	429.034
2538	87.918	428.874
2539	87.9592	428.722
2540	88.0005	428.705
2542	88.0807	428.539
2544	88.1623	428.495
2545	88.2023	428.346
2548	88.3242	428.22
2549	88.364	428.216
2551	88.4443	428.105
2552	88.4849	428
2554	88.5659	427.958
2555	88.6058	427.864
2559	88.7712	427.682
2560	88.8143	427.635
2561	88.8555	427.326
2562	88.8959	427.137
2564	88.9754	426.821
2565	89.0163	426.599
2568	89.1354	426.412
2569	89.1758	426.402
2571	89.2557	426.359
2572	89.296	426.336
2573	89.3372	426.244
2574	89.3771	426.218
2575	89.4165	425.589
2576	89.4599	425.306
2579	89.5796	424.846
2581	89.659	424.808
2582	89.6997	424.734
2583	89.7406	424.712
2586	89.8604	424.709
2588	89.9403	424.571
2589	89.9803	424.567
2593	90.1387	424.318
2595	90.2176	424.235
2596	90.2571	424.142
2603	90.5366	423.891
2604	90.5769	423.879
2605	90.6162	423.859
2607	90.6958	423.731
2608	90.7356	423.681
2611	90.8557	423.562
2613	90.9351	423.553
2614	90.9752	423.49
2617	91.0957	423.459
2621	91.2556	423.44
2624	91.3745	423.205
2625	91.4141	423.145
2626	91.454	423.008
2627	91.4944	423.001
2628	91.5342	422.943
2630	91.6138	422.939
2631	91.6534	422.899
2633	91.7323	421.795
2635	91.8117	421.791
2636	91.8606	421.764
2637	91.9192	421.708
2638	91.9653	420.57
2639	92.0069	420.406
2640	92.0482	420.396
2641	92.0884	420.369
2642	92.1296	420.147
2643	92.1696	420.144
2644	92.2098	420.131
2645	92.2494	420.107
2646	92.2895	420.069
2647	92.3291	420.009
2648	92.3688	419.995
2649	92.4086	419.928
2650	92.4488	419.918
2652	92.5287	419.836
2653	92.5708	419.791
2654	92.6122	419.755
2655	92.6586	419.716
2656	92.7278	419.715
2657	92.7988	419.661
2658	92.8403	419.339
2659	92.8808	419.334
2661	92.9696	419.269
2662	93.0096	419.267
2663	93.0492	419.208
2664	93.089	419.205
2665	93.129	419.174
2666	93.1687	419.137
2667	93.2094	419.125
2668	93.2491	419.079
2669	93.2898	419.076
2672	93.417	419.061
2673	93.459	419.06
2674	93.4993	419.03
2675	93.5395	418.977
2676	93.5795	418.907
2677	93.6201	418.892
2679	93.7001	418.871
2680	93.7401	418.825
2681	93.7803	418.763
2682	93.8199	418.548
2683	93.8602	418.53
2684	93.9	418.515
2686	93.9801	418.485
2688	94.0604	418.455
2690	94.1425	418.245
2691	94.1828	418.222
2692	94.2231	418.192
2693	94.263	417.957
2694	94.3035	417.93
2696	94.383	417.89
2697	94.4235	417.889
2698	94.4639	417.837
2699	94.5044	417.77
2700	94.5441	417.748
2701	94.5842	417.713
2702	94.6238	417.695
2703	94.6642	417.677
2704	94.7049	417.618
2705	94.7446	417.613
2706	94.7843	417.596
2707	94.8241	417.355
2708	94.8648	417.353
2711	94.9869	417.339
2712	95.0268	417.337
2714	95.1063	417.316
2715	95.1462	417.254
2716	95.1859	417.25
2717	95.2258	416.986
2718	95.2657	416.97
2719	95.3056	416.919
2721	95.3858	416.83
2722	95.4257	416.828
2723	95.4655	416.792
2724	95.5067	416.791
2727	95.6263	416.683
2728	95.6667	416.634
2729	95.7064	416.57
2731	95.7867	416.355
2732	95.8263	416.267
2733	95.8669	416.211
2734	95.9075	416.204
2735	95.9472	416.192
2736	95.9873	416.139
2737	96.0272	416.135
2740	96.1476	416.107
2741	96.1881	416.1
2742	96.2281	416.095
2743	96.268	416.052
2744	96.31	416.008
2745	96.3509	415.798
2749	96.5126	415.756
2750	96.5542	415.677
2751	96.5946	415.61
2752	96.6516	415.594
2754	96.754	415.456
2756	96.8344	415.45
2761	97.0382	415.396
2762	97.0886	415.328
2763	97.1305	415.264
2764	97.1715	415.263
2765	97.2118	414.499
2767	97.2922	414.453
2768	97.3317	414.439
2769	97.372	414.054
2770	97.4121	413.999
2771	97.4526	413.897
2774	97.5741	413.831
2775	97.6146	413.829
2776	97.6558	413.824
2777	97.6973	413.816
2778	97.7394	413.775
2779	97.7811	413.676
2780	97.8213	413.664
2781	97.8617	413.631
2782	97.9025	413.41
2784	97.9837	413.317
2786	98.0655	413.291
2788	98.1472	413.234
2789	98.202	413.228
2791	98.3099	413.223
2792	98.3522	413.126
2794	98.434	413.034
2795	98.4763	413.009
2797	98.5589	413.004
2800	98.6803	412.962
2804	98.8404	412.488
2805	98.8808	412.417
2808	99.0009	412.362
2809	99.0416	412.25
2812	99.1613	412.213
2813	99.201	412.074
2814	99.241	412.062
2815	99.2809	412.019
2820	99.485	412.009
2821	99.5313	411.977
2822	99.5732	411.92
2823	99.6134	411.888
2825	99.6932	411.847
2828	99.814	411.823
2830	99.9153	411.742
2832	100.011	411.282
2833	100.052	410.837
2834	100.092	410.825
2836	100.174	410.793
2838	100.255	410.582
2841	100.39	410.576
2843	100.495	410.53
2847	100.657	410.501
2849	100.741	410.428
2851	100.821	410.421
2853	100.903	410.418
2854	100.943	410.369
2857	101.063	409.982
2858	101.105	409.913
2859	101.145	409.865
2862	101.265	409.788
2864	101.346	409.59
2866	101.426	409.51
2871	101.626	409.481
2872	101.667	409.463
2873	101.706	408.778
2876	101.826	408.748
2878	101.906	407.856
2881	102.026	407.845
2882	102.066	407.75
2883	102.106	407.738
2884	102.146	407.702
2885	102.187	407.686
2886	102.226	407.683
2887	102.266	407.601
2888	102.306	407.586
2889	102.347	407.548
2890	102.386	407.533
2892	102.466	407.483
2893	102.506	407.424
2895	102.588	407.407
2896	102.629	407.406
2897	102.678	407.335
2898	102.719	406.937
2899	102.759	406.589
2900	102.799	406.553
2901	102.839	406.517
2902	102.882	406.498
2903	102.925	406.472
2904	102.965	406.442
2905	103.007	406.337
2906	103.047	406.322
2907	103.088	406.3
2908	103.129	406.275
2909	103.169	406.224
2911	103.249	406.211
2912	103.288	406.202
2913	103.329	406.17
2914	103.368	406.155
2915	103.407	406.141
2916	103.446	406.085
2917	103.484	406.032
2918	103.524	406.027
2919	103.563	406.015
2920	103.601	405.989
2921	103.64	405.912
2922	103.679	405.741
2923	103.719	405.737
2926	103.838	405.478
2927	103.899	404.919
2930	104.017	404.592
2931	104.057	404.583
2932	104.103	404.498
2933	104.148	404.005
2934	104.19	403.98
2936	104.27	403.897
2937	104.31	403.891
2938	104.351	403.833
2939	104.39	403.832
2942	104.508	403.806
2944	104.586	403.788
2946	104.665	403.771
2949	104.783	403.757
2951	104.861	403.747
2952	104.902	403.725
2953	104.94	403.227
2955	105.021	403.127
2956	105.063	403.114
2957	105.102	403.108
2959	105.181	403.078
2960	105.219	403.064
2962	105.298	403.064
2967	105.512	403.015
2969	105.592	402.91
2970	105.631	402.901
2971	105.671	402.466
2972	105.711	402.463
2973	105.749	402.367
2974	105.788	402.129
2976	105.879	402.032
2977	105.921	401.943
2978	105.961	401.942
2979	106	401.888
2981	106.079	401.871
2982	106.118	401.868
2983	106.158	401.858
2985	106.244	401.6
2990	106.441	401.56
2994	106.6	401.482
3000	106.843	401.48
3001	106.882	401.444
3002	106.922	401.299
3003	106.962	401.263
3004	107.001	401.254
3005	107.041	400.568
3007	107.12	400.564
3008	107.16	400.55
3009	107.201	400.411
3010	107.24	400.377
3011	107.28	400.374
3012	107.319	400.369
3013	107.36	400.251
3014	107.404	400.185
3015	107.446	400.181
3018	107.563	400.157
3019	107.603	400.132
3020	107.642	400.132
3021	107.683	400.127
3022	107.721	400.029
3023	107.762	400.029
3024	107.801	399.41
3025	107.842	399.336
3026	107.887	399.333
3027	107.928	399.329
3028	107.967	399.21
3029	108.007	399.203
3031	108.086	399.159
3032	108.126	399.087
3033	108.165	399.059
3035	108.244	398.969
3040	108.455	398.911
3043	108.573	398.905
3044	108.612	398.628
3045	108.652	398.581
3047	108.73	398.568
3049	108.809	398.509
3050	108.849	398.365
3052	108.928	398.312
3053	108.968	397.896
3054	109.008	397.882
3055	109.047	397.863
3056	109.087	397.766
3061	109.29	397.751
3062	109.331	397.551
3063	109.373	397.548
3065	109.453	397.498
3067	109.538	397.479
3069	109.619	397.475
3070	109.659	397.473
3073	109.777	397.237
3074	109.816	397.22
3075	109.857	397.118
3076	109.896	397.088
3078	109.975	397.086
3081	110.095	397.069
3087	110.338	397.026
3089	110.418	397.024
3091	110.497	396.623
3092	110.536	396.611
3093	110.577	396.598
3097	110.737	396.293
3098	110.776	396.082
3099	110.817	396.012
3102	110.936	395.902
3104	111.017	395.786
3106	111.097	395.763
3113	111.374	394.988
3118	111.587	394.171
3119	111.643	394.128
3120	111.682	394.095
3121	111.736	394.082
3122	111.778	394.011
3123	111.818	393.998
3124	111.858	393.974
3126	111.937	393.971
3127	111.977	393.874
3128	112.017	393.835
3129	112.057	393.798
3130	112.097	393.784
3131	112.138	393.779
3132	112.177	393.718
3133	112.217	393.677
3135	112.308	393.613
3137	112.399	393.557
3138	112.439	393.541
3139	112.479	393.519
3140	112.519	393.502
3141	112.559	393.486
3142	112.598	393.478
3143	112.638	393.461
3144	112.678	393.438
3145	112.718	393.376
3146	112.758	393.334
3147	112.797	393.327
3148	112.895	393.303
3149	112.957	393.287
3150	113.003	393.283
3152	113.087	393.28
3153	113.127	393.257
3154	113.167	393.24
3155	113.207	393.209
3156	113.247	393.188
3157	113.307	393.123
3159	113.403	393.119
3160	113.447	393.099
3161	113.49	393.086
3162	113.53	393.032
3163	113.57	393.015
3165	113.65	392.95
3166	113.691	392.949
3167	113.733	392.936
3169	113.835	392.888
3171	113.927	392.868
3172	113.968	392.758
3173	114.008	392.755
3174	114.048	392.733
3175	114.087	392.549
3176	114.128	392.513
3177	114.168	392.511
3178	114.208	392.485
3179	114.248	392.412
3180	114.289	392.401
3182	114.368	392.389
3185	114.491	392.384
3186	114.531	392.369
3187	114.571	392.342
3188	114.613	392.322
3190	114.692	392.316
3191	114.732	392.305
3192	114.771	392.304
3193	114.812	392.047
3195	114.892	392.005
3196	114.933	392.001
3197	114.973	391.997
3199	115.055	391.962
3200	115.095	391.945
3203	115.215	391.937
3204	115.256	391.926
3206	115.336	391.899
3207	115.376	391.791
3208	115.416	391.773
3209	115.456	391.69
3211	115.535	391.497
3212	115.575	391.493
3214	115.654	391.356
3216	115.733	391.341
3217	115.773	391.339
3219	115.853	391.222
3221	115.934	391.212
3222	115.974	391.212
3225	116.094	391.175
3229	116.256	391.172
3230	116.296	391.092
3234	116.456	391.057
3236	116.537	391.052
3240	116.696	390.995
3241	116.736	390.994
3242	116.776	390.966
3245	116.896	390.762
3248	117.015	390.756
3249	117.055	390.628
3250	117.096	390.613
3252	117.176	390.608
3253	117.216	390.524
3254	117.256	390.503
3258	117.414	390.483
3259	117.455	390.173
3260	117.495	390.171
3261	117.535	390.141
3262	117.575	390.134
3263	117.624	390.057
3264	117.665	390.01
3269	117.863	390.006
3271	117.943	389.893
3272	117.983	389.837
3274	118.065	389.83
3275	118.107	389.558
3277	118.187	389.529
3280	118.308	389.482
3282	118.388	389.467
3283	118.428	389.461
3284	118.468	389.27
3286	118.548	389.269
3287	118.589	389.25
3288	118.629	389.132
3289	118.669	388.947
3290	118.709	388.923
3291	118.749	388.921
3292	118.789	388.897
3294	118.869	388.883
3295	118.91	388.861
3296	118.95	388.829
3299	119.07	388.625
3301	119.15	388.622
3303	119.23	388.617
3306	119.35	388.615
3307	119.391	388.589
3313	119.632	388.573
3315	119.711	388.49
3317	119.791	388.437
3318	119.831	388.334
3320	119.912	388.29
3321	119.952	388.283
3324	120.071	388.099
3327	120.193	388.082
3328	120.234	388.072
3329	120.275	388.06
3331	120.355	388.024
3338	120.634	387.969
3342	120.794	387.919
3344	120.876	387.85
3345	120.916	387.811
3346	120.956	387.809
3351	121.155	387.803
3353	121.235	387.427
3357	121.396	387.419
3358	121.436	387.1
3359	121.477	387.058
3360	121.516	387.057
3361	121.557	387.029
3363	121.636	387.022
3364	121.676	387.003
3365	121.717	386.995
3366	121.756	386.92
3367	121.797	386.865
3368	121.836	386.784
3369	121.878	386.773
3370	121.922	386.753
3371	121.963	386.753
3373	122.043	386.741
3374	122.083	386.732
3375	122.123	386.678
3376	122.164	386.67
3377	122.205	386.618
3378	122.245	386.594
3379	122.285	386.575
3381	122.364	386.564
3382	122.404	386.552
3383	122.445	386.439
3384	122.486	386.427
3385	122.526	386.395
3386	122.567	386.372
3387	122.611	386.361
3389	122.694	386.354
3390	122.734	386.344
3392	122.814	386.343
3393	122.854	386.315
3394	122.895	386.307
3395	122.936	386.217
3396	122.977	386.211
3397	123.017	386.209
3399	123.098	386.208
3400	123.138	386.184
3401	123.178	386.162
3402	123.219	386.077
3403	123.263	386.059
3404	123.303	386.052
3407	123.426	386.043
3411	123.589	386.033
3413	123.669	386.014
3414	123.709	385.992
3415	123.75	385.886
3416	123.797	385.865
3417	123.854	385.858
3418	123.907	385.831
3422	124.083	385.819
3425	124.208	385.811
3426	124.249	385.806
3427	124.291	385.795
3431	124.455	385.778
3432	124.496	385.774
3433	124.537	385.54
3435	124.617	385.499
3436	124.66	385.497
3437	124.701	385.444
3439	124.782	385.43
3440	124.824	385.329
3441	124.865	385.302
3445	125.084	385.287
3447	125.177	385.269
3448	125.218	385.268
3449	125.259	385.219
3450	125.302	385.207
3451	125.342	384.967
3452	125.382	384.961
3454	125.464	384.906
3455	125.505	384.781
3456	125.545	384.774
3457	125.586	384.769
3458	125.626	384.766
3460	125.707	384.761
3462	125.788	384.76
3463	125.829	384.682
3465	125.909	384.658
3469	126.072	384.643
3470	126.112	384.618
3471	126.153	384.491
3472	126.194	384.468
3473	126.233	384.459
3474	126.274	384.414
3476	126.356	384.405
3480	126.515	384.297
3481	126.555	384.281
3482	126.595	384.263
3483	126.635	384.208
3484	126.676	384.203
3485	126.717	384.157
3487	126.798	384.146
3488	126.84	384.146
3489	126.88	384.034
3490	126.92	384.03
3491	126.961	384.024
3492	127.001	384.003
3495	127.121	383.977
3500	127.32	383.977
3501	127.361	383.967
3503	127.441	383.956
3504	127.481	383.939
3505	127.522	383.703
3509	127.684	383.696
3512	127.805	383.659
3520	128.128	383.644
3523	128.259	383.631
3524	128.3	383.405
3527	128.422	383.402
3528	128.462	383.342
3529	128.503	383.257
3532	128.623	383.218
3534	128.705	383.204
3535	128.745	383.203
3536	128.785	382.969
3539	128.906	382.968
3542	129.028	382.942
3543	129.07	382.925
3546	129.19	382.909
3550	129.352	382.887
3552	129.432	382.861
3553	129.471	382.786
3555	129.552	382.691
3558	129.672	382.463
3560	129.753	382.45
3561	129.793	382.346
3565	129.954	382.319
3569	130.115	382.312
3571	130.197	382.286
3573	130.278	382.279
3576	130.399	382.248
3577	130.44	382.022
3582	130.642	381.992
3583	130.682	381.97
3584	130.722	381.918
3585	130.762	381.851
3589	130.923	381.832
3590	130.963	381.83
3591	131.003	381.82
3593	131.086	381.495
3597	131.25	380.478
3598	131.291	379.993
3599	131.332	379.965
3600	131.373	379.903
3601	131.416	379.89
3603	131.497	379.886
3606	131.652	379.879
3607	131.702	379.824
3608	131.743	379.675
3609	131.784	379.647
3610	131.826	379.633
3611	131.867	379.627
3613	131.948	379.569
3614	131.99	379.523
3615	132.037	379.483
3616	132.08	379.467
3617	132.12	379.422
3618	132.162	379.41
3619	132.203	379.391
3620	132.243	379.383
3621	132.283	379.377
3622	132.323	379.366
3623	132.363	379.335
3625	132.443	379.076
3626	132.483	379.069
3627	132.525	379.067
3632	132.728	379.057
3633	132.785	379.015
3634	132.827	379.006
3635	132.868	378.996
3636	132.909	378.983
3637	132.967	378.975
3639	133.052	378.973
3640	133.097	378.963
3641	133.138	378.949
3642	133.18	378.937
3643	133.222	378.927
3644	133.266	378.897
3646	133.353	378.876
3647	133.402	378.87
3648	133.449	378.837
3651	133.654	378.816
3654	133.776	378.798
3655	133.818	378.686
3656	133.858	378.656
3657	133.903	378.653
3658	133.944	378.601
3660	134.043	378.601
3661	134.092	378.531
3665	134.258	378.522
3666	134.3	378.509
3668	134.382	378.495
3671	134.505	378.489
3672	134.545	378.476
3673	134.586	378.438
3675	134.667	378.408
3676	134.708	378.401
3677	134.749	378.376
3678	134.789	378.355
3679	134.83	378.346
3680	134.87	378.227
3681	134.912	378.181
3684	135.032	378.17
3687	135.152	378.162
3688	135.193	378.145
3689	135.233	378.137
3691	135.313	378.095
3692	135.353	378.091
3694	135.431	378.045
3695	135.47	378.044
3698	135.588	377.97
3701	135.706	377.961
3702	135.745	377.955
3703	135.785	377.882
3704	135.824	377.854
3705	135.863	377.83
3706	135.902	377.828
3710	136.058	377.808
3711	136.098	377.645
3712	136.137	377.64
3714	136.214	377.611
3716	136.294	377.61
3719	136.412	377.599
3720	136.452	377.544
3722	136.53	377.535
3725	136.647	377.375
3726	136.686	377.374
3728	136.765	377.368
3729	136.804	377.362
3730	136.843	377.351
3732	136.923	377.328
3734	137.001	377.326
3735	137.04	377.294
3740	137.236	377.293
3741	137.276	377.276
3744	137.393	377.249
3746	137.472	377.232
3747	137.512	377.231
3749	137.592	377.212
3751	137.671	377.193
3752	137.71	377.139
3755	137.831	377.051
3760	138.03	377.005
3761	138.069	376.968
3763	138.148	376.968
3764	138.188	376.859
3766	138.266	376.857
3767	138.306	376.813
3769	138.384	376.779
3770	138.425	376.753
3771	138.465	376.75
3772	138.504	376.741
3774	138.584	376.733
3776	138.663	376.624
3778	138.741	376.615
3779	138.781	376.611
3783	138.94	376.599
3785	139.02	376.565
3790	139.217	376.56
3791	139.257	376.557
3793	139.336	376.44
3795	139.416	376.356
3798	139.535	376.243
3801	139.666	376.185
3803	139.75	376.184
3808	139.956	376.181
3809	139.996	376.175
3812	140.117	376.146
3813	140.156	376.143
3817	140.317	376.119
3818	140.356	376.105
3823	140.56	375.846
3824	140.599	375.831
3825	140.639	375.802
3827	140.723	375.711
3829	140.837	375.626
3830	140.946	375.618
3831	141.031	375.327
3832	141.078	375.319
3833	141.119	375.31
3835	141.201	375.305
3836	141.242	375.302
3837	141.281	375.101
3838	141.321	374.886
3839	141.361	374.817
3840	141.401	374.715
3841	141.442	374.711
3842	141.481	374.669
3843	141.521	374.666
3844	141.56	374.664
3847	141.681	374.628
3848	141.721	374.609
3849	141.76	374.584
3850	141.799	374.575
3851	141.838	374.569
3853	141.918	374.543
3854	141.958	374.516
3855	141.998	374.249
3857	142.08	374.234
3858	142.12	374.226
3859	142.159	374.213
3860	142.199	374.209
3861	142.239	374.2
3862	142.278	374.189
3863	142.318	374.167
3865	142.397	374.093
3868	142.516	374.072
3872	142.674	374.067
3873	142.714	374.051
3874	142.753	374.049
3875	142.793	374.047
3877	142.873	374.02
3878	142.913	374.005
3879	142.953	374
3880	142.994	373.989
3881	143.035	373.964
3883	143.115	373.953
3884	143.156	373.921
3885	143.198	373.804
3886	143.24	373.802
3887	143.279	373.773
3891	143.484	373.76
3894	143.613	373.743
3895	143.656	373.651
3896	143.698	373.631
3898	143.779	373.594
3900	143.859	373.586
3901	143.9	373.556
3903	143.982	373.55
3904	144.022	373.539
3906	144.124	373.538
3909	144.268	373.527
3910	144.309	373.502
3911	144.349	373.49
3912	144.39	373.473
3913	144.431	373.357
3915	144.51	373.336
3916	144.551	373.335
3917	144.59	373.321
3919	144.681	373.312
3920	144.721	373.269
3921	144.762	373.26
3922	144.802	373.256
3924	144.882	373.251
3925	144.921	373.244
3926	144.962	373.237
3928	145.043	373.166
3929	145.084	373.165
3930	145.124	373.161
3931	145.164	373.148
3933	145.257	373.142
3934	145.297	373.138
3935	145.338	373.137
3936	145.377	373.135
3937	145.42	373.112
3940	145.547	373.108
3941	145.603	373.089
3942	145.644	373.086
3943	145.704	373.082
3944	145.757	373.047
3945	145.807	373.025
3949	145.976	373.02
3951	146.058	372.781
3952	146.098	372.765
3953	146.14	372.748
3954	146.18	372.74
3955	146.22	372.739
3956	146.261	372.735
3957	146.302	372.717
3959	146.385	372.71
3960	146.427	372.669
3962	146.507	372.651
3963	146.549	372.62
3964	146.59	372.619
3965	146.631	372.603
3966	146.672	372.57
3968	146.752	372.568
3971	146.872	372.559
3972	146.913	372.542
3973	146.953	372.519
3975	147.033	372.506
3976	147.074	372.502
3977	147.114	372.493
3981	147.276	372.49
3983	147.356	372.481
3989	147.608	372.472
3992	147.758	372.417
3995	147.88	372.382
4000	148.082	372.225
4001	148.124	372.156
4002	148.165	372.135
4003	148.207	372.101
4004	148.248	372.029
4007	148.369	372.021
4010	148.491	371.99
4012	148.573	371.937
4014	148.657	371.915
4016	148.738	371.855
4018	148.818	371.841
4019	148.858	371.81
4021	148.939	371.795
4026	149.175	371.783
4031	149.377	371.653
4034	149.497	371.648
4037	149.617	371.647
4039	149.697	371.508
4050	150.136	371.484
4052	150.218	371.301
4053	150.26	371.301
4058	150.466	371.296
4062	150.629	371.291
4063	150.669	371.088
4068	150.878	370.977
4069	150.919	370.976
4071	151.003	370.777
4073	151.086	370.697
4075	151.169	370.692
4077	151.264	370.563
4078	151.306	370.439
4079	151.347	370.278
4080	151.388	370.242
4081	151.428	370.237
4082	151.469	370.222
4086	151.634	370.216
4087	151.675	370.17
4088	151.717	370.162
4089	151.759	370.153
4090	151.8	370.145
4091	151.841	370.142
4092	151.888	370.118
4093	151.931	370.085
4094	151.973	370.063
4095	152.022	369.9
4096	152.066	369.875
4097	152.11	369.797
4099	152.192	369.79
4100	152.235	369.774
4101	152.277	369.765
4102	152.318	369.742
4103	152.36	369.741
4105	152.449	369.681
4107	152.533	369.676
4108	152.574	369.643
4111	152.696	369.641
4112	152.736	369.636
4113	152.777	369.629
4114	152.817	369.624
4115	152.857	369.615
4118	152.98	369.593
4123	153.222	369.581
4124	153.263	369.554
4127	153.394	369.539
4131	153.573	369.53
4132	153.639	369.496
4134	153.792	369.479
4135	153.834	369.394
4136	153.88	369.384
4138	153.964	369.363
4143	154.171	369.34
4146	154.295	369.327
4148	154.387	369.317
4149	154.434	369.311
4151	154.524	369.252
4152	154.565	369.247
4153	154.607	369.227
4155	154.69	369.197
4156	154.732	369.195
4157	154.773	369.104
4159	154.856	369.092
4160	154.897	369.036
4162	154.978	369.035
4163	155.019	369.028
4164	155.06	369.02
4168	155.261	368.97
4169	155.304	368.952
4170	155.346	368.799
4172	155.428	368.794
4175	155.555	368.789
4176	155.601	368.786
4177	155.642	368.777
4178	155.683	368.777
4179	155.724	368.763
4180	155.765	368.763
4182	155.849	368.759
4184	155.931	368.723
4185	155.974	368.707
4186	156.014	368.663
4187	156.055	368.635
4188	156.095	368.621
4189	156.137	368.618
4192	156.279	368.616
4196	156.459	368.606
4197	156.5	368.591
4198	156.542	368.588
4199	156.584	368.576
4202	156.709	368.575
4203	156.751	368.571
4204	156.791	368.564
4205	156.832	368.507
4207	156.915	368.496
4208	156.956	368.494
4210	157.038	368.492
4211	157.078	368.489
4212	157.12	368.487
4214	157.2	368.48
4215	157.241	368.478
4220	157.48	368.477
4221	157.52	368.445
4223	157.602	368.436
4224	157.642	368.425
4226	157.723	368.418
4229	157.845	368.408
4230	157.885	368.389
4231	157.926	368.316
4232	157.966	368.282
4233	158.007	368.259
4234	158.047	368.253
4235	158.088	368.232
4240	158.29	368.215
4241	158.331	368.214
4242	158.372	368.19
4243	158.412	368.187
4244	158.453	368.122
4247	158.629	368.11
4248	158.701	368.089
4249	158.746	367.95
4250	158.787	367.93
4251	158.828	367.925
4252	158.869	367.923
4253	158.91	367.904
4254	158.95	367.894
4256	159.031	367.799
4257	159.072	367.794
4261	159.235	367.737
4264	159.356	367.734
4265	159.396	367.725
4269	159.556	367.724
4270	159.597	367.711
4271	159.64	367.524
4273	159.722	367.493
4274	159.762	367.492
4276	159.844	367.443
4277	159.885	367.409
4278	159.925	367.397
4279	159.965	367.252
4280	160.006	367.214
4283	160.126	367.19
4284	160.166	367.18
4288	160.328	367.176
4289	160.37	367.142
4290	160.41	367.102
4292	160.491	366.945
4293	160.532	366.941
4297	160.699	366.91
4298	160.759	366.903
4301	160.889	366.902
4305	161.05	366.814
4306	161.09	366.788
4307	161.131	366.703
4308	161.172	366.648
4311	161.293	366.621
4312	161.333	366.614
4320	161.655	366.584
4321	161.696	366.57
4322	161.737	366.566
4324	161.819	366.563
4326	161.901	366.555
4328	162.002	366.55
4330	162.108	366.541
4331	162.149	366.52
4332	162.192	366.517
4333	162.233	366.499
4334	162.276	366.483
4335	162.316	366.366
4337	162.397	366.353
4338	162.438	366.348
4339	162.478	366.331
4340	162.519	366.318
4341	162.559	366.303
4342	162.6	366.294
4345	162.721	366.174
4349	162.882	366.149
4351	162.964	366.141
4352	163.004	366.133
4354	163.084	366.132
4356	163.165	366.125
4359	163.287	366.119
4361	163.369	366.088
4363	163.464	366.064
4364	163.505	366.026
4368	163.668	366.021
4372	163.832	365.983
4374	163.912	365.975
4375	163.953	365.929
4376	163.994	365.919
4378	164.076	365.895
4381	164.199	365.825
4382	164.24	365.81
4383	164.28	365.8
4384	164.32	365.797
4385	164.361	365.795
4386	164.401	365.792
4387	164.442	365.788
4389	164.525	365.781
4390	164.566	365.757
4391	164.607	365.752
4392	164.647	365.75
4393	164.687	365.731
4395	164.768	365.706
4396	164.808	365.704
4397	164.85	365.684
4399	164.935	365.668
4400	164.976	365.641
4401	165.016	365.6
4402	165.059	365.599
4403	165.1	365.579
4404	165.142	365.571
4406	165.224	365.565
4408	165.307	365.492
4409	165.349	365.472
4410	165.39	365.442
4413	165.526	365.435
4415	165.613	365.42
4416	165.662	365.412
4417	165.711	365.405
4419	165.794	365.392
4422	165.954	365.388
4423	166.002	365.377
4424	166.043	365.374
4425	166.085	365.365
4426	166.125	365.255
4428	166.208	365.153
4430	166.292	365.145
4431	166.339	365.118
4442	166.804	365.111
4445	166.929	364.961
4447	167.01	364.929
4448	167.05	364.928
4449	167.09	364.905
4450	167.131	364.904
4455	167.332	364.895
4460	167.527	364.891
4461	167.566	364.877
4463	167.645	364.876
4465	167.724	364.856
4469	167.88	364.854
4470	167.919	364.841
4472	167.998	364.81
4473	168.037	364.803
4475	168.119	364.796
4479	168.303	364.667
4480	168.344	364.651
4483	168.465	364.635
4484	168.506	364.59
4486	168.585	364.512
4491	168.785	364.511
4492	168.826	364.448
4493	168.866	364.433
4494	168.906	364.428
4496	168.984	364.392
4497	169.023	364.391
4500	169.141	364.391
4501	169.184	364.336
4506	169.386	364.318
4507	169.426	364.318
4510	169.544	364.304
4511	169.583	364.285
4513	169.661	364.26
4514	169.701	364.257
4515	169.741	364.255
4516	169.78	364.25
4517	169.819	364.244
4519	169.898	364.164
4520	169.937	364.141
4530	170.331	364.133
4532	170.41	364.129
4533	170.45	364.127
4534	170.491	363.902
4538	170.65	363.897
4541	170.768	363.882
4544	170.887	363.881
4545	170.926	363.835
4546	170.966	363.834
4548	171.045	363.825
4550	171.124	363.819
4551	171.163	363.795
4552	171.202	363.784
4556	171.36	363.775
4560	171.516	363.759
4561	171.555	363.753
4562	171.595	363.628
4567	171.793	363.59
4568	171.833	363.586
4570	171.913	363.577
4571	171.952	363.521
4572	171.991	363.516
4573	172.03	363.485
4574	172.07	363.484
4575	172.108	363.455
4576	172.148	363.419
4577	172.187	363.405
4578	172.226	363.398
4579	172.267	363.392
4580	172.305	363.383
4581	172.345	363.372
4582	172.384	363.291
4583	172.424	363.246
4584	172.463	363.222
4585	172.502	363.189
4586	172.542	363.078
4589	172.662	363.066
4591	172.74	363.031
4592	172.78	363.023
4593	172.82	363.019
4594	172.859	363.002
4595	172.899	362.997
4597	172.978	362.994
4598	173.017	362.967
4599	173.056	362.964
4601	173.136	362.937
4602	173.176	362.925
4603	173.216	362.9
4604	173.255	362.87
4605	173.294	362.846
4607	173.374	362.825
4609	173.454	362.809
4610	173.493	362.681
4611	173.536	362.679
4612	173.581	362.647
4614	173.674	362.642
4615	173.758	362.606
4616	173.816	362.593
4618	173.907	362.576
4620	174.007	362.574
4622	174.087	362.573
4623	174.126	362.534
4624	174.166	362.524
4625	174.205	362.522
4626	174.244	362.507
4627	174.284	362.497
4628	174.323	362.465
4630	174.403	362.451
4631	174.443	362.441
4632	174.483	362.417
4633	174.523	362.404
4635	174.602	362.374
4636	174.642	362.372
4637	174.682	362.372
4638	174.721	362.366
4639	174.761	362.364
4640	174.803	362.355
4641	174.844	362.331
4643	174.923	362.317
4644	174.963	362.312
4645	175.003	362.303
4646	175.044	362.298
4648	175.123	362.245
4649	175.163	362.229
4650	175.203	362.212
4654	175.363	362.212
4656	175.444	362.174
4657	175.485	362.166
4660	175.608	362.156
4661	175.648	362.153
4662	175.689	362.15
4664	175.771	362.149
4665	175.811	362.14
4666	175.852	362.073
4668	175.932	362.053
4669	175.972	362.052
4670	176.012	362.048
4671	176.053	362.04
4672	176.101	362.025
4678	176.358	361.888
4679	176.417	361.876
4680	176.457	361.861
4682	176.537	361.857
4683	176.579	361.852
4685	176.66	361.828
4686	176.702	361.788
4687	176.742	361.786
4688	176.785	361.785
4689	176.825	361.767
4690	176.867	361.745
4691	176.907	361.723
4695	177.075	361.716
4697	177.184	361.71
4699	177.276	361.681
4700	177.326	361.676
4701	177.371	361.65
4703	177.452	361.65
4705	177.533	361.642
4708	177.653	361.638
4709	177.693	361.638
4710	177.735	361.627
4712	177.815	361.601
4713	177.855	361.585
4715	177.936	361.57
4717	178.016	361.553
4720	178.137	361.553
4721	178.178	361.506
4722	178.218	361.497
4724	178.298	361.461
4725	178.338	361.391
4726	178.379	361.323
4727	178.419	361.31
4729	178.5	361.29
4730	178.54	361.272
4731	178.58	361.27
4732	178.619	361.211
4734	178.699	361.205
4735	178.739	361.195
4736	178.78	361.183
4737	178.82	361.181
4741	178.98	361.171
4745	179.143	361.159
4746	179.184	361.048
4747	179.223	361.046
4749	179.304	361.043
4750	179.344	361.035
4752	179.425	361.028
4755	179.546	360.906
4757	179.627	360.886
4758	179.667	360.878
4759	179.706	360.854
4760	179.747	360.836
4764	179.908	360.827
4766	179.989	360.826
4767	180.029	360.824
4768	180.069	360.817
4771	180.191	360.775
4774	180.31	360.768
4775	180.35	360.767
4776	180.39	360.753
4777	180.44	360.741
4778	180.48	360.714
4779	180.52	360.713
4781	180.6	360.709
4783	180.68	360.612
4785	180.76	360.605
4786	180.8	360.589
4790	180.96	360.569
4791	181	360.546
4792	181.04	360.543
4793	181.08	360.385
4794	181.12	360.379
4796	181.201	360.374
4801	181.404	360.37
4802	181.444	360.287
4803	181.484	360.279
4804	181.524	360.273
4806	181.603	360.27
4808	181.682	360.267
4810	181.762	360.267
4811	181.802	360.257
4812	181.842	360.254
4813	181.881	360.243
4814	181.921	360.236
4815	181.962	360.209
4816	182.002	360.185
4817	182.042	360.169
4818	182.082	360.151
4820	182.164	360.079
4822	182.244	359.683
4825	182.364	359.644
4826	182.404	359.408
4827	182.443	359.407
4828	182.483	359.395
4829	182.525	359.386
4831	182.605	359.364
4832	182.645	359.358
4834	182.726	359.352
4835	182.766	359.348
4836	182.807	359.341
4837	182.846	359.339
4838	182.886	359.339
4839	182.926	359.334
4842	183.048	359.331
4844	183.128	359.312
4845	183.168	359.308
4847	183.249	359.302
4850	183.372	359.236
4853	183.497	359.234
4854	183.539	359.232
4855	183.58	359.206
4856	183.62	359.196
4858	183.701	359.182
4859	183.741	359.156
4866	184.044	359.153
4867	184.085	359.139
4868	184.126	359.135
4870	184.208	359.134
4871	184.251	359.123
4872	184.291	359.109
4875	184.414	359.099
4876	184.454	359.099
4878	184.536	359.084
4879	184.576	359.049
4880	184.617	359.041
4881	184.657	359.006
4883	184.739	359.003
4885	184.84	358.997
4887	184.934	358.994
4889	185.019	358.987
4893	185.18	358.984
4896	185.3	358.951
4897	185.341	358.925
4902	185.542	358.922
4904	185.624	358.916
4905	185.664	358.91
4907	185.748	358.882
4909	185.83	358.881
4910	185.87	358.881
4911	185.911	358.857
4915	186.072	358.85
4916	186.113	358.845
4918	186.193	358.805
4921	186.314	358.792
4923	186.394	358.786
4925	186.475	358.748
4926	186.515	358.739
4927	186.555	358.722
4928	186.596	358.72
4930	186.677	358.696
4931	186.718	358.685
4935	186.879	358.68
4937	186.961	358.677
4939	187.043	358.655
4941	187.124	358.646
4942	187.165	358.639
4943	187.205	358.626
4944	187.245	358.621
4945	187.287	358.614
4949	187.447	358.613
4950	187.487	358.608
4952	187.568	358.578
4953	187.609	358.573
4955	187.689	358.57
4958	187.81	358.567
4961	187.933	358.538
4963	188.014	358.537
4965	188.095	358.519
4966	188.135	358.474
4970	188.297	358.455
4971	188.337	358.454
4972	188.378	358.416
4973	188.418	358.413
4974	188.458	358.399
4975	188.499	358.387
4977	188.579	358.384
4979	188.66	358.079
4981	188.741	358.077
4986	188.942	358.034
4989	189.064	358.03
4990	189.105	358.025
4996	189.349	358.024
4999	189.471	358.021
5000	189.513	358.021
# FIN	189.513	358.021

