# target=instancias/starrynight.png T=240 iters=5000 K=32 seed=auto
iter	segundos	MSE
0	0.0017671	10372.9
1	0.0212584	10344.7
2	0.0402445	10336.3
3	0.0597369	10297
4	0.0788215	10244.5
5	0.0981703	10244.4
6	0.117315	10224
7	0.136799	10125.7
8	0.15584	10122.7
9	0.174739	9949.58
10	0.193746	9907.86
11	0.214207	9869.5
12	0.233558	9832.18
13	0.252831	9825.8
14	0.272348	9816.27
15	0.292038	9815.85
16	0.311236	9813.22
17	0.330602	9804.94
18	0.349948	9753.98
19	0.369301	9716.3
20	0.388558	9715.03
21	0.408078	9689.76
22	0.427763	9684.51
23	0.447265	9627.26
24	0.467378	9595.64
25	0.487137	9557.81
26	0.507671	9551.28
27	0.527436	9536.22
28	0.547328	9534.74
29	0.567266	9440.95
30	0.586973	9438.79
31	0.608961	9413.92
32	0.629318	9413.24
33	0.650755	9333.82
34	0.670811	9289.81
35	0.690564	9282.28
36	0.710674	9247.05
37	0.730686	9236.71
38	0.750643	9235.15
39	0.770344	9234.09
40	0.790111	9206.9
41	0.809927	9174.08
42	0.829737	9163.71
43	0.849673	9094.72
44	0.869935	9067.59
45	0.889798	9017.18
46	0.909514	8996.44
47	0.929631	8996.26
48	0.950647	8986.69
49	0.97165	8954.61
50	0.992127	8869.69
51	1.0124	8863.7
52	1.03305	8843.49
53	1.05369	8787.25
54	1.07408	8768.03
55	1.09557	8767.14
56	1.11626	8707.65
57	1.13659	8692.97
58	1.15697	8671.51
59	1.17781	8670.53
60	1.19861	8670.19
61	1.22	8659.11
62	1.2404	8647.75
63	1.26103	8647.38
64	1.28212	8628.25
65	1.30309	8628.19
66	1.32383	8613.36
67	1.34432	8613.15
68	1.36472	8582.4
69	1.38551	8575.23
70	1.40716	8574.89
71	1.42759	8561.67
72	1.44827	8558.66
73	1.4693	8546.46
74	1.4912	8452.11
75	1.51223	8447.64
76	1.5331	8447.47
77	1.55396	8387.76
78	1.57466	8351.57
79	1.59554	8351.31
80	1.61669	8320.98
81	1.63819	8318.86
82	1.65946	8274.93
83	1.68015	8274.1
84	1.70108	8254.94
85	1.72261	8244.42
86	1.74435	8215.54
87	1.76548	8190.57
88	1.78715	8179.16
89	1.80886	8144.73
90	1.83085	8142.38
91	1.85969	8114.98
92	1.88332	8075.88
93	1.90582	8063.06
94	1.92893	8050.9
95	1.95154	8040.17
96	1.97422	8039.92
97	1.99682	8038.79
98	2.01841	8036.87
99	2.03994	7989.9
100	2.06135	7956.21
101	2.08297	7954.02
102	2.10456	7940.73
103	2.1271	7900.68
104	2.14901	7900.48
105	2.17037	7899.93
106	2.19184	7882.68
107	2.21349	7871.36
108	2.23507	7839.58
109	2.25682	7823.97
110	2.27891	7822.5
111	2.30111	7775.73
112	2.32278	7763.34
113	2.34474	7695.7
114	2.36664	7654.2
115	2.38842	7641.78
116	2.41085	7636.71
117	2.43332	7610.11
118	2.45558	7603.98
119	2.47782	7603.9
120	2.5001	7579.24
121	2.52226	7534.23
122	2.54436	7526.12
123	2.56652	7510.59
124	2.58877	7398.34
125	2.61183	7362.81
126	2.63405	7360.42
127	2.65631	7350.76
128	2.6797	7347.1
129	2.71316	7282.45
130	2.74602	7273.04
131	2.76973	7215.95
132	2.79364	7211.53
133	2.81673	7209.62
134	2.84002	7208.41
135	2.86412	7208.04
136	2.88761	7207.99
137	2.91088	7199.82
138	2.93353	7195.29
139	2.95724	7180.78
140	2.97979	7163.52
141	3.00287	7163.35
142	3.02546	7162.14
143	3.04816	7124.16
144	3.07139	7112.33
145	3.09381	7100.9
146	3.117	7075.93
147	3.1434	7074.97
148	3.16691	7068.79
149	3.19123	6988.22
150	3.2138	6969.32
151	3.2371	6964.95
152	3.26089	6963.75
153	3.28429	6961.74
154	3.30784	6961.69
155	3.33292	6949.33
156	3.35715	6928.87
157	3.38032	6922.78
158	3.4034	6916.2
159	3.42614	6883.91
160	3.45057	6883.48
161	3.47399	6866.01
162	3.49737	6860.92
163	3.52093	6860.68
164	3.54538	6860.27
165	3.56905	6833.6
166	3.59397	6830.85
167	3.61719	6827.65
168	3.64055	6787.06
169	3.6637	6785.27
170	3.69837	6774.75
171	3.73199	6773.33
172	3.75596	6769.89
173	3.77975	6754.21
174	3.80291	6748.51
175	3.82614	6701.88
176	3.84932	6693.26
177	3.87318	6633.25
178	3.89698	6629.69
179	3.92033	6615.46
180	3.94373	6582.83
181	3.96762	6568.88
182	3.99206	6536.74
183	4.01633	6497.93
184	4.04092	6491.13
185	4.0648	6463.91
186	4.08896	6461.55
187	4.11262	6440.41
188	4.13604	6418.57
189	4.15975	6411.69
190	4.18335	6394.76
191	4.20733	6343.75
192	4.23113	6338.94
193	4.25516	6335.97
194	4.27973	6334.78
195	4.30385	6326.85
196	4.32809	6307.13
197	4.35243	6303.84
198	4.37645	6301.7
199	4.40045	6300.62
200	4.42458	6298.53
201	4.4484	6298.3
202	4.47236	6282.45
203	4.49654	6267.96
204	4.52058	6257.9
205	4.54481	6251.95
206	4.56918	6250.88
207	4.59311	6248.11
208	4.61699	6240.34
209	4.64095	6237.8
210	4.66543	6226.78
211	4.69011	6223.14
212	4.71416	6214.22
213	4.73813	6203.85
214	4.7628	6200.69
215	4.7872	6185.34
216	4.81178	6172.33
217	4.83665	6167.14
218	4.86184	6145.9
219	4.88653	6090.69
220	4.91151	6090.01
221	4.93579	6088.22
222	4.95997	6064.28
223	4.98446	6041.48
224	5.0091	6037.1
225	5.03428	6025.77
226	5.05875	6025.21
227	5.08333	5997.79
228	5.10792	5978.91
229	5.13262	5942.54
230	5.15751	5931.86
231	5.18191	5922.63
232	5.20655	5916.53
233	5.23168	5913.88
234	5.25597	5873.09
235	5.28047	5872.46
236	5.30502	5834.5
237	5.33036	5833.72
238	5.35616	5833.33
239	5.38161	5797.06
240	5.4061	5793.2
241	5.43115	5728.12
242	5.45595	5720.7
243	5.48085	5691.77
244	5.50591	5680.37
245	5.53082	5676.11
246	5.55554	5666.2
247	5.58046	5657.75
248	5.60547	5656.88
249	5.63033	5511.01
250	5.65582	5506.18
251	5.68075	5496.9
252	5.70575	5480.73
253	5.73099	5477.61
254	5.75662	5470.91
255	5.78185	5470.77
256	5.80721	5470.11
257	5.83217	5468.19
258	5.85762	5461.82
259	5.88301	5392.67
260	5.90852	5392.66
261	5.93478	5333.1
262	5.96006	5329.49
263	5.98545	5305.5
264	6.01086	5283.44
265	6.03637	5279.81
266	6.0617	5263.15
267	6.08713	5256.55
268	6.11232	5252.58
269	6.13823	5205.12
270	6.16379	5204.77
271	6.18985	5203.44
272	6.21555	5201.28
273	6.24135	5180.44
274	6.26732	5169.69
275	6.29303	5162.38
276	6.31845	5109.44
277	6.34418	5105.76
278	6.37001	5102.32
279	6.39566	5101.79
280	6.42162	5082.42
281	6.4475	5058.87
282	6.47353	5055.95
283	6.49925	5034.56
284	6.5251	5028.73
285	6.55108	5002.66
286	6.57745	4966.68
287	6.60356	4966.57
288	6.62963	4961.1
289	6.65553	4950.38
290	6.68188	4872.26
291	6.70854	4855.33
292	6.73486	4854.73
293	6.76122	4847.47
294	6.78754	4843.75
295	6.81384	4843.61
296	6.83988	4777.33
297	6.86609	4776.09
298	6.8925	4773.41
299	6.91869	4772.92
300	6.94477	4772.88
301	6.97105	4772.42
302	6.99746	4765.54
303	7.02373	4764.43
304	7.05042	4749.1
305	7.07692	4743.19
306	7.10319	4722.9
307	7.13017	4721.37
308	7.15639	4718.44
309	7.18276	4716.07
310	7.2099	4714.84
311	7.23635	4700.83
312	7.26349	4700.36
313	7.29028	4694.7
314	7.31721	4596.8
315	7.34381	4596.74
316	7.37149	4596.48
317	7.39905	4581
318	7.42596	4540.14
319	7.45268	4536.88
320	7.47926	4526.99
321	7.50615	4512.95
322	7.53476	4505.81
323	7.56301	4490.99
324	7.5903	4489.1
325	7.61799	4473.29
326	7.64495	4451.35
327	7.6718	4436.35
328	7.699	4431.76
329	7.72593	4400.04
330	7.75392	4398.95
331	7.78075	4378.1
332	7.80737	4368.09
333	7.8346	4363.42
334	7.86166	4358.6
335	7.88861	4351.74
336	7.91536	4351.15
337	7.94323	4348.93
338	7.97112	4345.91
339	7.9984	4329.16
340	8.02594	4319.78
341	8.05314	4313.5
342	8.08009	4309.96
343	8.10715	4302.16
344	8.13448	4302.09
345	8.16149	4302.01
346	8.1885	4296.34
347	8.21577	4291.53
348	8.24375	4261.75
349	8.27124	4258.13
350	8.29848	4251.86
351	8.32606	4228.23
352	8.35355	4214.95
353	8.3806	4154.68
354	8.40797	4145.86
355	8.436	4126.4
356	8.46373	4120.27
357	8.49116	4101.99
358	8.51859	4101
359	8.54605	4098.3
360	8.5738	4087.91
361	8.6012	4066.76
362	8.62852	4057.28
363	8.6564	4012.23
364	8.6839	3986.65
365	8.71203	3960.66
366	8.73965	3960.17
367	8.76726	3959.24
368	8.7952	3956.44
369	8.82259	3943.16
370	8.85	3934.07
371	8.87763	3904.63
372	8.90535	3904.36
373	8.93328	3902.8
374	8.96177	3901.2
375	8.98967	3901.03
376	9.01733	3899.71
377	9.04579	3891.15
378	9.07371	3885.47
379	9.10144	3876.23
380	9.13056	3858.18
381	9.15848	3858
382	9.18637	3816.33
383	9.2143	3795.58
384	9.24233	3794.19
385	9.27065	3782.86
386	9.29832	3781.81
387	9.32637	3781.4
388	9.35429	3775.1
389	9.38236	3728.31
390	9.4104	3724.43
391	9.4383	3721.47
392	9.4666	3711.4
393	9.49476	3691.51
394	9.52259	3691.34
395	9.55096	3669.96
396	9.57924	3663.19
397	9.60707	3662.5
398	9.63503	3660.48
399	9.6632	3646.97
400	9.69125	3646.73
401	9.71978	3636.63
402	9.74959	3633.51
403	9.77846	3633.34
404	9.80644	3631.39
405	9.83439	3627.19
406	9.86232	3624.66
407	9.89067	3624.42
408	9.91906	3624.17
409	9.94738	3621.14
410	9.97576	3616.2
411	10.0037	3611.52
412	10.0316	3610.8
413	10.0606	3597.23
414	10.0895	3596.73
415	10.1176	3576.48
416	10.1459	3575.04
417	10.1753	3504.22
418	10.2035	3503.99
419	10.2317	3502.04
420	10.2606	3500.15
421	10.2898	3494.34
422	10.3187	3481.25
423	10.3475	3406.63
424	10.3759	3383.67
425	10.4044	3362.09
426	10.433	3361.26
427	10.4613	3350.18
428	10.4904	3328.8
429	10.5187	3325.55
430	10.5472	3317.43
431	10.5758	3275.28
432	10.6048	3273.37
433	10.6333	3259.67
434	10.6622	3250.26
435	10.6909	3247.08
436	10.7197	3246.92
437	10.7484	3245.19
438	10.7776	3242.74
439	10.8066	3241.62
440	10.8356	3241.34
441	10.8643	3241.01
442	10.8931	3236.27
443	10.9217	3235.41
444	10.9507	3232.49
445	10.9792	3228.39
446	11.0078	3227.19
447	11.0365	3225.93
448	11.0653	3224.84
449	11.0942	3223.84
450	11.1227	3217.86
451	11.1514	3216.54
452	11.1801	3212.77
453	11.2086	3209.93
454	11.2373	3208.16
455	11.267	3199.61
456	11.2961	3195.11
457	11.3249	3193.83
458	11.3537	3184.81
459	11.3829	3143.99
460	11.4124	3143.55
461	11.4421	3136.51
462	11.4721	3131.83
463	11.5014	3109.98
464	11.531	3102.22
465	11.5602	3100.71
466	11.589	3099.97
467	11.6183	3095.62
468	11.6478	3086.25
469	11.6774	3076.15
470	11.7062	3071.66
471	11.7351	3059.77
472	11.764	3053.31
473	11.7931	3050.62
474	11.8226	3042
475	11.8513	3040.93
476	11.88	3022.1
477	11.9094	3018.21
478	11.9404	3017.17
479	11.9708	2976.82
480	12.0002	2971.85
481	12.0295	2933.38
482	12.0591	2932.72
483	12.0888	2917.87
484	12.119	2914.72
485	12.1493	2914.02
486	12.1787	2905.64
487	12.2079	2898.9
488	12.2373	2898.19
489	12.2666	2889.82
490	12.2963	2884.44
491	12.3255	2860.37
492	12.3555	2854.06
493	12.3849	2849.07
494	12.4142	2848.71
495	12.4436	2848.62
496	12.4733	2848.03
497	12.5026	2847.34
498	12.5323	2846.06
499	12.5621	2834.89
500	12.5925	2833.51
501	12.6231	2812.73
502	12.6534	2811.83
503	12.6843	2792.45
504	12.7148	2785.6
505	12.7454	2762.6
506	12.7749	2752.17
507	12.8045	2737.25
508	12.834	2720.7
509	12.8647	2701.9
510	12.8943	2699.93
511	12.9241	2694.31
512	12.954	2693.75
513	12.9839	2689.51
514	13.0144	2684.91
515	13.0443	2660.91
516	13.0747	2656.99
517	13.1051	2655.37
518	13.1348	2654.46
519	13.1648	2654.43
520	13.1948	2618.29
521	13.2247	2617.51
522	13.2551	2616.81
523	13.2849	2615.41
524	13.315	2608.43
525	13.3456	2605.75
526	13.3783	2594.93
527	13.4098	2593.92
528	13.44	2591.99
529	13.4705	2591.71
530	13.5013	2588.27
531	13.5317	2580.62
532	13.5625	2579.09
533	13.5935	2576.05
534	13.6241	2571.99
535	13.6557	2571.76
536	13.6881	2554.77
537	13.7194	2554.39
538	13.753	2554.29
539	13.7837	2554.26
540	13.8152	2554.15
542	13.8795	2553.47
543	13.9117	2553.39
544	13.943	2549.84
545	13.9744	2549.18
546	14.005	2541.95
547	14.0358	2541.82
548	14.0665	2541.09
549	14.0973	2539.57
550	14.1292	2539.36
551	14.1601	2527.98
552	14.1915	2527.66
553	14.223	2526.51
554	14.2544	2507.09
555	14.2856	2507.08
556	14.3162	2505.64
557	14.3473	2503.8
558	14.378	2485.32
559	14.409	2483.82
560	14.4402	2482.34
561	14.4709	2470.85
562	14.5017	2459.47
563	14.5328	2433.36
564	14.5641	2431.26
565	14.5949	2426.78
566	14.6261	2426.36
567	14.6572	2420.04
568	14.6882	2419.69
569	14.7197	2377.27
570	14.7509	2376.56
571	14.7821	2375.3
572	14.8132	2372.69
573	14.8447	2367.6
574	14.8757	2367.03
575	14.9067	2361.84
576	14.9377	2361.37
577	14.9687	2358.72
578	15.0005	2358.44
579	15.0324	2350.89
580	15.0637	2344.62
581	15.0953	2341.57
582	15.1266	2339.95
583	15.158	2339.27
584	15.1902	2339.2
585	15.2211	2338.64
586	15.2522	2337.71
587	15.284	2336.54
588	15.3151	2304.72
589	15.3465	2298.27
591	15.409	2290.24
592	15.4402	2289.21
593	15.4716	2280.33
594	15.5028	2276.97
595	15.5339	2262.04
596	15.5657	2260.56
597	15.5974	2256.84
598	15.629	2256.84
599	15.6602	2256.51
600	15.6917	2255.97
601	15.7232	2227
602	15.7673	2226.78
603	15.8019	2226.31
604	15.8333	2193.77
605	15.865	2191.45
606	15.897	2191.23
608	15.9602	2190.2
609	15.9919	2187.7
610	16.0233	2183.37
611	16.0548	2180.41
612	16.0861	2180.18
613	16.1174	2174.12
614	16.1479	2174.06
615	16.1791	2173.69
616	16.2103	2172.73
617	16.2405	2172.02
618	16.2711	2170.38
619	16.3019	2158.73
620	16.3333	2158.17
621	16.3649	2158.13
622	16.3971	2151.18
623	16.4299	2145.23
624	16.4617	2139.25
625	16.5027	2124.87
626	16.5373	2123.79
627	16.5777	2123.76
628	16.6102	2122.38
629	16.6407	2060.52
630	16.6712	2059.8
631	16.7014	2058.46
632	16.7321	2058.01
633	16.7634	2053
634	16.7938	2052.34
635	16.8244	2024.49
636	16.8553	2018.39
637	16.8865	2017.91
638	16.9175	2017.32
639	16.9482	2006.8
640	16.9788	2006.65
641	17.0094	2000.29
642	17.0403	1999.76
643	17.0713	1999.73
644	17.1018	1999.18
645	17.1328	1995.01
646	17.164	1983.43
647	17.1949	1980.71
648	17.226	1980.05
649	17.2567	1977.32
650	17.2875	1975.58
651	17.3182	1973.98
652	17.3494	1969.33
653	17.381	1958.97
654	17.4126	1955.5
655	17.4452	1954.34
656	17.4762	1953.85
657	17.5075	1887.43
658	17.5391	1886.3
659	17.5708	1885.41
660	17.6027	1884.78
661	17.6345	1882.14
662	17.6656	1879.41
663	17.697	1848.68
664	17.7287	1847.36
665	17.7597	1842.96
666	17.7909	1842.4
667	17.822	1841.55
668	17.8532	1819.83
669	17.8847	1819.18
670	17.9164	1817.81
671	17.9477	1810.87
672	17.9795	1810.04
673	18.0107	1798.44
674	18.0419	1797.49
675	18.0737	1791.45
676	18.1055	1788.62
677	18.1371	1786.73
678	18.1685	1783.37
679	18.2	1783.14
681	18.264	1782.18
682	18.2955	1781.5
683	18.3272	1780.55
684	18.3588	1778.41
685	18.3905	1777.52
686	18.4225	1777.27
687	18.4555	1776.34
688	18.4874	1776.03
689	18.519	1775.72
690	18.5509	1773.54
691	18.5831	1772.61
692	18.6147	1772.22
693	18.6465	1771.53
694	18.6778	1770.67
695	18.7095	1766.55
696	18.7421	1764.41
697	18.7736	1763.3
698	18.8054	1733.6
699	18.8377	1712.92
700	18.87	1712.89
701	18.9016	1707.01
702	18.9334	1705.35
703	18.9656	1704.14
704	18.9974	1703.72
705	19.0298	1702.04
706	19.0614	1701.57
707	19.0932	1698.23
708	19.1251	1696.55
709	19.1581	1667.67
710	19.1906	1666.23
711	19.2228	1662.99
712	19.2551	1657.16
713	19.2873	1656.26
714	19.3196	1655.75
715	19.3515	1654.34
716	19.3844	1644.82
717	19.4167	1644.23
718	19.4494	1644
719	19.4831	1613.04
720	19.5158	1611.23
721	19.5486	1591.5
722	19.5808	1590.8
723	19.6133	1574.25
724	19.6465	1573.43
725	19.6786	1572.7
726	19.7111	1572.5
727	19.744	1570.54
728	19.7768	1570.46
729	19.8097	1516.53
730	19.8425	1516.07
731	19.8755	1514.85
732	19.9079	1512.64
733	19.9415	1512.13
734	19.9742	1512.05
735	20.0064	1511.43
736	20.0393	1510.69
737	20.072	1506.79
738	20.1044	1504.69
739	20.1374	1503.02
740	20.1705	1502.99
741	20.2036	1498.85
742	20.237	1498.39
743	20.2701	1492.26
744	20.3024	1491.55
745	20.3351	1481.55
746	20.3683	1481.4
747	20.4012	1477.03
748	20.4338	1476.15
749	20.4669	1472.7
750	20.5	1472.69
751	20.5325	1472.51
752	20.5655	1472.44
753	20.5991	1469.44
754	20.6467	1458.51
755	20.6804	1450.63
756	20.7132	1449.67
757	20.7461	1449.01
758	20.7799	1447.15
759	20.8126	1447.09
760	20.8453	1412.19
761	20.8789	1412.09
762	20.9121	1412
763	20.9457	1411.69
764	20.9792	1410.76
765	21.0127	1410.65
766	21.0456	1410.41
767	21.0785	1409.85
768	21.1118	1407.77
769	21.1445	1407.22
770	21.1777	1405.82
771	21.2108	1405.76
772	21.2439	1405.66
773	21.2776	1404.26
774	21.3113	1403.78
775	21.3442	1403.71
776	21.3783	1402.89
777	21.4122	1401.59
778	21.4465	1401.53
779	21.4801	1401.43
780	21.5149	1401.4
781	21.5482	1400.84
782	21.5815	1400.78
783	21.6147	1400.77
784	21.6481	1396.98
785	21.6816	1396.38
786	21.7147	1396.04
787	21.7482	1395.08
788	21.7821	1394.85
789	21.8159	1394.56
790	21.8501	1394.36
791	21.8832	1393.93
792	21.917	1393.89
793	21.9502	1393.83
794	21.9831	1384.31
795	22.0165	1384.2
796	22.0499	1384.06
797	22.0834	1382.95
798	22.1167	1375.42
799	22.1502	1374.72
800	22.1838	1373.68
801	22.2169	1371.73
802	22.2504	1370.9
803	22.2844	1369.42
804	22.3184	1368.68
805	22.3519	1368.33
806	22.3858	1368.1
807	22.4198	1366.49
808	22.4533	1366.24
809	22.4877	1324.82
810	22.5218	1322.14
811	22.5553	1321.09
812	22.5897	1320.7
813	22.6235	1320.19
814	22.6582	1319.29
815	22.692	1313.41
816	22.7256	1312.66
817	22.7629	1311.02
818	22.7983	1310.66
819	22.8319	1310.4
820	22.8662	1309.32
821	22.9002	1309.03
822	22.9339	1308.66
823	22.9679	1308.41
824	23.0015	1308.24
825	23.0354	1307.6
826	23.0709	1307.42
827	23.1052	1306.93
828	23.1395	1290.61
829	23.1738	1290.06
830	23.2078	1290.02
831	23.2413	1288.06
832	23.2756	1287.29
833	23.3102	1274.13
834	23.3443	1272.7
835	23.3787	1254.66
836	23.4128	1254.56
837	23.4466	1252.89
838	23.4806	1252.86
839	23.5142	1252.64
840	23.5479	1252.15
841	23.5819	1223.95
842	23.6159	1223.39
843	23.6498	1222.46
844	23.6842	1211.94
845	23.7183	1211.12
846	23.752	1211.08
847	23.7863	1210.86
848	23.82	1209.63
850	23.8889	1208.47
851	23.9233	1205.91
852	23.9571	1205.2
853	23.991	1199.8
854	24.0252	1199.65
855	24.0588	1199.61
856	24.0929	1199.44
857	24.1274	1197.72
858	24.1615	1196.86
859	24.1954	1182.62
860	24.2294	1182.54
861	24.2635	1182.49
862	24.2972	1175.77
863	24.3311	1175.07
864	24.3652	1174.96
865	24.3994	1169.25
866	24.4337	1167.86
867	24.4679	1167.82
868	24.5019	1167.58
869	24.536	1138.57
870	24.57	1138.31
871	24.6038	1137.38
872	24.638	1132.61
873	24.6721	1129.61
874	24.7062	1129.19
875	24.7405	1117.47
876	24.775	1116.76
877	24.8093	1114.83
878	24.8435	1114.09
879	24.8779	1111.53
880	24.9125	1111.21
881	24.9483	1108.91
882	24.9835	1108.43
884	25.0529	1107.89
885	25.0872	1105.9
886	25.1221	1103.45
887	25.1565	1103.38
888	25.1906	1103.11
889	25.2246	1100.32
890	25.2593	1091.41
891	25.2938	1088.77
892	25.3281	1087.09
893	25.3625	1085.05
894	25.3972	1084.33
895	25.4315	1083.67
896	25.4661	1079.63
897	25.5008	1047.98
898	25.5351	1047.52
899	25.5697	1047.29
900	25.604	1047.02
901	25.6384	1046.51
902	25.6731	1039.39
903	25.708	1033.74
904	25.7426	1033.18
905	25.777	1020.74
906	25.8118	1020
907	25.8465	1019.46
908	25.8809	1014.13
909	25.9154	1013.96
910	25.9499	1013.56
911	25.9845	1005.8
912	26.0197	1005.43
913	26.0544	1005.01
914	26.089	1004.83
915	26.1235	1003.27
916	26.1582	1002.9
917	26.1927	1001.63
918	26.2273	1001.49
919	26.2623	1000.5
920	26.2975	1000.48
921	26.3318	1000.41
922	26.3669	999.984
923	26.4013	998.997
924	26.4358	997.058
925	26.471	996.041
926	26.5054	995.923
927	26.5397	994.862
928	26.5745	994.374
929	26.609	994.032
930	26.6437	993.847
931	26.6784	993.284
932	26.7131	992.722
933	26.7477	992.246
934	26.7827	991.827
935	26.8171	991.29
936	26.8515	990.32
937	26.8862	989.531
938	26.9217	976.781
939	26.956	970.862
940	26.9907	970.117
941	27.025	968.67
942	27.0601	966.791
943	27.0953	965.721
945	27.1668	964.824
946	27.202	964.365
947	27.2367	961.964
948	27.2722	961.219
949	27.3067	957.455
950	27.3419	957.027
951	27.3773	955.012
952	27.4126	954.582
953	27.4477	954.165
954	27.4828	953.989
955	27.5182	952.81
956	27.5526	950.637
957	27.5878	950.188
958	27.624	949.824
959	27.6592	944.583
960	27.6944	944.172
961	27.7296	934.961
962	27.7646	934.616
963	27.7993	932.517
964	27.8343	931.926
965	27.869	931.884
967	27.9391	931.789
968	27.974	931.653
969	28.0089	930.729
970	28.0448	930.423
971	28.0802	929.716
972	28.1161	929.35
973	28.1519	929.109
974	28.1874	929.023
975	28.2227	928.915
976	28.2578	928.776
977	28.2932	924.522
978	28.3284	923.799
979	28.3645	923.359
980	28.4001	923.351
981	28.4354	923.112
982	28.4707	923.031
983	28.5062	917.92
984	28.5418	917.065
985	28.5769	915.334
986	28.6123	915.185
987	28.6476	913.78
988	28.6829	913.701
989	28.7188	912.876
990	28.7543	912.619
991	28.7894	912.495
992	28.8253	912.242
993	28.8607	911.435
994	28.8973	907.036
995	28.9332	905.729
996	28.9696	905.687
997	29.0048	905.653
998	29.0402	905.636
999	29.0756	905.618
1000	29.1111	893.277
1001	29.1474	893.164
1002	29.183	891.06
1003	29.2185	890.64
1004	29.2544	890.132
1005	29.2908	890.13
1006	29.3298	889.18
1007	29.3656	889.104
1008	29.4009	888.731
1009	29.4365	888.406
1010	29.472	887.937
1011	29.5071	887.757
1013	29.5781	887.112
1014	29.6136	886.851
1016	29.6847	886.605
1017	29.7202	886.404
1018	29.7555	886.362
1019	29.7912	886.354
1020	29.8267	886.141
1021	29.8629	886.099
1022	29.899	886.009
1023	29.9343	885.994
1024	29.97	884.02
1025	30.0059	883.784
1026	30.0415	883.367
1027	30.077	883.234
1030	30.1836	883.14
1031	30.22	882.907
1032	30.2563	882.859
1033	30.2923	882.709
1034	30.3277	881.403
1035	30.3633	881.382
1036	30.3996	881.105
1037	30.4353	880.254
1038	30.4708	877.08
1039	30.5069	875.568
1040	30.5426	875.202
1041	30.578	874.305
1042	30.6135	873.204
1043	30.6497	872.546
1044	30.6854	872.452
1045	30.7211	872.263
1046	30.7573	871.805
1047	30.7933	869.499
1048	30.8292	869.307
1049	30.865	856.773
1050	30.9013	856.37
1051	30.938	855.749
1052	30.9742	855.641
1053	31.0097	855.321
1054	31.0459	854.759
1055	31.0821	853.938
1056	31.1176	853.789
1057	31.1539	853.589
1058	31.1902	852.328
1059	31.2258	850.76
1060	31.2614	850.489
1061	31.2975	850.31
1062	31.3331	849.663
1063	31.3687	849.372
1064	31.4046	849.301
1065	31.4401	849.161
1066	31.4773	848.979
1067	31.5144	848.836
1068	31.55	847.001
1069	31.5857	845.464
1070	31.6217	845.439
1071	31.6576	844.381
1072	31.6938	843.774
1073	31.7298	838.929
1074	31.7658	838.327
1075	31.8045	826.837
1076	31.8826	826.83
1077	31.9199	825.392
1078	31.9573	825.285
1079	31.9934	824.938
1080	32.0295	824.718
1081	32.0655	813.246
1083	32.1374	812.941
1084	32.1734	809.637
1085	32.2094	809.326
1086	32.2451	809.299
1088	32.3177	808.657
1089	32.3538	807.97
1090	32.3896	807.305
1091	32.4257	801.889
1092	32.4616	801.833
1093	32.4979	800.336
1094	32.5345	800.059
1095	32.5704	799.978
1096	32.6063	799.841
1097	32.6427	799.699
1098	32.6785	799.392
1099	32.7145	797.913
1100	32.7509	797.636
1101	32.7869	797.632
1102	32.8226	796.169
1103	32.859	794.961
1104	32.8964	794.955
1105	32.9329	794.683
1106	32.9692	793.079
1107	33.0055	793.078
1109	33.0782	792.441
1110	33.1146	791.707
1111	33.1508	791.405
1112	33.1881	788.879
1113	33.2245	788.07
1114	33.2604	787.785
1115	33.297	787.423
1116	33.3332	785.975
1117	33.3695	785.868
1118	33.4057	785.793
1119	33.4416	783.9
1120	33.4777	783.815
1121	33.5146	782.581
1122	33.5507	782.111
1123	33.5867	782.093
1124	33.6234	781.534
1125	33.6604	780.201
1126	33.6983	775.712
1127	33.7356	775.501
1128	33.7737	775.024
1129	33.8181	773.424
1130	33.8561	772.289
1131	33.9009	769.568
1132	33.9414	769.465
1133	33.9779	768.4
1134	34.015	768.216
1135	34.056	767.959
1136	34.094	767.09
1137	34.1321	758.046
1138	34.1721	756.117
1140	34.2514	755.656
1141	34.2929	755.477
1142	34.3314	755.153
1143	34.3681	754.535
1144	34.4043	754.391
1145	34.4406	729.55
1146	34.4765	728.655
1147	34.5132	727.683
1148	34.5496	727.537
1150	34.622	727.039
1151	34.6585	726.212
1152	34.6953	725.933
1153	34.7323	725.201
1154	34.769	724.766
1155	34.8051	724.274
1156	34.8413	722.74
1157	34.8774	721.851
1158	34.9136	721.771
1159	34.9497	721.645
1160	34.9861	721.589
1161	35.0223	721.575
1162	35.0589	721.503
1163	35.0961	721.061
1164	35.1328	720.253
1165	35.1688	719.624
1166	35.2052	719
1167	35.2422	718.189
1168	35.2789	717.383
1169	35.3152	717.076
1170	35.3515	716.92
1171	35.3878	716.723
1172	35.4244	716.47
1173	35.461	716.064
1174	35.4978	715.995
1175	35.5341	715.479
1176	35.5706	715.151
1177	35.6068	714.659
1178	35.6432	702.618
1179	35.6797	700.546
1180	35.7157	700.533
1181	35.7522	700.18
1183	35.8261	698.678
1185	35.9021	698.365
1186	35.9385	697.967
1187	35.9752	695.364
1188	36.0118	695.216
1189	36.0487	694.88
1190	36.0852	694.597
1191	36.1216	694.426
1192	36.1586	694.139
1193	36.1948	693.774
1194	36.2313	691.951
1195	36.2682	691.652
1196	36.3046	690.03
1197	36.3413	689.779
1198	36.3783	689.759
1199	36.4147	688.672
1200	36.4513	688.393
1201	36.4879	686.705
1202	36.5243	686.577
1203	36.5609	686.378
1204	36.5977	686.208
1205	36.6339	686.088
1207	36.7076	685.801
1208	36.7447	685.523
1209	36.782	684.073
1210	36.8185	683.736
1211	36.8553	683.67
1212	36.8919	683.546
1213	36.9287	682.764
1214	36.966	682.686
1215	37.0025	682.665
1216	37.0397	682.095
1217	37.0763	679.931
1218	37.113	679.369
1219	37.1508	679.189
1221	37.2259	679.045
1222	37.2628	678.801
1223	37.2995	677.801
1224	37.3365	677.592
1225	37.3747	677.405
1226	37.4116	676.902
1227	37.4481	675.288
1228	37.4857	675.278
1229	37.5237	675.055
1230	37.5605	674.988
1231	37.5973	674.761
1232	37.6341	674.2
1233	37.6706	673.901
1234	37.7081	659.008
1236	37.7826	658.979
1237	37.82	658.666
1238	37.857	658.629
1239	37.894	658.624
1240	37.9316	649.556
1241	37.9689	649.51
1242	38.0065	649.349
1243	38.0441	649.032
1244	38.0829	648.616
1245	38.1205	648.25
1246	38.1581	647.734
1247	38.1947	647.66
1248	38.232	647.334
1249	38.2696	647.186
1250	38.3071	646.488
1251	38.3443	646.204
1252	38.3826	646.154
1253	38.4206	646.033
1254	38.4576	645.923
1255	38.4944	645.89
1256	38.5312	645.653
1257	38.5682	645.359
1258	38.605	645.292
1259	38.6418	645.284
1260	38.6789	645.231
1261	38.7162	644.915
1262	38.7529	644.87
1263	38.7903	644.767
1264	38.8276	644.003
1265	38.8644	643.942
1266	38.9014	643.669
1269	39.0117	643.582
1270	39.0497	643.419
1271	39.114	642.983
1272	39.1545	642.904
1273	39.1924	642.866
1274	39.2289	642.182
1275	39.2659	642.155
1276	39.303	641.991
1277	39.3404	641.523
1278	39.3772	640.748
1279	39.414	639.819
1280	39.451	639.127
1281	39.488	638.438
1282	39.5249	638.193
1283	39.5624	637.945
1284	39.5995	637.902
1285	39.6364	637.696
1286	39.6731	637.076
1287	39.7101	636.165
1288	39.7475	636.105
1289	39.7846	635.725
1290	39.8215	635.341
1291	39.8591	634.017
1293	39.9332	633.962
1294	39.9711	633.706
1295	40.0082	633.015
1296	40.0458	632.925
1297	40.0835	632.639
1298	40.1201	632.572
1299	40.1592	631.965
1300	40.1964	631.726
1301	40.2342	631.689
1302	40.2737	631.555
1303	40.3116	631.438
1304	40.3489	631.325
1305	40.386	631.041
1306	40.4239	631.014
1307	40.4613	630.568
1308	40.4988	629.514
1309	40.5364	628.405
1310	40.5741	628.375
1311	40.6122	627.136
1312	40.6491	626.848
1313	40.6863	625.761
1315	40.761	617.311
1316	40.798	617.267
1317	40.8352	616.826
1318	40.8728	616.797
1319	40.91	616.673
1320	40.947	616.502
1321	40.9848	610.559
1322	41.0222	610.465
1323	41.0595	610.316
1324	41.0978	608.487
1325	41.135	608.306
1326	41.1721	608.286
1327	41.2096	608.22
1328	41.2469	608.002
1330	41.321	607.82
1331	41.3581	599.601
1332	41.3954	599.511
1333	41.4333	599.048
1334	41.4704	598.404
1335	41.5079	598.261
1336	41.5458	598.025
1337	41.5838	597.859
1338	41.621	597.182
1339	41.6582	596.495
1340	41.6953	596.451
1341	41.7323	596.445
1342	41.7703	596.364
1343	41.8084	596.221
1344	41.8462	595.811
1346	41.9202	595.121
1347	41.9575	595.115
1349	42.0322	595.105
1350	42.0697	594.635
1351	42.1076	594.353
1352	42.1446	593.751
1353	42.1826	590.578
1354	42.2203	590.371
1355	42.2573	589.662
1356	42.2951	586.345
1357	42.3329	586.27
1358	42.3707	586.218
1359	42.4079	585.092
1360	42.4454	585.027
1361	42.4836	584.279
1362	42.5214	584.227
1364	42.5963	583.866
1365	42.6339	583.584
1366	42.6712	579.057
1367	42.7083	578.717
1368	42.7458	578.516
1369	42.7829	577.233
1370	42.8202	575.956
1371	42.8574	574.585
1374	42.9695	573.846
1375	43.0065	573.825
1376	43.0438	573.051
1377	43.0816	568.966
1378	43.119	568.337
1379	43.157	567.339
1380	43.195	567.321
1381	43.2326	567.107
1382	43.27	566.83
1383	43.3076	566.781
1384	43.3454	566.722
1385	43.3836	562.659
1386	43.4209	562.648
1387	43.4585	562.318
1388	43.4962	562.249
1389	43.5341	561.685
1390	43.5721	561.605
1392	43.6473	561.44
1394	43.7219	561.297
1395	43.7595	560.799
1396	43.7973	560.034
1397	43.835	559.714
1398	43.8723	559.619
1399	43.9096	559.584
1400	43.9468	559.581
1401	43.9842	559.505
1402	44.0215	559.477
1404	44.0963	558.366
1405	44.134	558.142
1406	44.1711	558.14
1407	44.2096	558.033
1408	44.2476	557.565
1409	44.2857	557.409
1410	44.3232	557.324
1411	44.3614	557.123
1412	44.399	557.087
1414	44.4742	556.649
1415	44.5116	556.159
1416	44.549	555.766
1417	44.5866	555.313
1418	44.6253	553.292
1419	44.6648	552.901
1421	44.7408	552.738
1422	44.778	552.711
1423	44.8157	552.087
1424	44.853	552.06
1425	44.8906	551.859
1426	44.9285	551.502
1427	44.9661	550.221
1428	45.0039	550.163
1429	45.0416	549.663
1430	45.0786	549.539
1431	45.1166	549.256
1432	45.1542	548.46
1433	45.1915	547.619
1434	45.2289	547.404
1435	45.2665	547.285
1436	45.3041	544.428
1437	45.3417	544.294
1438	45.3795	544.203
1439	45.4174	542.754
1441	45.4931	542.025
1442	45.5307	541.874
1443	45.5678	541.828
1444	45.6063	541.693
1445	45.6444	541.198
1446	45.6821	541.129
1447	45.7212	539.478
1448	45.7586	539.258
1449	45.7961	538.938
1450	45.8338	538.923
1451	45.8716	538.738
1452	45.909	538.34
1453	45.9465	538.17
1454	45.9841	538.075
1455	46.0216	538.053
1456	46.0595	537.799
1457	46.0972	537.577
1458	46.1347	537.565
1459	46.1728	537.511
1461	46.2489	537.345
1462	46.2864	537.142
1463	46.3243	536.905
1464	46.3619	536.788
1465	46.3997	536.671
1466	46.4377	536.586
1467	46.4755	535.102
1468	46.513	534.983
1469	46.5509	534.9
1470	46.5892	534.894
1471	46.6269	534.855
1472	46.6653	534.2
1473	46.703	534.064
1474	46.741	531.686
1475	46.7788	531.583
1476	46.8181	531.581
1477	46.8578	531.517
1478	46.8958	531.453
1479	46.9344	531.357
1480	46.9726	530.214
1481	47.0107	530.19
1482	47.0484	530.176
1483	47.0864	529.966
1484	47.1245	529.764
1485	47.1626	529.749
1486	47.2008	529.639
1487	47.2391	529.582
1488	47.2772	528.66
1489	47.3152	528.591
1490	47.3532	528.569
1491	47.3916	528.518
1492	47.4296	528.442
1493	47.4673	528.389
1495	47.5446	526.391
1497	47.6206	526.389
1498	47.6585	526.354
1499	47.6965	526.283
1500	47.7352	526.255
1501	47.7732	526.069
1502	47.8112	525.977
1503	47.8492	525.972
1504	47.8877	525.875
1505	47.9258	525.804
1506	47.9634	524.848
1508	48.0407	524.544
1510	48.1165	524.354
1511	48.1536	524.328
1512	48.1903	524.176
1513	48.2269	524.168
1514	48.2637	523.397
1515	48.3	523.325
1516	48.3368	523.154
1517	48.3733	523.018
1518	48.41	522.859
1519	48.4475	522.831
1520	48.4848	522.304
1521	48.5212	522.234
1522	48.5576	522.111
1523	48.5945	522.087
1524	48.6309	522.057
1525	48.6682	521.661
1526	48.7051	521.581
1527	48.7418	521.529
1528	48.7796	521.475
1529	48.8166	521.452
1530	48.8536	521.096
1531	48.8905	520.522
1532	48.9277	520.23
1533	48.9646	519.747
1534	49.0019	519.393
1535	49.0405	518.498
1536	49.0775	518.482
1537	49.1141	518.459
1538	49.1522	518.352
1539	49.1889	518.045
1540	49.2257	517.858
1541	49.2625	517.846
1542	49.2996	517.589
1543	49.3364	517.531
1544	49.3735	517.463
1545	49.4105	517.237
1546	49.4474	517.216
1547	49.4841	517.068
1548	49.5212	516.973
1549	49.5582	516.127
1550	49.5952	516.115
1551	49.6318	515.206
1552	49.6692	514.822
1553	49.7061	513.813
1554	49.7428	513.671
1555	49.7798	512.691
1556	49.8167	512.587
1557	49.8542	512.573
1558	49.8914	512.344
1559	49.9292	512.279
1560	49.9662	512.129
1561	50.0029	511.117
1562	50.0399	511.075
1563	50.0777	511.049
1564	50.1152	510.187
1565	50.1522	510.001
1566	50.1896	509.991
1567	50.2269	509.962
1568	50.2648	509.815
1570	50.3397	509.524
1571	50.3774	507.471
1572	50.4149	507.432
1573	50.4526	507.097
1574	50.4904	507.076
1575	50.5275	506.981
1576	50.5646	506.918
1577	50.603	506.664
1578	50.6402	506.589
1579	50.6781	506.117
1581	50.7524	506.066
1582	50.7902	505.776
1584	50.8648	504.991
1585	50.9022	504.932
1586	50.9398	504.863
1587	50.9768	504.689
1588	51.0145	504.592
1589	51.0515	503.235
1590	51.0891	502.959
1591	51.1271	502.883
1592	51.1662	502.752
1593	51.2042	502.013
1594	51.2413	501.856
1595	51.2791	501.771
1596	51.3162	501.445
1597	51.3537	501.348
1598	51.391	501.298
1599	51.4288	500.028
1600	51.466	499.978
1601	51.5039	499.402
1602	51.542	499.194
1603	51.5801	499.193
1604	51.6174	498.973
1605	51.6558	498.6
1606	51.693	497.19
1607	51.7308	496.966
1608	51.7682	496.761
1609	51.8055	495.942
1610	51.8432	495.058
1611	51.8808	494.442
1612	51.9181	494.368
1613	51.9554	493.362
1614	51.9928	493.085
1616	52.0676	492.402
1617	52.1051	491.686
1618	52.1431	491.636
1619	52.1812	491.094
1620	52.2191	491.033
1621	52.2568	490.782
1622	52.2947	490.273
1623	52.3324	490.174
1625	52.4074	489.835
1626	52.4449	489.711
1629	52.5584	489.625
1630	52.5962	489.435
1632	52.6717	489.25
1633	52.7094	489.144
1634	52.7474	489.069
1635	52.7857	488.8
1636	52.824	488.459
1637	52.8615	488.18
1638	52.8993	488.127
1639	52.937	488.096
1641	53.0127	488.065
1643	53.0896	488.047
1644	53.1276	487.768
1646	53.2033	487.646
1648	53.2805	487.463
1649	53.3199	487.378
1650	53.3585	487.345
1651	53.3967	487.294
1652	53.4348	487.182
1654	53.5115	486.909
1655	53.5493	486.748
1657	53.6252	486.423
1658	53.6654	482.874
1659	53.7087	482.453
1660	53.7474	482.446
1661	53.7853	482.314
1662	53.8234	482.18
1663	53.8612	480.611
1664	53.8991	480.577
1666	53.9751	480.501
1667	54.0128	480.03
1668	54.0506	479.998
1670	54.1355	479.908
1671	54.1772	479.735
1672	54.2199	479.321
1673	54.2629	479.062
1675	54.3495	478.886
1676	54.3964	478.225
1677	54.4438	478.129
1678	54.4828	478.03
1679	54.5258	477.329
1681	54.6074	476.935
1682	54.6492	476.816
1683	54.6885	476.798
1684	54.7266	476.759
1685	54.7647	476.747
1686	54.8026	476.715
1688	54.8791	476.618
1689	54.9167	476.483
1690	54.9547	476.365
1691	54.9927	476.219
1692	55.0308	475.812
1693	55.0692	475.569
1694	55.1079	475.537
1695	55.1458	475.532
1696	55.1839	475.387
1697	55.2225	475.1
1698	55.2608	475.04
1699	55.2988	475.004
1700	55.3367	474.979
1701	55.3751	474.564
1702	55.4135	474.256
1703	55.4522	474.158
1705	55.5303	472.169
1706	55.569	472.098
1707	55.6082	471.599
1708	55.6469	471.504
1709	55.6853	471.408
1710	55.7332	471.404
1711	55.7736	471.188
1712	55.8137	471.074
1713	55.852	470.977
1714	55.8902	470.603
1715	55.9286	470.594
1716	55.967	470.502
1717	56.0053	470.468
1718	56.0434	470.465
1719	56.0826	470.224
1720	56.1211	469.815
1722	56.198	469.811
1723	56.2363	469.638
1724	56.2756	469.412
1725	56.3146	469.311
1726	56.3532	469.221
1727	56.3922	469.178
1728	56.4305	468.714
1729	56.4696	468.682
1730	56.5079	468.614
1731	56.5468	468.548
1732	56.5851	468.48
1733	56.6235	468.206
1734	56.6624	468.177
1735	56.7107	467.906
1736	56.7865	467.86
1737	56.8266	467.755
1738	56.8653	467.72
1739	56.9039	467.652
1741	56.9811	467.637
1742	57.0199	467.583
1743	57.0582	467.571
1744	57.0966	467.525
1745	57.1357	467.519
1746	57.1752	467.419
1747	57.2146	467.372
1749	57.2921	467.288
1750	57.331	467.229
1752	57.4082	467.171
1753	57.4477	467.147
1754	57.486	466.86
1755	57.5247	466.759
1756	57.5638	466.664
1757	57.6033	466.617
1758	57.6446	466.529
1759	57.6838	466.494
1760	57.7229	466.258
1761	57.7624	466.193
1762	57.8017	465.871
1764	57.8791	465.867
1765	57.9184	465.755
1766	57.9573	465.612
1767	57.996	465.054
1769	58.0737	465.002
1770	58.1122	464.534
1771	58.1511	463.979
1773	58.2293	463.86
1775	58.3071	463.703
1776	58.3465	463.638
1777	58.385	463.623
1778	58.4243	463.342
1779	58.4633	462.947
1780	58.5024	462.933
1781	58.5408	462.725
1782	58.58	462.429
1783	58.6192	462.35
1784	58.6594	462.247
1785	58.6985	462.2
1786	58.7381	462.169
1787	58.7772	462.006
1788	58.8168	461.922
1789	58.8554	461.557
1790	58.8944	461.531
1791	58.9334	460.861
1792	58.9727	460.723
1793	59.0122	460.034
1795	59.0902	459.969
1796	59.129	459.949
1797	59.1681	459.483
1798	59.2075	459.411
1799	59.2463	459.141
1800	59.2856	459.074
1801	59.3256	458.2
1802	59.3644	458.194
1803	59.4036	458.18
1804	59.4426	458.063
1805	59.4814	457.851
1806	59.5202	457.841
1807	59.5587	457.814
1808	59.5978	457.676
1809	59.6371	457.613
1810	59.6767	457.415
1811	59.7162	456.527
1812	59.7547	456.512
1813	59.7941	456.258
1814	59.8349	456.219
1815	59.8743	456.205
1816	59.9133	456.18
1817	59.9523	456.106
1819	60.0307	455.89
1820	60.0696	455.824
1821	60.1084	455.796
1822	60.1472	455.78
1823	60.1869	455.778
1824	60.2264	455.472
1825	60.2663	455.45
1826	60.3052	455.204
1827	60.344	455.18
1828	60.3831	455.165
1829	60.4218	454.705
1830	60.4612	454.687
1831	60.501	452.996
1832	60.5402	452.919
1833	60.5788	452.46
1834	60.6176	452.403
1835	60.657	452.378
1836	60.6965	452.268
1839	60.8139	451.424
1840	60.8528	451.314
1841	60.8922	450.324
1842	60.931	450.215
1843	60.9704	450.202
1844	61.0092	450.183
1845	61.0485	449.784
1846	61.0875	449.153
1847	61.1264	449.099
1849	61.2044	448.419
1850	61.2441	448.127
1851	61.2838	447.491
1853	61.3617	446.719
1854	61.4004	446.447
1856	61.4787	445.793
1857	61.5175	445.577
1859	61.5953	445.162
1861	61.6729	444.858
1863	61.7517	444.78
1864	61.7904	444.777
1865	61.8293	444.356
1866	61.8682	444.244
1868	61.9456	444.236
1869	61.9857	444.143
1870	62.026	443.928
1871	62.0654	443.926
1872	62.1044	443.794
1873	62.143	443.719
1874	62.1823	443.703
1875	62.2211	443.518
1878	62.3384	443.476
1879	62.3776	443.474
1880	62.4165	443.461
1881	62.4553	443.451
1882	62.4942	443.439
1883	62.5332	443.417
1884	62.5722	442.858
1886	62.6501	442.78
1887	62.6889	442.668
1888	62.729	442.638
1889	62.7676	442.448
1892	62.8844	442.342
1894	62.9624	441.978
1895	63.002	441.786
1897	63.08	441.475
1898	63.1193	440.647
1899	63.1584	440.41
1901	63.2362	440.194
1902	63.2753	440.173
1903	63.3142	439.82
1904	63.3532	439.615
1905	63.3924	439.411
1906	63.4315	438.753
1910	63.5897	438.685
1912	63.6683	438.465
1913	63.7073	438.178
1915	63.7861	438.1
1918	63.9031	438.037
1919	63.9421	437.96
1921	64.0204	437.022
1922	64.0601	436.964
1923	64.0989	436.95
1924	64.1384	436.908
1929	64.3363	436.856
1930	64.376	436.852
1931	64.4153	436.84
1932	64.4547	436.797
1933	64.4939	436.595
1934	64.5332	436.51
1935	64.572	436.486
1936	64.6108	436.386
1937	64.6499	436.325
1938	64.6891	435.986
1939	64.7283	435.926
1941	64.807	435.854
1942	64.8463	435.806
1943	64.8853	435.71
1945	64.9636	435.549
1946	65.0024	435.509
1947	65.0413	435.48
1948	65.0808	435.382
1949	65.1196	435.379
1950	65.1589	435.375
1951	65.1984	435.291
1952	65.2374	435.25
1953	65.2768	435.157
1954	65.3171	434.908
1955	65.3567	434.9
1956	65.3958	434.694
1957	65.4349	434.663
1958	65.4741	434.624
1959	65.5134	434.528
1960	65.5527	434.153
1961	65.5917	434.135
1962	65.6313	434.128
1963	65.6705	433.887
1964	65.7097	433.753
1966	65.7885	433.67
1967	65.828	433.631
1968	65.8675	433.561
1969	65.9071	433.527
1970	65.9461	433.521
1971	65.9855	433.471
1972	66.0245	433.417
1973	66.0639	433.247
1974	66.1032	433.149
1975	66.1425	433.045
1978	66.26	432.992
1979	66.2992	432.791
1982	66.4195	432.753
1983	66.4586	432.749
1985	66.5371	432.744
1986	66.5763	432.615
1987	66.6154	432.57
1988	66.6544	432.547
1989	66.6934	432.48
1990	66.7328	432.416
1991	66.7723	432.412
1994	66.8907	432.308
1995	66.9302	432.244
1996	66.9693	432.21
1997	67.0088	431.988
1998	67.0479	431.841
1999	67.0873	431.789
2000	67.1276	431.789
2001	67.1675	431.761
2004	67.286	431.736
2005	67.3257	431.433
2006	67.3658	431.376
2007	67.4059	431.234
2008	67.4451	431.226
2009	67.4845	431.198
2010	67.5245	431.137
2011	67.5638	430.654
2012	67.6035	430.347
2013	67.6427	430.333
2014	67.6822	430.317
2015	67.7218	430.023
2016	67.7612	429.853
2017	67.8008	429.838
2019	67.8794	429.739
2020	67.9189	429.684
2021	67.9586	429.649
2022	67.9981	429.604
2023	68.0381	428.802
2024	68.0778	428.772
2025	68.117	428.744
2026	68.1569	428.736
2028	68.2358	428.611
2029	68.2752	428.581
2030	68.3147	428.524
2031	68.3542	428.28
2033	68.434	427.65
2035	68.5128	427.435
2036	68.5549	427.427
2038	68.6351	427.385
2039	68.6745	427.299
2040	68.7147	427.236
2041	68.754	426.527
2042	68.7937	426.523
2043	68.8336	426.473
2045	68.9127	426.389
2046	68.9529	426.376
2048	69.032	426.121
2050	69.1113	425.933
2051	69.1503	425.8
2054	69.2685	425.725
2056	69.347	425.674
2057	69.3871	425.606
2058	69.4261	425.597
2059	69.4657	425.482
2061	69.5448	425.455
2062	69.5841	425.436
2064	69.6637	425.408
2065	69.7035	425.372
2067	69.7825	425.367
2068	69.8222	425.292
2069	69.8617	425.076
2071	69.9404	424.855
2072	69.98	424.797
2073	70.0194	424.031
2074	70.0599	424
2075	70.0989	423.96
2076	70.1383	423.93
2079	70.2569	423.429
2080	70.2973	423.387
2082	70.3771	423.377
2083	70.4163	423.374
2086	70.5358	422.819
2087	70.5751	422.815
2089	70.654	422.251
2090	70.6939	422.046
2091	70.7339	421.85
2092	70.7761	421.843
2093	70.8163	421.161
2096	70.935	420.674
2097	70.9744	420.57
2098	71.0134	420.554
2099	71.053	420.403
2100	71.0924	420.382
2101	71.1321	420.166
2103	71.2109	420.029
2104	71.2503	420.01
2105	71.2903	419.36
2109	71.4484	419.122
2115	71.6858	418.696
2118	71.8058	418.663
2120	71.8854	418.641
2121	71.9249	418.635
2122	71.9655	418.629
2124	72.0443	418.428
2125	72.0841	417.949
2126	72.1233	417.891
2129	72.2412	417.6
2130	72.2803	417.59
2132	72.3594	417.455
2133	72.3987	417.444
2134	72.4382	417.293
2137	72.5562	417.163
2139	72.6351	417.113
2140	72.6742	417.102
2141	72.7136	416.982
2143	72.7921	416.788
2144	72.8311	416.572
2145	72.8711	416.417
2146	72.9108	416.391
2147	72.9515	416.109
2148	72.9926	416.105
2150	73.0721	416.031
2152	73.1513	415.839
2153	73.1909	415.688
2158	73.3888	415.643
2159	73.4285	415.6
2161	73.5077	415.222
2162	73.5472	415.195
2163	73.5867	415.051
2164	73.6262	415.033
2165	73.6658	414.874
2168	73.7842	414.854
2169	73.8237	414.816
2170	73.8632	414.807
2171	73.9027	414.794
2172	73.942	414.712
2173	73.9817	414.646
2174	74.0219	414.546
2175	74.0613	414.529
2176	74.1008	414.41
2177	74.14	414.359
2178	74.179	414.341
2179	74.2188	414.275
2180	74.258	414.274
2181	74.2975	414.23
2182	74.3379	414.181
2183	74.3793	414.136
2185	74.4659	413.971
2186	74.5058	413.969
2187	74.5497	412.81
2188	74.5899	412.705
2190	74.6733	412.696
2191	74.7152	412.653
2192	74.7582	412.641
2193	74.8006	412.6
2194	74.8433	412.531
2195	74.8857	412.526
2196	74.9266	412.477
2197	74.9669	412.464
2198	75.0065	412.457
2199	75.0458	412.448
2200	75.0858	412.33
2202	75.1666	412.322
2203	75.207	412.213
2204	75.2464	412.118
2206	75.3259	412.097
2207	75.3652	412.057
2209	75.445	412.036
2210	75.4851	412.031
2211	75.5247	411.992
2212	75.5642	411.913
2213	75.6042	411.892
2214	75.6437	411.886
2217	75.762	411.847
2218	75.8014	411.819
2219	75.8408	411.79
2220	75.8803	411.778
2222	75.9596	411.745
2223	75.999	411.741
2225	76.0777	411.583
2226	76.1172	411.505
2227	76.1566	411.482
2228	76.1968	411.474
2229	76.2366	411.329
2230	76.2759	411.295
2233	76.3949	411.257
2235	76.4744	410.951
2236	76.5138	410.944
2237	76.5535	410.837
2238	76.5928	409.687
2239	76.6324	409.61
2241	76.7112	409.595
2242	76.751	409.559
2244	76.83	409.548
2245	76.8696	409.47
2246	76.909	409.452
2247	76.9491	409.405
2248	76.989	409.395
2249	77.0285	409.377
2250	77.0682	409.171
2251	77.1082	408.88
2253	77.1872	408.788
2255	77.2664	408.701
2256	77.306	408.654
2257	77.3461	408.551
2259	77.428	408.519
2260	77.468	408.489
2261	77.5081	408.48
2263	77.5877	408.42
2264	77.627	408.404
2265	77.6667	408.385
2266	77.7073	408.382
2267	77.7471	408.242
2268	77.7868	408.151
2269	77.8264	408.049
2270	77.8662	408.014
2271	77.9065	407.219
2273	77.9873	407.028
2275	78.0667	406.775
2276	78.1073	406.756
2279	78.2269	406.698
2280	78.2668	406.655
2281	78.3066	406.489
2283	78.3859	406.415
2284	78.4255	406.412
2286	78.5051	406.407
2288	78.5853	406.231
2290	78.6644	406.121
2291	78.7043	406.11
2292	78.7445	406.07
2294	78.8241	406.029
2297	78.944	405.987
2299	79.024	405.861
2301	79.1034	405.848
2302	79.1431	405.801
2303	79.1832	405.752
2304	79.2229	405.617
2305	79.2626	405.58
2306	79.3028	405.556
2307	79.3421	405.543
2308	79.382	405.493
2311	79.5007	405.383
2312	79.5512	405.352
2313	79.6061	405.187
2314	79.6555	405.172
2315	79.6958	405.136
2316	79.736	405.123
2319	79.8563	404.665
2320	79.8961	404.628
2321	79.9357	404.483
2322	79.9765	404.065
2323	80.0162	404.057
2324	80.0565	404.039
2325	80.0966	403.532
2326	80.136	403.076
2329	80.2518	402.759
2330	80.2902	402.53
2331	80.3281	402.304
2333	80.4049	402.08
2336	80.5204	401.903
2337	80.559	401.752
2338	80.5976	401.686
2341	80.7127	401.538
2343	80.7893	401.384
2345	80.8663	401.208
2349	81.0214	401.147
2350	81.0598	400.979
2351	81.0982	400.898
2354	81.2147	400.794
2355	81.2533	400.734
2356	81.2918	400.648
2358	81.369	400.63
2359	81.4081	400.619
2360	81.447	400.618
2361	81.4855	400.613
2362	81.5242	400.612
2363	81.5634	400.611
2366	81.6784	400.592
2367	81.7168	400.571
2369	81.7961	400.071
2372	81.9125	400.028
2373	81.9512	400.027
2377	82.1049	399.775
2380	82.2209	399.767
2381	82.2596	399.719
2382	82.2982	399.714
2383	82.3371	399.697
2384	82.3754	399.69
2385	82.4143	399.656
2386	82.4533	399.64
2387	82.4917	398.469
2390	82.6078	398.46
2393	82.7248	398.435
2394	82.7636	396.163
2398	82.9195	396.131
2401	83.0369	395.853
2402	83.0751	395.782
2403	83.1137	395.657
2404	83.1524	395.631
2405	83.191	395.593
2406	83.2296	395.525
2408	83.3069	395.512
2409	83.3455	395.496
2410	83.3848	395.462
2411	83.424	395.459
2412	83.4625	395.323
2413	83.5013	395.253
2414	83.5399	395.21
2415	83.579	395.196
2416	83.6177	395.153
2417	83.6563	395.116
2418	83.7005	395.095
2419	83.7443	395.061
2420	83.7846	395.058
2421	83.8245	395.039
2422	83.8631	394.719
2423	83.9037	394.659
2425	83.9827	394.536
2426	84.0214	394.516
2427	84.0608	394.446
2429	84.1379	394.441
2430	84.1768	394.43
2432	84.2553	394.419
2433	84.2942	394.386
2434	84.3338	394.298
2435	84.3726	394.295
2436	84.4111	394.26
2437	84.4501	394.243
2438	84.4887	394.234
2439	84.5276	394.229
2440	84.567	394.139
2443	84.6846	394.014
2444	84.7233	393.796
2446	84.801	393.784
2447	84.8398	393.74
2448	84.8785	393.614
2449	84.9177	393.604
2450	84.9574	393.602
2451	84.9963	393.59
2452	85.0353	393.554
2458	85.278	393.527
2459	85.3606	393.512
2461	85.4421	393.429
2462	85.4809	393.4
2463	85.52	393.4
2465	85.5974	393.313
2466	85.637	393.248
2470	85.7928	393.2
2471	85.8326	393.161
2475	85.9889	393.137
2476	86.0283	393.111
2477	86.0687	393.052
2478	86.108	391.911
2479	86.1474	391.842
2481	86.2261	391.82
2483	86.3045	391.8
2486	86.4215	391.799
2487	86.4606	390.922
2489	86.5389	390.845
2490	86.5783	390.776
2491	86.6171	390.552
2494	86.7346	390.528
2495	86.7733	390.488
2496	86.8127	390.44
2497	86.8518	390.423
2499	86.9305	390.422
2500	86.9704	390.408
2501	87.0092	390.393
2503	87.087	390.367
2504	87.1262	390.345
2505	87.1654	390.337
2506	87.2048	390.32
2507	87.2437	390.318
2509	87.3216	390.119
2510	87.3612	390.1
2511	87.4007	389.664
2514	87.5188	389.657
2515	87.5579	389.234
2516	87.5971	389.082
2518	87.6751	389.062
2519	87.7144	388.981
2520	87.7546	388.964
2523	87.8728	388.928
2524	87.9125	387.857
2526	87.9912	387.854
2528	88.0698	387.752
2530	88.1492	387.494
2531	88.1887	387.363
2532	88.2294	387.224
2533	88.2694	386.795
2534	88.309	386.759
2536	88.3877	386.673
2537	88.4269	386.383
2538	88.4664	386.344
2540	88.5451	386.074
2541	88.5842	386.065
2542	88.6238	386.033
2543	88.6629	385.713
2544	88.7025	385.64
2545	88.7422	385.527
2546	88.7821	384.987
2547	88.821	384.965
2552	89.0178	384.937
2553	89.0569	384.792
2554	89.0968	384.491
2555	89.1363	384.444
2556	89.1753	384.418
2559	89.2932	384.202
2560	89.3328	384.146
2561	89.3722	384.132
2562	89.4121	384.114
2563	89.4516	384.111
2565	89.5305	383.916
2566	89.5697	383.517
2567	89.6097	383.479
2569	89.6884	383.207
2570	89.7294	383.054
2571	89.7687	382.971
2573	89.8481	382.69
2574	89.8873	382.402
2576	89.9663	382.115
2578	90.046	382.091
2581	90.164	382.036
2584	90.2819	382.025
2585	90.3216	381.853
2588	90.4419	381.813
2592	90.5996	381.798
2594	90.6787	381.768
2597	90.7969	381.684
2598	90.8367	381.682
2602	90.9942	381.668
2603	91.0333	381.464
2604	91.0727	381.435
2606	91.1512	381.409
2609	91.2699	381.222
2612	91.3877	381.162
2613	91.427	381.148
2617	91.5853	380.837
2620	91.7038	380.834
2621	91.7436	380.738
2622	91.7831	380.711
2625	91.9017	380.686
2626	91.9412	380.659
2627	91.9813	380.065
2630	92.0999	379.977
2634	92.2585	379.885
2638	92.4171	379.843
2641	92.5355	379.55
2643	92.617	379.547
2644	92.6567	379.528
2648	92.8148	379.519
2649	92.854	379.513
2651	92.9342	379.511
2654	93.0519	379.471
2655	93.0909	379.453
2656	93.1304	379.409
2657	93.1695	379.374
2658	93.2093	379.243
2659	93.2488	379.18
2661	93.3283	379.134
2662	93.3679	379.005
2663	93.407	378.97
2665	93.4868	378.889
2666	93.5266	378.866
2667	93.5664	378.593
2669	93.645	378.567
2670	93.6844	378.567
2673	93.8034	378.549
2674	93.8429	378.506
2675	93.8827	378.503
2676	93.9225	378.481
2677	93.9618	378.467
2679	94.0419	378.462
2680	94.0822	378.44
2684	94.2402	378.256
2687	94.3591	378.222
2688	94.3988	377.941
2689	94.4396	377.932
2690	94.4802	377.923
2691	94.5242	377.914
2692	94.5638	377.879
2696	94.734	377.87
2698	94.8253	377.841
2699	94.8681	377.823
2701	94.9492	377.776
2703	95.0289	377.773
2704	95.0687	377.768
2705	95.1084	377.71
2706	95.1478	377.651
2707	95.1878	377.65
2708	95.2275	377.632
2709	95.2668	377.571
2710	95.3071	377.526
2711	95.3472	377.466
2715	95.5065	377.447
2716	95.5459	377.439
2718	95.6247	377.242
2719	95.6645	377.015
2721	95.7434	376.988
2723	95.8229	376.848
2724	95.8629	376.846
2726	95.9418	376.831
2727	95.9815	376.252
2729	96.0605	376.232
2730	96.1	376.124
2731	96.1399	375.903
2735	96.2979	375.875
2736	96.3372	375.832
2737	96.3772	375.828
2741	96.5356	375.706
2742	96.575	375.698
2743	96.6151	375.683
2744	96.6547	375.659
2745	96.6942	375.652
2746	96.7338	375.641
2747	96.7733	375.61
2749	96.8527	375.579
2750	96.8927	375.565
2751	96.9332	375.363
2755	97.0943	375.027
2756	97.1346	375.006
2757	97.1743	374.952
2759	97.2532	374.841
2760	97.2926	374.828
2762	97.372	374.827
2764	97.4515	374.817
2766	97.531	374.802
2767	97.5715	374.626
2768	97.6109	374.593
2770	97.6904	374.481
2771	97.7304	374.202
2773	97.811	373.872
2774	97.8514	373.86
2776	97.9304	373.704
2777	97.9704	373.624
2778	98.0099	373.589
2779	98.0501	373.519
2781	98.1299	373.51
2782	98.1701	373.487
2783	98.2099	373.438
2784	98.2497	373.385
2786	98.3291	373.279
2787	98.3694	373.132
2788	98.4092	373.004
2790	98.4893	372.968
2792	98.5689	372.925
2793	98.6089	372.827
2794	98.649	372.7
2796	98.7284	372.641
2799	98.8488	372.456
2800	98.8886	372.425
2801	98.9292	372.403
2802	98.969	372.334
2803	99.0085	372.308
2806	99.1294	371.943
2809	99.2506	371.859
2810	99.2902	371.743
2812	99.3695	371.735
2813	99.4096	371.507
2814	99.4495	371.371
2816	99.5298	371.281
2819	99.6497	371.228
2821	99.7306	371.179
2829	100.049	371.161
2830	100.089	370.936
2834	100.25	370.919
2835	100.29	370.849
2838	100.41	370.831
2841	100.53	370.826
2843	100.609	370.614
2844	100.649	370.553
2849	100.847	370.417
2850	100.887	370.317
2853	101.007	370.306
2857	101.167	370.042
2860	101.286	370.021
2861	101.328	369.957
2862	101.369	369.952
2864	101.449	369.814
2866	101.529	369.798
2867	101.568	369.264
2874	101.847	369.133
2875	101.887	369.049
2881	102.127	368.938
2882	102.167	368.934
2883	102.207	368.93
2884	102.247	368.908
2888	102.406	368.887
2889	102.446	368.858
2891	102.525	368.855
2893	102.605	368.852
2894	102.645	368.811
2895	102.684	368.788
2896	102.724	368.748
2897	102.764	368.716
2898	102.804	368.583
2899	102.843	368.57
2901	102.924	368.327
2902	102.963	368.238
2904	103.043	368.23
2905	103.083	368.152
2906	103.122	368.147
2907	103.163	368.062
2909	103.242	368.02
2910	103.282	368.018
2912	103.362	368.016
2913	103.402	367.995
2915	103.481	367.994
2916	103.522	367.985
2917	103.564	367.959
2918	103.604	367.955
2919	103.643	367.951
2920	103.684	367.925
2924	103.845	367.752
2926	103.924	367.741
2927	103.965	367.715
2928	104.004	367.635
2929	104.044	367.611
2930	104.084	367.605
2931	104.125	367.559
2932	104.165	367.55
2934	104.244	367.535
2937	104.364	367.529
2938	104.404	367.505
2939	104.443	367.484
2942	104.562	367.473
2943	104.602	367.47
2945	104.681	367.453
2946	104.721	367.443
2949	104.84	367.398
2950	104.881	367.372
2951	104.92	367.225
2952	104.96	367.219
2955	105.079	367.201
2956	105.119	367.189
2957	105.159	367.156
2958	105.198	366.951
2959	105.238	366.88
2963	105.397	366.854
2964	105.437	366.848
2966	105.516	366.833
2967	105.556	366.56
2969	105.636	366.554
2970	105.675	366.446
2971	105.715	366.353
2973	105.797	366.347
2975	105.876	366.33
2976	105.916	366.28
2977	105.956	366.274
2978	105.996	366.23
2980	106.076	366.174
2981	106.116	366.164
2983	106.197	366.014
2986	106.317	366.013
2987	106.356	366.004
2988	106.396	365.961
2989	106.436	365.851
2990	106.476	365.843
2991	106.515	365.739
2995	106.674	365.105
2996	106.714	364.898
2998	106.794	364.888
2999	106.834	364.815
3000	106.874	364.804
3001	106.914	364.787
3002	106.953	364.786
3006	107.112	364.777
3007	107.152	364.725
3008	107.192	364.711
3011	107.319	364.547
3012	107.359	364.532
3014	107.44	364.526
3016	107.519	364.516
3017	107.559	364.203
3019	107.638	363.832
3020	107.678	363.792
3021	107.718	363.789
3022	107.758	363.764
3023	107.798	363.592
3024	107.838	363.536
3026	107.918	363.494
3027	107.96	363.439
3028	108	363.38
3032	108.16	363.344
3033	108.2	363.259
3034	108.24	363.155
3035	108.28	363.14
3036	108.319	363.076
3039	108.438	362.793
3040	108.478	362.761
3041	108.518	362.722
3042	108.559	362.482
3043	108.6	362.463
3045	108.679	362.397
3046	108.719	362.051
3049	108.839	362.044
3050	108.878	361.966
3053	108.998	361.953
3054	109.037	361.854
3055	109.077	361.834
3056	109.117	361.733
3058	109.197	361.72
3063	109.397	361.713
3069	109.636	361.651
3070	109.676	361.481
3076	109.914	361.474
3077	109.955	361.453
3078	109.994	361.45
3080	110.075	361.448
3081	110.115	361.311
3082	110.157	361.311
3083	110.197	361.223
3084	110.238	361.22
3086	110.318	361.056
3088	110.399	361.011
3089	110.438	360.89
3090	110.479	360.001
3093	110.599	359.977
3096	110.718	359.937
3097	110.758	359.75
3099	110.837	359.736
3101	110.917	359.711
3105	111.077	359.694
3106	111.117	359.678
3107	111.157	359.594
3110	111.276	359.592
3112	111.355	359.549
3118	111.593	359.534
3121	111.713	359.354
3122	111.753	359.31
3123	111.793	359.31
3124	111.833	359.291
3125	111.873	359.171
3126	111.913	359.1
3128	111.994	359.098
3129	112.034	359.092
3130	112.074	359.09
3133	112.189	359.087
3134	112.227	359.067
3135	112.266	359.057
3136	112.305	359.034
3137	112.345	359.018
3140	112.46	359.016
3141	112.499	358.794
3142	112.538	358.684
3145	112.652	358.602
3146	112.691	358.601
3147	112.73	358.563
3150	112.845	358.562
3152	112.922	358.552
3153	112.96	358.527
3156	113.075	358.501
3157	113.113	358.473
3158	113.152	358.471
3159	113.191	358.464
3160	113.229	358.406
3161	113.268	358.393
3164	113.383	358.303
3165	113.422	358.302
3167	113.498	358.269
3168	113.537	358.254
3169	113.575	358.198
3170	113.613	358.191
3171	113.652	358.16
3172	113.691	358.118
3174	113.767	358.104
3176	113.845	358.098
3178	113.923	358.088
3179	113.962	358.066
3182	114.078	358.047
3183	114.116	358.045
3185	114.194	358.032
3186	114.232	357.633
3187	114.271	357.629
3188	114.31	357.602
3190	114.387	357.563
3191	114.427	357.556
3192	114.467	357.532
3196	114.623	357.45
3197	114.661	357.436
3198	114.7	357.352
3199	114.739	357.267
3204	114.931	357.265
3206	115.008	357.233
3207	115.047	357.094
3209	115.124	357.092
3210	115.163	357.025
3211	115.202	357.011
3213	115.283	356.954
3215	115.364	356.938
3216	115.412	356.136
3217	115.457	356.133
3218	115.497	356.122
3221	115.62	356.102
3223	115.701	356.098
3224	115.743	356.089
3228	115.921	356.003
3229	115.959	355.953
3230	115.998	355.781
3231	116.037	355.724
3235	116.191	355.51
3236	116.23	355.394
3239	116.347	355.339
3240	116.386	355.323
3241	116.425	355.291
3242	116.464	355.282
3243	116.503	355.251
3244	116.542	355.115
3246	116.621	355.11
3247	116.661	354.96
3248	116.699	354.921
3251	116.816	354.825
3252	116.855	354.819
3254	116.933	354.805
3256	117.011	354.791
3257	117.05	354.775
3261	117.205	354.771
3262	117.244	354.752
3263	117.283	354.62
3266	117.399	354.544
3267	117.438	354.451
3268	117.477	354.417
3269	117.516	354.372
3271	117.595	354.311
3272	117.634	354.293
3273	117.673	354.198
3274	117.713	354.132
3275	117.753	354.12
3276	117.792	353.976
3279	117.91	353.768
3280	117.95	353.74
3282	118.028	353.727
3283	118.068	353.706
3284	118.107	353.597
3286	118.187	353.331
3289	118.306	353.249
3290	118.346	353.179
3294	118.503	353.077
3296	118.584	352.823
3299	118.72	352.822
3301	118.803	352.809
3304	118.919	352.805
3305	118.96	352.473
3309	119.118	352.472
3310	119.158	352.445
3312	119.256	352.316
3316	119.414	352.303
3317	119.453	352.186
3318	119.493	352.182
3321	119.611	352.172
3323	119.69	351.863
3324	119.729	351.858
3326	119.809	351.849
3329	119.928	351.776
3330	119.968	351.726
3332	120.047	351.488
3333	120.088	351.433
3338	120.287	351.192
3340	120.365	351.19
3346	120.603	351.162
3350	120.771	351.118
3361	121.217	351.029
3362	121.257	351.027
3363	121.298	351.014
3364	121.338	350.996
3365	121.378	350.954
3368	121.496	350.923
3369	121.536	350.894
3370	121.577	350.886
3371	121.617	350.872
3372	121.656	350.871
3374	121.735	350.84
3376	121.815	350.726
3377	121.856	350.718
3382	122.054	350.683
3385	122.173	349.911
3386	122.213	349.907
3387	122.253	349.863
3388	122.306	349.855
3389	122.347	349.764
3390	122.387	349.763
3391	122.427	349.74
3392	122.468	349.73
3393	122.508	349.724
3394	122.549	349.701
3395	122.588	349.647
3396	122.628	349.641
3397	122.667	349.626
3398	122.707	349.623
3399	122.746	349.613
3400	122.786	349.541
3401	122.825	349.532
3402	122.865	349.531
3404	122.943	349.413
3405	122.983	349.303
3407	123.062	349.271
3409	123.142	349.215
3411	123.222	349.197
3412	123.262	349.169
3413	123.302	349.128
3414	123.341	349.122
3417	123.459	349.112
3418	123.498	349.097
3419	123.538	349.068
3421	123.616	349.062
3422	123.656	349.05
3423	123.695	349.047
3424	123.735	349.015
3425	123.774	349.006
3426	123.813	348.971
3428	123.892	348.951
3429	123.932	348.937
3430	123.971	348.917
3431	124.01	348.873
3432	124.05	348.854
3435	124.169	348.707
3436	124.209	348.696
3438	124.288	348.694
3439	124.328	348.614
3441	124.406	348.605
3443	124.485	348.602
3444	124.525	348.597
3446	124.605	348.556
3450	124.763	348.508
3453	124.882	348.492
3455	124.961	348.471
3456	125.001	348.347
3457	125.041	348.343
3459	125.119	348.337
3462	125.238	348.202
3463	125.279	348.191
3464	125.319	348.187
3465	125.358	348.183
3466	125.398	348.178
3469	125.516	348.165
3470	125.556	348.16
3475	125.753	347.799
3476	125.793	347.709
3479	125.914	347.662
3483	126.072	347.634
3485	126.152	347.513
3486	126.192	347.512
3487	126.232	347.414
3488	126.272	347.236
3490	126.353	347.23
3491	126.393	347.211
3492	126.433	347.198
3494	126.513	347.072
3495	126.552	347.071
3496	126.592	347.012
3497	126.631	347.001
3500	126.75	346.923
3502	126.829	346.9
3503	126.87	346.774
3505	126.949	346.769
3507	127.028	346.728
3508	127.068	346.709
3512	127.23	346.688
3513	127.293	346.644
3514	127.337	346.593
3515	127.384	346.55
3516	127.426	346.544
3517	127.468	346.508
3519	127.563	346.364
3520	127.613	346.349
3522	127.692	346.3
3523	127.732	346.295
3524	127.773	346.267
3526	127.852	345.946
3529	127.971	345.923
3530	128.011	345.919
3532	128.092	345.916
3533	128.133	345.906
3536	128.253	345.837
3544	128.575	345.833
3548	128.739	345.822
3549	128.781	345.678
3552	128.911	345.588
3553	128.954	345.585
3557	129.113	345.569
3558	129.153	345.558
3561	129.274	345.557
3563	129.353	345.406
3566	129.473	345.389
3569	129.591	345.355
3570	129.633	345.345
3571	129.674	345.334
3573	129.754	345.241
3574	129.793	345.212
3578	129.952	343.785
3579	129.992	343.775
3580	130.032	343.771
3585	130.231	343.746
3586	130.272	343.726
3588	130.352	343.721
3594	130.59	343.699
3595	130.63	343.69
3596	130.669	343.66
3604	130.989	343.659
3605	131.029	343.653
3608	131.149	343.644
3609	131.188	343.644
3610	131.228	343.642
3611	131.268	343.642
3613	131.348	343.615
3614	131.388	343.595
3616	131.468	343.485
3622	131.707	343.467
3623	131.747	343.454
3625	131.829	343.411
3626	131.869	343.409
3627	131.909	343.374
3629	131.99	343.361
3630	132.038	343.36
3632	132.119	343.352
3633	132.159	343.212
3635	132.238	343.211
3636	132.278	343.209
3637	132.318	343.201
3639	132.397	343.195
3641	132.476	343.192
3642	132.516	343.177
3644	132.596	343.087
3647	132.716	343.075
3648	132.755	343.057
3649	132.795	343.047
3650	132.835	343.045
3651	132.876	343.026
3652	132.916	343.023
3657	133.114	343
3658	133.154	342.985
3659	133.194	342.93
3660	133.234	342.929
3661	133.274	342.905
3662	133.314	342.901
3663	133.353	342.899
3664	133.394	342.892
3665	133.433	342.888
3667	133.514	342.879
3670	133.634	342.855
3672	133.713	342.845
3675	133.832	342.843
3677	133.912	342.832
3678	133.952	342.409
3679	133.993	342.376
3686	134.275	342.364
3689	134.394	342.364
3690	134.435	342.335
3695	134.633	342.331
3696	134.673	342.309
3697	134.713	342.307
3698	134.752	342.301
3701	134.871	342.27
3702	134.911	342.238
3703	134.951	342.236
3705	135.031	342.186
3709	135.19	342.173
3710	135.23	342.165
3715	135.431	341.979
3716	135.47	341.914
3719	135.59	341.862
3725	135.868	341.649
3726	135.909	341.647
3728	135.995	341.622
3732	136.171	341.61
3734	136.252	341.586
3736	136.332	341.52
3737	136.372	341.518
3742	136.571	341.509
3744	136.651	341.504
3746	136.731	341.491
3747	136.771	341.457
3750	136.891	341.455
3752	136.971	341.432
3753	137.011	341.418
3754	137.05	341.366
3755	137.09	341.365
3759	137.25	341.289
3760	137.29	341.264
3766	137.53	340.946
3770	137.689	340.906
3772	137.769	340.904
3773	137.81	340.878
3775	137.89	340.873
3776	137.93	340.82
3778	138.009	340.786
3780	138.089	340.783
3782	138.171	340.732
3784	138.251	340.722
3789	138.453	340.641
3790	138.493	340.637
3793	138.614	340.631
3794	138.654	340.611
3795	138.694	340.601
3796	138.734	340.572
3797	138.774	340.547
3798	138.814	340.539
3799	138.854	340.538
3801	138.936	340.538
3802	138.976	340.534
3803	139.016	340.41
3804	139.057	340.408
3806	139.138	340.345
3809	139.257	340.321
3810	139.297	340.312
3814	139.458	340.263
3816	139.538	340.262
3818	139.618	340.202
3821	139.739	340.12
3823	139.819	340.084
3824	139.859	340.077
3825	139.898	340.031
3826	139.939	340.014
3827	139.979	339.971
3828	140.019	339.902
3832	140.179	339.882
3833	140.218	339.879
3834	140.258	339.851
3835	140.298	339.849
3839	140.46	339.835
3840	140.5	339.735
3841	140.54	339.595
3842	140.581	339.586
3843	140.622	339.582
3844	140.662	339.567
3845	140.702	339.565
3848	140.822	339.554
3849	140.863	339.551
3851	140.944	339.548
3854	141.064	339.547
3856	141.144	339.43
3861	141.343	339.375
3862	141.383	339.352
3865	141.504	339.332
3867	141.585	339.307
3869	141.664	339.301
3870	141.704	339.3
3873	141.824	339.288
3874	141.864	339.273
3875	141.904	339.273
3877	141.983	339.265
3879	142.063	339.261
3880	142.104	339.247
3881	142.144	339.246
3882	142.184	339.236
3884	142.264	339.178
3887	142.383	339.163
3888	142.423	339.146
3889	142.463	339.143
3890	142.503	339.141
3891	142.543	339.111
3892	142.583	339.103
3898	142.824	339.094
3899	142.866	339.092
3900	142.906	339.078
3902	143.042	339.07
3903	143.084	339.069
3904	143.125	339.063
3905	143.166	339.038
3906	143.206	338.949
3908	143.286	338.947
3910	143.366	338.913
3912	143.445	338.888
3915	143.564	338.884
3916	143.604	338.871
3918	143.683	338.566
3919	143.725	338.447
3923	143.889	338.437
3926	144.01	338.377
3928	144.089	338.34
3929	144.129	338.336
3930	144.169	338.3
3931	144.208	338.248
3933	144.288	338.245
3934	144.328	338.221
3935	144.368	338.148
3936	144.408	338.139
3939	144.527	338.13
3941	144.607	338.107
3945	144.766	338.094
3946	144.805	338.094
3949	144.925	338.085
3950	144.965	338.083
3951	145.006	338.069
3953	145.086	338.059
3954	145.125	338.03
3955	145.164	337.911
3956	145.202	337.864
3957	145.24	337.863
3958	145.279	337.804
3959	145.317	337.781
3962	145.432	337.773
3963	145.47	337.73
3965	145.547	337.71
3966	145.586	337.71
3968	145.663	337.667
3970	145.739	337.653
3971	145.778	337.62
3972	145.816	337.587
3974	145.893	337.57
3975	145.932	337.56
3976	145.97	337.521
3981	146.162	337.513
3982	146.201	337.494
3983	146.24	337.475
3985	146.317	337.437
3986	146.355	337.436
3987	146.394	337.412
3991	146.548	337.155
3992	146.586	337.144
3994	146.663	337.118
3999	146.855	336.991
4000	146.894	336.977
4003	147.009	336.965
4004	147.047	336.938
4005	147.086	336.904
4006	147.126	336.675
4008	147.204	336.632
4010	147.281	336.627
4012	147.359	336.601
4014	147.436	336.586
4016	147.513	336.534
4019	147.629	336.503
4022	147.744	336.502
4024	147.821	336.484
4027	147.936	336.388
4029	148.013	336.328
4035	148.245	336.312
4038	148.361	336.308
4043	148.554	336.211
4046	148.671	336.174
4048	148.749	335.992
4049	148.788	335.987
4050	148.827	335.964
4051	148.866	335.949
4054	148.982	335.932
4061	149.255	335.932
4062	149.295	335.916
4063	149.334	335.871
4066	149.452	335.858
4070	149.609	335.783
4073	149.727	335.782
4078	149.923	335.779
4079	149.962	335.737
4080	150.001	335.614
4081	150.04	335.609
4082	150.079	335.598
4084	150.158	335.59
4085	150.197	335.589
4086	150.236	335.56
4088	150.315	335.531
4090	150.393	335.518
4091	150.433	335.515
4094	150.55	335.452
4095	150.589	335.444
4096	150.628	335.394
4098	150.706	335.377
4101	150.823	335.364
4102	150.862	335.354
4103	150.901	335.353
4105	150.979	335.339
4106	151.018	335.33
4107	151.058	335.309
4109	151.136	335.307
4110	151.175	335.305
4113	151.293	335.296
4117	151.451	335.295
4121	151.608	335.294
4122	151.648	335.291
4124	151.726	335.261
4127	151.844	335.253
4129	151.922	335.251
4131	152	335.232
4132	152.039	335.208
4134	152.118	335.207
4138	152.276	335.197
4139	152.315	335.188
4140	152.355	335.18
4142	152.435	335.163
4143	152.474	335.16
4144	152.513	335.155
4145	152.553	335.147
4146	152.593	335.133
4150	152.751	335.122
4152	152.83	335.112
4155	152.947	335.111
4156	152.986	335.11
4158	153.064	335.094
4159	153.103	335.016
4160	153.143	335.013
4166	153.379	334.978
4168	153.458	334.974
4169	153.497	334.973
4170	153.536	334.938
4173	153.657	334.916
4176	153.775	334.907
4177	153.814	334.902
4181	153.971	334.881
4184	154.089	334.87
4185	154.128	334.863
4188	154.246	334.861
4190	154.324	334.859
4191	154.364	334.814
4193	154.443	334.797
4195	154.521	334.692
4196	154.56	334.66
4197	154.6	334.629
4198	154.639	334.626
4199	154.679	334.603
4202	154.796	334.599
4203	154.835	334.587
4205	154.914	334.571
4208	155.032	334.56
4211	155.149	334.421
4212	155.188	334.387
4213	155.228	334.374
4214	155.267	334.369
4216	155.345	334.364
4217	155.385	334.361
4218	155.424	334.128
4222	155.581	334.114
4223	155.621	334.089
4227	155.78	334.056
4229	155.859	334.049
4232	155.98	334.022
4233	156.022	334.015
4234	156.064	333.984
4235	156.104	333.968
4237	156.194	333.961
4238	156.234	333.959
4239	156.277	333.937
4240	156.325	333.924
4242	156.447	333.919
4243	156.5	333.898
4244	156.542	333.888
4246	156.621	333.747
4247	156.66	333.742
4248	156.7	333.73
4251	156.818	333.723
4252	156.858	333.708
4256	157.015	333.697
4260	157.173	333.673
4263	157.291	333.659
4264	157.33	333.64
4265	157.371	333.638
4269	157.528	333.632
4275	157.764	333.592
4279	157.923	333.59
4281	158.003	333.583
4282	158.042	333.58
4283	158.082	333.579
4284	158.121	333.575
4286	158.201	333.544
4289	158.319	333.543
4294	158.517	333.511
4295	158.556	333.506
4300	158.753	333.505
4301	158.793	333.466
4305	158.951	333.41
4306	158.99	333.399
4310	159.148	333.364
4312	159.227	333.358
4313	159.267	333.352
4316	159.386	333.341
4318	159.465	333.334
4319	159.505	333.323
4320	159.544	333.317
4321	159.584	333.305
4323	159.663	333.302
4324	159.702	333.291
4325	159.744	333.289
4326	159.785	333.288
4328	159.864	333.285
4330	159.943	333.272
4331	159.983	333.272
4332	160.024	333.268
4334	160.104	333.257
4335	160.145	333.255
4336	160.185	333.233
4339	160.304	333.184
4342	160.423	333.174
4343	160.462	333.165
4345	160.542	333.157
4346	160.581	333.153
4347	160.621	333.134
4349	160.7	333.125
4350	160.74	333.124
4352	160.818	333.12
4355	160.938	333.117
4357	161.017	333.111
4358	161.058	333.106
4359	161.097	333.102
4360	161.137	333.099
4364	161.295	333.055
4367	161.414	333.051
4369	161.494	333.049
4370	161.533	333.048
4371	161.573	333.03
4374	161.692	333.008
4375	161.732	332.987
4376	161.773	332.984
4377	161.813	332.977
4378	161.852	332.967
4380	161.932	332.964
4382	162.012	332.957
4383	162.052	332.956
4386	162.171	332.945
4387	162.211	332.943
4389	162.291	332.921
4390	162.332	332.915
4394	162.491	332.883
4396	162.57	332.868
4399	162.688	332.834
4400	162.728	332.833
4401	162.769	332.828
4404	162.888	332.82
4405	162.927	332.815
4406	162.967	332.805
4409	163.086	332.804
4410	163.126	332.77
4413	163.245	332.769
4415	163.324	332.695
4416	163.364	332.691
4417	163.405	332.689
4418	163.445	332.683
4419	163.485	332.68
4420	163.525	332.68
4421	163.565	332.669
4423	163.645	332.659
4424	163.684	332.653
4425	163.724	332.649
4428	163.843	332.638
4429	163.882	332.618
4430	163.922	332.608
4434	164.08	332.589
4435	164.119	332.518
4436	164.159	332.508
4439	164.278	332.494
4441	164.357	332.493
4442	164.397	332.489
4443	164.436	332.482
4445	164.519	332.477
4448	164.637	332.476
4451	164.756	332.459
4452	164.795	332.441
4453	164.835	332.438
4454	164.874	332.43
4456	164.954	332.426
4458	165.033	332.398
4461	165.151	332.393
4462	165.191	332.386
4463	165.231	332.383
4466	165.349	332.365
4467	165.389	332.349
4472	165.587	332.329
4473	165.626	332.308
4474	165.666	332.288
4479	165.864	332.222
4480	165.903	332.205
4483	166.022	332.139
4486	166.141	331.935
4487	166.181	331.929
4488	166.221	331.89
4489	166.26	331.854
4492	166.379	331.851
4493	166.418	331.847
4496	166.538	331.842
4497	166.578	331.82
4500	166.698	331.793
4504	166.857	331.783
4505	166.897	331.412
4506	166.937	331.375
4509	167.058	331.361
4510	167.098	331.351
4512	167.177	331.347
4520	167.494	331.345
4521	167.534	331.304
4523	167.613	331.22
4526	167.732	331.19
4529	167.851	331.185
4531	167.931	330.991
4541	168.327	330.971
4543	168.406	330.956
4546	168.525	330.947
4552	168.761	330.922
4553	168.801	330.921
4557	168.962	330.918
4561	169.123	330.844
4562	169.163	330.839
4564	169.241	330.829
4565	169.281	330.828
4568	169.4	330.826
4569	169.44	330.816
4570	169.48	330.806
4572	169.56	330.802
4573	169.6	330.742
4574	169.64	330.732
4576	169.72	330.714
4579	169.84	330.698
4582	169.959	330.694
4583	169.999	330.685
4585	170.078	330.672
4587	170.157	330.662
4590	170.276	330.662
4591	170.316	330.661
4592	170.356	330.649
4593	170.395	330.647
4594	170.435	330.611
4598	170.593	330.609
4604	170.831	330.58
4606	170.911	330.574
4607	170.951	330.56
4608	170.992	330.555
4610	171.072	330.555
4611	171.113	330.542
4612	171.154	330.512
4614	171.234	330.505
4617	171.353	330.502
4619	171.432	330.498
4623	171.594	330.497
4624	171.634	330.479
4625	171.673	330.473
4626	171.713	330.467
4629	171.833	330.448
4630	171.873	330.438
4631	171.913	330.435
4632	171.954	330.421
4636	172.114	330.405
4639	172.234	330.386
4641	172.314	330.383
4642	172.354	330.376
4643	172.394	330.362
4646	172.513	330.342
4650	172.672	330.31
4651	172.712	330.288
4653	172.792	330.281
4655	172.872	330.007
4656	172.912	329.965
4657	172.952	329.959
4659	173.031	329.934
4660	173.071	329.933
4661	173.112	329.928
4664	173.231	329.919
4667	173.353	329.918
4668	173.393	329.885
4670	173.472	329.882
4672	173.552	329.865
4675	173.672	329.821
4676	173.712	329.816
4677	173.752	329.812
4679	173.831	329.805
4680	173.871	329.804
4682	173.951	329.796
4685	174.07	329.756
4686	174.111	329.756
4688	174.191	329.755
4690	174.271	329.751
4691	174.311	329.737
4693	174.39	329.735
4694	174.429	329.733
4696	174.51	329.726
4697	174.549	329.726
4698	174.589	329.7
4702	174.749	329.678
4704	174.829	329.676
4712	175.147	329.655
4713	175.186	329.653
4714	175.226	329.647
4715	175.266	329.637
4719	175.425	329.604
4720	175.466	329.59
4721	175.507	329.5
4723	175.587	329.449
4725	175.666	329.442
4726	175.705	329.31
4727	175.745	329.308
4729	175.824	329.233
4730	175.864	329.225
4732	175.949	329.219
4734	176.051	329.204
4737	176.17	329.192
4739	176.255	329.181
4741	176.336	329.179
4742	176.384	329.151
4743	176.425	329.143
4744	176.469	329.141
4745	176.519	329.087
4749	176.694	329.017
4752	176.823	329.015
4753	176.864	329.005
4754	176.904	328.995
4757	177.022	328.994
4758	177.063	328.993
4761	177.179	328.988
4765	177.332	328.976
4766	177.37	328.949
4771	177.562	328.836
4775	177.716	328.831
4776	177.755	328.828
4778	177.869	328.823
4783	178.068	328.803
4785	178.145	328.768
4786	178.183	328.754
4787	178.222	328.752
4790	178.337	328.745
4791	178.377	328.696
4793	178.454	328.692
4794	178.492	328.686
4797	178.607	328.683
4798	178.646	328.679
4800	178.723	328.655
4801	178.762	328.641
4803	178.839	328.641
4805	178.916	328.493
4810	179.11	328.488
4811	179.148	328.487
4814	179.265	328.39
4815	179.304	328.389
4816	179.343	328.373
4817	179.382	328.351
4818	179.42	328.35
4819	179.459	328.338
4825	179.691	328.333
4826	179.731	328.326
4827	179.77	328.317
4829	179.85	328.316
4832	179.967	328.316
4833	180.006	328.225
4836	180.122	328.224
4838	180.2	328.22
4839	180.239	328.215
4841	180.317	328.21
4844	180.434	328.196
4846	180.511	328.196
4847	180.551	328.192
4849	180.63	328.192
4851	180.707	328.18
4854	180.824	328.179
4855	180.863	328.172
4857	180.941	328.172
4859	181.02	328.157
4860	181.059	328.156
4862	181.136	328.147
4863	181.176	328.146
4864	181.215	328.141
4868	181.37	328.134
4869	181.409	328.126
4870	181.448	328.108
4872	181.526	328.097
4875	181.643	328.094
4876	181.682	328.083
4879	181.798	328.065
4880	181.837	328.033
4886	182.076	328.019
4887	182.115	328.014
4888	182.155	328.012
4890	182.233	327.986
4893	182.351	327.984
4895	182.43	327.945
4896	182.47	327.925
4897	182.509	327.92
4899	182.587	327.911
4901	182.666	327.911
4902	182.706	327.905
4906	182.862	327.904
4909	182.979	327.831
4910	183.019	327.827
4912	183.097	327.824
4915	183.214	327.748
4916	183.254	327.747
4919	183.371	327.745
4921	183.449	327.743
4922	183.488	327.736
4923	183.527	327.736
4926	183.644	327.733
4927	183.684	327.645
4931	183.84	327.627
4933	183.918	327.618
4934	183.957	327.608
4935	183.996	327.597
4936	184.036	327.589
4937	184.075	327.584
4938	184.117	327.53
4941	184.235	327.527
4942	184.274	327.511
4943	184.313	327.509
4944	184.352	327.504
4947	184.471	327.502
4949	184.549	327.5
4952	184.667	327.495
4953	184.706	327.483
4955	184.784	327.482
4957	184.862	327.481
4958	184.901	327.458
4959	184.94	327.447
4960	184.98	327.44
4963	185.097	327.405
4964	185.136	327.401
4966	185.214	327.28
4967	185.253	327.279
4970	185.37	327.273
4976	185.605	327.265
4979	185.722	327.262
4982	185.839	327.257
4999	186.509	327.253
5000	186.548	327.252
# FIN	186.548	327.252

