# target=instancias/starrynight.png T=340 iters=5000 K=32 seed=auto
iter	segundos	MSE
0	0.00318372	7372.8
1	0.0299284	7327.54
2	0.0557852	7255.03
3	0.0824047	7240.69
4	0.108982	7231.59
5	0.13475	7214.15
6	0.160383	7213.36
7	0.185798	7172.26
8	0.211084	7168.16
9	0.236506	7091.48
10	0.262118	7079.82
11	0.287645	6944.45
12	0.314373	6942.78
13	0.340672	6941.13
14	0.36761	6907.97
15	0.393421	6898.69
16	0.419029	6781.41
17	0.446307	6775.8
19	0.497405	6743.17
20	0.523301	6739.5
21	0.549442	6707.06
22	0.575284	6696.94
23	0.601042	6690.45
24	0.627648	6678.26
25	0.654164	6618.32
26	0.680663	6618.21
27	0.70822	6589.07
28	0.735753	6588.79
29	0.762604	6580.31
30	0.788937	6552.97
31	0.814945	6520.76
32	0.841238	6511.98
33	0.867517	6496.3
34	0.894428	6476.33
35	0.921018	6475.93
36	0.946934	6443.68
37	0.972956	6430.5
38	0.999729	6418.14
39	1.02642	6417.79
40	1.05312	6415.8
41	1.08008	6404.03
42	1.10659	6397.32
43	1.13298	6392.61
44	1.1592	6384.97
45	1.18605	6382.46
46	1.21512	6332.46
47	1.24336	6322.3
48	1.26983	6304.13
49	1.29747	6270.09
50	1.32473	6261.68
51	1.35152	6228.54
52	1.37786	6212.3
53	1.40468	6139.31
54	1.4313	6139.27
55	1.45745	6135.94
56	1.48445	6131.43
57	1.51183	6129.92
58	1.53916	6123.52
59	1.56554	6103.32
60	1.59251	6099.87
61	1.62046	6058.97
62	1.64705	6053.86
63	1.67398	5872.18
64	1.70076	5867.37
65	1.72735	5837.77
66	1.75423	5833.19
67	1.78109	5819.07
68	1.80811	5799.52
69	1.83456	5729.4
70	1.86127	5717.9
71	1.88905	5631.95
72	1.91593	5616.14
73	1.94271	5616.03
74	1.97012	5597
75	1.99782	5596.65
76	2.02481	5595.91
77	2.05208	5581.32
78	2.07911	5553.47
79	2.10627	5552.88
80	2.1334	5543.77
81	2.16056	5538.83
82	2.18811	5538.69
83	2.21523	5537.6
84	2.24239	5522.81
85	2.2698	5447.95
86	2.29717	5436.96
87	2.32423	5435.96
88	2.35225	5433.74
89	2.3796	5410.03
90	2.40714	5402.91
91	2.43455	5402.28
92	2.46219	5392.91
93	2.48986	5387.9
94	2.51777	5385.18
95	2.54533	5379.02
96	2.57343	5368.14
97	2.60112	5310.62
98	2.62878	5297.87
99	2.65639	5259.23
100	2.68392	5259.23
101	2.71179	5259.14
102	2.73937	5256.55
103	2.76658	5240.87
104	2.79407	5239.96
105	2.82191	5237.33
106	2.85017	5220.13
107	2.87757	5206.5
108	2.90572	5195.26
109	2.93358	5147
110	2.9616	5133.82
111	2.98988	5085.81
112	3.01744	5083.98
113	3.04504	5068.59
114	3.07341	5065.43
115	3.1035	5044.32
116	3.13151	5031.73
117	3.15982	4984.13
118	3.18874	4927.65
119	3.21729	4913.16
120	3.24539	4902.15
121	3.27404	4894.15
122	3.30234	4888.22
123	3.33067	4887.85
124	3.35908	4883.93
125	3.38739	4871.54
126	3.41687	4869.12
127	3.44756	4868.43
128	3.47659	4866.89
129	3.5049	4844.32
130	3.53445	4843.95
131	3.56728	4843.3
132	3.59608	4843.3
133	3.62463	4832.16
134	3.65314	4827.14
135	3.68261	4825.58
136	3.71131	4809.61
137	3.7403	4808.61
138	3.76929	4781.57
139	3.79771	4781.56
140	3.82633	4779.84
141	3.85496	4779.49
142	3.88373	4778.26
143	3.91291	4774.42
144	3.94166	4754.46
145	3.97088	4750.44
146	3.99937	4744.29
147	4.02825	4729.77
148	4.05676	4729.69
149	4.08545	4711.95
150	4.14143	4706.51
151	4.18864	4705.71
152	4.21846	4690.56
153	4.24743	4683.38
154	4.27506	4681.54
155	4.3029	4681.37
156	4.33058	4669.07
157	4.35816	4627.39
158	4.38607	4601.06
159	4.41487	4600.74
160	4.44608	4600.02
161	4.47676	4597.82
162	4.51148	4551.59
163	4.5419	4531.56
164	4.57086	4492.37
165	4.59945	4491.7
166	4.62844	4456.62
167	4.65742	4455.93
168	4.68717	4451.01
169	4.71628	4447.03
170	4.74435	4436.05
171	4.77439	4435.35
172	4.80368	4429.43
173	4.83439	4425.94
174	4.86704	4415.82
175	4.90078	4415.21
176	4.93317	4345.47
177	4.9632	4342.29
178	4.99141	4341.15
179	5.02014	4337.33
180	5.04861	4322.79
181	5.07705	4318.61
182	5.10653	4304.47
183	5.13627	4301.85
184	5.16885	4291.43
185	5.2004	4204.18
186	5.23043	4203.41
187	5.26165	4198.3
188	5.29164	4198.12
189	5.32031	4190.36
190	5.35156	4184.32
191	5.39044	4183.12
192	5.42536	4171.61
193	5.45882	4170.28
194	5.4932	4168.73
195	5.52496	4168.59
196	5.55769	4149.67
197	5.60341	4132.32
198	5.65784	4132.11
199	5.68749	4124.44
200	5.7195	4123.31
201	5.75118	4121.36
202	5.78376	4120.36
203	5.82096	4113.03
204	5.88909	4110.93
205	5.95006	4105.72
206	5.98192	4105.4
207	6.01182	4050.89
208	6.04367	4023.64
209	6.07461	4022.74
210	6.10432	3978.6
211	6.1368	3974.57
212	6.16825	3974.48
213	6.20258	3974.05
214	6.23915	3971.17
215	6.27292	3963.15
216	6.30393	3959.38
217	6.34094	3959.09
218	6.372	3959.07
219	6.40369	3949.08
220	6.43531	3934.13
221	6.46916	3912.06
222	6.49999	3911.72
223	6.55296	3909.62
224	6.60029	3907.55
225	6.64076	3907.36
226	6.6841	3904.2
227	6.72183	3836.58
228	6.76044	3823.72
229	6.79582	3823.69
230	6.82869	3823.56
231	6.86073	3808.4
232	6.90048	3795.3
233	6.94319	3795.15
234	6.98045	3794.35
235	7.01513	3776.45
236	7.04868	3776.2
237	7.07956	3775.54
238	7.11549	3774.98
239	7.14668	3774.81
240	7.17779	3734.01
241	7.20895	3720.35
242	7.24094	3715.97
243	7.28274	3707.71
244	7.33714	3695.51
245	7.40517	3693.5
246	7.4444	3693.48
247	7.48304	3658.53
248	7.52455	3652.47
249	7.56441	3651.92
250	7.60556	3646.63
251	7.682	3640.35
252	7.72941	3629.05
253	7.76897	3628.85
254	7.81075	3627.47
255	7.84332	3626.32
256	7.8819	3608.35
257	7.91495	3602.24
258	7.94975	3589.37
259	7.98195	3578.01
260	8.01267	3561.35
261	8.04481	3538.44
262	8.07784	3531.08
263	8.11139	3530.77
264	8.14267	3482.51
265	8.17395	3481.04
266	8.20458	3478.02
267	8.23597	3476.66
268	8.27831	3470.66
269	8.32175	3466.72
270	8.35627	3409.6
271	8.38847	3391.65
272	8.42187	3368.98
273	8.45259	3350.37
274	8.486	3335.13
275	8.52693	3325.38
276	8.56518	3308.79
277	8.61662	3288.05
278	8.69512	3282.61
279	8.77454	3258.71
280	8.82831	3255.77
281	8.91101	3255.44
282	9.00002	3243.16
283	9.08119	3242.76
284	9.11473	3230.42
285	9.14632	3210.63
286	9.17998	3210.21
287	9.21419	3202.27
288	9.24621	3198.22
289	9.28316	3193.29
290	9.32733	3192.19
291	9.35813	3187.6
292	9.38931	3181.11
293	9.41995	3180.96
294	9.45148	3180.23
295	9.48397	3179.39
296	9.51506	3175.03
297	9.54603	3174.97
298	9.57679	3169.42
299	9.60841	3163.31
300	9.63966	3148.46
301	9.67059	3148.15
302	9.70273	3148.06
303	9.73365	3147.94
304	9.76552	3146.88
305	9.79764	3134
306	9.831	3127.91
307	9.86291	3114.22
308	9.89507	3112.43
309	9.92884	3111.02
310	9.96192	3107.04
311	9.9933	3099.39
312	10.0244	3091.14
313	10.0559	3084.79
314	10.0871	3084.06
315	10.1194	3083.85
316	10.1537	3083.51
317	10.1855	3069.61
318	10.2165	3057.81
319	10.2476	3054.23
320	10.2791	3053.33
321	10.3119	3052.51
322	10.3442	3051.83
323	10.3771	3038.34
324	10.4083	3036.49
325	10.4405	3036.01
326	10.474	3026.32
327	10.5059	3026.02
328	10.5377	3025.69
329	10.5694	3024.1
330	10.6007	3022.33
331	10.633	3020.89
332	10.6644	2998.52
333	10.6954	2995.38
334	10.727	2994.61
335	10.7594	2988.29
336	10.7909	2984.36
337	10.8222	2984.31
338	10.8532	2981.66
339	10.8848	2980.24
340	10.916	2973.5
341	10.947	2968.15
342	10.9797	2953.39
343	11.013	2952.19
344	11.0457	2948.95
345	11.0782	2948.85
346	11.1101	2948.29
347	11.1437	2945.98
348	11.1762	2940.58
349	11.2081	2906.16
350	11.2408	2895.33
351	11.2729	2893.77
352	11.3059	2893.37
353	11.3397	2892.87
354	11.3729	2886.96
355	11.4051	2885.42
356	11.4369	2871.68
357	11.4706	2871.64
359	11.5376	2867.77
360	11.57	2859.01
361	11.6035	2856.98
362	11.6365	2856.66
363	11.6708	2855.67
364	11.7035	2850.46
365	11.7363	2849.84
366	11.769	2849.7
367	11.8019	2815.91
368	11.8352	2815.39
369	11.8686	2785.05
370	11.9023	2771.77
371	11.9366	2768.25
372	11.9692	2762.94
373	12.0013	2754
374	12.0351	2750.99
375	12.068	2747.88
376	12.1024	2739.06
377	12.1355	2738.96
378	12.169	2720.93
379	12.2026	2720.89
380	12.2362	2717.91
381	12.2698	2715.33
382	12.3046	2715.25
383	12.3411	2714.47
384	12.3755	2712.37
385	12.4083	2710.53
386	12.4419	2673.33
387	12.4744	2665.17
388	12.509	2664.14
389	12.5431	2663.57
390	12.5797	2662.97
391	12.6132	2652.07
392	12.6503	2648.66
393	12.6838	2620.8
394	12.7164	2620.77
395	12.7488	2615.81
396	12.7815	2610.09
397	12.8148	2606.7
398	12.8488	2602.29
399	12.8817	2567.69
400	12.9146	2567.64
401	12.9477	2562.26
402	12.9808	2559.26
403	13.0138	2468.03
404	13.0473	2466.57
405	13.0817	2453.24
406	13.1145	2450.98
407	13.1477	2450.77
408	13.1821	2447.56
409	13.2153	2410.08
410	13.2497	2409.21
411	13.2838	2407.82
412	13.3169	2406.24
413	13.351	2405.86
414	13.3842	2398.62
415	13.4178	2398.46
416	13.453	2398.43
417	13.4867	2395.95
418	13.522	2382.32
419	13.5561	2382.25
420	13.5916	2381.59
421	13.6253	2373.91
423	13.6943	2373.63
424	13.7292	2370.98
425	13.7629	2352.75
426	13.7961	2352.63
427	13.8296	2352.41
428	13.8627	2350.25
429	13.8972	2347.05
430	13.9312	2346.79
431	13.9648	2346.15
432	13.999	2345.21
433	14.0345	2345.13
434	14.1067	2339.81
435	14.1504	2339.14
436	14.1836	2337.66
437	14.2188	2315.45
438	14.2548	2311.31
439	14.2898	2305.03
440	14.3244	2304.98
441	14.3604	2304.81
442	14.3946	2303.03
443	14.4292	2301.19
444	14.4634	2301.04
445	14.4977	2300.06
446	14.5316	2297.16
447	14.5662	2281.62
448	14.6034	2275.88
449	14.6388	2273.01
450	14.6743	2271.81
451	14.71	2247.64
452	14.7453	2247.53
453	14.7806	2237.5
454	14.816	2232.81
455	14.8496	2232.18
456	14.8834	2220.84
457	14.9171	2218.13
458	14.9509	2208.89
459	14.9848	2205.13
460	15.0185	2202.07
461	15.0529	2200.97
462	15.0866	2200.12
463	15.1202	2200.1
464	15.1542	2199.05
465	15.1878	2198.86
466	15.2217	2198.68
467	15.2559	2198.39
468	15.2912	2198.17
469	15.3268	2190.98
470	15.3609	2188.79
471	15.3949	2188.53
472	15.429	2188.34
473	15.4674	2185.6
474	15.5031	2185.48
475	15.5463	2185.45
476	15.5851	2168.39
477	15.6206	2167.61
478	15.6564	2148.06
479	15.6919	2148.05
480	15.7263	2147.52
481	15.762	2147.11
482	15.7978	2146.61
483	15.8321	2146.6
484	15.8955	2144.93
485	15.939	2141.65
486	15.9753	2140.91
487	16.0107	2138.31
488	16.0459	2136.97
489	16.0825	2116.07
490	16.1188	2114.55
491	16.1542	2112.79
492	16.1895	2105.25
493	16.2249	2104.46
494	16.2597	2104.41
495	16.2956	2103.89
496	16.3308	2101.78
497	16.3663	2094.74
498	16.4029	2092.63
499	16.439	2091.63
500	16.4749	2091.34
501	16.5098	2087.43
502	16.5573	2082.06
503	16.6196	2069.48
504	16.6552	2049.59
505	16.69	2049.25
506	16.727	2036
507	16.7619	2036
508	16.7968	2034.29
509	16.8314	2032.17
510	16.8671	2029.66
511	16.9014	2029.46
512	16.9363	2020.5
513	16.9717	2020.17
514	17.0068	2018.55
515	17.0412	2018.18
516	17.0776	1996.43
517	17.1123	1995.98
518	17.147	1995.17
519	17.1828	1995.05
520	17.2184	1994.14
521	17.2531	1992.94
522	17.2892	1989.34
523	17.3248	1986.52
524	17.3606	1980.61
525	17.3962	1975.59
526	17.4312	1975.56
527	17.4661	1959.8
528	17.5018	1959.38
529	17.5374	1957.16
530	17.5722	1956.91
531	17.6085	1955.94
532	17.6442	1950.43
533	17.6798	1950.22
534	17.7154	1949.68
535	17.7514	1949.55
536	17.7872	1944.67
537	17.8237	1943.16
538	17.8596	1942.88
539	17.8953	1940.31
540	17.932	1936.07
541	17.9683	1935.99
542	18.003	1935.15
543	18.0381	1934.31
544	18.0733	1933.71
545	18.1098	1933.37
546	18.1454	1925.6
547	18.1821	1924.19
548	18.2174	1911.29
549	18.2525	1910.31
550	18.288	1909.9
551	18.3233	1906.78
552	18.3588	1906.75
553	18.3941	1906.71
554	18.4304	1906.36
555	18.4658	1904.58
556	18.5012	1903.14
557	18.5369	1902.88
558	18.5731	1902.8
559	18.6115	1901.38
560	18.6494	1890.3
561	18.6865	1872.13
562	18.7219	1871.83
563	18.7595	1871.59
564	18.7955	1869.31
565	18.831	1868.32
566	18.8669	1864.92
567	18.9035	1842.82
568	18.9389	1833.77
569	18.9747	1833.71
570	19.0105	1833.27
571	19.0462	1829.75
572	19.0826	1817.25
573	19.1191	1817.15
574	19.1562	1816.4
575	19.1925	1815.94
576	19.2284	1814.93
577	19.2652	1813.32
578	19.3024	1812.08
579	19.3382	1811.31
580	19.3751	1794.93
581	19.4119	1793.43
582	19.4482	1788.48
583	19.4852	1787.89
584	19.523	1779.16
585	19.5599	1778.96
586	19.5968	1778.88
587	19.6326	1777.42
588	19.6691	1774.23
589	19.7056	1773.93
590	19.7431	1769.07
591	19.7791	1767.31
592	19.816	1765.3
593	19.8525	1765.25
594	19.8887	1762.82
595	19.9253	1762.38
596	19.9611	1741.08
597	19.9975	1737.71
598	20.0339	1736.43
599	20.0716	1732.97
600	20.1078	1723.68
601	20.1436	1718.91
602	20.1794	1716.81
603	20.2159	1716.63
604	20.2527	1699.6
605	20.2895	1697.97
606	20.3274	1697.05
607	20.3646	1693.32
608	20.4016	1693.18
609	20.4383	1688.39
610	20.4755	1649.18
611	20.5125	1641.11
612	20.5497	1637.65
613	20.5856	1620.25
614	20.6225	1616.18
615	20.6593	1604.5
616	20.6961	1603.95
617	20.7329	1598.28
618	20.77	1597.56
619	20.8072	1596.24
620	20.8448	1595.65
621	20.881	1594.32
622	20.9172	1593.2
623	20.9535	1592.99
624	20.9901	1589.32
625	21.027	1586.22
626	21.0644	1585.84
627	21.1005	1585.14
628	21.1368	1582.17
629	21.1735	1579.34
630	21.21	1578.78
631	21.2474	1577.57
632	21.2845	1574.08
633	21.321	1574.05
634	21.3573	1570.15
635	21.3937	1570.06
636	21.4316	1569.76
637	21.4683	1569.4
638	21.5046	1568.08
639	21.5415	1566.01
640	21.5797	1555.35
641	21.6168	1555.2
642	21.6531	1552.75
643	21.6906	1552.69
644	21.7283	1551.43
645	21.7661	1548.66
646	21.8026	1548.08
647	21.8393	1545.63
648	21.8755	1545.02
649	21.9119	1544.89
650	21.9485	1543.41
651	21.9854	1538.72
652	22.0216	1537.42
653	22.058	1534.83
654	22.0945	1531.57
655	22.1309	1531.25
656	22.1687	1530.85
657	22.205	1527.44
658	22.2427	1524.72
659	22.2794	1522.52
660	22.3159	1522.19
661	22.3782	1522.06
662	22.4382	1521.98
663	22.4757	1519.57
664	22.5134	1518.18
665	22.5501	1517.75
666	22.5867	1503.07
667	22.6235	1502.73
668	22.6606	1502.2
669	22.6984	1501.56
670	22.7358	1500.63
671	22.773	1500.21
672	22.8099	1488.31
673	22.8471	1486.29
674	22.8844	1485.88
675	22.9215	1484.61
677	22.9963	1484.59
678	23.0335	1484.06
679	23.0698	1481.9
680	23.1071	1481
681	23.1445	1479.47
682	23.1821	1478.05
683	23.2187	1477.76
684	23.2564	1477.09
685	23.2947	1477.05
686	23.3313	1476.97
687	23.3681	1473.87
688	23.4054	1463.68
689	23.4437	1459.16
690	23.4808	1449.3
691	23.5188	1440.95
692	23.5557	1440.9
693	23.5926	1440.74
694	23.6296	1440.12
695	23.6678	1439.35
696	23.7064	1436.72
697	23.7457	1436.35
698	23.7833	1436.34
699	23.8207	1435.66
700	23.8578	1435.58
701	23.8954	1434.45
702	23.9332	1434.37
703	23.9701	1434.3
704	24.0078	1433.93
705	24.0455	1433.48
706	24.0834	1433.42
707	24.1223	1429.33
708	24.1602	1429.29
709	24.1976	1403.27
710	24.2355	1403.01
711	24.2734	1402.77
712	24.3113	1397.64
713	24.3501	1395.41
714	24.3873	1391.76
715	24.4253	1391.63
716	24.4645	1390.52
717	24.5017	1390.48
718	24.5393	1389.36
719	24.577	1389.35
720	24.6157	1388.84
721	24.6551	1388.08
722	24.6923	1387.63
723	24.7308	1387.23
724	24.7691	1385.66
726	24.8445	1384.67
727	24.883	1372.59
728	24.921	1372.36
729	24.9606	1372.15
730	24.9995	1372.11
731	25.0375	1371.91
732	25.0752	1371.39
733	25.1134	1368.95
734	25.1508	1368.93
735	25.1918	1366.78
736	25.2317	1365.91
737	25.2704	1363.5
738	25.3087	1361.66
739	25.3468	1358.96
740	25.385	1358.93
741	25.423	1357.71
742	25.4633	1357.71
743	25.5017	1341.9
744	25.5401	1338.23
745	25.5784	1334.57
746	25.6167	1331.32
747	25.6547	1331.19
748	25.6929	1328.79
749	25.7324	1273.4
750	25.7711	1273.21
751	25.8117	1272.52
752	25.8499	1272.12
753	25.888	1271.7
754	25.9266	1268.84
755	25.9652	1268.67
756	26.0045	1268.51
757	26.0428	1263.71
758	26.081	1241.31
759	26.1209	1241.28
760	26.1608	1240.85
761	26.199	1237.01
762	26.2378	1236.74
763	26.2764	1236.61
764	26.3154	1234.77
765	26.3539	1224.32
766	26.3921	1223.3
767	26.4306	1223.01
768	26.4696	1222.81
769	26.5084	1220.35
770	26.5473	1220.24
771	26.5874	1220.13
772	26.6259	1219.51
773	26.6648	1219.48
774	26.704	1215.1
776	26.7832	1214.38
777	26.8228	1211.52
778	26.8623	1211.29
779	26.9014	1211.12
780	26.9407	1211.12
781	26.9796	1211.11
782	27.0181	1210.9
783	27.0575	1210.61
784	27.0965	1210.59
785	27.135	1210.57
786	27.1739	1208.94
787	27.2127	1207.83
788	27.2535	1207.37
789	27.293	1206.78
790	27.3326	1206.57
791	27.3724	1189.82
792	27.4133	1189.72
793	27.4531	1189.24
794	27.494	1188.66
795	27.5351	1188
796	27.5749	1185.65
797	27.6155	1183.3
798	27.6555	1180.53
799	27.6944	1178.91
800	27.7335	1178.76
801	27.7725	1178.02
802	27.8116	1176.77
803	27.8508	1176.69
804	27.8896	1176.56
805	27.9284	1175.85
806	27.9673	1175.82
807	28.007	1175.72
808	28.0472	1175.52
809	28.0873	1175.02
810	28.1262	1174.78
811	28.1662	1174.76
812	28.2054	1174.74
813	28.2443	1174.05
814	28.2839	1173.55
815	28.3229	1172
816	28.3624	1167.75
817	28.4029	1166.81
818	28.4429	1166.12
819	28.4825	1166.11
820	28.5229	1165.99
821	28.562	1165.98
822	28.6022	1164.93
823	28.6421	1164.85
824	28.6811	1163.16
825	28.7211	1162.72
826	28.7618	1162.01
827	28.8022	1161.99
828	28.8417	1161.93
829	28.8805	1156.05
830	28.9194	1155.98
831	28.959	1155.19
832	28.9981	1116.8
833	29.037	1116.45
834	29.077	1116.12
835	29.1166	1116.04
836	29.1566	1115.42
837	29.1975	1114.99
838	29.2372	1114.21
839	29.2767	1113.94
840	29.3158	1113.93
841	29.3555	1113.49
842	29.3945	1113.2
844	29.4741	1112.47
845	29.5152	1112.27
846	29.5552	1049.1
847	29.5957	1049.08
849	29.6746	1048.55
850	29.7147	1046.2
851	29.7536	1046.05
852	29.7927	1045.39
853	29.8319	1045.15
854	29.8714	1044.7
855	29.9102	1044.52
856	29.9509	1043.14
858	30.0301	1042.9
859	30.0701	1040
860	30.1104	1039.19
861	30.1506	1038.53
862	30.1893	1038.51
863	30.229	1037.97
864	30.27	1037.21
865	30.3094	1035.72
866	30.3488	1035.68
867	30.39	1034.8
868	30.4289	1034.78
869	30.4687	1034.09
870	30.5084	1033.23
871	30.5478	1032.51
872	30.5869	1032.21
873	30.6642	1031.83
874	30.7153	1031.53
875	30.7545	1031.41
876	30.7951	1030.1
877	30.8347	1029.89
878	30.8759	1029.85
879	30.9152	1027.19
880	30.955	1025.86
881	30.9952	1024.75
882	31.0349	1023.91
883	31.0742	1023.78
884	31.1143	1023.62
886	31.1944	1023.15
887	31.2334	1020.45
888	31.2731	1019.52
889	31.3211	1019.19
890	31.3809	1016.41
891	31.4258	1015.21
892	31.466	1015.02
893	31.506	1014.98
894	31.5452	1014.09
895	31.5845	1012.89
896	31.6242	1012.62
897	31.6637	1012.37
898	31.7027	1012.37
900	31.7829	1006.08
901	31.8232	1005.6
902	31.8649	1004.43
903	31.9053	1004.03
904	31.9454	1003.7
905	31.9849	1003.64
906	32.0243	1003.35
907	32.0645	998.037
908	32.1041	997.646
909	32.1438	997.55
910	32.1835	997.165
911	32.2243	995.277
912	32.2642	994.161
913	32.3037	994.069
914	32.3435	993.532
915	32.3835	993.443
916	32.425	993.377
917	32.4659	993.002
918	32.5062	992.574
919	32.5481	992.414
920	32.5885	983.695
921	32.6293	983.072
922	32.6693	982.811
923	32.7086	982.35
924	32.7482	981.144
925	32.7892	980.812
926	32.8308	980.558
927	32.8707	979.731
928	32.9111	978.488
929	32.9519	978.294
930	32.9924	974.766
931	33.0334	974.496
932	33.0732	973.573
934	33.1529	973.348
935	33.1932	973.32
936	33.235	959.474
937	33.2753	958.754
938	33.3151	955.111
939	33.3545	953.962
940	33.3944	951.93
941	33.4352	949.82
942	33.4758	949.624
943	33.5153	949.574
944	33.556	945.002
945	33.5957	944.58
947	33.6747	943.829
948	33.7156	943.594
949	33.7578	940.583
950	33.7983	933.914
951	33.8385	932.533
952	33.8797	927.121
953	33.9204	917.514
954	33.9605	916.542
955	34.0037	916.082
956	34.0433	915.209
957	34.0831	913.693
958	34.1233	912.96
959	34.164	912.744
960	34.2034	912.195
961	34.2442	911.872
962	34.2839	911.226
964	34.3635	910.888
965	34.4034	908.255
966	34.4432	907.994
967	34.4834	907.808
968	34.5239	907.24
969	34.5666	905.354
970	34.6065	905.239
971	34.6478	904.822
972	34.6892	903.787
973	34.7293	903.782
974	34.7688	901.907
975	34.809	901.441
976	34.849	900.53
977	34.8905	900.445
978	34.9317	899.48
980	35.0129	893.553
981	35.0544	893.553
982	35.094	893.362
984	35.1736	892.641
985	35.2133	890.76
986	35.2538	890.687
987	35.2943	889.752
988	35.3347	888.047
989	35.3752	887.964
990	35.4152	887.211
991	35.4548	887.208
992	35.4946	881.889
993	35.5349	880.557
994	35.577	878.572
995	35.6331	878.568
996	35.6764	878.409
997	35.7168	877.91
998	35.7567	873.774
999	35.7963	873.6
1000	35.8369	873.159
1001	35.8784	873.068
1002	35.9182	872.556
1003	35.9582	868.225
1004	35.9985	867.165
1005	36.0378	867.141
1006	36.0784	865.096
1007	36.1192	864.783
1009	36.2011	864.738
1010	36.2414	864.136
1011	36.2803	863.952
1012	36.3198	860.875
1013	36.3598	859.444
1014	36.3979	859.226
1015	36.4361	858.816
1016	36.475	858.396
1017	36.5139	858.383
1018	36.5539	858.245
1019	36.5926	857.802
1020	36.6313	857.577
1021	36.6705	857.451
1022	36.7097	856.167
1023	36.7484	856.038
1024	36.7879	855.404
1025	36.8266	855.236
1026	36.8653	853.931
1027	36.9051	853.615
1028	36.9445	850.104
1029	36.9848	849.649
1030	37.0249	845.829
1031	37.0646	845.762
1032	37.1038	845.697
1033	37.1447	845.537
1034	37.1841	845.403
1035	37.2225	845.338
1036	37.2626	845.234
1037	37.3014	845.211
1039	37.381	844.042
1040	37.4214	843.955
1041	37.4611	843.85
1042	37.4999	843.841
1043	37.5387	843.768
1044	37.5783	842.841
1046	37.6569	842.809
1047	37.6967	841.694
1048	37.7361	841.658
1049	37.7759	839.311
1050	37.8155	839.213
1051	37.8541	839.05
1052	37.8945	834.209
1053	37.9336	833.206
1054	37.973	832.146
1055	38.012	831.519
1056	38.0521	831.496
1057	38.092	831.383
1058	38.1321	831.267
1059	38.1719	831.258
1060	38.211	830.871
1061	38.2503	830.711
1062	38.2914	830.678
1063	38.3326	830.631
1064	38.3717	829.715
1066	38.4507	826.669
1067	38.491	824.377
1068	38.5304	823.808
1069	38.5703	823.713
1070	38.6099	823.654
1071	38.6501	823.588
1072	38.6905	823.385
1073	38.7308	817.214
1074	38.7706	817.207
1075	38.8108	815.82
1076	38.8505	815.659
1077	38.891	815.577
1078	38.9304	814.445
1079	38.9702	813.758
1080	39.0113	813.579
1081	39.0515	813.169
1082	39.0913	812.67
1083	39.1337	812.035
1084	39.1752	811.215
1085	39.2156	801.198
1086	39.2559	800.556
1087	39.2977	798.694
1088	39.3396	798.449
1089	39.3793	795.942
1090	39.4191	795.924
1091	39.4614	795.897
1092	39.502	795.323
1093	39.5439	795.281
1094	39.5844	788.219
1095	39.6266	788.191
1096	39.6679	788.013
1097	39.7092	787.129
1098	39.7492	786.116
1099	39.7904	785.857
1100	39.8317	785.014
1101	39.8722	782.643
1102	39.9122	782.639
1103	39.9538	782.282
1104	39.9945	780.991
1105	40.0353	780.548
1106	40.0752	779.93
1107	40.1154	779.869
1108	40.1566	779.752
1110	40.2407	779.738
1111	40.3284	779.499
1112	40.3876	779.373
1113	40.4321	779.348
1114	40.4751	778.793
1115	40.5167	778.673
1116	40.5596	777.889
1117	40.6006	777.668
1118	40.6416	776.814
1119	40.6812	776.364
1120	40.7218	776.35
1121	40.7627	776.344
1122	40.8042	776.221
1123	40.8448	776.077
1124	40.8855	776.056
1125	40.9266	776.048
1126	40.9671	775.272
1127	41.0078	775.05
1128	41.0484	774.401
1129	41.0887	773.767
1130	41.1299	773.739
1131	41.17	769.658
1132	41.2109	769.222
1133	41.2516	768.277
1134	41.292	767.854
1135	41.3323	767.159
1136	41.372	767.127
1137	41.4123	765.224
1138	41.4524	764.527
1139	41.493	764.181
1140	41.5336	764.091
1141	41.5746	763.782
1142	41.6154	763.086
1143	41.6639	763.084
1144	41.7066	762.954
1145	41.7466	762.802
1146	41.7873	762.773
1147	41.8278	762.697
1148	41.8685	762.685
1149	41.9085	762.417
1150	41.9499	762.337
1151	41.9914	762.178
1152	42.0329	762.138
1153	42.0738	761.71
1154	42.1143	761.484
1155	42.1544	761.447
1156	42.1954	760.527
1157	42.2358	760.468
1158	42.276	759.563
1159	42.3173	759.552
1160	42.3579	759.457
1161	42.3989	759.449
1162	42.4398	759.079
1163	42.4802	759.066
1164	42.5207	757.999
1165	42.5613	757.496
1166	42.604	757.276
1168	42.6865	756.972
1169	42.7275	754.656
1170	42.7698	754.594
1171	42.81	754.241
1172	42.8506	754.078
1173	42.8914	753.912
1174	42.932	753.059
1175	42.9716	751.487
1176	43.0124	750.919
1177	43.0525	750.882
1178	43.0931	750.303
1179	43.1335	750.105
1180	43.1744	750.078
1181	43.2143	749.982
1184	43.3352	749.93
1185	43.3752	749.66
1186	43.4152	726.318
1187	43.4561	726.311
1188	43.4961	726.164
1189	43.5371	726.136
1190	43.5791	725.246
1191	43.6283	725.103
1192	43.6745	724.718
1193	43.7191	724.634
1194	43.7624	724.088
1195	43.8034	724.009
1196	43.8443	722.256
1198	43.9263	721.967
1199	43.9687	720.809
1200	44.0091	720.565
1201	44.0536	719.912
1202	44.0945	719.842
1203	44.1373	719.795
1204	44.2176	719.447
1206	44.3018	719.401
1207	44.3438	718.903
1208	44.3845	718.878
1209	44.4255	717.919
1210	44.4659	717.717
1211	44.5065	716.898
1212	44.5472	716.401
1213	44.588	716.37
1214	44.6287	715.853
1215	44.669	715.634
1216	44.7094	713.819
1217	44.7545	713.697
1218	44.7962	713.602
1219	44.8385	711.718
1220	44.8808	711.615
1221	44.9229	711.569
1222	44.966	711.356
1223	45.0063	711.207
1226	45.1314	711.159
1228	45.2153	710.845
1229	45.2565	710.645
1230	45.2974	710.581
1231	45.3402	710.297
1232	45.3805	710.29
1233	45.4216	710.202
1234	45.4621	709.355
1235	45.5027	709.333
1236	45.5435	709.197
1237	45.5838	709.138
1238	45.6243	709.126
1239	45.6663	708.793
1240	45.7075	706.958
1242	45.7883	706.754
1244	45.869	705.816
1245	45.9105	705.636
1246	45.9511	705.334
1247	45.9913	701.159
1249	46.0739	701.146
1250	46.1161	700.67
1251	46.1621	699.414
1252	46.2075	697.306
1253	46.2493	697.247
1254	46.29	696.743
1255	46.331	696.073
1256	46.3739	696.06
1257	46.4172	695.645
1258	46.4602	695.08
1259	46.5023	694.961
1260	46.5463	690.138
1261	46.5907	689.785
1262	46.6318	689.707
1263	46.6743	689.583
1264	46.7238	689.013
1265	46.7655	688.767
1266	46.8074	688.738
1267	46.8506	688.023
1268	46.893	687.682
1269	46.9355	687.491
1270	46.9768	686.94
1271	47.0168	686.875
1272	47.0583	686.705
1273	47.0993	686.687
1275	47.1812	686.66
1276	47.2215	684.115
1277	47.2631	683.575
1278	47.304	683.321
1279	47.3449	682.487
1280	47.3856	682.073
1281	47.4262	681.936
1282	47.4676	681.513
1283	47.5111	681.49
1284	47.5556	673.295
1285	47.5971	673.204
1286	47.6494	673.111
1287	47.6909	671.797
1288	47.7342	671.628
1289	47.7762	671.4
1290	47.8175	668.971
1291	47.8588	668.284
1292	47.8994	667.708
1293	47.9423	666.632
1294	47.9844	665.748
1295	48.0294	664.514
1296	48.0832	664.196
1298	48.1677	663.316
1299	48.2102	662.351
1300	48.2504	661.889
1301	48.291	661.485
1302	48.3323	661.351
1303	48.3736	661.267
1304	48.4153	660.97
1305	48.4585	659.171
1307	48.5397	659.012
1308	48.5801	658.403
1309	48.6208	657.419
1310	48.6622	657.225
1311	48.7034	656.701
1312	48.7458	655.349
1313	48.7865	655.342
1314	48.8282	654.739
1315	48.8693	654.425
1316	48.9101	654.121
1317	48.9508	654.083
1318	48.9928	653.765
1320	49.0752	651.719
1321	49.1189	651.697
1322	49.1802	651.271
1324	49.2837	650.948
1325	49.3247	649.971
1327	49.4062	649.022
1328	49.448	647.134
1329	49.4887	646.971
1333	49.6544	646.788
1334	49.6954	646.617
1335	49.7362	646.536
1336	49.7771	646.503
1337	49.818	646.316
1338	49.8599	645.566
1339	49.9018	645.434
1340	49.9427	645.391
1341	49.9842	645.273
1342	50.0246	644.998
1343	50.0663	639.986
1344	50.1072	639.633
1345	50.1481	638.952
1346	50.1892	638.296
1347	50.2304	637.482
1349	50.3111	637.452
1350	50.3524	637.009
1351	50.393	636.883
1352	50.4341	631.353
1353	50.4751	630.854
1354	50.5167	630.761
1355	50.558	630.155
1356	50.6	629.751
1358	50.6817	629.654
1359	50.7222	629.41
1360	50.7626	629.377
1361	50.8036	629.267
1362	50.8449	628.488
1363	50.8862	628.467
1364	50.9268	628.438
1365	50.9676	628.171
1366	51.0088	627.775
1367	51.0502	627.522
1368	51.091	625.828
1369	51.1326	625.734
1370	51.175	625.191
1371	51.2163	622.162
1372	51.2573	622.114
1373	51.2987	622.101
1374	51.3425	622.074
1375	51.3844	622.04
1376	51.4261	621.998
1377	51.4683	621.994
1378	51.5087	621.989
1379	51.5515	621.893
1380	51.5932	621.826
1381	51.6352	621.749
1382	51.6768	621.705
1383	51.719	621.643
1384	51.7603	621.504
1385	51.8011	620.481
1386	51.8423	620.448
1387	51.8837	619.612
1388	51.9252	619.509
1389	51.9658	618.44
1390	52.0066	618.399
1391	52.0486	618.39
1392	52.0902	616.625
1393	52.1313	616.472
1394	52.1728	616.269
1395	52.2142	616.227
1396	52.2564	616.172
1397	52.2981	616.156
1398	52.3398	616.122
1399	52.3816	616.116
1400	52.4236	615.699
1401	52.466	615.682
1402	52.5073	615.457
1403	52.5489	615.444
1404	52.5908	614.822
1405	52.6327	614.807
1406	52.6747	613.764
1407	52.7156	613.368
1408	52.7575	613.23
1409	52.7987	612.707
1410	52.8401	612.683
1411	52.882	612.66
1412	52.9237	612.652
1413	52.9653	612.212
1414	53.0065	612.204
1415	53.0481	610.465
1416	53.0918	610.453
1417	53.1328	610.102
1418	53.174	609.984
1419	53.2164	609.371
1420	53.258	609.357
1421	53.3002	609.003
1422	53.3418	608.998
1424	53.4248	608.731
1425	53.4679	608.256
1426	53.5106	607.978
1427	53.554	607.605
1428	53.596	607.496
1429	53.6368	596.314
1430	53.6799	596.311
1431	53.7214	596.306
1432	53.7646	596.274
1433	53.8071	596.269
1434	53.8479	595.299
1435	53.8892	595.289
1436	53.9312	595.285
1437	53.9741	594.673
1438	54.0174	594.171
1439	54.0591	594.033
1440	54.1018	593.85
1441	54.1429	593.72
1442	54.1864	593.719
1443	54.2274	593.672
1444	54.2699	592.896
1445	54.3121	592.269
1446	54.3537	592.1
1447	54.3968	592.07
1448	54.4384	591.982
1449	54.4814	591.952
1450	54.5234	591.941
1451	54.5645	591.862
1452	54.6068	591.482
1453	54.6484	591.456
1454	54.69	591.097
1455	54.731	591.031
1456	54.7731	590.894
1457	54.8144	590.748
1458	54.8558	590.612
1459	54.8986	590.46
1460	54.9407	590.344
1461	54.9824	590.339
1462	55.0252	590.292
1464	55.1097	590.276
1465	55.152	590.268
1466	55.1945	590.254
1467	55.2356	590.217
1468	55.2786	590.052
1469	55.3201	589.941
1470	55.3631	589.842
1471	55.4045	588.943
1472	55.4481	588.933
1473	55.4907	588.158
1474	55.5328	587.96
1475	55.5758	587.872
1476	55.6181	587.844
1477	55.6598	586.536
1478	55.703	586.233
1479	55.7469	585.919
1480	55.7894	585.861
1481	55.833	585.536
1482	55.8743	585.168
1483	55.9169	585.162
1484	55.9596	585.158
1485	56.0011	584.99
1486	56.0429	584.97
1487	56.0859	584.903
1488	56.1286	584.895
1489	56.1704	584.873
1490	56.2141	584.807
1491	56.2554	584.759
1492	56.299	584.738
1493	56.341	584.517
1494	56.3826	584.338
1495	56.4242	584.304
1496	56.4654	583.891
1497	56.5076	583.858
1498	56.5494	583.269
1499	56.5909	583.175
1500	56.634	583.152
1502	56.718	582.722
1503	56.7607	582.7
1504	56.8035	581.749
1505	56.8458	581.697
1506	56.8886	581.544
1507	56.9318	581.404
1508	56.9751	581.059
1509	57.017	579.795
1510	57.0585	579.745
1511	57.1013	579.141
1512	57.1424	579.034
1513	57.1845	578.943
1514	57.2271	578.539
1515	57.2688	577.995
1516	57.3121	577.935
1517	57.3541	577.091
1518	57.3971	576.14
1519	57.4397	576.05
1520	57.483	576.009
1521	57.5254	575.93
1522	57.5668	575.886
1524	57.6507	574.237
1525	57.6928	574.107
1526	57.7348	564.134
1528	57.8178	563.965
1529	57.8603	563.89
1530	57.9041	563.375
1531	57.9495	563.285
1532	57.992	563.007
1533	58.0345	562.9
1534	58.0769	562.356
1535	58.12	562.313
1536	58.1622	560.59
1537	58.2039	560.586
1538	58.2455	560.037
1539	58.2873	556.66
1540	58.3296	556.573
1541	58.3724	556.246
1542	58.4155	556.171
1543	58.4582	556.116
1544	58.4997	555.994
1546	58.5832	555.923
1547	58.6245	555.637
1548	58.6666	555.627
1549	58.709	555.594
1550	58.7507	555.458
1551	58.7923	555.169
1552	58.8339	555.128
1553	58.8752	555.105
1554	58.9168	554.988
1555	58.9591	554.933
1556	59.0017	554.843
1557	59.0443	553.971
1558	59.0868	553.333
1559	59.1304	553.227
1560	59.1742	553.063
1561	59.2165	552.999
1562	59.2581	552.827
1563	59.3012	552.787
1565	59.387	552.764
1566	59.4304	552.752
1568	59.5141	552.342
1569	59.5555	552.284
1570	59.5978	551.416
1571	59.6419	551.353
1572	59.684	551.344
1573	59.7275	551.225
1574	59.7698	550.985
1575	59.8131	550.783
1576	59.8563	550.584
1577	59.8982	550.462
1578	59.9393	550.457
1579	59.9807	550.443
1580	60.023	549.955
1582	60.1101	549.928
1583	60.1542	549.924
1584	60.2039	549.41
1585	60.2517	549.281
1586	60.2947	548.476
1587	60.3392	547.095
1588	60.3814	546.792
1589	60.4252	546.781
1590	60.4682	546.703
1591	60.5097	545.076
1592	60.5517	544.94
1593	60.5936	544.929
1594	60.6352	544.509
1595	60.6771	544.223
1596	60.7188	544.198
1597	60.7601	544.111
1598	60.8023	543.887
1599	60.8443	543.815
1600	60.8855	542.723
1601	60.9278	542.646
1603	61.0129	542.416
1604	61.0552	541.941
1605	61.097	541.891
1606	61.1398	541.87
1607	61.1826	541.544
1608	61.2257	541.228
1609	61.3052	541.157
1610	61.3499	540.729
1613	61.4773	540.713
1614	61.5192	540.659
1615	61.5616	540.622
1616	61.6041	539.069
1617	61.6462	538.631
1618	61.6874	538.495
1619	61.7302	537.94
1620	61.7716	536.788
1623	61.8972	536.757
1624	61.9388	531.31
1625	61.9816	531.246
1626	62.0251	531.163
1627	62.0717	530.871
1628	62.1142	530.671
1629	62.1559	529.752
1630	62.1981	528.758
1631	62.2408	528.549
1633	62.3273	526.864
1634	62.3703	526.498
1637	62.4985	526.453
1638	62.5413	526.348
1640	62.625	525.846
1641	62.6678	525.784
1642	62.7101	525.764
1643	62.7524	525.696
1644	62.795	524.516
1646	62.88	524.426
1647	62.9225	524.364
1648	62.9666	524.105
1649	63.0079	523.456
1650	63.0497	523.325
1651	63.0924	522.656
1652	63.1336	520.91
1653	63.1757	520.909
1654	63.2169	520.55
1655	63.2603	520.306
1656	63.3028	520.244
1657	63.3451	520.209
1658	63.387	520.08
1660	63.4705	518.096
1661	63.5123	518.074
1662	63.5538	518.014
1664	63.6372	517.777
1665	63.6797	517.188
1666	63.7223	517.073
1667	63.7638	515.934
1668	63.8053	514.838
1669	63.8482	514.788
1670	63.89	514.765
1674	64.0591	514.628
1680	64.3111	514.166
1681	64.3524	514.076
1682	64.3944	514.031
1683	64.436	512.817
1684	64.4782	512.653
1685	64.5244	512.377
1686	64.5684	511.529
1687	64.611	511.383
1689	64.6973	511.328
1690	64.7387	511.016
1691	64.7806	510.977
1692	64.8219	509.691
1693	64.8633	509.296
1695	64.9467	509.089
1698	65.0736	509.009
1699	65.1151	508.72
1700	65.1592	508.61
1701	65.2016	508.546
1702	65.2429	507.952
1703	65.2861	507.927
1705	65.3704	507.823
1706	65.4139	507.744
1707	65.4556	507.516
1708	65.4973	507.048
1709	65.54	506.997
1710	65.5814	506.693
1711	65.6234	505.489
1712	65.6663	505.461
1713	65.7078	505.446
1714	65.7514	505.39
1715	65.7945	505.354
1716	65.8369	505.34
1717	65.8788	505.331
1718	65.921	505.328
1719	65.9631	505.306
1720	66.0044	505.213
1721	66.0463	505.109
1722	66.0878	505.035
1723	66.1294	505.019
1724	66.1712	504.846
1725	66.2129	504.64
1726	66.2558	504.596
1727	66.2989	504.028
1728	66.3419	503.94
1729	66.3944	503.743
1731	66.517	503.733
1732	66.5589	502.283
1733	66.6009	502.154
1734	66.6429	502.068
1735	66.6858	502.053
1736	66.7303	501.841
1737	66.7718	501.827
1738	66.8152	501.791
1739	66.858	501.784
1740	66.9005	501.686
1741	66.9433	501.637
1742	66.9866	501.612
1743	67.0285	501.585
1744	67.071	501.16
1745	67.1135	501.144
1746	67.1557	500.842
1747	67.1973	500.713
1748	67.2389	500.567
1750	67.325	500.541
1751	67.3671	500.503
1752	67.4092	500.492
1753	67.4508	499.389
1754	67.4933	499.376
1756	67.5769	499.337
1757	67.6209	499.284
1758	67.6633	499.212
1759	67.7055	499.039
1760	67.7481	498.848
1761	67.7908	498.818
1762	67.8346	498.778
1764	67.9219	498.518
1765	67.9653	498.369
1766	68.0085	498.25
1767	68.052	497.863
1768	68.0945	497.849
1769	68.1373	495.758
1770	68.1795	495.725
1771	68.2228	495.691
1772	68.2662	495.616
1773	68.3085	495.555
1774	68.3516	494.924
1775	68.3941	494.857
1776	68.4363	494.852
1777	68.4801	494.349
1778	68.5232	494.046
1779	68.5659	494.013
1780	68.6082	493.894
1781	68.65	493.761
1782	68.6922	493.76
1783	68.7351	493.699
1784	68.78	493.326
1785	68.8218	492.879
1786	68.8637	492.859
1787	68.9067	492.834
1788	68.9497	492.75
1789	68.9917	492.7
1790	69.0346	492.689
1791	69.0767	492.67
1792	69.1187	492.466
1793	69.1604	492.46
1794	69.2024	492.339
1796	69.2856	492.235
1797	69.3259	492.229
1798	69.3664	492.218
1800	69.4484	492.203
1801	69.4889	492.15
1802	69.5285	492.097
1803	69.5693	492.058
1804	69.6093	492.046
1805	69.6491	491.984
1806	69.69	491.821
1807	69.7304	491.806
1808	69.7706	491.655
1810	69.8525	491.642
1811	69.8936	491.234
1812	69.9356	491.229
1813	69.9758	490.954
1814	70.0167	490.913
1815	70.0571	490.894
1816	70.0992	490.663
1817	70.1411	490.482
1818	70.1829	490.247
1819	70.2231	490.059
1820	70.2637	490.025
1821	70.3066	489.895
1822	70.347	489.582
1823	70.3876	489.545
1824	70.4289	489.381
1825	70.4703	489.332
1826	70.5102	489.321
1827	70.5505	489.274
1829	70.632	489.244
1831	70.7135	489.192
1832	70.7543	489.171
1833	70.7954	489.102
1834	70.8358	488.861
1835	70.8765	488.834
1836	70.918	488.815
1837	70.9587	488.801
1838	70.9993	488.36
1839	71.0425	488.322
1840	71.0864	488.294
1842	71.1683	488.167
1843	71.2103	488.146
1844	71.2511	488.031
1846	71.3333	488.006
1847	71.374	487.812
1849	71.4563	486.922
1850	71.4975	486.886
1851	71.5378	486.682
1852	71.5784	486.171
1853	71.6196	486.03
1854	71.66	485.984
1855	71.7007	485.86
1856	71.7436	485.809
1857	71.7847	485.754
1858	71.8257	485.467
1859	71.8666	485.409
1860	71.908	485.387
1861	71.9495	485.082
1864	72.0744	484.862
1865	72.1153	484.702
1866	72.1665	471.287
1868	72.2555	471.276
1869	72.2967	471.149
1870	72.338	470.989
1871	72.3797	470.965
1872	72.4211	470.889
1874	72.503	470.623
1875	72.5442	470.597
1876	72.5863	469.402
1877	72.6275	469.389
1878	72.6682	469.287
1879	72.7098	469.092
1880	72.751	469.02
1881	72.792	468.979
1882	72.8335	468.953
1883	72.8743	468.926
1886	72.9982	468.901
1887	73.0399	468.629
1888	73.0806	468.553
1889	73.1299	468.523
1890	73.1746	468.439
1891	73.2174	468.411
1892	73.2595	468.302
1893	73.3015	468.284
1894	73.343	468.081
1895	73.3855	467.907
1896	73.427	467.732
1897	73.4694	467.605
1898	73.5108	467.495
1899	73.552	467.166
1900	73.5952	467.098
1901	73.6367	467.067
1902	73.6781	467.033
1903	73.7211	466.912
1904	73.7627	466.839
1907	73.8883	466.537
1909	73.9718	466.525
1910	74.0133	466.409
1911	74.0545	466.393
1913	74.1375	466.193
1914	74.179	466.03
1916	74.2615	465.93
1917	74.3027	465.843
1918	74.3434	465.842
1919	74.385	465.619
1920	74.4258	464.654
1922	74.5084	464.628
1923	74.5496	464.542
1924	74.5913	464.402
1925	74.6327	464.342
1926	74.6746	464.307
1927	74.7193	463.647
1928	74.7612	463.244
1929	74.8022	463.239
1930	74.8434	463.206
1931	74.885	462.381
1932	74.9263	462.007
1934	75.0107	461.972
1935	75.0516	461.794
1936	75.093	461.777
1937	75.1348	461.701
1940	75.2618	461.187
1941	75.3041	461.079
1943	75.3903	460.973
1944	75.4327	460.087
1945	75.4742	460.065
1946	75.5156	460.028
1947	75.5572	459.727
1949	75.6432	459.673
1950	75.688	459.229
1952	75.7711	459.218
1954	75.8542	458.817
1955	75.8961	458.785
1956	75.9382	458.638
1957	75.9807	458.406
1959	76.0642	458.28
1960	76.1057	458.142
1961	76.1482	458.114
1963	76.2308	458.077
1964	76.2731	457.93
1965	76.3158	457.902
1966	76.3572	457.898
1967	76.3993	457.552
1968	76.4416	457.531
1969	76.4838	457.401
1970	76.5255	456.977
1971	76.5669	456.8
1972	76.6086	456.518
1973	76.6504	454.569
1974	76.6923	454.095
1977	76.817	453.996
1978	76.8593	453.979
1979	76.9019	453.937
1980	76.9442	453.727
1981	76.9862	453.669
1983	77.0692	453.595
1984	77.1103	453.452
1985	77.1528	453.071
1986	77.1946	452.985
1987	77.236	452.929
1988	77.2792	452.757
1989	77.3224	452.44
1990	77.3645	452.431
1991	77.4061	452.268
1992	77.4477	452.077
1994	77.5336	451.447
1995	77.5755	451.203
1996	77.618	451.158
1997	77.6605	451.128
1998	77.704	451.096
2000	77.7866	449.969
2001	77.8281	449.965
2002	77.8702	449.95
2004	77.9545	449.814
2005	77.9957	449.581
2006	78.0378	449.565
2007	78.0794	448.904
2008	78.122	448.487
2011	78.2474	448.297
2014	78.3741	448.123
2017	78.5003	448.05
2018	78.5424	447.095
2019	78.5859	447.086
2021	78.6687	447.039
2022	78.7115	446.945
2023	78.7534	445.094
2024	78.7955	444.98
2025	78.8372	444.233
2026	78.8793	443.678
2027	78.9208	443.449
2029	79.0042	443.406
2030	79.046	443.093
2031	79.0888	443.088
2032	79.1323	441.595
2033	79.1747	441.284
2034	79.2168	441.234
2035	79.2599	441.221
2038	79.3853	441.194
2039	79.428	440.957
2040	79.4692	440.806
2041	79.5108	440.75
2042	79.5535	440.158
2043	79.5954	440.134
2046	79.7256	440.047
2047	79.7679	439.925
2048	79.8103	439.855
2049	79.852	439.786
2050	79.8944	439.678
2051	79.9361	439.065
2052	79.9788	439.023
2053	80.0214	439.001
2054	80.063	438.88
2056	80.1468	438.833
2057	80.1884	438.81
2058	80.23	438.805
2059	80.2722	438.791
2060	80.3139	438.782
2061	80.3564	438.695
2062	80.3978	438.685
2063	80.44	438.658
2064	80.4822	438.608
2065	80.5236	438.435
2066	80.5668	438.423
2068	80.653	438.404
2069	80.6953	438.368
2070	80.738	438.298
2071	80.7801	438.269
2072	80.8232	437.41
2073	80.8655	437.325
2074	80.9072	437.267
2075	80.949	437.197
2076	80.9903	437.181
2077	81.0328	437.181
2078	81.0747	437.142
2079	81.1162	437.137
2080	81.1578	437.058
2081	81.2002	437.044
2082	81.2417	437.026
2083	81.2839	437.01
2084	81.3257	436.617
2085	81.3804	436.616
2086	81.4418	436.471
2087	81.4876	436.374
2088	81.5305	436.32
2089	81.5733	436.223
2090	81.6161	436.195
2092	81.6998	436.156
2093	81.7438	436.008
2094	81.7861	435.995
2095	81.8296	435.928
2096	81.8732	435.92
2097	81.916	435.862
2098	81.9589	435.826
2099	82.0017	435.796
2100	82.0431	435.793
2101	82.0848	435.793
2102	82.1267	435.759
2104	82.211	435.526
2106	82.2958	435.395
2107	82.3374	435.369
2108	82.3806	435.25
2109	82.4224	433.949
2110	82.4647	433.788
2111	82.5068	433.597
2112	82.5487	433.579
2113	82.5907	433.497
2114	82.6321	432.182
2115	82.6737	432.166
2116	82.716	432.164
2117	82.7578	432.016
2118	82.7998	431.872
2119	82.8433	431.774
2120	82.8868	431.689
2121	82.9288	431.552
2123	83.0123	431.537
2124	83.0555	431.134
2125	83.0987	430.705
2126	83.1416	430.694
2127	83.1848	430.685
2128	83.2272	430.661
2129	83.2692	430.597
2130	83.3119	430.592
2131	83.3552	430.58
2132	83.3997	430.552
2133	83.4419	430.542
2134	83.4842	430.38
2136	83.5692	430.342
2137	83.6116	430.292
2138	83.6549	430.175
2140	83.7393	430.163
2141	83.7814	430.158
2142	83.8235	430.08
2144	83.9071	430.068
2145	83.9494	430.037
2146	83.993	430.023
2147	84.036	430.013
2148	84.0777	429.871
2149	84.1206	429.851
2150	84.1636	429.83
2151	84.2057	429.802
2152	84.248	429.791
2153	84.2903	429.746
2154	84.3328	429.534
2156	84.4172	429.487
2157	84.4595	429.406
2158	84.5033	429.206
2159	84.545	429.071
2160	84.5868	429.034
2161	84.6291	428.859
2162	84.671	428.639
2163	84.7125	428.614
2164	84.7551	428.478
2165	84.7973	428.468
2168	84.9233	428.448
2170	85.0074	428.447
2171	85.0491	428.402
2172	85.0919	428.075
2173	85.1338	427.965
2174	85.176	427.806
2176	85.2597	427.471
2177	85.3016	427.46
2178	85.3445	427.177
2179	85.3865	427.16
2180	85.4287	427.151
2182	85.5137	426.984
2183	85.5554	426.974
2184	85.5976	426.881
2185	85.6405	426.854
2186	85.6831	426.764
2187	85.7267	426.741
2189	85.8113	426.064
2190	85.8531	426.02
2191	85.8955	425.727
2192	85.9371	425.601
2193	85.9795	425.542
2194	86.0215	425.512
2195	86.0631	425.258
2196	86.1055	425.212
2197	86.147	425.191
2198	86.192	424.773
2199	86.2361	424.729
2200	86.2803	424.548
2201	86.3229	424.439
2202	86.3651	424.437
2204	86.4488	422.942
2205	86.4909	422.836
2206	86.5325	420.46
2208	86.6167	420.421
2209	86.6604	420.355
2211	86.7456	420.331
2212	86.7877	420.245
2213	86.829	420.23
2214	86.8727	419.925
2215	86.915	419.879
2216	86.9575	419.704
2217	86.9993	419.657
2221	87.1695	419.65
2222	87.2125	419.624
2223	87.2549	419.585
2224	87.2968	419.579
2225	87.3396	419.558
2226	87.3825	419.551
2227	87.4248	419.1
2228	87.4665	419.054
2229	87.5084	418.899
2230	87.5499	418.598
2231	87.5932	418.565
2232	87.6352	418.478
2233	87.6773	418.472
2234	87.7212	418.348
2235	87.7631	418.308
2236	87.8052	418.185
2238	87.8897	417.318
2239	87.9319	417.038
2240	87.974	416.996
2242	88.0576	416.783
2243	88.1006	416.753
2244	88.1432	416.744
2245	88.1857	416.737
2246	88.2289	416.728
2247	88.2729	416.599
2248	88.3147	416.558
2249	88.3575	416.53
2250	88.4019	416.471
2252	88.4881	416.462
2253	88.5302	416.186
2254	88.5729	416.098
2255	88.6154	416.09
2257	88.6994	416.05
2258	88.7423	416.044
2260	88.8277	415.546
2261	88.8716	415.536
2262	88.9342	415.513
2263	88.9903	415.39
2264	89.0327	415.314
2265	89.0753	415.265
2266	89.1178	415.242
2267	89.1598	414.901
2268	89.2026	414.756
2269	89.2455	414.752
2270	89.2892	414.748
2271	89.3322	414.529
2272	89.3753	414.398
2274	89.4606	414.239
2275	89.5085	414.094
2276	89.5527	414.071
2277	89.5945	414.037
2279	89.679	414.035
2280	89.722	413.719
2281	89.7646	413.672
2283	89.85	413.53
2284	89.892	413.014
2285	89.9347	412.994
2286	89.9766	412.979
2287	90.0186	412.711
2288	90.0604	412.7
2289	90.1027	412.667
2290	90.1453	412.289
2292	90.229	412.269
2295	90.3582	412.247
2296	90.4007	412.16
2297	90.4429	411.979
2298	90.4848	411.716
2299	90.5272	411.659
2300	90.5713	411.543
2301	90.6146	411.537
2303	90.6991	411.526
2304	90.7435	411.485
2305	90.7851	411.48
2307	90.8687	411.38
2308	90.9102	411.341
2310	90.9941	410.845
2311	91.0363	410.823
2312	91.0782	410.54
2313	91.1204	409.481
2314	91.1621	409.189
2318	91.3317	409.098
2320	91.4172	408.915
2321	91.4596	408.841
2323	91.5448	408.795
2328	91.7569	408.632
2329	91.7994	408.157
2330	91.8423	408.152
2331	91.8843	408.088
2332	91.9269	407.973
2333	91.9688	407.972
2334	92.0115	407.784
2335	92.0532	407.675
2336	92.0952	407.554
2337	92.1608	407.344
2338	92.2108	407.271
2340	92.2989	406.321
2342	92.3844	406.318
2343	92.4269	406.317
2344	92.4691	406.273
2345	92.511	405.998
2346	92.5534	405.993
2347	92.5951	405.748
2348	92.6371	405.643
2351	92.7641	405.624
2354	92.8936	404.967
2355	92.9365	404.948
2356	92.9785	404.947
2357	93.0202	404.798
2358	93.0639	403.31
2359	93.106	403.247
2361	93.1905	403.152
2362	93.2331	403.092
2364	93.318	402.99
2365	93.3602	402.357
2366	93.4023	402.064
2367	93.4441	402
2369	93.5285	401.979
2370	93.5708	401.922
2371	93.6131	401.831
2372	93.6558	400.949
2374	93.7394	400.948
2375	93.782	400.942
2376	93.824	400.891
2379	93.9504	400.81
2380	93.993	400.387
2381	94.0347	400.357
2382	94.0771	400.077
2383	94.1205	400.028
2385	94.2055	400
2386	94.2484	399.96
2387	94.2906	399.865
2388	94.3343	399.85
2389	94.3763	399.829
2390	94.4188	399.739
2391	94.4624	399.247
2392	94.5044	399.219
2393	94.5474	399.193
2394	94.5903	399.155
2395	94.6325	399.136
2396	94.6746	398.964
2397	94.7166	398.95
2398	94.7588	398.943
2399	94.8054	398.931
2400	94.8508	398.919
2401	94.8944	398.807
2402	94.9377	398.802
2403	94.9835	398.789
2404	95.0281	398.762
2405	95.0705	398.682
2406	95.1134	398.654
2407	95.1609	398.343
2408	95.2334	398.33
2409	95.281	398.288
2410	95.3278	398.251
2411	95.3733	398.244
2412	95.415	397.557
2413	95.4573	397.535
2414	95.5019	397.486
2415	95.5451	397.442
2416	95.5886	397.418
2417	95.6302	397.413
2419	95.7152	397.331
2420	95.7571	397.265
2421	95.7993	397.218
2422	95.8418	397.193
2423	95.8863	397.169
2424	95.9287	396.836
2425	95.9722	396.764
2426	96.0147	396.655
2427	96.0567	396.556
2428	96.1002	396.541
2429	96.1427	396.503
2430	96.1866	396.484
2432	96.2716	396.461
2433	96.3137	396.438
2434	96.3572	396.313
2435	96.4005	396.309
2436	96.4442	396.297
2437	96.487	396.196
2438	96.5295	396.182
2440	96.6151	396.178
2441	96.658	395.903
2442	96.7017	395.822
2444	96.7877	395.753
2447	96.9149	395.57
2448	96.9576	395.492
2449	96.9998	394.908
2450	97.0418	394.851
2452	97.127	394.808
2453	97.1732	394.793
2454	97.2178	394.694
2456	97.3023	394.692
2457	97.3473	394.562
2458	97.3895	394.463
2459	97.4321	394.44
2460	97.4752	394.361
2461	97.5175	394.142
2462	97.5607	394.138
2463	97.6033	393.82
2464	97.6465	393.677
2465	97.6892	393.375
2467	97.7735	393.37
2468	97.8158	393.337
2469	97.858	393.334
2470	97.9006	393.328
2471	97.9438	393.31
2472	97.9863	393.278
2473	98.0296	393.275
2475	98.1158	393.257
2476	98.1581	393.138
2478	98.2419	393.105
2479	98.2851	392.964
2480	98.3268	392.951
2481	98.3688	392.941
2482	98.4107	392.822
2484	98.4951	392.814
2485	98.5372	392.762
2486	98.5796	392.735
2487	98.6218	392.59
2488	98.6645	392.433
2491	98.7903	392.386
2492	98.8334	392.36
2493	98.8757	392.334
2494	98.9179	392.276
2495	98.9602	392.271
2496	99.0054	392.254
2498	99.1038	392.112
2499	99.1456	392.038
2500	99.1896	392.031
2501	99.2312	391.915
2502	99.2738	391.817
2503	99.3159	391.793
2504	99.3596	391.667
2507	99.4895	391.644
2508	99.5334	391.639
2511	99.6604	391.598
2512	99.7024	391.487
2513	99.7453	391.44
2514	99.7874	391.322
2516	99.8714	391.293
2517	99.9137	391.238
2518	99.956	391.197
2519	99.9983	391.188
2521	100.082	391.179
2522	100.125	391.012
2523	100.169	390.997
2524	100.211	390.955
2526	100.295	390.919
2527	100.338	390.895
2529	100.425	390.511
2530	100.469	390.451
2531	100.511	390.239
2532	100.554	390.211
2533	100.596	390.195
2535	100.681	390.095
2536	100.723	390.016
2537	100.765	389.999
2538	100.808	389.727
2539	100.85	389.726
2540	100.892	389.697
2542	100.977	389.68
2543	101.019	389.524
2544	101.061	389.472
2546	101.147	387.597
2547	101.19	387.596
2548	101.234	387.569
2549	101.276	387.322
2552	101.398	387.227
2553	101.438	387.213
2554	101.48	386.891
2556	101.563	386.555
2557	101.605	386.522
2559	101.685	386.455
2561	101.767	386.446
2562	101.808	386.444
2563	101.848	386.399
2566	101.971	386.377
2567	102.011	386.192
2568	102.051	386.16
2569	102.092	386.14
2570	102.133	386.121
2571	102.173	386.037
2572	102.214	386.001
2573	102.254	385.984
2574	102.296	385.796
2575	102.336	385.625
2576	102.377	385.592
2577	102.419	385.558
2578	102.46	385.226
2579	102.501	384.734
2580	102.542	384.73
2581	102.583	384.724
2582	102.623	384.704
2583	102.664	384.683
2584	102.706	384.671
2586	102.788	384.629
2587	102.829	384.487
2589	102.91	384.48
2590	102.952	384.435
2591	102.992	384.353
2592	103.033	384.334
2593	103.074	384.135
2594	103.114	383.994
2597	103.237	383.973
2600	103.359	383.602
2602	103.441	383.585
2606	103.606	383.565
2608	103.693	383.565
2609	103.735	383.562
2610	103.777	383.106
2611	103.818	382.373
2612	103.86	382.352
2614	103.944	382.254
2616	104.026	382.234
2619	104.149	382.224
2620	104.191	382.145
2621	104.232	382.127
2623	104.314	381.854
2626	104.437	381.831
2627	104.479	381.583
2628	104.521	381.562
2629	104.563	381.529
2630	104.604	381.392
2632	104.686	381.336
2633	104.727	381.324
2635	104.81	381.3
2637	104.892	381.268
2638	104.937	381.258
2639	104.978	381.211
2641	105.06	381.175
2643	105.144	381.109
2644	105.186	381.048
2645	105.227	381.044
2647	105.31	381.03
2648	105.351	381.016
2649	105.392	380.986
2651	105.475	380.86
2653	105.557	378.605
2654	105.598	378.38
2655	105.639	377.946
2658	105.763	377.889
2660	105.849	377.827
2661	105.89	377.36
2662	105.931	377.326
2663	105.974	377.28
2664	106.015	377.262
2666	106.098	377.213
2668	106.18	377.122
2669	106.221	376.923
2670	106.263	376.918
2673	106.389	376.913
2674	106.432	376.71
2675	106.474	376.611
2677	106.557	376.484
2678	106.599	376.472
2680	106.682	375.506
2682	106.812	375.484
2684	106.895	375.451
2685	106.936	375.432
2686	106.977	375.367
2687	107.019	375.232
2691	107.186	375.204
2693	107.274	375.092
2694	107.316	374.85
2695	107.357	374.841
2696	107.399	374.684
2697	107.442	374.57
2698	107.484	374.528
2701	107.611	374.484
2704	107.737	374.461
2705	107.778	374.24
2706	107.82	374.129
2707	107.861	374.065
2709	107.944	374.051
2710	107.987	373.939
2711	108.03	373.88
2712	108.071	373.545
2714	108.154	373.534
2715	108.196	373.523
2716	108.238	373.268
2719	108.363	372.985
2720	108.405	372.869
2721	108.447	372.841
2722	108.49	372.663
2723	108.532	372.65
2724	108.575	372.539
2725	108.616	372.27
2726	108.657	372.201
2727	108.699	372.163
2728	108.741	372.149
2729	108.783	372.137
2730	108.824	371.935
2731	108.865	371.436
2732	108.906	371.416
2733	108.947	371.416
2734	108.989	371.39
2735	109.03	371.385
2737	109.113	371.347
2738	109.154	371.346
2740	109.239	371.336
2741	109.281	371.319
2742	109.323	371.315
2743	109.364	371.292
2744	109.406	371.262
2745	109.447	371.243
2747	109.531	371.215
2748	109.573	371.204
2749	109.615	371.189
2750	109.657	371.142
2751	109.698	371.131
2752	109.74	370.521
2753	109.781	370.476
2754	109.823	370.407
2755	109.865	370.286
2756	109.907	370.272
2757	109.948	370.27
2758	109.99	370.267
2759	110.031	370.263
2760	110.073	370.199
2761	110.115	370.075
2762	110.158	370.069
2763	110.2	370.065
2764	110.241	369.774
2765	110.283	369.49
2767	110.368	369.465
2768	110.41	369.453
2769	110.452	369.355
2770	110.494	369.31
2772	110.577	369.302
2773	110.619	369.301
2774	110.66	369.277
2775	110.702	369.188
2776	110.744	369.177
2777	110.786	369.17
2778	110.828	369.154
2779	110.87	369.074
2780	110.913	369.07
2781	110.955	369.002
2782	110.998	368.925
2784	111.082	368.911
2785	111.123	368.846
2786	111.165	368.831
2787	111.206	368.798
2788	111.248	368.769
2789	111.289	368.512
2790	111.331	368.451
2791	111.373	368.424
2792	111.414	368.374
2793	111.456	368.359
2794	111.499	368.174
2796	111.583	368.174
2797	111.625	368.088
2798	111.667	368.021
2800	111.75	367.962
2801	111.792	367.828
2802	111.834	367.825
2803	111.876	367.718
2804	111.918	367.618
2805	111.961	367.407
2806	112.003	367.249
2808	112.087	367.248
2809	112.129	367.234
2810	112.171	367.227
2811	112.214	367.215
2812	112.256	367.144
2813	112.301	367.132
2815	112.385	367.115
2816	112.427	366.937
2817	112.469	365.572
2818	112.51	365.569
2820	112.595	365.544
2821	112.637	365.539
2822	112.679	365.517
2823	112.721	365.472
2824	112.764	365.458
2825	112.805	365.404
2826	112.847	365.4
2827	112.889	365.201
2828	112.931	365.141
2831	113.058	365.133
2833	113.141	365.117
2834	113.184	365.056
2836	113.268	364.17
2837	113.31	364.133
2838	113.352	363.996
2839	113.395	363.946
2840	113.437	363.908
2841	113.483	363.807
2842	113.533	363.679
2843	113.585	363.672
2844	113.627	363.491
2845	113.67	363.48
2847	113.753	363.467
2848	113.795	363.452
2850	113.88	363.438
2851	113.922	363.414
2852	113.964	363.39
2854	114.048	363.291
2855	114.09	363.29
2856	114.133	363.168
2857	114.176	363.158
2859	114.261	363.153
2861	114.346	363.151
2862	114.389	363.03
2863	114.432	363.021
2864	114.474	362.967
2866	114.561	362.965
2868	114.646	362.959
2869	114.689	362.751
2870	114.731	362.726
2871	114.772	362.663
2872	114.815	362.618
2873	114.858	362.52
2874	114.899	362.426
2875	114.943	362.368
2877	115.028	362.32
2878	115.07	362.231
2879	115.111	362.105
2880	115.154	362.082
2881	115.195	362.046
2882	115.238	362.005
2883	115.28	361.815
2884	115.323	361.759
2886	115.407	360.946
2888	115.491	360.909
2889	115.532	360.709
2891	115.616	360.697
2892	115.658	360.664
2893	115.7	360.65
2894	115.742	360.568
2895	115.785	360.554
2896	115.826	360.303
2897	115.869	360.302
2898	115.91	360.298
2899	115.952	360.293
2901	116.037	360.274
2902	116.079	360.265
2903	116.122	360.228
2904	116.165	360.047
2906	116.251	360.034
2907	116.294	359.822
2908	116.336	359.802
2909	116.379	359.79
2910	116.425	359.656
2911	116.467	359.585
2912	116.51	359.573
2913	116.551	359.547
2914	116.593	359.514
2915	116.636	359.467
2916	116.679	359.459
2917	116.724	359.407
2918	116.766	359.347
2919	116.808	358.931
2920	116.851	358.922
2922	116.934	358.889
2923	116.976	358.887
2925	117.061	358.838
2926	117.103	358.795
2929	117.231	358.762
2930	117.275	358.733
2932	117.36	358.722
2933	117.403	358.312
2934	117.445	358.292
2938	117.613	358.288
2939	117.655	358.265
2941	117.74	358.227
2946	117.951	358.211
2948	118.035	358.121
2949	118.076	358.106
2950	118.119	357.861
2951	118.161	357.837
2952	118.203	357.837
2954	118.289	357.768
2956	118.375	357.76
2960	118.547	357.668
2961	118.59	357.652
2964	118.718	356.918
2966	118.803	356.907
2967	118.848	356.773
2968	118.892	356.621
2969	118.934	356.604
2970	118.976	356.466
2972	119.062	356.441
2975	119.188	356.434
2977	119.272	356.314
2980	119.398	356.271
2981	119.44	356.209
2982	119.483	356.105
2983	119.525	355.977
2984	119.567	355.946
2985	119.61	355.935
2987	119.695	355.774
2988	119.737	355.744
2990	119.82	355.696
2991	119.863	355.674
2993	119.946	354.902
2994	119.988	354.746
2995	120.032	354.34
2998	120.158	354.306
2999	120.2	354.296
3000	120.273	354.241
3001	120.323	354.231
3002	120.365	354.212
3005	120.492	354.203
3006	120.535	354.199
3008	120.619	354.185
3009	120.661	354.095
3010	120.703	354.094
3011	120.746	354.062
3012	120.789	353.737
3013	120.832	353.737
3015	120.915	353.668
3016	120.958	353.658
3017	120.999	353.549
3018	121.043	353.535
3020	121.128	353.215
3022	121.213	353.158
3023	121.255	353.157
3024	121.298	353.131
3025	121.34	352.904
3026	121.382	352.89
3027	121.426	352.677
3030	121.552	352.647
3033	121.68	352.582
3034	121.723	352.575
3035	121.765	352.558
3036	121.807	352.543
3041	122.021	352.525
3043	122.107	351.604
3044	122.149	351.595
3045	122.191	351.477
3046	122.233	351.347
3049	122.362	351.341
3051	122.448	351.244
3052	122.49	351.102
3054	122.576	351.094
3055	122.62	351.075
3059	122.791	350.92
3060	122.833	350.604
3061	122.876	350.596
3062	122.918	350.514
3063	122.961	350.51
3064	123.004	350.34
3065	123.047	350.175
3066	123.091	350.167
3067	123.134	350.091
3068	123.177	350.075
3070	123.264	349.974
3071	123.308	349.895
3073	123.393	349.878
3074	123.435	349.859
3075	123.479	349.856
3077	123.565	349.803
3078	123.608	349.802
3079	123.653	349.8
3080	123.696	349.792
3081	123.74	349.732
3082	123.784	349.728
3083	123.827	349.718
3084	123.87	349.622
3085	123.913	349.552
3087	123.999	349.492
3088	124.041	349.483
3089	124.083	349.46
3090	124.126	349.444
3091	124.17	349.43
3092	124.213	348.845
3093	124.255	348.729
3095	124.34	348.515
3096	124.382	348.505
3097	124.424	348.498
3098	124.468	348.473
3099	124.51	348.471
3100	124.552	348.379
3101	124.595	348.158
3102	124.637	348.143
3103	124.679	348.133
3104	124.722	347.733
3106	124.808	347.654
3107	124.851	347.642
3108	124.893	347.63
3110	124.977	347.575
3112	125.063	347.565
3113	125.106	347.557
3114	125.148	347.446
3115	125.19	347.328
3116	125.233	347.323
3117	125.275	347.315
3118	125.317	347.038
3119	125.36	347.028
3121	125.446	346.925
3122	125.491	346.909
3124	125.576	346.899
3125	125.619	346.867
3126	125.661	346.857
3127	125.703	346.837
3128	125.746	346.819
3129	125.789	346.812
3130	125.831	346.779
3131	125.874	346.755
3132	125.916	346.714
3133	125.959	346.701
3134	126.002	346.642
3135	126.045	346.641
3136	126.087	346.641
3137	126.129	346.609
3138	126.172	346.516
3139	126.214	346.509
3140	126.257	346.464
3141	126.299	346.303
3142	126.343	346.302
3143	126.384	346.233
3145	126.47	346
3146	126.513	345.827
3150	126.684	345.826
3151	126.726	345.823
3152	126.769	345.775
3153	126.811	345.769
3154	126.854	345.759
3156	126.939	345.601
3157	126.981	345.421
3158	127.023	345.335
3160	127.108	345.328
3161	127.151	345.295
3162	127.193	345.261
3164	127.277	345.258
3165	127.32	345.209
3167	127.405	345.153
3168	127.447	345.082
3169	127.49	345.058
3170	127.533	345.044
3171	127.576	344.998
3172	127.619	344.993
3173	127.662	344.95
3174	127.706	344.917
3175	127.748	344.908
3176	127.791	344.874
3177	127.833	344.854
3178	127.876	344.79
3179	127.919	344.777
3180	127.962	344.754
3181	128.005	344.732
3182	128.048	344.647
3183	128.091	344.646
3184	128.133	344.54
3187	128.262	344.511
3188	128.306	344.454
3189	128.348	344.36
3191	128.433	344.33
3192	128.475	344.322
3194	128.608	344.268
3195	128.651	344.263
3196	128.694	344.238
3197	128.737	344.232
3198	128.779	344.139
3199	128.823	344.138
3200	128.867	344.13
3201	128.909	344.127
3202	128.952	344.002
3203	128.995	343.996
3204	129.038	343.988
3205	129.081	343.978
3206	129.123	343.958
3207	129.167	343.951
3208	129.21	343.91
3209	129.252	343.685
3210	129.295	343.652
3211	129.339	343.6
3213	129.425	343.57
3214	129.468	343.393
3217	129.596	343.25
3219	129.68	343.243
3220	129.723	343.22
3223	129.854	343.089
3224	129.898	343.01
3226	129.983	341.304
3228	130.068	341.293
3229	130.11	341.139
3232	130.238	341.134
3234	130.323	341.122
3235	130.366	341.096
3236	130.408	340.018
3238	130.493	340.014
3239	130.535	339.9
3240	130.579	339.795
3241	130.622	339.792
3242	130.665	339.684
3243	130.707	339.65
3246	130.834	339.63
3247	130.878	339.478
3248	130.919	339.477
3249	130.962	339.475
3250	131.005	339.445
3251	131.048	339.421
3252	131.091	339.407
3253	131.133	339.399
3254	131.175	339.36
3255	131.218	339.341
3256	131.261	339.326
3257	131.304	339.093
3258	131.346	339.079
3259	131.388	338.989
3261	131.473	338.934
3262	131.515	338.907
3263	131.557	338.883
3265	131.642	338.841
3267	131.727	338.808
3269	131.813	338.799
3270	131.856	338.771
3272	131.942	338.759
3273	131.984	338.479
3274	132.028	338.455
3275	132.073	338.419
3277	132.159	338.405
3278	132.202	338.403
3281	132.329	338.396
3282	132.372	338.384
3286	132.542	338.372
3287	132.585	338.305
3289	132.67	338.299
3290	132.712	338.2
3291	132.756	338.161
3292	132.799	338.155
3293	132.842	338.154
3294	132.885	337.841
3296	133.013	337.84
3298	133.098	337.759
3300	133.182	337.674
3301	133.225	337.591
3302	133.266	337.529
3303	133.307	337.521
3304	133.348	337.458
3305	133.39	337.425
3306	133.431	337.422
3307	133.472	337.289
3309	133.553	337.266
3310	133.594	337.163
3312	133.677	337.14
3315	133.798	337.133
3320	134.003	337.061
3321	134.044	337.038
3322	134.085	337.022
3323	134.126	336.979
3324	134.167	336.916
3325	134.211	336.906
3327	134.293	336.836
3328	134.334	336.781
3329	134.375	336.722
3330	134.416	336.675
3333	134.539	336.271
3334	134.58	336.117
3335	134.621	336.001
3338	134.744	335.903
3340	134.827	335.857
3341	134.868	335.802
3345	135.033	335.784
3349	135.196	335.675
3350	135.237	335.624
3351	135.278	335.533
3352	135.32	335.249
3354	135.402	335.126
3355	135.444	335
3357	135.527	334.904
3360	135.65	334.684
3362	135.732	334.683
3364	135.817	334.64
3365	135.857	334.387
3366	135.899	334.377
3367	135.94	334.268
3368	135.981	334.266
3371	136.106	334.235
3374	136.23	334.218
3376	136.313	334.186
3378	136.398	334.173
3383	136.604	334.089
3384	136.646	334.021
3385	136.687	333.902
3386	136.729	333.744
3389	136.854	333.742
3395	137.106	333.729
3396	137.148	333.394
3398	137.23	333.389
3399	137.272	333.071
3400	137.314	332.839
3401	137.356	332.829
3402	137.399	332.287
3405	137.523	332.259
3406	137.566	332.244
3407	137.606	332.007
3408	137.648	331.988
3409	137.69	331.984
3410	137.731	331.956
3411	137.772	331.815
3412	137.813	331.813
3413	137.856	331.803
3414	137.897	331.719
3417	138.022	331.712
3418	138.064	331.704
3420	138.147	331.698
3421	138.189	331.695
3422	138.231	331.686
3423	138.273	331.681
3424	138.315	331.632
3425	138.357	331.581
3426	138.4	331.559
3427	138.443	331.497
3428	138.487	331.491
3429	138.529	331.486
3430	138.571	331.426
3431	138.613	331.413
3432	138.655	330.906
3433	138.697	330.864
3435	138.822	330.563
3436	138.865	330.557
3437	138.907	330.556
3438	138.949	330.547
3439	138.992	330.542
3440	139.034	330.513
3441	139.076	330.259
3442	139.118	330.169
3443	139.16	330.145
3444	139.202	329.893
3446	139.287	329.842
3447	139.329	329.837
3448	139.372	329.809
3449	139.414	329.762
3450	139.458	329.729
3452	139.541	329.72
3453	139.584	329.716
3454	139.626	329.684
3455	139.668	329.618
3456	139.71	329.584
3457	139.752	329.578
3458	139.794	329.47
3459	139.836	329.468
3460	139.878	329.462
3461	139.921	329.428
3462	139.963	329.403
3464	140.047	329.399
3466	140.13	329.363
3467	140.173	329.23
3468	140.215	329.099
3469	140.258	328.981
3470	140.301	328.955
3471	140.343	328.929
3472	140.385	328.898
3473	140.427	328.891
3474	140.469	328.828
3476	140.552	328.827
3477	140.594	328.812
3478	140.637	328.772
3479	140.679	328.763
3480	140.721	328.732
3481	140.763	328.649
3482	140.805	328.646
3483	140.848	328.591
3484	140.889	328.485
3485	140.931	328.258
3487	141.015	328.255
3488	141.057	328.208
3490	141.142	328.206
3492	141.226	328.196
3493	141.27	328.178
3495	141.355	328.178
3496	141.398	328.021
3497	141.44	327.927
3498	141.482	327.857
3499	141.524	327.832
3500	141.566	327.83
3501	141.608	327.819
3502	141.651	327.813
3504	141.735	327.811
3505	141.778	327.781
3506	141.821	327.779
3507	141.863	327.752
3508	141.905	327.7
3511	142.032	327.677
3512	142.075	327.665
3513	142.117	327.625
3514	142.159	327.593
3516	142.244	327.562
3517	142.287	327.545
3518	142.329	327.486
3519	142.371	327.479
3521	142.456	327.453
3522	142.498	327.32
3524	142.583	327.265
3525	142.625	327.256
3526	142.667	327.254
3527	142.709	327.242
3528	142.751	327.2
3529	142.794	327.139
3530	142.836	327.024
3531	142.879	326.995
3532	142.921	326.983
3534	143.006	326.926
3536	143.091	326.91
3537	143.133	326.888
3538	143.175	326.557
3539	143.218	326.556
3540	143.262	326.534
3541	143.307	326.528
3542	143.351	326.44
3543	143.395	326.435
3545	143.482	326.433
3546	143.524	326.425
3548	143.609	326.42
3549	143.652	326.179
3550	143.694	326.175
3551	143.736	326.122
3552	143.778	326.086
3553	143.82	326.059
3554	143.862	325.928
3556	143.947	325.925
3557	143.989	325.915
3558	144.031	325.409
3559	144.073	325.405
3560	144.116	325.388
3561	144.158	325.239
3563	144.242	325.196
3564	144.284	325.045
3565	144.33	324.988
3566	144.373	324.146
3567	144.415	324.145
3569	144.5	324.093
3570	144.543	323.984
3572	144.628	323.924
3574	144.713	323.917
3575	144.756	323.879
3577	144.841	323.863
3578	144.884	323.823
3581	145.014	323.819
3582	145.056	323.749
3583	145.099	323.719
3586	145.227	323.7
3587	145.27	323.607
3588	145.314	323.595
3590	145.398	323.579
3591	145.441	323.563
3592	145.483	323.555
3593	145.527	323.549
3594	145.57	323.258
3595	145.612	323.248
3596	145.655	323.229
3597	145.697	323.192
3598	145.739	323.186
3599	145.781	323.085
3600	145.824	323.062
3601	145.867	323.04
3602	145.91	323.017
3603	145.953	323.01
3604	145.996	322.783
3607	146.123	322.643
3609	146.208	322.625
3610	146.25	322.617
3611	146.293	322.589
3612	146.335	322.56
3613	146.378	322.23
3615	146.464	322.195
3618	146.592	322.195
3619	146.635	322.174
3621	146.72	322.165
3622	146.762	322.145
3626	146.931	322.069
3627	146.973	322.011
3629	147.057	322.005
3630	147.099	321.652
3631	147.143	321.618
3632	147.188	321.578
3633	147.231	321.568
3634	147.274	321.243
3635	147.316	321.12
3640	147.53	320.772
3641	147.573	320.746
3643	147.658	320.721
3644	147.701	320.692
3645	147.744	320.692
3647	147.828	320.633
3648	147.871	320.613
3649	147.914	320.613
3650	147.956	320.469
3653	148.085	320.468
3654	148.128	320.408
3655	148.171	320.402
3657	148.255	320.381
3659	148.34	320.363
3660	148.382	320.349
3661	148.426	320.296
3662	148.469	320.235
3663	148.511	320.226
3664	148.553	320.225
3669	148.765	320.225
3670	148.808	320.044
3673	148.935	319.418
3674	148.978	319.25
3675	149.02	318.913
3679	149.19	318.909
3680	149.232	318.908
3681	149.275	318.885
3682	149.318	318.841
3685	149.448	318.757
3686	149.49	318.756
3688	149.575	318.724
3689	149.618	318.648
3690	149.661	318.627
3692	149.747	318.618
3694	149.831	318.123
3695	149.874	318.122
3697	149.961	318.1
3698	150.005	317.99
3699	150.047	317.795
3700	150.091	317.528
3702	150.177	317.525
3705	150.306	317.373
3707	150.391	317.348
3708	150.435	317.328
3710	150.521	317.297
3711	150.565	317.286
3715	150.738	317.214
3716	150.781	317.188
3721	150.995	317.188
3723	151.082	317.17
3724	151.126	317.119
3725	151.168	317.057
3726	151.211	316.972
3730	151.382	316.964
3731	151.425	316.956
3739	151.769	316.872
3740	151.812	316.758
3741	151.855	316.754
3742	151.899	316.599
3743	151.943	316.571
3745	152.03	316.564
3746	152.073	316.535
3747	152.116	316.491
3748	152.158	316.479
3749	152.201	316.471
3750	152.251	316.421
3752	152.374	316.413
3753	152.416	316.403
3754	152.46	316.379
3755	152.502	316.367
3757	152.588	316.351
3758	152.631	316.344
3759	152.674	316.333
3760	152.716	316.322
3761	152.759	316.3
3762	152.802	316.297
3763	152.844	316.287
3764	152.888	316.144
3765	152.931	316.125
3766	152.974	316.109
3767	153.018	315.733
3768	153.061	315.726
3769	153.104	315.712
3770	153.147	315.688
3771	153.189	315.643
3772	153.232	315.267
3773	153.275	315.207
3774	153.317	315.199
3775	153.36	315.182
3776	153.402	315.178
3777	153.445	315.173
3778	153.487	315.156
3779	153.53	315.147
3780	153.572	315.127
3781	153.615	315.018
3782	153.66	314.999
3783	153.705	314.986
3784	153.749	314.781
3786	153.834	314.734
3787	153.877	314.725
3788	153.921	314.714
3789	153.964	314.709
3790	154.007	314.674
3791	154.05	314.662
3792	154.093	314.644
3793	154.136	314.64
3794	154.18	314.633
3795	154.223	314.616
3796	154.267	314.603
3797	154.309	314.586
3798	154.353	314.493
3800	154.438	314.491
3801	154.483	314.379
3802	154.526	314.267
3805	154.656	314.163
3807	154.742	314.058
3808	154.787	314.04
3809	154.834	313.961
3810	154.878	313.956
3811	154.922	313.93
3812	154.964	313.907
3813	155.009	313.895
3816	155.137	313.894
3817	155.18	313.868
3818	155.223	313.856
3819	155.266	313.847
3820	155.309	313.833
3821	155.353	313.702
3822	155.395	313.702
3823	155.438	313.636
3824	155.481	313.626
3825	155.524	313.455
3826	155.566	313.42
3827	155.609	313.419
3828	155.651	313.388
3830	155.737	313.379
3831	155.78	313.376
3832	155.823	313.364
3833	155.865	313.358
3835	155.954	313.318
3836	155.997	313.269
3837	156.041	313.177
3838	156.084	313.166
3840	156.169	313.16
3841	156.211	313.155
3842	156.254	313.148
3843	156.297	313.139
3844	156.34	313.138
3845	156.383	313.112
3846	156.427	313.102
3847	156.471	313.071
3848	156.513	313.063
3849	156.556	313.056
3851	156.642	313.001
3852	156.685	312.984
3854	156.77	312.965
3856	156.856	312.946
3857	156.899	312.926
3858	156.943	312.885
3860	157.029	312.883
3861	157.071	312.821
3862	157.115	312.704
3864	157.202	312.671
3865	157.245	312.65
3866	157.289	312.6
3867	157.333	312.592
3869	157.419	312.554
3871	157.505	312.527
3872	157.548	312.52
3873	157.592	312.464
3874	157.635	312.429
3875	157.677	312.429
3876	157.721	312.422
3877	157.764	312.399
3878	157.806	312.351
3879	157.849	312.351
3880	157.893	312.333
3881	157.938	312.331
3882	157.98	312.276
3883	158.023	312.271
3884	158.066	312.256
3886	158.155	312.238
3889	158.285	312.177
3890	158.328	312.164
3891	158.371	312.111
3892	158.414	312.1
3894	158.499	312.076
3897	158.631	312.064
3898	158.674	311.927
3900	158.76	311.919
3901	158.803	311.887
3903	158.889	311.822
3904	158.931	311.817
3905	158.974	311.78
3906	159.047	311.453
3907	159.098	311.453
3908	159.142	311.41
3911	159.27	311.4
3912	159.313	311.157
3915	159.442	311.152
3916	159.485	310.885
3917	159.527	310.875
3919	159.612	310.866
3921	159.698	310.861
3922	159.741	310.831
3923	159.784	310.812
3925	159.87	310.786
3926	159.913	310.78
3927	159.957	310.7
3928	160	310.694
3930	160.087	310.681
3931	160.13	310.647
3932	160.174	310.644
3933	160.217	310.63
3935	160.304	310.629
3936	160.348	310.623
3937	160.391	310.589
3938	160.439	310.586
3939	160.484	310.495
3941	160.573	310.493
3942	160.618	310.465
3945	160.747	310.453
3947	160.834	310.395
3948	160.878	310.389
3949	160.921	310.387
3950	160.963	310.382
3952	161.048	310.37
3953	161.093	310.308
3954	161.139	310.294
3955	161.184	310.275
3956	161.227	310.202
3958	161.316	310.197
3960	161.402	310.192
3961	161.447	310.142
3962	161.49	310.138
3964	161.579	309.996
3965	161.622	309.995
3966	161.666	309.971
3967	161.708	309.93
3969	161.794	309.926
3970	161.837	309.856
3972	161.925	309.839
3973	161.969	309.808
3974	162.013	309.738
3980	162.272	309.732
3981	162.315	309.593
3983	162.4	309.577
3985	162.487	309.576
3986	162.532	309.573
3987	162.577	309.196
3988	162.619	309.171
3990	162.706	308.98
3992	162.792	308.96
3993	162.835	308.953
3994	162.878	308.86
3995	162.921	308.856
3997	163.007	308.853
4000	163.135	308.828
4002	163.221	308.772
4003	163.264	308.765
4008	163.486	308.74
4009	163.53	308.704
4010	163.574	308.688
4011	163.618	308.475
4013	163.704	308.113
4014	163.749	308.027
4015	163.793	307.839
4019	163.965	307.829
4020	164.009	307.828
4021	164.053	307.811
4022	164.097	307.807
4023	164.14	307.592
4026	164.27	307.587
4027	164.313	307.568
4028	164.356	307.549
4029	164.4	307.444
4030	164.444	307.26
4032	164.53	307.229
4033	164.573	307.228
4035	164.66	307.225
4036	164.704	307.217
4037	164.749	307.211
4038	164.792	307.205
4039	164.835	307.149
4040	164.878	306.904
4043	165.005	306.903
4045	165.09	306.817
4047	165.177	306.786
4049	165.261	306.785
4051	165.346	306.649
4054	165.471	306.536
4055	165.512	306.504
4056	165.553	306.466
4058	165.635	306.299
4061	165.758	306.283
4062	165.8	306.239
4064	165.883	306.161
4065	165.924	306.14
4066	165.965	306.07
4071	166.17	306.044
4072	166.211	305.986
4074	166.295	305.982
4077	166.419	305.95
4079	166.502	305.876
4080	166.545	305.773
4081	166.587	305.768
4082	166.628	305.613
4083	166.67	305.605
4085	166.752	305.59
4086	166.793	305.563
4087	166.837	305.495
4088	166.879	305.481
4089	166.925	305.478
4090	166.997	305.47
4091	167.044	305.464
4093	167.127	305.452
4094	167.169	305.432
4095	167.211	305.426
4096	167.253	305.415
4097	167.294	305.409
4099	167.379	305.407
4101	167.462	305.406
4102	167.503	305.389
4103	167.545	305.379
4104	167.587	305.363
4105	167.629	305.357
4106	167.672	305.354
4107	167.715	305.246
4108	167.758	305.24
4109	167.8	305.226
4110	167.841	305.207
4111	167.882	305.195
4112	167.924	304.823
4113	167.966	304.809
4114	168.008	304.747
4115	168.049	304.738
4116	168.091	304.729
4117	168.133	304.725
4118	168.175	304.724
4120	168.26	304.71
4121	168.302	304.678
4122	168.344	304.677
4123	168.386	304.661
4124	168.427	304.442
4125	168.469	304.431
4126	168.513	304.415
4127	168.556	304.388
4128	168.598	304.379
4130	168.683	304.355
4132	168.767	304.347
4133	168.811	304.347
4134	168.853	304.346
4135	168.895	304.318
4136	168.937	304.312
4137	168.979	304.304
4138	169.021	304.254
4140	169.106	304.253
4142	169.19	304.24
4147	169.399	304.229
4148	169.441	304.218
4149	169.483	304.095
4151	169.567	304.087
4152	169.609	304.068
4153	169.652	304.063
4154	169.695	304.051
4155	169.738	304.05
4156	169.78	304.049
4160	169.949	304.033
4161	169.991	303.984
4162	170.032	303.983
4163	170.074	303.937
4164	170.117	303.924
4165	170.159	303.793
4167	170.244	303.792
4168	170.287	303.737
4170	170.371	303.734
4171	170.413	303.734
4173	170.496	303.731
4175	170.581	303.701
4176	170.624	303.61
4177	170.667	303.608
4178	170.708	303.6
4179	170.75	303.599
4180	170.793	303.594
4181	170.835	303.593
4184	170.962	303.589
4185	171.004	303.569
4186	171.046	303.553
4187	171.088	303.53
4188	171.132	303.517
4189	171.176	303.517
4190	171.218	303.516
4191	171.261	303.451
4192	171.303	303.438
4193	171.347	303.435
4194	171.389	303.417
4196	171.476	303.398
4198	171.56	303.309
4199	171.603	303.306
4200	171.646	303.303
4202	171.73	303.206
4204	171.813	303.177
4206	171.899	303.123
4207	171.941	303.12
4208	171.983	303.12
4209	172.025	303.09
4211	172.11	303.076
4212	172.153	303.074
4214	172.239	303.067
4215	172.281	303.049
4216	172.324	303.028
4217	172.366	303.012
4219	172.45	303.012
4221	172.535	303.009
4222	172.577	302.928
4223	172.619	302.924
4224	172.661	302.914
4225	172.704	302.905
4226	172.746	302.884
4228	172.832	302.84
4230	172.917	302.825
4231	172.96	302.813
4234	173.088	302.783
4235	173.131	302.751
4237	173.217	302.748
4238	173.261	302.689
4240	173.35	302.682
4241	173.392	302.671
4243	173.478	302.654
4244	173.522	302.635
4245	173.568	302.632
4246	173.61	301.9
4247	173.653	301.899
4248	173.696	301.887
4251	173.823	301.881
4252	173.865	301.814
4253	173.908	301.811
4255	173.994	301.81
4256	174.037	301.802
4257	174.079	301.794
4258	174.122	301.657
4259	174.165	301.64
4260	174.208	301.638
4261	174.251	301.633
4262	174.294	301.613
4263	174.337	301.596
4264	174.379	301.561
4266	174.47	301.549
4267	174.526	301.471
4268	174.568	301.468
4269	174.611	301.468
4271	174.698	301.431
4272	174.742	301.422
4273	174.787	301.412
4275	174.873	301.406
4277	174.958	301.364
4278	175	301.362
4279	175.043	301.216
4280	175.086	301.215
4282	175.172	301.197
4288	175.429	301.187
4289	175.474	301.175
4294	175.689	301.17
4295	175.733	301.128
4296	175.779	300.916
4297	175.821	300.908
4298	175.864	300.905
4299	175.906	300.886
4300	175.951	300.843
4301	175.994	300.795
4302	176.037	300.787
4304	176.123	300.746
4305	176.167	300.742
4306	176.21	300.738
4307	176.252	300.7
4309	176.338	300.698
4310	176.382	300.662
4311	176.424	300.657
4312	176.467	300.65
4313	176.51	300.627
4314	176.552	300.578
4316	176.637	300.577
4318	176.722	300.568
4320	176.807	300.493
4322	176.892	300.488
4326	177.063	300.479
4327	177.106	300.375
4328	177.149	300.36
4330	177.238	300.287
4332	177.326	300.276
4334	177.417	300.262
4335	177.459	300.257
4337	177.547	300.244
4340	177.68	300.227
4343	177.809	300.222
4344	177.851	300.134
4347	177.979	300.128
4348	178.022	300.031
4349	178.065	300.02
4350	178.107	300.018
4351	178.15	299.948
4352	178.192	299.938
4353	178.236	299.626
4354	178.28	299.611
4355	178.323	299.61
4356	178.365	299.608
4358	178.452	299.569
4359	178.494	299.566
4362	178.623	299.539
4363	178.666	299.521
4366	178.796	299.516
4368	178.882	299.51
4369	178.924	299.465
4370	178.967	299.461
4372	179.053	299.442
4374	179.139	299.32
4376	179.225	299.317
4377	179.269	299.315
4378	179.312	299.308
4379	179.355	299.304
4380	179.398	299.172
4382	179.484	299.172
4384	179.571	299.141
4385	179.613	299.089
4386	179.656	299.083
4389	179.786	299.081
4391	179.874	299.029
4394	180.002	299.016
4395	180.045	298.913
4396	180.089	298.901
4398	180.175	298.876
4401	180.304	298.866
4404	180.478	298.863
4405	180.521	298.826
4406	180.564	298.795
4409	180.692	298.794
4411	180.779	298.77
4412	180.822	298.699
4414	180.909	298.699
4417	181.039	298.686
4418	181.083	298.645
4419	181.127	298.546
4420	181.17	298.495
4421	181.213	298.491
4422	181.257	298.409
4423	181.301	298.386
4424	181.345	298.374
4425	181.388	298.372
4426	181.431	298.363
4427	181.475	298.328
4428	181.517	298.326
4429	181.56	298.326
4430	181.603	298.321
4431	181.648	298.279
4432	181.691	298.277
4433	181.734	298.273
4434	181.776	298.246
4435	181.819	298.113
4437	181.906	298.104
4439	181.993	298.104
4441	182.08	298.1
4442	182.124	298.07
4443	182.167	298.063
4444	182.211	298.058
4445	182.255	298.045
4446	182.299	298.036
4447	182.343	297.993
4448	182.386	297.99
4449	182.43	297.935
4450	182.473	297.926
4451	182.516	297.914
4452	182.559	297.641
4453	182.602	297.64
4454	182.646	297.635
4455	182.689	297.628
4456	182.732	297.578
4458	182.818	297.559
4459	182.861	297.558
4460	182.904	297.537
4461	182.948	297.499
4462	182.99	297.491
4463	183.034	297.479
4464	183.077	297.342
4465	183.121	297.339
4466	183.164	297.338
4467	183.206	297.29
4468	183.249	297.279
4470	183.336	297.255
4471	183.38	297.224
4472	183.422	297.208
4473	183.466	297.207
4475	183.553	297.19
4476	183.598	297.183
4477	183.642	297.173
4478	183.685	297.141
4479	183.728	297.132
4480	183.771	297.127
4482	183.858	297.126
4483	183.901	297.014
4484	183.943	296.992
4485	183.986	296.829
4486	184.03	296.827
4488	184.116	296.826
4489	184.16	296.768
4491	184.251	296.749
4492	184.294	296.743
4493	184.339	296.738
4495	184.424	296.729
4496	184.468	296.729
4497	184.511	296.704
4500	184.64	296.691
4501	184.683	296.66
4502	184.726	296.659
4503	184.769	296.627
4505	184.855	296.507
4508	184.984	296.472
4513	185.2	296.47
4515	185.287	296.452
4516	185.329	296.449
4519	185.461	296.429
4520	185.503	296.426
4521	185.547	296.419
4524	185.676	296.417
4525	185.719	296.398
4527	185.804	296.369
4528	185.847	296.356
4530	185.935	296.348
4531	185.978	296.258
4532	186.021	296.256
4536	186.193	296.243
4537	186.236	296.185
4538	186.279	296.116
4542	186.458	296.042
4544	186.545	296.009
4546	186.631	295.993
4547	186.674	295.992
4548	186.717	295.97
4549	186.76	295.954
4551	186.844	295.934
4552	186.887	295.927
4553	186.931	295.925
4554	186.974	295.921
4556	187.059	295.902
4557	187.102	295.894
4559	187.188	295.89
4561	187.273	295.889
4562	187.318	295.813
4563	187.361	295.807
4564	187.405	295.804
4565	187.449	295.639
4568	187.578	295.601
4569	187.622	295.585
4570	187.664	295.576
4571	187.707	295.536
4573	187.793	295.534
4574	187.838	295.529
4575	187.881	295.515
4577	187.968	295.501
4579	188.095	295.5
4580	188.149	295.492
4581	188.194	295.471
4583	188.28	295.438
4584	188.323	295.429
4585	188.366	295.428
4586	188.409	295.369
4587	188.452	295.368
4588	188.495	295.317
4589	188.539	295.302
4591	188.631	295.296
4592	188.674	295.266
4593	188.717	295.26
4595	188.802	295.254
4597	188.89	295.144
4601	189.061	295.136
4602	189.104	295.133
4603	189.147	295.121
4606	189.275	295.119
4607	189.318	295.095
4608	189.361	295.093
4609	189.405	295.083
4610	189.448	295.078
4612	189.534	295.071
4613	189.576	295.063
4614	189.619	295.009
4615	189.661	294.937
4617	189.747	294.911
4619	189.833	294.866
4621	189.919	294.855
4622	189.961	294.844
4625	190.091	294.833
4626	190.134	294.83
4627	190.177	294.817
4628	190.22	294.804
4630	190.308	294.799
4633	190.438	294.772
4634	190.481	294.768
4635	190.525	294.763
4636	190.569	294.737
4638	190.655	294.737
4639	190.699	294.734
4642	190.83	294.721
4646	191.001	294.72
4647	191.045	294.719
4649	191.132	294.718
4650	191.175	294.696
4651	191.217	294.688
4652	191.261	294.675
4653	191.305	294.654
4654	191.348	294.602
4660	191.606	294.566
4662	191.693	294.56
4663	191.737	294.555
4664	191.78	294.554
4665	191.824	294.498
4666	191.868	294.491
4667	191.911	294.323
4669	191.997	294.321
4670	192.04	294.293
4673	192.169	294.291
4674	192.212	294.235
4675	192.255	294.233
4676	192.297	294.226
4677	192.341	294.224
4678	192.384	294.211
4683	192.598	294.204
4684	192.642	294.117
4686	192.728	294.115
4687	192.771	294.113
4688	192.814	294.112
4689	192.857	294.112
4690	192.9	294.072
4691	192.942	294.008
4693	193.031	293.917
4694	193.075	293.847
4699	193.291	293.833
4700	193.334	293.828
4701	193.377	293.826
4702	193.419	293.823
4703	193.463	293.796
4704	193.512	293.789
4705	193.555	293.725
4706	193.6	293.725
4707	193.644	293.723
4708	193.688	293.708
4709	193.731	293.703
4710	193.775	293.701
4712	193.867	293.529
4713	193.913	293.528
4714	193.958	293.514
4715	194.002	293.511
4716	194.046	293.51
4718	194.135	293.493
4719	194.179	293.491
4720	194.222	293.438
4721	194.27	293.437
4722	194.315	293.422
4725	194.446	293.329
4726	194.49	293.328
4727	194.534	293.232
4728	194.579	293.204
4729	194.622	293.2
4731	194.709	293.196
4735	194.882	293.154
4736	194.925	293.146
4738	195.012	293.132
4741	195.141	293.13
4742	195.184	293.121
4744	195.273	293.115
4745	195.316	293.107
4751	195.578	293.008
4752	195.621	292.844
4754	195.707	292.841
4757	195.836	292.836
4758	195.88	292.803
4759	195.924	292.772
4760	195.967	292.733
4761	196.01	292.729
4762	196.053	292.645
4763	196.096	292.633
4764	196.139	292.62
4765	196.183	292.612
4766	196.226	292.599
4767	196.269	292.583
4768	196.312	292.563
4769	196.355	292.563
4770	196.398	292.554
4771	196.45	292.526
4772	196.53	292.516
4773	196.574	292.508
4774	196.617	292.486
4775	196.659	292.477
4777	196.746	292.475
4779	196.832	292.473
4781	196.92	292.461
4782	196.962	292.458
4783	197.006	292.452
4784	197.05	292.44
4785	197.093	292.425
4786	197.135	292.414
4787	197.178	292.255
4788	197.223	292.252
4789	197.266	292.227
4790	197.309	292.22
4791	197.352	292.211
4792	197.397	291.917
4793	197.442	291.911
4794	197.484	291.909
4795	197.527	291.893
4796	197.571	291.885
4798	197.659	291.871
4800	197.745	291.85
4801	197.788	291.821
4802	197.834	291.812
4803	197.878	291.805
4804	197.921	291.656
4805	197.964	291.655
4807	198.05	291.642
4808	198.093	291.635
4809	198.136	291.468
4810	198.179	291.453
4811	198.222	291.43
4812	198.264	291.421
4813	198.305	291.42
4814	198.346	291.417
4816	198.428	291.408
4817	198.47	291.401
4818	198.511	291.364
4819	198.552	291.361
4820	198.593	291.359
4821	198.635	291.287
4822	198.676	291.286
4824	198.759	291.24
4825	198.8	291.044
4826	198.842	291.035
4828	198.924	291.033
4829	198.965	290.997
4830	199.007	290.995
4831	199.048	290.986
4832	199.09	290.979
4833	199.131	290.973
4834	199.173	290.962
4835	199.216	290.959
4836	199.257	290.959
4837	199.298	290.947
4839	199.382	290.938
4840	199.424	290.934
4841	199.466	290.91
4843	199.549	290.869
4844	199.593	290.849
4845	199.637	290.774
4848	199.762	290.753
4851	199.887	290.742
4853	199.971	290.734
4855	200.055	290.727
4856	200.097	290.717
4860	200.262	290.712
4861	200.303	290.709
4862	200.346	290.708
4864	200.429	290.703
4865	200.476	290.683
4868	200.601	290.682
4869	200.643	290.674
4870	200.685	290.667
4871	200.727	290.658
4872	200.77	290.639
4876	200.937	290.633
4877	200.978	290.625
4878	201.02	290.578
4879	201.062	290.578
4881	201.145	290.551
4882	201.187	290.487
4884	201.271	290.463
4885	201.313	290.45
4886	201.355	290.449
4887	201.397	290.444
4888	201.439	290.43
4889	201.48	290.424
4890	201.523	290.422
4891	201.564	290.409
4892	201.607	290.404
4893	201.649	290.393
4894	201.692	290.373
4895	201.738	290.365
4896	201.781	290.352
4897	201.823	290.351
4899	201.906	290.342
4901	201.99	290.34
4902	202.032	290.279
4903	202.074	290.277
4904	202.117	290.251
4905	202.161	290.227
4908	202.286	290.21
4909	202.328	290.206
4910	202.37	290.201
4911	202.412	290.175
4915	202.581	290.171
4917	202.664	290.151
4920	202.789	290.146
4922	202.873	290.133
4923	202.915	290.129
4924	202.957	290.109
4926	203.041	289.794
4927	203.083	289.794
4928	203.125	289.78
4929	203.166	289.775
4930	203.208	289.77
4931	203.25	289.77
4933	203.334	289.727
4935	203.417	289.726
4937	203.502	289.705
4938	203.544	289.701
4940	203.627	289.701
4941	203.669	289.694
4943	203.753	289.678
4947	203.924	289.643
4949	204.009	289.633
4952	204.137	289.627
4953	204.18	289.615
4954	204.221	289.611
4955	204.264	289.604
4958	204.438	289.533
4959	204.481	289.484
4960	204.523	289.484
4962	204.608	289.472
4970	204.945	289.465
4973	205.072	289.438
4974	205.115	289.403
4975	205.158	289.402
4976	205.2	289.328
4977	205.242	289.322
4978	205.284	289.322
4979	205.326	289.296
4982	205.455	289.289
4983	205.496	289.288
4986	205.624	289.287
4989	205.75	289.286
4990	205.793	289.26
4992	205.878	289.254
4993	205.92	289.238
4994	205.962	289.215
5000	206.22	289.215
# FIN	206.22	289.215

