# target=instancias/starrynight.png T=340 iters=5000 K=32 seed=auto
iter	segundos	MSE
0	0.0024613	6975.5
1	0.0242202	6931.74
2	0.0455495	6924.19
3	0.0692399	6920.6
4	0.0938315	6920.03
5	0.116947	6895.88
6	0.139028	6894.25
7	0.162312	6884.76
8	0.184848	6873.76
9	0.208407	6864.05
10	0.230436	6858.59
11	0.250885	6844.37
12	0.272261	6795.37
13	0.294079	6774.91
14	0.315011	6725.75
15	0.338051	6725.74
16	0.360074	6723.67
17	0.381002	6720.91
18	0.40339	6671.34
19	0.424828	6671.31
20	0.446505	6654.57
21	0.468996	6652.42
22	0.491118	6652.15
23	0.513226	6644.25
24	0.533892	6633.48
25	0.555411	6614.07
26	0.578001	6596.91
27	0.602056	6537.2
28	0.626761	6500.11
29	0.647883	6439.58
30	0.6698	6429.49
31	0.691788	6327.89
32	0.716096	6303.75
33	0.739549	6295.91
34	0.762158	6289.89
35	0.792132	6283.44
36	0.814593	6271.22
37	0.835836	6268.58
38	0.85879	6267.17
39	0.884872	6238.19
40	0.908509	6238.18
41	0.931274	6217.17
42	0.953335	6210.68
43	0.97973	6193.8
44	1.00594	6183.48
45	1.02874	6174.18
46	1.05431	6120.37
47	1.07785	6064.94
48	1.10057	6063.72
49	1.12396	6052.7
50	1.14742	6049.05
51	1.17388	5999.85
52	1.19702	5951.05
53	1.22554	5947.52
54	1.25478	5942.34
55	1.28442	5914.22
56	1.30777	5845.67
57	1.33141	5844.7
58	1.35716	5838.47
59	1.38291	5827.61
60	1.41259	5803.31
61	1.43929	5741.92
62	1.50747	5722.15
63	1.54038	5706.64
64	1.56423	5660.45
65	1.58987	5655.23
66	1.61818	5645.22
67	1.64335	5637.19
68	1.6665	5637.11
69	1.69077	5633.73
70	1.71389	5631.67
71	1.73836	5623.03
72	1.76392	5619.29
73	1.78806	5619.22
74	1.81117	5618.31
75	1.8331	5612.55
76	1.85905	5601.34
77	1.88223	5600.88
78	1.9084	5583.62
79	1.93502	5576.52
80	1.96	5536.68
82	2.00848	5532.75
83	2.03305	5511.39
84	2.05716	5511.26
85	2.07852	5498.8
86	2.10158	5482.74
87	2.12421	5482.05
88	2.15234	5464.78
89	2.17525	5459.31
90	2.20152	5443.33
91	2.22431	5436.51
92	2.24682	5425.2
93	2.27042	5423.01
94	2.30066	5352.51
95	2.32435	5325.38
96	2.34843	5321.76
97	2.37482	5318.18
98	2.39962	5310.62
99	2.42508	5306.64
100	2.44775	5299.85
101	2.47053	5288.84
102	2.49683	5288.82
103	2.52122	5278.44
104	2.54629	5274.44
105	2.56985	5257.35
106	2.59506	5232.94
107	2.62049	5213.2
108	2.65139	5210.99
109	2.67637	5207.04
110	2.69933	5164.18
111	2.72339	5164.12
112	2.74666	5163.88
113	2.77256	5163.47
114	2.79492	5129.46
115	2.81837	5129.45
116	2.84473	5110.36
117	2.86843	5088.86
118	2.89194	5085.78
119	2.91675	5083.2
120	2.9403	4999.95
121	2.96646	4989.39
122	2.99144	4952.48
123	3.01459	4937.24
124	3.0411	4937.05
125	3.06716	4906.87
126	3.09232	4906.17
127	3.11792	4857.19
128	3.14389	4850.47
129	3.1691	4835.12
130	3.19439	4832.32
131	3.22039	4819.81
132	3.24628	4811.92
133	3.27005	4769.47
134	3.2955	4767.73
135	3.3188	4767
136	3.34368	4764.1
137	3.36604	4761.51
138	3.38975	4754.14
139	3.41505	4753.3
140	3.43977	4742.56
141	3.46773	4730.4
142	3.49491	4724.66
143	3.52371	4711.73
144	3.54885	4707.4
145	3.57339	4702.82
146	3.59955	4701.03
147	3.62348	4701.02
148	3.65488	4695.34
149	3.68162	4694.82
150	3.71206	4694.69
151	3.73986	4675.54
152	3.76285	4660.87
153	3.78917	4642.35
154	3.81353	4641.25
155	3.83983	4621.68
156	3.86482	4611.14
157	3.89466	4605.25
158	3.92451	4604.37
159	3.95065	4604.28
160	3.97702	4590.68
161	4.00297	4588.2
162	4.0371	4583.19
163	4.07101	4581.48
164	4.10138	4565.01
165	4.12617	4550.47
166	4.15191	4550.34
167	4.17738	4535.64
168	4.20496	4534.53
169	4.23379	4534.31
170	4.26305	4533.47
171	4.28815	4527.14
172	4.31598	4525.98
173	4.34771	4516.04
174	4.37345	4515.85
175	4.40275	4512.11
176	4.42861	4497.5
177	4.45738	4492.91
178	4.49546	4488.25
179	4.53715	4486.02
180	4.56403	4480.81
181	4.59196	4480.79
182	4.61706	4429.29
183	4.64502	4423.61
184	4.67637	4402.22
185	4.70303	4397.21
186	4.73266	4395.73
187	4.75872	4367.16
188	4.78482	4362.25
189	4.81131	4350.24
190	4.84124	4334.22
191	4.8662	4304.05
192	4.89456	4303.09
193	4.92211	4302.37
194	4.94935	4253.55
195	4.97398	4233.98
196	4.99808	4229.12
197	5.02407	4225.5
198	5.04955	4224.65
199	5.07908	4221.91
200	5.10477	4215.55
201	5.13294	4209.18
202	5.159	4206.28
203	5.18801	4200.63
204	5.21438	4181.92
205	5.24389	4112.35
206	5.27289	4110.18
207	5.30204	4100.83
208	5.33401	4069.88
209	5.36189	4068.17
210	5.39112	4057.27
211	5.41883	4045.6
212	5.44714	4044.69
213	5.47412	4038.7
214	5.51212	4032.78
215	5.56113	4028.9
216	5.61523	4026.52
217	5.65235	4026.46
218	5.69064	4026.43
219	5.71775	4020.47
220	5.74285	4010.26
221	5.76776	4003.74
222	5.79415	4002.05
223	5.82226	3997.78
224	5.8492	3987.09
225	5.87419	3985.84
226	5.90111	3973
227	5.92958	3969.25
228	5.9554	3956.83
229	5.98553	3956.52
230	6.01202	3950.92
231	6.03669	3948.69
232	6.07041	3946.2
233	6.09438	3938.82
234	6.11865	3899.23
235	6.14635	3897.46
236	6.17271	3897.34
237	6.20116	3893.61
238	6.22948	3893.03
239	6.25494	3881.52
240	6.28098	3880.51
241	6.30633	3877.56
242	6.33258	3875.58
243	6.35885	3874.94
244	6.38612	3873.26
245	6.41694	3869.64
246	6.44282	3844.47
247	6.46928	3841.72
248	6.49851	3841.7
249	6.52729	3841.52
250	6.55658	3840.13
251	6.5833	3836.2
252	6.61002	3826.76
253	6.63728	3815
254	6.66336	3814.85
255	6.6918	3814.06
256	6.7184	3805.49
257	6.74652	3801.18
258	6.77672	3795.89
259	6.80253	3794.09
260	6.8322	3783.44
261	6.85715	3783.04
262	6.88464	3726.43
263	6.91365	3726.04
264	6.94181	3725.61
265	6.96654	3700.54
266	6.99352	3696.3
267	7.02104	3695.51
268	7.04913	3683.32
269	7.08081	3672.46
270	7.10714	3665.68
271	7.1347	3662.9
272	7.1633	3661.88
273	7.19561	3652.5
274	7.22094	3637.05
275	7.24871	3633.75
276	7.27735	3628.83
277	7.30436	3627.93
278	7.3306	3625.26
279	7.35639	3621.19
280	7.38337	3604.23
281	7.41678	3596.17
282	7.44322	3574.64
283	7.47093	3574.04
284	7.49691	3562.45
285	7.52425	3549.74
286	7.55093	3546.73
287	7.58065	3540.95
288	7.60681	3540.65
289	7.63514	3525.2
290	7.66183	3517.57
291	7.68787	3507.25
292	7.71447	3493.35
293	7.74228	3492.79
294	7.77036	3490.46
295	7.79676	3489.92
296	7.83079	3482.14
297	7.85676	3481.07
298	7.88546	3479.45
299	7.91513	3465.5
300	7.9434	3465.16
301	7.97444	3457.98
302	8.00027	3454.04
303	8.02859	3448.45
304	8.05603	3438.1
305	8.08183	3436.84
306	8.10657	3435.97
307	8.13255	3432.82
308	8.1624	3425.55
309	8.18954	3424.89
310	8.21447	3423.77
311	8.2399	3423.3
312	8.26652	3423.1
313	8.29898	3416.96
314	8.32702	3414.09
315	8.35589	3412.7
316	8.38424	3411.93
317	8.41086	3409.21
318	8.43773	3399.09
319	8.46634	3374.65
320	8.49701	3365.08
321	8.5236	3336.94
322	8.5523	3330.02
323	8.58166	3328.55
324	8.61179	3325.61
325	8.63819	3323.35
326	8.6667	3323.31
327	8.69743	3320.45
328	8.72484	3307.75
329	8.75324	3303.76
330	8.77982	3303.37
331	8.80755	3301.72
332	8.83348	3300.43
333	8.86289	3289.73
334	8.88884	3284.72
335	8.91821	3279.07
336	8.94884	3272.37
337	8.9743	3271.59
338	9.00219	3270.97
339	9.03323	3269.41
340	9.06002	3260.34
341	9.08813	3234.59
342	9.11475	3234.42
343	9.14236	3233.34
344	9.17287	3231.45
345	9.20043	3230.08
346	9.22943	3229.5
347	9.2568	3228.33
348	9.28339	3201.32
349	9.31057	3199.82
350	9.33795	3197.57
351	9.36796	3190.5
352	9.39494	3179.46
353	9.4225	3141.49
354	9.44916	3119.45
355	9.47585	3119.42
356	9.50577	3111.39
357	9.53296	3110.12
358	9.56183	3109.58
359	9.59041	3109.47
360	9.62022	3080.26
361	9.65113	3080.15
362	9.67824	3075.09
363	9.70473	3066.36
364	9.73239	3061.87
365	9.76505	3057.76
366	9.79148	3047.54
367	9.81944	3013.14
368	9.84843	2982.75
369	9.87644	2966.26
370	9.90614	2962.72
371	9.93347	2927.73
372	9.96222	2921.36
373	9.9901	2919.47
374	10.0189	2917.05
375	10.0486	2913.58
376	10.0822	2906.56
377	10.1111	2903.98
378	10.1418	2901.28
379	10.1701	2888.29
380	10.2001	2888.28
381	10.2281	2887.3
382	10.2559	2886.33
383	10.2834	2886.18
384	10.3112	2879.77
385	10.3455	2878.58
386	10.3726	2816.19
387	10.4003	2805.91
388	10.4333	2805.79
389	10.4664	2802.48
390	10.4933	2801.93
391	10.527	2801.66
392	10.5538	2740.7
393	10.5825	2739.05
394	10.6111	2738.56
395	10.6399	2713.28
396	10.6724	2695.84
397	10.7016	2695.7
398	10.738	2694.47
399	10.7668	2694
400	10.7953	2664.18
401	10.8237	2644.12
402	10.8526	2642.94
403	10.8801	2642.22
404	10.9114	2636.62
405	10.9402	2635.14
406	10.9692	2630.46
407	11.0036	2630.18
408	11.0292	2630.09
409	11.0581	2629.73
410	11.0868	2627.5
411	11.1146	2624.94
412	11.1423	2620.95
413	11.1711	2620.94
414	11.2002	2620.5
415	11.2277	2620.02
416	11.2584	2614.04
417	11.2873	2613.94
418	11.3183	2607.8
419	11.3482	2606.47
420	11.3751	2586.3
422	11.4347	2584.43
423	11.4633	2564.8
424	11.4921	2564.75
425	11.5211	2562.73
426	11.5522	2562.14
427	11.579	2561.16
428	11.6071	2559.54
429	11.6371	2545.76
430	11.6666	2536.7
431	11.7026	2533.48
432	11.7315	2531.8
433	11.7623	2531.37
434	11.7921	2527.32
435	11.8212	2522.62
436	11.8493	2522.51
437	11.8817	2521.99
438	11.9099	2518.14
439	11.9406	2516.62
440	11.9731	2515.72
441	11.9997	2515.54
442	12.0291	2515.39
443	12.0599	2513.3
444	12.0888	2512.59
445	12.1223	2511.83
446	12.1502	2500.39
447	12.1833	2476.08
448	12.2115	2476
449	12.241	2475.17
450	12.2704	2473.4
451	12.3021	2473.22
452	12.3327	2472.98
453	12.3717	2472.69
454	12.3995	2462.13
455	12.429	2461.89
456	12.4599	2461.09
457	12.4902	2457.55
458	12.5215	2456.52
459	12.551	2456.16
460	12.586	2421.6
461	12.6155	2415.4
462	12.6462	2402.78
463	12.6751	2400.95
464	12.7038	2400.14
465	12.7337	2399.59
466	12.769	2397.88
467	12.7976	2323.98
468	12.8288	2319.26
469	12.8582	2316.27
470	12.8877	2315.14
471	12.9181	2313.06
472	12.9477	2308.15
473	12.9769	2281.2
474	13.0058	2280.74
475	13.0345	2279.75
476	13.0631	2277.02
477	13.0922	2276.57
478	13.1233	2274.15
479	13.1534	2273.13
480	13.1827	2271.47
481	13.2103	2271.1
482	13.2397	2270.52
483	13.2691	2269.69
484	13.3001	2268.31
485	13.3298	2267.74
486	13.3605	2266.31
487	13.3896	2266.28
488	13.4214	2263.54
489	13.4526	2262.12
490	13.489	2261.96
491	13.52	2253.37
492	13.5556	2252.24
493	13.5845	2244.46
494	13.6147	2242.51
495	13.6466	2238.78
496	13.6766	2234.15
497	13.7081	2229.44
498	13.7417	2228.38
499	13.7738	2228
500	13.8047	2222.91
501	13.8352	2222.73
502	13.8628	2221.61
503	13.892	2219.51
504	13.9235	2205.81
505	13.9553	2192.68
506	13.9872	2192.45
507	14.0196	2191.94
508	14.0495	2190.38
509	14.0791	2190.32
510	14.1083	2190.26
511	14.1395	2184.54
512	14.1696	2183.69
513	14.2067	2183.53
514	14.2352	2183.46
515	14.2645	2182.57
516	14.2968	2167.87
517	14.3298	2167.54
518	14.3623	2154.8
519	14.3926	2154.42
520	14.4231	2154.34
521	14.4553	2154.31
522	14.4907	2141.18
523	14.5227	2140.58
524	14.5563	2126.89
525	14.5873	2125.43
526	14.621	2125.15
527	14.6512	2123.67
528	14.681	2123.6
529	14.7112	2122.13
530	14.7447	2122.07
531	14.7742	2104.81
532	14.805	2104.69
533	14.8348	2103.69
534	14.8681	2074.12
535	14.8965	2066.28
536	14.9275	2065.61
538	14.9906	2065.28
539	15.0259	2065.2
540	15.0578	2062.87
541	15.0928	2061.87
542	15.1239	2061.05
543	15.155	2059.6
544	15.187	2040.91
545	15.2161	2010.25
546	15.2472	2007.9
547	15.2757	2007.64
548	15.308	1996.97
549	15.3395	1996.27
550	15.3719	1993.99
551	15.4035	1988.28
552	15.4395	1987.14
553	15.4692	1987.06
554	15.5075	1982.07
555	15.5388	1980.79
556	15.5689	1980.7
557	15.6	1980.63
558	15.6306	1969.66
559	15.6594	1968.05
560	15.6887	1967.66
561	15.7179	1962.78
562	15.7468	1962.54
563	15.7769	1962.4
564	15.8149	1959.32
565	15.8445	1959.02
566	15.8739	1957.05
567	15.9058	1956.81
568	15.9357	1951.47
569	15.9664	1951.08
570	16.0047	1949.68
571	16.0339	1948.59
572	16.0653	1946.62
573	16.0974	1944.77
574	16.1278	1926.25
575	16.1582	1925.85
576	16.1901	1925.73
577	16.2226	1924.5
578	16.2558	1924.44
579	16.2871	1916.08
580	16.3168	1916.02
581	16.3473	1915.2
582	16.3772	1909.95
583	16.4094	1909.19
584	16.4422	1908.76
585	16.4715	1905.85
586	16.5008	1902.62
587	16.5351	1900.84
588	16.5646	1900.83
589	16.5969	1900.46
590	16.6287	1900.41
591	16.661	1891.36
592	16.6939	1890.93
593	16.7289	1888.39
594	16.7593	1888.14
595	16.7872	1888.09
596	16.8186	1883.13
597	16.8526	1878.4
598	16.8837	1876.3
599	16.9171	1874.93
600	16.9482	1869.5
601	16.9796	1869.32
602	17.0106	1855.84
603	17.0417	1855.7
604	17.0747	1855.31
605	17.1075	1836.52
606	17.1394	1834.82
607	17.1825	1833.75
608	17.2141	1830.25
609	17.2459	1824.49
610	17.2776	1813.12
611	17.3076	1812.5
612	17.3369	1812.37
613	17.3732	1811.64
614	17.4052	1804.13
615	17.4363	1798.48
616	17.467	1796.38
617	17.4983	1788.7
618	17.5335	1785.74
619	17.5632	1784.56
620	17.5929	1763.36
621	17.6245	1763.29
622	17.6621	1759.08
623	17.6923	1758.56
624	17.7283	1757.71
625	17.7614	1754.65
626	17.7925	1749.5
627	17.8237	1744.38
628	17.8586	1743.83
629	17.8896	1741.3
630	17.9267	1737.74
631	17.9646	1734.78
632	17.996	1733.88
633	18.0297	1732.55
634	18.0632	1729.05
635	18.0959	1728.73
636	18.1297	1725.96
637	18.162	1723.81
638	18.1952	1717.13
639	18.2279	1715.15
642	18.3237	1714.81
643	18.3561	1713.05
644	18.3865	1712.4
645	18.4178	1712.2
646	18.4546	1710.77
647	18.4877	1710.14
648	18.5173	1709.94
649	18.5496	1705.71
650	18.5817	1704.9
651	18.6138	1704.83
652	18.6469	1704.35
653	18.6792	1701.03
654	18.7106	1700.3
655	18.7417	1697.9
656	18.7742	1697.88
657	18.805	1695.58
658	18.8382	1692.11
659	18.8708	1691.26
660	18.9028	1688.42
661	18.933	1683.91
662	18.965	1682.44
663	18.9962	1681.99
664	19.0273	1679.79
665	19.0606	1677.58
666	19.091	1677.36
667	19.1198	1669.32
668	19.1508	1663.46
669	19.1826	1662.85
670	19.2141	1662.66
671	19.2468	1661.85
672	19.2794	1661.52
673	19.3092	1655.54
674	19.3417	1654.58
675	19.3727	1654.21
676	19.403	1652.89
677	19.4348	1652.56
678	19.4659	1652.19
679	19.5015	1630.74
680	19.5367	1629.18
681	19.5674	1604.44
682	19.6008	1603.22
683	19.6317	1602.34
684	19.6654	1602.23
685	19.697	1598.9
686	19.7307	1598.61
687	19.7617	1598.03
688	19.7928	1597.33
689	19.8264	1597.03
690	19.8602	1596.8
691	19.8931	1596.4
692	19.9307	1587.76
693	19.9635	1571.91
694	19.9959	1571.02
695	20.0286	1571.01
696	20.0613	1570.87
697	20.0953	1570.32
698	20.1278	1569.86
699	20.1628	1569.79
700	20.1953	1563.26
701	20.233	1563.2
702	20.2646	1558.12
703	20.2949	1550.58
704	20.3266	1549.67
705	20.3578	1548.66
706	20.3915	1546.53
707	20.4252	1543.59
708	20.4552	1513.18
709	20.4877	1512.63
710	20.5227	1511.98
711	20.555	1511.61
712	20.5874	1511.39
713	20.6192	1505.91
714	20.6503	1505.17
715	20.6893	1505.14
716	20.7211	1504.55
717	20.7586	1504.25
718	20.792	1495.64
719	20.8227	1494.23
720	20.8547	1494.2
721	20.8872	1493.57
722	20.9236	1492.94
723	20.9546	1492.71
724	20.9885	1492.23
725	21.0217	1491.27
726	21.0549	1490.46
727	21.0875	1481.55
728	21.1192	1481.44
729	21.1517	1480.98
730	21.1833	1480.84
731	21.2171	1480.5
732	21.25	1467.9
733	21.2818	1467.64
734	21.3173	1467.39
735	21.3487	1447.96
736	21.3808	1422.05
737	21.4159	1421.93
738	21.4496	1421.82
739	21.4861	1421.52
740	21.5179	1419.57
741	21.5535	1408.94
742	21.5855	1408.01
744	21.6575	1404.27
745	21.6899	1403.68
746	21.7268	1397.6
747	21.7603	1396.79
748	21.7947	1396.51
749	21.8336	1396.1
750	21.8696	1395.89
751	21.905	1394.84
752	21.9395	1393.51
754	22.0046	1393.21
755	22.0373	1393.07
756	22.0701	1392.27
757	22.1026	1392.21
758	22.1359	1391.44
759	22.1676	1390.8
760	22.2008	1367.27
762	22.2689	1366.93
763	22.3023	1359.08
764	22.3365	1358.68
765	22.3694	1358.08
766	22.4021	1357.7
767	22.4388	1357.63
768	22.4721	1357.57
769	22.5051	1356.54
770	22.5356	1355.28
771	22.5683	1353.81
772	22.6059	1352.55
773	22.6387	1351.99
774	22.6719	1346.12
775	22.7077	1344.15
776	22.7431	1343.96
777	22.7761	1343.89
778	22.8099	1343
779	22.8443	1342.67
780	22.8767	1341.69
781	22.9079	1341.59
782	22.9419	1341.58
783	22.9766	1341.29
784	23.0086	1341.25
785	23.0398	1340.51
786	23.073	1340.1
787	23.1062	1339.4
788	23.1392	1339.27
789	23.1727	1338.54
790	23.2075	1338.44
791	23.2426	1338.39
792	23.2766	1338.16
793	23.3112	1338.07
794	23.3467	1334.04
795	23.3813	1333.93
796	23.4157	1333.7
797	23.4506	1329.74
798	23.4818	1327.75
799	23.5141	1327.73
800	23.5522	1326.98
801	23.5876	1325.74
802	23.6232	1323.15
803	23.6574	1322.9
804	23.6942	1322.61
805	23.7273	1322.45
806	23.7629	1321.6
807	23.7964	1311.37
808	23.8293	1311.03
809	23.8673	1304.65
811	23.9364	1302.01
812	23.972	1301.89
813	24.0062	1292.09
814	24.0407	1291.32
815	24.0742	1291.18
816	24.1083	1290.59
817	24.1412	1289.52
818	24.1746	1287.85
819	24.2079	1287.72
820	24.2473	1286.91
821	24.2863	1286.33
822	24.3188	1285.33
823	24.3553	1284.85
824	24.3884	1283.47
825	24.4219	1283.13
826	24.4542	1282.04
827	24.4869	1282.02
828	24.5196	1281.2
829	24.5526	1280.51
830	24.5864	1280.42
831	24.6214	1274.81
832	24.6564	1273.98
833	24.6921	1273.32
834	24.7271	1273.26
835	24.7632	1269.98
836	24.7965	1266.92
837	24.8352	1265.87
838	24.8682	1265.68
839	24.9033	1264.76
840	24.9404	1260.44
841	24.9766	1260.38
842	25.0083	1260.09
843	25.0428	1259.53
844	25.0783	1257.65
845	25.1098	1252.9
846	25.1424	1252.89
847	25.18	1252.56
848	25.2144	1252.41
849	25.2524	1252.24
850	25.2851	1252.23
851	25.3196	1250.26
852	25.3538	1249.41
853	25.3876	1248.94
854	25.4206	1248.71
855	25.4538	1248.57
856	25.4872	1241.16
857	25.5219	1241.1
858	25.5586	1236.9
859	25.5938	1236.41
860	25.6285	1236.27
861	25.6625	1236.26
862	25.6983	1233.43
863	25.7319	1232.9
864	25.7691	1232.54
865	25.802	1232.06
866	25.8354	1232.03
867	25.8704	1231.86
868	25.9066	1231.7
869	25.9404	1230.92
870	25.9741	1230.91
871	26.0089	1226.01
872	26.044	1225.88
873	26.0764	1225.37
874	26.1209	1197.99
875	26.1547	1196.18
876	26.1908	1195.91
878	26.2604	1195.6
879	26.2958	1195.4
880	26.3287	1195.23
881	26.362	1195.03
882	26.397	1194.48
883	26.4289	1194.11
884	26.4652	1190.54
885	26.5001	1152.71
886	26.5357	1151.68
887	26.5698	1151.49
888	26.6025	1147.95
889	26.6358	1147.8
890	26.6758	1144.55
891	26.7092	1142.03
892	26.7446	1141.41
893	26.7816	1141.34
894	26.8157	1140.46
895	26.848	1139.86
896	26.882	1139.45
897	26.9168	1139.4
898	26.9499	1137.96
899	26.9898	1137.86
900	27.0265	1137.34
901	27.0621	1136.51
902	27.1006	1136.26
903	27.1358	1136.08
904	27.1692	1133.13
905	27.205	1132.97
906	27.2416	1132.7
907	27.2777	1132.58
908	27.3149	1129.93
909	27.35	1129.25
910	27.3839	1129.09
911	27.4178	1128.85
912	27.4536	1127.68
913	27.4886	1124.96
914	27.5241	1097.48
915	27.5613	1096.88
916	27.5971	1096.46
918	27.6666	1096.41
919	27.7028	1091.53
920	27.7382	1091.46
921	27.7733	1091.14
922	27.8085	1090.6
923	27.8459	1090.57
924	27.8808	1090.17
925	27.9154	1089.8
926	27.9502	1085.74
927	27.9834	1084.71
928	28.0159	1084.71
929	28.0525	1084.6
930	28.0893	1084.46
931	28.1259	1080.8
932	28.1578	1079.76
933	28.1914	1078.9
934	28.2252	1078.67
935	28.2603	1078.4
936	28.2924	1076.89
937	28.3293	1074.42
938	28.3629	1073.44
939	28.3975	1073.32
940	28.4317	1068.64
941	28.4669	1068.5
942	28.5005	1061.14
943	28.5348	1060.77
944	28.5679	1060.62
945	28.6082	1054.79
946	28.645	1054.21
947	28.6796	1053.18
948	28.7151	1053.01
949	28.7497	1051.02
950	28.7845	1045.76
951	28.82	1045.31
952	28.8558	1044.85
953	28.8945	1044.66
954	28.9278	1043.29
955	28.9638	1042.01
956	29.0004	1041.63
957	29.0334	1040.47
958	29.0665	1037.89
959	29.1003	1036.43
960	29.1335	1028.84
961	29.1674	1028.77
962	29.2022	1028.36
963	29.2353	1028.22
964	29.2699	1027.57
965	29.3049	1027.52
966	29.3418	1026.77
967	29.3761	1020.77
968	29.4098	1020.14
969	29.4434	1019.33
970	29.4782	1018.48
971	29.5151	1017.1
972	29.5515	1016.78
973	29.5897	1016.44
974	29.6254	1016.03
975	29.6665	1015.84
976	29.7021	1013.8
977	29.7368	1013.23
978	29.7719	1012.93
979	29.8061	1012.52
980	29.8409	1012.33
981	29.8754	1012.25
982	29.9104	1011.82
983	29.947	1011.11
984	29.9814	1010.42
985	30.0147	1010.1
986	30.0474	1010.03
987	30.0827	1006.05
988	30.1264	1005.88
989	30.1627	1005.39
990	30.1964	1005.11
992	30.2666	1004.98
993	30.3017	1003.66
994	30.3352	1003.54
995	30.3703	1002.84
996	30.4061	1002.82
997	30.4433	1001.49
998	30.4797	1000.51
999	30.5154	1000.34
1000	30.5487	999.164
1001	30.5828	997.321
1002	30.6157	997.23
1003	30.6504	997.012
1004	30.6849	995.605
1005	30.7194	993.621
1006	30.7537	993.592
1007	30.7864	992.752
1008	30.8197	987.422
1009	30.8548	986.579
1010	30.8888	986.462
1011	30.9267	986.237
1013	30.9941	974.502
1014	31.0275	973.2
1015	31.0612	970.494
1016	31.0956	967.749
1017	31.1318	967.536
1018	31.1658	966.313
1019	31.201	961.356
1020	31.2359	961.261
1021	31.2686	957.389
1022	31.3008	957.363
1023	31.335	956.863
1024	31.3701	956.204
1025	31.4097	956.136
1026	31.4438	956.1
1027	31.4784	956.057
1028	31.5198	955.868
1029	31.5539	955.864
1030	31.5882	953.85
1031	31.6265	953.683
1032	31.6599	952.423
1033	31.694	950.89
1034	31.7279	950.811
1035	31.7627	950.776
1036	31.7989	950.564
1037	31.8366	950.056
1038	31.8705	949.711
1040	31.9368	949.455
1041	31.9741	949.056
1042	32.0085	948.852
1043	32.0432	948.713
1044	32.0778	948.352
1045	32.1126	948.157
1046	32.1512	946.795
1047	32.1841	945.312
1048	32.2201	937.685
1049	32.2564	937.504
1050	32.2926	937.341
1051	32.3282	937.143
1052	32.3612	937.044
1053	32.3947	935.893
1054	32.429	935.495
1055	32.4735	935.209
1056	32.5159	935.149
1057	32.5505	934.893
1058	32.5887	929.684
1059	32.6234	928.883
1061	32.6915	928.822
1062	32.7331	928.712
1063	32.7684	928.678
1064	32.8046	927.972
1065	32.8395	922.268
1066	32.8778	922.06
1067	32.9162	918.058
1068	32.9567	917.817
1069	32.9975	917.553
1070	33.0347	917.524
1071	33.0751	917.127
1072	33.1123	915.782
1073	33.1482	915.693
1074	33.1819	915.416
1075	33.2165	903.717
1076	33.2524	875.693
1077	33.2877	875.638
1078	33.3243	875.501
1079	33.361	875.428
1080	33.4007	874.249
1081	33.4376	871.79
1082	33.4726	871.613
1083	33.5127	871.546
1084	33.548	870.874
1085	33.5837	868.871
1086	33.6207	868.524
1087	33.6609	867.645
1088	33.6953	867.634
1089	33.73	867.562
1090	33.7644	867.441
1091	33.7989	866.775
1092	33.8352	866.05
1094	33.9046	866.02
1095	33.9403	865.795
1096	33.9769	865.56
1097	34.0125	865.355
1098	34.0503	865.236
1099	34.0872	865.064
1100	34.122	852.101
1101	34.158	852.096
1102	34.1918	851.47
1103	34.2277	844.223
1104	34.2642	843.882
1105	34.299	842.401
1106	34.3352	842.382
1107	34.3773	842.048
1108	34.4114	842.01
1109	34.4462	840.799
1110	34.4819	838.13
1111	34.519	837.606
1112	34.5569	837.521
1113	34.5913	837.489
1114	34.6257	835.65
1115	34.662	835.095
1116	34.697	834.96
1117	34.7324	834.887
1118	34.768	834.358
1119	34.8029	834.159
1120	34.8388	834.082
1121	34.8756	834.023
1122	34.9118	833.96
1123	34.9464	833.931
1124	34.9891	833.918
1125	35.0261	832.543
1126	35.0663	832.025
1127	35.1035	831.584
1128	35.1374	831.332
1129	35.1725	831.132
1130	35.209	831.09
1131	35.2451	831.087
1132	35.2804	830.243
1133	35.3194	830.231
1134	35.3568	830.1
1135	35.3909	830.05
1136	35.4343	830.014
1137	35.4681	829.303
1138	35.5028	828.62
1139	35.5403	828.619
1140	35.5742	827.858
1141	35.6106	827.825
1142	35.6461	824.655
1143	35.6843	824.352
1144	35.7217	824.304
1145	35.7556	824.165
1146	35.7902	823.723
1147	35.8251	820.752
1148	35.8619	820.094
1149	35.8992	817.136
1150	35.9335	816.829
1151	35.9685	816.168
1152	36.0067	816.051
1153	36.0486	815.523
1154	36.084	815.377
1155	36.1199	815.355
1156	36.1553	814.938
1157	36.1934	814.8
1158	36.2284	814.711
1159	36.263	814.586
1160	36.2989	814.079
1161	36.333	813.894
1162	36.37	813.839
1163	36.4118	813.668
1164	36.4484	813.396
1165	36.4844	813.131
1166	36.5211	812.298
1167	36.5567	812.285
1168	36.5912	812.091
1169	36.6348	811.826
1170	36.6694	811.772
1171	36.7051	806.987
1172	36.741	806.478
1173	36.7775	806.245
1174	36.8132	806.215
1175	36.8483	805.248
1176	36.8835	804.242
1177	36.9229	802.153
1178	36.9585	802.109
1179	36.9959	801.987
1180	37.0305	800.924
1181	37.0713	800.848
1182	37.1084	800.691
1183	37.1497	799.907
1184	37.1864	798.523
1185	37.2237	798.449
1186	37.2605	798.42
1187	37.2971	797.724
1188	37.3383	797.719
1189	37.3721	797.697
1190	37.4069	797.622
1191	37.4423	797.322
1192	37.4784	797.293
1194	37.5518	796.903
1195	37.5889	796.796
1196	37.6246	791.788
1197	37.6594	791.755
1198	37.6942	789.931
1199	37.7322	789.887
1200	37.7706	789.867
1201	37.8033	789.743
1202	37.8387	786.969
1203	37.8744	786.73
1204	37.9109	786.315
1205	37.9514	785.937
1206	37.9858	785.844
1207	38.0229	785.821
1208	38.0581	785.675
1209	38.0952	785.418
1210	38.1317	785.398
1211	38.1672	782.325
1212	38.2006	782.229
1213	38.2364	781.662
1214	38.2727	758.937
1215	38.3091	757.427
1216	38.3443	757.376
1217	38.3816	757.154
1218	38.4185	756.934
1219	38.4588	756.897
1220	38.4921	756.822
1221	38.5286	756.706
1222	38.57	756.238
1223	38.6082	756.088
1224	38.6449	753.526
1225	38.6888	731.33
1226	38.7238	729.596
1227	38.7622	729.545
1228	38.8015	729.021
1229	38.8392	728.623
1230	38.8735	727.427
1232	38.9489	727.236
1233	38.9848	727.158
1234	39.021	727.037
1235	39.0572	726.359
1236	39.0955	725.984
1237	39.129	725.825
1238	39.1628	725.142
1239	39.1997	725.043
1240	39.2372	724.905
1241	39.2757	724.319
1242	39.3132	724.249
1244	39.3854	722.402
1245	39.4222	722.243
1246	39.4573	722.041
1247	39.4967	721.524
1248	39.5334	720.763
1249	39.5722	720.438
1250	39.6113	719.687
1251	39.6487	718.817
1252	39.6893	718.1
1253	39.7249	717.289
1254	39.7626	716.105
1255	39.7975	715.739
1256	39.8339	715.664
1258	39.9093	715.45
1259	39.946	712.843
1260	39.9813	712.807
1261	40.02	712.069
1262	40.0643	711.553
1263	40.1006	711.413
1264	40.1363	711.282
1265	40.1732	710.474
1266	40.2108	709.535
1267	40.2463	709.294
1268	40.2813	709.291
1270	40.3551	709.191
1271	40.3912	707.347
1272	40.428	706.776
1273	40.4653	706.66
1274	40.5023	706.377
1275	40.5368	706.199
1276	40.5747	700.624
1277	40.6098	699.684
1278	40.6459	699.307
1280	40.7159	696.847
1281	40.7592	696.844
1282	40.7966	690.516
1283	40.837	690.404
1284	40.8757	689.716
1285	40.9121	685.663
1286	40.9507	684.908
1287	40.9871	683.915
1288	41.0221	683.814
1289	41.0591	683.225
1290	41.098	681.411
1291	41.1362	681.17
1292	41.1729	680.825
1294	41.2421	679.314
1295	41.2774	679.108
1296	41.315	678.655
1297	41.3537	678.356
1298	41.3916	674.832
1299	41.4291	673.979
1300	41.4629	669.407
1301	41.4978	669.148
1302	41.5332	666.139
1303	41.568	666.116
1304	41.6031	665.638
1305	41.6413	665.622
1306	41.6778	665.211
1307	41.7147	664.503
1308	41.7492	664.475
1309	41.7884	664.194
1310	41.8302	664.12
1311	41.8649	663.76
1313	41.9443	663.698
1314	41.9816	663.597
1315	42.0177	663.575
1316	42.0561	662.371
1317	42.091	661.938
1318	42.126	661.751
1320	42.1998	661.174
1323	42.306	660.76
1324	42.3413	660.47
1325	42.3796	660.231
1326	42.418	659.843
1327	42.455	658.213
1328	42.4927	658.014
1329	42.5281	657.731
1330	42.5647	657.351
1331	42.5996	657.265
1332	42.6406	657.214
1333	42.6801	657.124
1335	42.75	656.119
1337	42.8221	655.321
1338	42.8608	654.934
1339	42.8974	654.609
1340	42.9343	653.61
1341	42.9725	652.637
1342	43.0082	652.594
1344	43.0817	650.855
1345	43.1175	650.709
1346	43.1578	650.107
1347	43.195	649.664
1348	43.231	647.942
1349	43.2657	647.753
1350	43.3017	647.553
1351	43.3373	646.81
1352	43.3753	646.657
1353	43.4137	644.007
1354	43.4514	643.439
1355	43.4909	642.973
1356	43.5263	642.541
1358	43.5971	642.234
1359	43.6338	641.233
1361	43.7017	639.933
1362	43.7395	639.88
1363	43.775	639.612
1364	43.8101	639.577
1365	43.8464	639.542
1366	43.8839	639.53
1367	43.9192	639.372
1368	43.9555	639.308
1369	43.9909	639.243
1370	44.0259	639.13
1371	44.0619	639.038
1372	44.0988	638.078
1373	44.1377	635.624
1374	44.1754	635.399
1375	44.2141	635.347
1376	44.2507	635.345
1377	44.2887	635.249
1378	44.3243	635.181
1381	44.4321	635.049
1382	44.4684	634.695
1383	44.507	634.569
1384	44.542	634.253
1385	44.5777	634.042
1386	44.6162	634.009
1387	44.65	632.886
1388	44.684	628.526
1389	44.7227	628.451
1390	44.7683	628.413
1391	44.802	628.374
1392	44.8369	628.311
1393	44.8754	627.867
1394	44.9123	627.545
1395	44.9538	627.542
1396	44.9896	627.433
1397	45.0247	627.316
1398	45.0598	624.841
1399	45.0941	624.622
1400	45.1291	624.613
1401	45.1644	624.609
1402	45.2006	624.169
1403	45.2366	624.141
1404	45.271	623.516
1405	45.3061	619.316
1406	45.3439	619.111
1407	45.3818	618.929
1408	45.4191	618.907
1409	45.4583	618.356
1410	45.4949	618.33
1411	45.5314	618.288
1412	45.5671	617.019
1413	45.6033	616.938
1414	45.6391	616.85
1415	45.6752	609.465
1416	45.7113	607.901
1417	45.7453	607.863
1418	45.7797	607.773
1419	45.818	607.764
1420	45.8542	607.433
1421	45.8967	605.572
1422	45.9341	605.434
1423	45.9699	605.315
1424	46.0066	605.154
1425	46.042	604.751
1426	46.0768	604.702
1427	46.1115	604.372
1428	46.1496	604.292
1429	46.1887	604.265
1430	46.2242	604.158
1431	46.2631	603.996
1432	46.2987	603.313
1434	46.3717	603.289
1435	46.4118	603.215
1436	46.4481	603.067
1437	46.4894	603.055
1438	46.524	602.958
1439	46.5598	602.871
1440	46.5975	601.68
1442	46.6756	601.435
1443	46.7144	600.965
1444	46.7482	600.783
1445	46.7837	600.746
1446	46.8274	600.73
1447	46.8622	600.706
1448	46.8996	600.67
1449	46.9351	600.07
1450	46.9695	599.495
1451	47.0109	598.639
1452	47.0486	598.632
1453	47.0856	598.569
1454	47.1199	598.031
1455	47.1562	595.668
1456	47.1923	595.648
1457	47.2293	595.638
1458	47.2724	595.45
1459	47.309	595.34
1460	47.3478	595.256
1461	47.3843	595.242
1462	47.4197	595.151
1463	47.4563	595.138
1465	47.5294	593.735
1466	47.5643	593.636
1467	47.601	593.521
1468	47.6361	593.503
1469	47.6712	592.927
1470	47.7082	592.846
1471	47.7443	592.843
1472	47.7813	592.592
1475	47.9038	592.583
1476	47.9463	592.571
1477	47.981	592.218
1478	48.0174	591.64
1479	48.0563	591.515
1480	48.0926	591.42
1481	48.1326	591.249
1482	48.1691	589.805
1483	48.2068	589.75
1484	48.2466	589.702
1485	48.2831	589.648
1486	48.3263	589.385
1487	48.3639	588.949
1488	48.4024	588.111
1489	48.4369	587.565
1490	48.4724	587.004
1491	48.514	586.454
1492	48.5517	586.427
1493	48.5913	586.11
1494	48.6297	585.913
1496	48.7025	585.884
1497	48.7394	585.859
1498	48.7756	585.815
1499	48.8177	585.771
1500	48.8586	585.152
1501	48.8988	585.023
1502	48.9388	584.924
1503	48.9735	584.784
1505	49.0471	584.513
1506	49.084	584.389
1507	49.1203	584.378
1508	49.156	584.326
1509	49.1925	583.959
1510	49.2335	583.916
1511	49.2703	583.228
1512	49.3048	582.785
1513	49.3423	581.74
1514	49.3773	581.738
1515	49.4143	581.113
1516	49.4539	580.424
1517	49.4925	579.573
1518	49.5294	579.451
1519	49.5776	579.309
1520	49.6133	578.77
1521	49.6487	578.712
1522	49.6836	578.621
1523	49.7195	578.084
1524	49.7588	577.431
1525	49.7955	576.749
1526	49.8319	576.719
1527	49.8686	576.587
1528	49.9038	576.301
1529	49.9387	576.271
1530	49.9763	576.23
1531	50.0127	575.598
1533	50.0885	575.54
1534	50.1307	575.381
1535	50.1654	575.17
1536	50.201	573.156
1537	50.2367	573.043
1538	50.2751	572.864
1539	50.3163	572.772
1540	50.3523	572.771
1541	50.3875	572.639
1542	50.4232	571.916
1543	50.4585	571.764
1544	50.497	571.661
1545	50.537	571.495
1546	50.5724	571.373
1547	50.6073	571.372
1548	50.6447	571.345
1550	50.7228	571.337
1551	50.7605	570.083
1552	50.7966	570.012
1553	50.8335	569.818
1554	50.8731	567.106
1555	50.9099	567.066
1556	50.9493	567.027
1557	50.9924	566.998
1558	51.0284	566.41
1559	51.0697	566.382
1560	51.1059	566.336
1561	51.1408	566.195
1562	51.1765	565.908
1564	51.2512	565.695
1565	51.288	565.238
1566	51.326	565.078
1567	51.3647	564.659
1568	51.4017	564.074
1569	51.4383	564.006
1570	51.4746	563.201
1571	51.5144	562.099
1572	51.5491	561.918
1574	51.6236	561.722
1575	51.6593	561.282
1576	51.6973	561.13
1577	51.738	561.001
1578	51.7739	560.949
1579	51.8106	560.702
1581	51.883	560.418
1582	51.9226	560.355
1584	51.9934	559.207
1585	52.0304	559.138
1586	52.07	559.038
1587	52.1091	558.908
1588	52.1428	558.503
1589	52.1794	558.401
1590	52.2154	558.212
1591	52.2522	557.327
1592	52.2963	556.609
1593	52.3312	556.188
1594	52.3695	555.688
1595	52.4049	555.661
1596	52.4449	555.609
1598	52.5164	555.472
1599	52.5528	554.984
1600	52.5926	554.971
1601	52.6273	554.719
1602	52.6661	554.591
1603	52.7026	554.524
1604	52.7404	554.515
1605	52.7772	554
1606	52.8146	553.348
1607	52.8568	553.324
1608	52.902	553.314
1609	52.9511	553.306
1610	52.9968	553.212
1611	53.0399	552.742
1612	53.0797	552.477
1614	53.1564	552.301
1615	53.1952	552.293
1616	53.2355	550.964
1617	53.2753	550.102
1618	53.3145	549.719
1620	53.3908	547.72
1621	53.4258	547.686
1622	53.4645	547.387
1623	53.5023	547.194
1624	53.539	547.079
1625	53.5758	546.614
1626	53.6139	545.991
1627	53.6539	545.377
1629	53.7268	544.94
1630	53.7617	542.17
1632	53.8402	541.986
1633	53.8794	541.985
1634	53.915	541.143
1635	53.9512	541.094
1636	53.9855	540.947
1638	54.0643	537.325
1639	54.0989	537.242
1640	54.1362	530.666
1641	54.1738	530.584
1642	54.2131	530.085
1643	54.25	530.06
1644	54.2885	529.643
1645	54.3287	529.638
1646	54.3692	529.526
1647	54.4076	528.843
1648	54.4473	528.716
1649	54.4824	528.58
1651	54.5596	528.549
1652	54.5965	528.54
1653	54.6376	528.217
1654	54.6759	528.168
1655	54.7103	528.048
1656	54.7477	526.83
1657	54.7875	526.8
1658	54.827	526.51
1660	54.9074	526.094
1662	54.9842	526.074
1663	55.0212	525.953
1665	55.0922	525.663
1666	55.1288	525.519
1667	55.1664	525.056
1668	55.2041	524.944
1669	55.2403	524.643
1670	55.2775	524.497
1671	55.3151	524.496
1672	55.3557	524.496
1675	55.467	523.977
1677	55.5443	523.759
1678	55.5831	523.681
1679	55.6254	523.478
1680	55.6618	523.217
1681	55.6991	523.06
1683	55.7707	523.055
1684	55.8074	521.483
1685	55.8432	521.171
1686	55.886	521.048
1687	55.9215	520.594
1688	55.9577	516.407
1689	55.9947	516.374
1690	56.0367	516.356
1691	56.0746	516.201
1693	56.1448	514.188
1695	56.2159	513.954
1696	56.2534	513.662
1697	56.2877	513.658
1698	56.3262	513.54
1699	56.3643	512.159
1701	56.4386	511.803
1702	56.4742	511.764
1703	56.51	511.721
1704	56.5505	511.714
1705	56.5878	511.685
1707	56.6579	511.447
1708	56.6954	511.41
1709	56.7304	511.374
1710	56.7689	511.296
1711	56.8042	511.272
1712	56.84	511.2
1713	56.8765	510.838
1714	56.9132	510.68
1715	56.9514	510.613
1716	56.9889	510.557
1717	57.0261	510.54
1718	57.0727	510.478
1720	57.1462	510.351
1721	57.1841	510.324
1722	57.2203	510.235
1723	57.2548	510.185
1724	57.2912	509.951
1725	57.3293	509.781
1726	57.3652	509.479
1727	57.4081	507.832
1728	57.444	506.57
1729	57.4806	506.491
1730	57.5175	506.32
1731	57.5533	506.279
1732	57.5911	506.247
1733	57.6254	505.973
1734	57.6621	505.729
1735	57.6985	505.606
1736	57.7347	505.578
1737	57.7715	505.518
1738	57.81	505.411
1739	57.8468	505.312
1740	57.8836	505.149
1741	57.9275	505.141
1742	57.9754	505.113
1743	58.014	505.102
1744	58.0551	505.03
1745	58.096	500.781
1746	58.1353	500.775
1747	58.1741	500.684
1748	58.2131	500.581
1749	58.248	500.497
1750	58.2846	500.478
1751	58.3206	500.478
1752	58.3566	500.331
1753	58.3938	500.27
1754	58.4329	500.257
1755	58.4813	499.241
1756	58.5144	497.632
1757	58.5505	497.599
1758	58.5866	497.534
1759	58.6263	497.526
1760	58.6685	497.384
1761	58.7053	496.524
1762	58.7428	496.298
1763	58.7797	496.167
1764	58.8159	496.127
1765	58.8524	496.002
1766	58.8894	495.903
1767	58.9269	495.748
1768	58.9659	495.728
1769	59.0087	495.698
1770	59.0459	495.644
1771	59.0832	495.586
1772	59.1192	495.375
1774	59.1948	495.353
1775	59.2326	495.271
1776	59.2686	495.127
1777	59.3104	495.118
1778	59.3487	494.983
1779	59.3875	494.958
1780	59.4252	494.582
1781	59.4627	494.579
1782	59.5008	494.381
1783	59.537	494.018
1784	59.5741	493.859
1785	59.6127	493.794
1786	59.6515	493.783
1787	59.6876	493.743
1788	59.7271	493.708
1789	59.7639	492.973
1790	59.8034	492.933
1791	59.8394	492.739
1792	59.8806	492.731
1794	59.9537	492.485
1795	59.9891	492.133
1796	60.0268	492.124
1797	60.0628	492.122
1798	60.1008	491.83
1799	60.1415	491.699
1801	60.2128	491.66
1802	60.251	491.612
1803	60.2934	491.586
1804	60.3323	491.581
1805	60.3688	490.707
1806	60.4084	490.526
1807	60.4452	490.37
1808	60.4874	490.367
1809	60.5242	490.105
1810	60.561	490.091
1811	60.5988	490.085
1812	60.6366	490.023
1813	60.674	490.015
1815	60.7475	490.014
1816	60.7902	490.013
1817	60.8295	489.847
1818	60.8645	489.842
1819	60.9049	489.836
1821	60.9857	489.811
1822	61.0241	489.094
1823	61.0667	489.058
1824	61.1039	489.051
1825	61.1398	488.994
1826	61.1762	488.829
1827	61.2137	488.813
1828	61.2523	488.713
1829	61.2889	488.18
1830	61.33	488.048
1831	61.369	487.57
1832	61.4075	487.56
1833	61.4456	487.176
1834	61.4832	487.122
1837	61.5896	487.057
1838	61.631	486.97
1839	61.6683	486.921
1840	61.7057	486.531
1841	61.742	486.304
1842	61.7777	486.219
1843	61.8147	486.076
1844	61.8523	485.929
1845	61.8896	485.777
1846	61.9291	485.149
1847	61.9645	485.134
1848	62.0017	484.85
1849	62.0378	484.745
1850	62.0784	484.713
1851	62.117	483.885
1852	62.1533	483.547
1853	62.1881	483.497
1854	62.2295	483.477
1855	62.2671	483.13
1856	62.3024	483.018
1857	62.3411	482.686
1858	62.3799	482.618
1859	62.4189	482.481
1860	62.4579	481.618
1861	62.4959	481.598
1862	62.5351	480.972
1863	62.5738	480.684
1864	62.6112	480.126
1865	62.6466	480.106
1866	62.6846	480.096
1867	62.719	480.03
1868	62.7634	479.965
1869	62.8001	479.882
1870	62.8362	479.809
1871	62.8713	479.564
1872	62.9089	479.547
1874	62.9836	479.346
1875	63.0248	479.224
1876	63.0632	477.706
1877	63.1038	477.66
1878	63.1387	477.588
1879	63.1756	477.58
1880	63.214	477.577
1881	63.2496	477.526
1882	63.293	477.167
1883	63.3296	477.067
1885	63.4082	477.038
1886	63.4442	477.019
1887	63.4804	476.919
1888	63.5172	476.88
1889	63.5527	476.827
1890	63.5896	476.817
1891	63.6267	475.894
1892	63.6656	475.866
1893	63.7063	475.648
1894	63.744	475.415
1895	63.7777	475.414
1896	63.8129	475.342
1897	63.8486	475.331
1898	63.8845	475.199
1899	63.9239	474.926
1900	63.9604	474.88
1901	63.9987	474.805
1902	64.0359	474.678
1903	64.0748	474.648
1904	64.1138	474.595
1905	64.1509	474.312
1906	64.1882	474.27
1907	64.2217	474.221
1908	64.2572	474.02
1909	64.2925	473.947
1910	64.3302	473.447
1911	64.3671	473.076
1912	64.4051	473.053
1913	64.4425	473.049
1915	64.5158	472.934
1916	64.5542	472.842
1917	64.5902	472.685
1919	64.6641	472.663
1921	64.738	472.442
1922	64.7754	472.38
1924	64.8556	472.31
1925	64.8915	472.079
1926	64.9268	471.984
1927	64.9629	471.949
1928	64.9996	471.829
1929	65.0366	471.76
1930	65.0757	471.362
1931	65.1116	470.731
1932	65.1515	470.09
1934	65.2334	469.705
1935	65.2699	469.7
1936	65.3078	469.659
1937	65.3522	469.585
1938	65.3892	469.49
1939	65.4261	469.165
1940	65.4625	469.156
1941	65.5086	469.092
1942	65.5454	469.004
1943	65.5833	468.994
1945	65.6577	468.768
1946	65.6933	468.606
1947	65.7297	468.514
1949	65.8	468.503
1950	65.8443	468.439
1951	65.8822	468.433
1952	65.9213	467.909
1954	65.9959	467.898
1955	66.0401	467.898
1956	66.0746	467.521
1957	66.1091	467.131
1958	66.1464	467.031
1960	66.2259	466.543
1961	66.2638	466.506
1962	66.2983	466.483
1964	66.3779	466.361
1965	66.4136	465.9
1966	66.4568	465.766
1967	66.4958	465.352
1970	66.6097	463.941
1971	66.6477	463.918
1972	66.6856	463.676
1973	66.7247	463.651
1974	66.7655	462.287
1976	66.8385	462.233
1977	66.8743	462.173
1978	66.9092	460.383
1979	66.9509	460.126
1980	66.9898	457.432
1981	67.0255	457.253
1982	67.0606	456.945
1984	67.1303	456.311
1985	67.1698	456.253
1986	67.208	456.186
1987	67.2454	455.878
1988	67.2818	455.805
1989	67.3167	455.776
1991	67.3878	455.761
1992	67.4261	455.714
1993	67.4673	455.69
1994	67.5032	455.672
1995	67.5389	455.595
1996	67.5774	454.983
2000	67.721	454.903
2003	67.8267	454.793
2005	67.8972	454.688
2007	67.9741	454.615
2008	68.0143	454.536
2009	68.052	454.339
2010	68.0919	454.189
2011	68.1286	454.189
2012	68.1652	454.181
2013	68.2019	453.875
2016	68.317	453.869
2017	68.3553	453.846
2018	68.3948	453.798
2019	68.4318	453.702
2020	68.4723	453.493
2021	68.5126	453.05
2023	68.5846	453.025
2024	68.6193	451.758
2025	68.6553	451.652
2026	68.6904	451.532
2027	68.7256	451.396
2028	68.7627	450.562
2030	68.841	450.553
2031	68.8804	450.536
2032	68.9166	450.518
2033	68.9536	449.651
2034	68.9968	449.087
2035	69.0353	448.855
2036	69.0727	448.803
2038	69.1503	448.727
2039	69.1866	448.136
2041	69.2631	448.089
2042	69.3009	448.083
2043	69.3397	448.057
2044	69.3744	448.039
2045	69.4106	447.984
2046	69.4493	447.926
2047	69.4888	447.884
2048	69.5253	447.821
2049	69.5612	447.741
2050	69.5975	447.594
2051	69.6352	447.579
2052	69.671	447.53
2053	69.7068	447.326
2054	69.7419	447.139
2055	69.7801	447.024
2056	69.8173	446.995
2057	69.8536	446.886
2058	69.8916	446.865
2059	69.9298	446.857
2061	70.0049	446.683
2062	70.0429	446.615
2063	70.0792	446.599
2064	70.114	446.435
2065	70.1503	446.408
2066	70.188	446.356
2067	70.2255	446.32
2068	70.2648	445.536
2069	70.3037	445.523
2070	70.3381	445.419
2071	70.3756	445.377
2072	70.4133	445.323
2073	70.4494	445.183
2074	70.4877	444.929
2075	70.5259	444.906
2076	70.5618	444.903
2077	70.6	444.793
2078	70.6364	444.704
2079	70.6706	444.666
2080	70.7066	444.653
2081	70.7431	444.635
2082	70.7788	444.37
2083	70.8156	444.359
2084	70.8591	444.273
2085	70.8971	441.708
2086	70.9356	441.569
2087	70.9728	441.472
2088	71.0089	441.435
2089	71.0435	441.379
2090	71.0856	441.368
2092	71.1592	441.198
2093	71.1998	441.132
2094	71.2403	441.112
2095	71.2785	440.573
2096	71.3133	436.745
2097	71.3552	436.721
2098	71.3909	436.501
2099	71.4295	436.487
2101	71.5083	436.014
2102	71.5456	435.727
2103	71.5816	435.626
2104	71.6185	435.546
2105	71.6568	435.436
2106	71.6923	435.411
2107	71.7321	435.348
2108	71.7692	435.297
2109	71.8096	435.275
2110	71.8448	435.266
2111	71.8792	435.2
2112	71.9167	435.077
2114	71.9933	434.894
2115	72.0296	434.826
2116	72.0682	434.639
2117	72.1036	434.629
2118	72.1403	434.474
2119	72.1793	434.449
2120	72.2172	434.196
2121	72.2535	434.193
2122	72.2906	434.145
2123	72.3276	433.887
2124	72.3636	433.75
2126	72.4352	433.735
2128	72.5097	433.694
2129	72.5465	433.521
2131	72.6159	433.461
2132	72.6516	433.403
2134	72.7275	432.883
2135	72.7633	432.751
2136	72.8058	432.737
2137	72.8441	432.716
2138	72.8802	432.637
2140	72.9521	432.578
2141	72.9904	432.561
2142	73.0282	432.49
2143	73.0685	432.479
2144	73.1071	432.474
2145	73.1454	432.348
2146	73.182	432.162
2147	73.2236	432.142
2148	73.2624	432.141
2149	73.3012	431.576
2151	73.3715	431.572
2152	73.4103	430.957
2153	73.4507	430.949
2154	73.4899	430.86
2155	73.5288	430.791
2156	73.5642	430.756
2157	73.6014	430.636
2158	73.6401	430.513
2159	73.6765	430.495
2160	73.7141	430.478
2161	73.7506	430.398
2162	73.7865	430.129
2164	73.864	430.11
2165	73.9039	430.037
2166	73.9408	429.905
2167	73.978	429.734
2168	74.0149	429.666
2169	74.0511	429.345
2171	74.1314	429.181
2172	74.1662	429.172
2173	74.2075	429.135
2174	74.2461	427.918
2175	74.2828	427.869
2177	74.3617	427.828
2178	74.4009	427.725
2179	74.4387	427.667
2180	74.476	427.559
2181	74.5142	427.468
2182	74.5514	427.364
2183	74.5894	427.333
2185	74.6656	427.158
2186	74.7015	426.565
2187	74.7363	426.565
2188	74.7738	426.498
2190	74.8537	426.475
2191	74.8921	425.858
2192	74.9303	425.596
2193	74.9667	425.575
2194	75.0053	425.547
2195	75.0416	425.375
2196	75.0769	425.274
2197	75.1149	425.023
2198	75.1532	424.967
2199	75.196	424.77
2200	75.235	424.415
2201	75.2716	424.402
2202	75.3154	424.262
2203	75.3532	424.069
2204	75.3888	423.709
2205	75.4259	423.638
2206	75.4664	423.617
2208	75.5487	423.525
2209	75.5912	423.479
2210	75.6306	423.464
2211	75.6671	423.161
2213	75.7411	423.156
2214	75.7819	423.124
2215	75.8173	423.043
2216	75.8518	421.942
2217	75.8906	421.896
2218	75.9266	421.82
2219	75.9648	421.796
2221	76.0377	421.752
2223	76.1085	421.7
2225	76.1795	421.632
2226	76.217	421.624
2227	76.253	421.616
2230	76.3624	421.601
2231	76.3988	421.014
2233	76.4738	420.858
2234	76.5188	420.762
2235	76.5573	420.736
2236	76.5979	420.685
2238	76.6706	420.524
2240	76.7426	420.493
2241	76.7811	420.388
2242	76.8184	420.268
2244	76.8946	420.253
2246	76.97	420.174
2247	77.0067	420.171
2249	77.0805	420.06
2250	77.1182	419.748
2252	77.1916	419.734
2254	77.2636	419.664
2255	77.3023	419.578
2256	77.3376	419.575
2257	77.3744	419.515
2259	77.4513	419.506
2261	77.522	418.916
2263	77.5937	418.902
2265	77.6663	418.89
2267	77.7435	418.831
2269	77.8205	418.734
2270	77.8581	418.631
2271	77.8963	418.444
2272	77.9351	417.938
2273	77.9724	417.797
2274	78.0097	417.461
2275	78.0493	417.432
2276	78.0854	417.333
2277	78.1262	416.882
2278	78.1639	416.789
2279	78.2014	416.564
2281	78.278	416.563
2282	78.3154	416.249
2283	78.3522	416.221
2285	78.4255	416.048
2286	78.4619	415.606
2290	78.6081	415.556
2292	78.6788	415.518
2295	78.787	415.481
2296	78.8277	414.15
2297	78.8637	413.593
2300	78.973	413.116
2302	79.0505	413.056
2303	79.0864	413.016
2304	79.1208	413
2305	79.1558	412.957
2306	79.2007	412.932
2307	79.2399	412.638
2308	79.2808	412.631
2310	79.3546	411.538
2312	79.4326	411.413
2313	79.4693	411.413
2314	79.5053	411.152
2315	79.5464	411.132
2317	79.6183	411.091
2318	79.6556	409.887
2319	79.6924	409.643
2320	79.7284	408.653
2322	79.8056	408.492
2323	79.8416	408.488
2324	79.8791	408.291
2325	79.921	408.284
2327	79.9903	408.226
2328	80.0264	408.15
2329	80.0646	408.1
2332	80.1747	407.938
2333	80.2125	407.834
2334	80.2505	407.806
2335	80.2883	407.581
2336	80.3267	407.282
2340	80.4769	407.197
2343	80.5899	407.156
2344	80.6267	407.127
2345	80.6633	407.011
2346	80.6994	406.951
2347	80.7347	406.889
2348	80.7718	406.885
2349	80.8079	406.729
2350	80.8467	406.443
2353	80.9612	406.391
2355	81.0443	406.22
2356	81.0812	406.215
2357	81.1196	406.193
2359	81.1916	406.075
2360	81.2299	406.021
2361	81.2679	405.613
2363	81.3471	405.588
2364	81.3861	405.194
2365	81.4249	404.965
2366	81.4643	404.879
2367	81.5017	404.822
2368	81.5408	404.259
2371	81.6492	404.24
2372	81.6864	404.223
2373	81.7241	403.659
2374	81.7632	403.588
2375	81.7995	403.413
2376	81.8381	403.308
2377	81.8833	403.304
2378	81.922	403.249
2379	81.9589	403.017
2381	82.0301	402.921
2382	82.066	402.904
2383	82.1038	402.882
2384	82.1424	402.874
2385	82.181	402.86
2386	82.216	402.829
2387	82.252	402.826
2388	82.2893	402.806
2389	82.327	402.804
2390	82.3645	402.467
2391	82.4016	402.457
2392	82.438	402.34
2393	82.4757	402.022
2394	82.5114	401.952
2395	82.554	401.949
2396	82.5914	401.934
2397	82.6278	401.902
2398	82.6649	401.888
2399	82.7047	401.88
2401	82.7775	401.844
2402	82.8146	401.776
2403	82.8522	401.771
2404	82.8886	401.641
2406	82.9802	401.584
2407	83.0226	401.565
2408	83.0603	401.192
2409	83.1041	401.182
2410	83.1436	401.169
2411	83.1949	401.138
2412	83.2347	401.116
2413	83.2735	401.053
2414	83.3123	400.96
2415	83.3517	400.943
2416	83.3913	400.8
2417	83.4287	400.75
2418	83.4655	400.708
2419	83.5012	400.699
2420	83.5376	400.686
2421	83.5746	400.682
2422	83.6141	400.621
2423	83.6529	400.613
2424	83.6905	400.535
2425	83.7263	399.892
2426	83.7637	399.874
2427	83.801	399.809
2428	83.8385	399.773
2429	83.8755	399.557
2430	83.914	399.545
2432	83.9851	399.516
2433	84.0219	399.483
2434	84.058	399.447
2435	84.0945	399.306
2436	84.1359	398.66
2437	84.1721	398.637
2438	84.2079	398.59
2439	84.2439	398.581
2440	84.2785	398.518
2441	84.3166	398.287
2442	84.3544	398.227
2443	84.391	398.129
2444	84.4282	398.08
2445	84.4651	397.954
2446	84.5013	397.937
2447	84.5376	397.85
2448	84.5768	397.797
2449	84.6186	397.79
2450	84.6608	397.681
2451	84.7017	397.639
2452	84.7396	397.592
2453	84.7778	397.585
2454	84.8217	397.532
2455	84.8583	397.478
2456	84.8944	397.332
2457	84.9323	397.318
2458	84.9677	397.239
2460	85.0657	397.006
2461	85.1062	397.005
2462	85.1446	396.923
2463	85.1825	396.727
2464	85.2243	396.622
2466	85.2999	396.614
2467	85.3374	396.572
2468	85.3781	396.551
2469	85.4188	396.476
2471	85.4961	396.4
2472	85.5408	396.364
2473	85.5896	396.314
2474	85.6295	396.048
2475	85.6663	395.88
2476	85.7041	395.834
2477	85.7398	395.831
2478	85.7781	395.784
2479	85.8199	395.777
2480	85.8569	395.724
2481	85.8932	395.717
2482	85.9305	395.676
2483	85.968	395.631
2484	86.0045	395.615
2485	86.0433	395.098
2486	86.0794	394.832
2487	86.1156	394.709
2488	86.1553	394.707
2489	86.2014	394.567
2490	86.2387	394.502
2491	86.2792	394.449
2492	86.3202	394.135
2493	86.3561	394.128
2495	86.4328	394.124
2496	86.4695	394.108
2497	86.5086	394.052
2498	86.5456	394.024
2499	86.5832	394.017
2500	86.6219	394.017
2501	86.6606	394.015
2502	86.6996	393.888
2503	86.7386	393.87
2504	86.7734	393.863
2505	86.8088	393.824
2507	86.8829	393.611
2508	86.9186	393.603
2509	86.9573	393.347
2511	87.0284	393.212
2513	87.1093	393.172
2514	87.1464	393.035
2517	87.2625	392.988
2519	87.3411	392.988
2520	87.3782	392.956
2521	87.4136	392.922
2522	87.4508	392.752
2524	87.5277	392.688
2525	87.566	392.544
2526	87.6106	392.532
2527	87.6457	392.519
2528	87.6814	392.474
2529	87.7184	392.413
2530	87.7587	392.393
2531	87.7947	392.108
2532	87.8366	391.907
2533	87.8787	391.82
2534	87.9173	391.766
2535	87.957	391.532
2536	87.9967	391.465
2537	88.0328	391.334
2538	88.0702	391.322
2540	88.1463	391.246
2541	88.1844	391.231
2542	88.228	391.147
2543	88.2667	391
2544	88.3064	390.914
2546	88.385	390.892
2548	88.4589	390.882
2549	88.4964	390.833
2550	88.5325	390.808
2551	88.5687	390.62
2552	88.6058	390.615
2553	88.6453	390.61
2554	88.6841	390.591
2555	88.7213	390.57
2556	88.7579	389.76
2558	88.8375	389.647
2560	88.9133	389.646
2561	88.9504	389.581
2562	88.987	389.558
2563	89.025	389.386
2565	89.0959	389.326
2566	89.1339	389.323
2570	89.2832	389.322
2571	89.3205	388.926
2572	89.3611	388.904
2573	89.3984	388.769
2574	89.4386	388.722
2575	89.4772	388.696
2576	89.5144	388.686
2578	89.5876	388.592
2579	89.6267	388.583
2580	89.6628	388.569
2581	89.7001	388.515
2582	89.7393	388.433
2584	89.8111	388.216
2585	89.8503	388.113
2586	89.8887	388.098
2587	89.9263	388.072
2588	89.964	387.991
2589	90.0042	387.977
2590	90.0436	387.77
2593	90.1615	387.765
2596	90.2718	387.716
2597	90.3099	387.54
2599	90.3871	387.512
2603	90.5375	387.463
2607	90.6837	387.411
2609	90.7568	387.398
2610	90.7932	387.352
2611	90.8352	387.239
2612	90.8777	386.032
2613	90.9156	386.018
2616	91.023	385.982
2617	91.0615	385.857
2618	91.1029	385.813
2619	91.1417	385.543
2622	91.2574	385.47
2623	91.2952	385.449
2624	91.3387	385.407
2625	91.3769	385.278
2626	91.4169	384.971
2627	91.4539	384.764
2629	91.5308	384.757
2630	91.5704	384.752
2634	91.7152	384.751
2636	91.79	384.345
2637	91.8271	384.213
2642	92.0095	384.213
2644	92.086	384.198
2645	92.1236	384.168
2646	92.1665	384.15
2647	92.2098	384.002
2650	92.3243	383.163
2652	92.3995	383.08
2654	92.4727	382.92
2656	92.5541	382.766
2658	92.6286	381.704
2659	92.6662	381.504
2660	92.7029	381.234
2661	92.742	381.227
2662	92.7806	381.124
2663	92.8208	381.076
2664	92.8585	380.93
2667	92.9763	380.881
2668	93.0149	380.833
2669	93.0535	380.782
2672	93.1639	380.756
2673	93.2011	380.59
2675	93.2761	380.374
2676	93.3147	380.156
2680	93.4743	379.839
2681	93.5123	379.679
2682	93.5506	379.657
2683	93.5914	379.618
2684	93.6273	379.47
2685	93.6647	379.322
2686	93.7005	379.314
2687	93.7385	379.009
2688	93.7816	378.91
2689	93.8198	378.802
2691	93.8947	378.799
2693	93.9741	378.656
2694	94.0179	378.596
2696	94.0902	378.566
2697	94.1284	378.563
2699	94.203	378.342
2700	94.239	378.217
2701	94.2755	378.148
2703	94.35	378.137
2704	94.389	378.094
2705	94.4276	377.771
2706	94.4675	377.697
2707	94.507	377.637
2708	94.5441	376.947
2709	94.5806	376.931
2710	94.6184	376.928
2712	94.6943	376.886
2713	94.7319	376.188
2716	94.8418	376.08
2717	94.8785	375.961
2718	94.914	375.93
2719	94.9507	375.842
2720	94.9876	375.806
2721	95.0308	375.803
2722	95.0672	375.791
2723	95.107	375.764
2724	95.1472	375.758
2725	95.1831	375.75
2726	95.2206	375.635
2727	95.2718	375.582
2728	95.3104	375.57
2730	95.3875	375.334
2731	95.4231	375.319
2732	95.4582	375.294
2733	95.496	375.216
2734	95.5352	375.19
2735	95.5743	375.104
2736	95.6128	375.104
2737	95.6516	375.088
2741	95.7952	375.084
2742	95.8341	375.021
2743	95.8715	375.002
2744	95.9079	374.82
2745	95.9478	374.8
2746	95.9864	374.774
2748	96.0564	374.071
2749	96.0969	374.063
2750	96.1354	374.059
2751	96.1721	374.054
2752	96.2087	373.966
2753	96.2453	373.883
2754	96.2831	373.764
2755	96.3253	373.753
2756	96.3667	373.71
2757	96.4045	373.695
2760	96.5201	373.689
2761	96.5591	373.686
2762	96.5997	373.659
2763	96.6363	373.653
2764	96.6741	373.582
2765	96.7139	373.538
2766	96.7521	373.463
2767	96.7906	373.219
2768	96.8298	373.208
2769	96.8664	373.19
2770	96.904	373.186
2771	96.9403	373.129
2773	97.0222	373.118
2774	97.0589	373.112
2775	97.0961	373.041
2776	97.1364	372.562
2777	97.1767	372.539
2778	97.2135	372.513
2779	97.2517	372.509
2781	97.3251	372.337
2782	97.3694	372.288
2783	97.4073	372.234
2784	97.4492	372.154
2785	97.4956	372.139
2786	97.5322	372.132
2787	97.5717	372.109
2788	97.6178	372.087
2789	97.6535	372.077
2790	97.6935	371.968
2791	97.7324	371.936
2792	97.7707	371.891
2793	97.81	371.852
2794	97.8494	371.826
2795	97.8928	371.772
2796	97.9308	371.673
2797	97.9702	371.639
2798	98.0058	371.614
2800	98.083	371.564
2802	98.1551	371.53
2803	98.1944	371.307
2804	98.23	371.219
2805	98.2675	371.216
2806	98.3023	371.199
2807	98.3406	371.181
2808	98.3816	371.162
2809	98.4209	371.059
2810	98.4583	371.017
2813	98.569	371.006
2814	98.6151	370.823
2815	98.6538	370.577
2816	98.6913	370.558
2817	98.7278	370.552
2818	98.7647	370.517
2821	98.876	370.506
2822	98.9148	370.491
2823	98.9529	370.484
2824	98.9925	370.483
2825	99.0295	370.359
2826	99.0666	370.323
2827	99.1053	370.296
2828	99.1417	370.292
2829	99.1808	370.283
2830	99.2207	370.271
2831	99.2658	370.249
2832	99.3044	370.224
2833	99.343	370.217
2836	99.4564	370.213
2837	99.4997	370.207
2838	99.536	370.095
2839	99.5741	370.089
2840	99.6098	370.072
2841	99.6527	370.054
2842	99.6883	369.992
2844	99.7681	369.983
2845	99.8117	369.952
2846	99.8485	369.95
2847	99.8875	369.686
2848	99.9248	369.672
2850	99.9976	369.623
2851	100.038	369.557
2852	100.076	369.553
2853	100.112	369.515
2854	100.15	369.441
2855	100.196	369.437
2857	100.27	369.422
2858	100.311	369.412
2859	100.348	369.389
2861	100.422	369.359
2862	100.458	369.331
2863	100.495	369.022
2865	100.572	368.931
2866	100.61	368.813
2867	100.651	368.811
2868	100.686	368.666
2870	100.769	368.664
2871	100.806	368.194
2872	100.847	368.132
2873	100.887	368.053
2874	100.926	368.043
2875	100.966	367.853
2876	101.003	367.836
2877	101.04	367.797
2878	101.08	367.772
2879	101.124	367.749
2881	101.195	367.729
2882	101.233	367.62
2883	101.271	367.542
2884	101.311	367.476
2886	101.386	367.458
2887	101.423	367.399
2888	101.459	367.396
2889	101.496	367.392
2890	101.533	367.363
2892	101.61	367.348
2893	101.65	367.307
2894	101.685	367.276
2896	101.76	366.669
2897	101.796	366.656
2898	101.841	366.527
2899	101.879	366.522
2900	101.919	366.521
2901	101.958	366.495
2902	101.995	366.478
2903	102.034	366.453
2906	102.15	366.451
2907	102.185	366.435
2908	102.224	366.428
2910	102.301	366.422
2911	102.337	366.299
2912	102.373	366.295
2913	102.411	366.144
2914	102.455	366.144
2916	102.53	366.139
2918	102.603	366.105
2919	102.64	366.005
2920	102.677	365.996
2921	102.715	365.971
2922	102.752	365.962
2923	102.791	365.923
2924	102.83	365.577
2925	102.873	365.529
2926	102.918	365.489
2928	102.993	365.482
2930	103.067	365.183
2933	103.185	365.181
2934	103.224	365.165
2936	103.302	365.069
2937	103.34	364.825
2938	103.381	364.819
2939	103.421	364.793
2940	103.46	364.745
2943	103.578	364.723
2947	103.724	364.602
2950	103.844	364.538
2951	103.884	364.48
2952	103.926	363.962
2953	103.963	363.718
2954	104.003	363.541
2955	104.04	363.536
2956	104.077	363.517
2958	104.153	363.477
2959	104.194	363.129
2960	104.231	363.122
2961	104.27	363.096
2962	104.306	363.088
2963	104.345	362.887
2964	104.385	362.86
2965	104.424	362.764
2966	104.46	362.346
2967	104.5	362.253
2969	104.575	362.252
2976	104.834	362.045
2977	104.87	362.008
2981	105.022	361.995
2982	105.059	361.967
2984	105.139	361.861
2985	105.184	361.828
2986	105.221	361.818
2987	105.258	361.715
2990	105.372	361.117
2992	105.445	361.039
2993	105.482	361.006
2994	105.517	360.601
2996	105.591	360.58
2998	105.665	359.682
3000	105.745	359.527
3002	105.82	359.474
3003	105.857	359.438
3004	105.902	359.333
3006	105.979	359.329
3007	106.016	359.323
3008	106.06	359.273
3011	106.17	359.216
3013	106.243	359.147
3015	106.321	359.038
3019	106.477	359.024
3020	106.515	358.853
3021	106.554	358.694
3023	106.632	358.668
3025	106.709	358.566
3026	106.746	358.551
3027	106.783	358.466
3028	106.82	358.44
3029	106.861	358.368
3030	106.898	358.243
3033	107.008	358.2
3034	107.044	358.188
3036	107.124	358.15
3037	107.17	358.145
3038	107.209	358.087
3039	107.253	357.96
3040	107.29	357.941
3041	107.329	357.816
3043	107.406	357.785
3045	107.48	357.662
3046	107.52	357.601
3048	107.599	357.265
3051	107.718	357.208
3052	107.757	357.196
3053	107.798	357.156
3054	107.837	357.127
3056	107.92	357.051
3057	107.958	357.023
3058	107.995	357
3059	108.032	356.93
3060	108.073	356.703
3061	108.114	356.676
3062	108.154	356.67
3063	108.194	356.651
3064	108.232	356.645
3065	108.269	356.642
3066	108.311	356.64
3067	108.347	356.632
3068	108.387	356.622
3069	108.427	356.62
3070	108.466	356.606
3071	108.504	356.549
3072	108.547	356.484
3073	108.588	356.375
3074	108.629	356.35
3075	108.667	356.337
3076	108.709	356.334
3077	108.747	356.332
3078	108.785	356.298
3079	108.821	356.295
3081	108.895	356.285
3082	108.933	356.254
3083	108.97	356.243
3084	109.009	356.16
3088	109.159	355.987
3090	109.236	355.964
3091	109.283	355.947
3092	109.324	355.878
3093	109.365	355.843
3094	109.405	355.79
3096	109.481	355.77
3097	109.518	355.759
3098	109.555	355.729
3100	109.628	355.679
3101	109.665	355.676
3102	109.704	355.663
3103	109.746	355.658
3104	109.788	355.61
3105	109.825	355.583
3106	109.862	355.568
3107	109.9	355.521
3108	109.939	355.52
3110	110.013	355.512
3111	110.049	355.468
3113	110.14	355.431
3114	110.179	355.419
3115	110.217	355.354
3116	110.255	355.052
3117	110.294	355.015
3118	110.334	354.984
3119	110.372	354.978
3120	110.408	354.972
3121	110.448	354.807
3122	110.489	354.772
3123	110.528	354.657
3124	110.564	354.477
3127	110.678	354.456
3128	110.715	354.419
3129	110.753	354.411
3130	110.798	354.395
3131	110.834	354.375
3133	110.908	354.363
3134	110.949	354.334
3135	110.986	354.294
3136	111.027	354.221
3137	111.067	354.204
3138	111.103	354.2
3140	111.176	354.164
3141	111.214	354.164
3142	111.253	354.112
3143	111.296	353.966
3144	111.334	353.903
3145	111.374	353.902
3146	111.411	353.901
3147	111.449	353.898
3148	111.487	353.857
3149	111.525	353.829
3150	111.562	353.821
3151	111.599	353.814
3154	111.712	353.644
3155	111.752	353.459
3156	111.79	353.445
3158	111.869	353.389
3159	111.908	353.315
3161	111.986	353.309
3162	112.023	353.276
3163	112.071	353.257
3164	112.111	353.239
3165	112.15	353.167
3166	112.187	353.056
3167	112.227	353.044
3168	112.268	353.04
3169	112.307	353.023
3170	112.344	353.018
3171	112.383	353.003
3172	112.422	352.999
3173	112.459	352.996
3175	112.535	352.976
3176	112.575	352.955
3177	112.615	352.643
3178	112.656	352.543
3179	112.692	352.51
3180	112.731	352.503
3182	112.808	352.081
3183	112.845	352.078
3184	112.888	352.069
3185	112.936	352.014
3187	113.033	351.897
3188	113.078	351.873
3189	113.118	351.285
3191	113.202	351.229
3193	113.276	351.198
3194	113.315	351.161
3195	113.354	351.151
3196	113.398	351.142
3197	113.433	351.139
3199	113.515	351.108
3200	113.554	351.058
3202	113.627	351.03
3203	113.665	350.968
3205	113.738	350.889
3206	113.778	350.825
3207	113.816	350.824
3208	113.855	350.756
3210	113.93	350.736
3211	113.971	350.335
3212	114.009	350.263
3213	114.047	350.233
3214	114.093	350.226
3215	114.13	350.196
3216	114.171	350.116
3217	114.215	350.096
3218	114.25	350.075
3220	114.325	349.91
3221	114.367	349.905
3222	114.407	349.805
3223	114.45	349.751
3225	114.528	349.696
3226	114.565	349.672
3228	114.64	349.661
3229	114.678	349.629
3230	114.716	349.607
3231	114.758	349.577
3233	114.836	349.549
3234	114.874	349.529
3235	114.911	349.513
3236	114.95	348.825
3238	115.028	348.768
3239	115.07	348.761
3240	115.109	348.756
3241	115.144	348.722
3242	115.185	348.684
3243	115.229	348.624
3244	115.268	348.586
3245	115.305	348.558
3246	115.343	348.554
3247	115.38	348.541
3248	115.418	348.51
3249	115.454	348.509
3250	115.489	348.505
3251	115.526	348.461
3252	115.563	348.452
3253	115.599	348.373
3255	115.672	348.371
3257	115.748	348.365
3258	115.788	348.348
3259	115.829	348.257
3260	115.873	348.256
3261	115.913	348.239
3264	116.028	347.89
3265	116.066	347.781
3266	116.107	347.771
3267	116.147	347.755
3268	116.184	347.742
3270	116.257	347.63
3272	116.329	347.621
3276	116.479	347.3
3277	116.516	347.132
3279	116.589	347.122
3282	116.707	347.115
3283	116.743	347.105
3286	116.864	347.104
3287	116.906	347.078
3290	117.021	347.016
3292	117.099	346.606
3293	117.137	346.094
3294	117.175	346.019
3295	117.212	345.934
3296	117.25	345.896
3298	117.325	345.889
3299	117.361	345.757
3302	117.471	345.723
3303	117.512	345.691
3305	117.59	345.648
3306	117.627	345.614
3307	117.663	345.603
3309	117.734	345.587
3311	117.809	345.468
3315	117.953	345.465
3317	118.028	345.447
3321	118.18	345.438
3323	118.251	345.435
3324	118.288	345.404
3327	118.402	345.263
3328	118.44	345.263
3330	118.528	344.797
3332	118.606	344.751
3334	118.686	344.692
3336	118.76	344.673
3338	118.833	343.898
3339	118.875	343.862
3340	118.915	343.661
3342	118.989	343.609
3343	119.029	343.561
3348	119.212	343.518
3349	119.249	343.499
3353	119.398	343.456
3355	119.471	343.373
3359	119.623	343.334
3360	119.663	343.218
3361	119.707	343.203
3363	119.779	343.163
3364	119.823	343.126
3365	119.861	343.125
3367	119.939	343.12
3368	119.978	343.108
3369	120.019	343.045
3370	120.057	343.014
3373	120.168	342.96
3374	120.206	342.956
3375	120.241	342.951
3376	120.278	342.932
3378	120.352	342.895
3380	120.43	342.893
3381	120.466	342.828
3383	120.542	342.8
3385	120.615	342.739
3386	120.653	342.688
3388	120.726	342.231
3390	120.799	342.229
3392	120.872	342.189
3393	120.909	341.891
3395	120.986	341.878
3396	121.026	341.841
3398	121.098	341.809
3399	121.136	341.781
3400	121.172	341.63
3401	121.211	341.61
3402	121.248	341.607
3403	121.285	341.595
3404	121.325	341.593
3405	121.367	341.584
3406	121.404	341.566
3407	121.443	341.537
3408	121.482	341.526
3411	121.591	341.478
3412	121.63	341.442
3413	121.669	341.36
3414	121.705	341.343
3415	121.742	341.27
3416	121.783	341.238
3417	121.821	341.236
3418	121.867	341.209
3419	121.909	341.207
3421	121.986	341.203
3422	122.025	341.166
3424	122.106	341.089
3426	122.183	341.083
3427	122.221	341.08
3428	122.257	340.03
3429	122.296	340.026
3430	122.334	339.983
3431	122.373	339.978
3432	122.411	339.92
3433	122.451	339.914
3434	122.489	339.882
3436	122.563	339.871
3437	122.606	339.865
3438	122.643	339.849
3439	122.68	339.847
3440	122.717	339.828
3441	122.754	339.823
3442	122.792	339.814
3443	122.83	339.812
3444	122.865	339.769
3445	122.901	339.647
3446	122.94	339.625
3447	122.978	339.571
3448	123.017	339.521
3449	123.055	339.515
3450	123.092	339.512
3451	123.131	339.45
3453	123.206	339.441
3454	123.241	339.429
3455	123.278	339.374
3456	123.316	339.128
3457	123.358	339.098
3458	123.394	339.06
3459	123.431	339.057
3460	123.471	339.047
3461	123.511	338.957
3462	123.548	338.933
3463	123.584	338.887
3464	123.634	338.853
3465	123.672	338.846
3467	123.747	338.8
3468	123.785	338.785
3469	123.822	338.774
3470	123.86	338.765
3471	123.899	338.754
3473	123.979	338.748
3474	124.016	338.735
3475	124.052	338.718
3476	124.089	338.637
3477	124.127	338.623
3478	124.17	338.608
3479	124.205	338.601
3480	124.242	338.568
3482	124.316	338.462
3483	124.355	338.391
3484	124.395	338.325
3485	124.433	338.323
3486	124.47	338.31
3487	124.509	338.297
3488	124.547	338.29
3489	124.586	338.28
3490	124.632	338.235
3491	124.675	338.218
3492	124.711	338.171
3493	124.747	338.164
3494	124.785	338.08
3495	124.821	338.035
3496	124.857	338.025
3497	124.895	338.025
3498	124.933	337.994
3499	124.969	337.955
3500	125.005	337.955
3501	125.044	337.94
3502	125.084	337.855
3503	125.123	337.779
3504	125.161	337.771
3505	125.2	337.703
3506	125.238	337.677
3507	125.275	337.657
3508	125.315	337.654
3509	125.357	337.653
3511	125.432	337.638
3512	125.468	337.608
3513	125.511	337.604
3514	125.548	337.534
3515	125.586	337.522
3516	125.624	337.521
3517	125.66	337.33
3518	125.7	337.218
3519	125.74	337.213
3521	125.819	337.181
3522	125.857	336.857
3524	125.931	336.853
3525	125.969	336.82
3527	126.043	336.781
3529	126.121	336.751
3531	126.202	336.72
3532	126.239	336.636
3533	126.276	336.608
3534	126.312	336.586
3535	126.353	336.559
3536	126.391	336.526
3537	126.429	336.512
3539	126.508	336.501
3542	126.625	336.442
3543	126.67	336.353
3544	126.71	336.345
3545	126.747	336.331
3546	126.783	336.279
3547	126.821	336.278
3548	126.857	336.223
3550	126.936	336.217
3551	126.976	335.962
3552	127.016	335.911
3553	127.054	335.883
3554	127.092	335.876
3555	127.13	335.817
3556	127.17	335.728
3557	127.207	335.711
3558	127.246	335.622
3561	127.358	335.619
3562	127.394	335.6
3563	127.438	335.423
3565	127.512	335.387
3566	127.55	335.374
3567	127.587	335.322
3569	127.661	335.299
3570	127.704	335.285
3571	127.74	335.284
3572	127.782	335.279
3574	127.854	335.27
3575	127.895	335.24
3576	127.934	334.814
3578	128.008	334.767
3580	128.085	334.753
3581	128.124	334.737
3582	128.161	334.727
3583	128.198	334.694
3585	128.272	334.686
3586	128.309	334.672
3590	128.472	334.662
3591	128.508	334.626
3592	128.545	334.614
3593	128.583	334.489
3594	128.62	334.474
3595	128.66	334.434
3597	128.735	334.423
3598	128.773	334.415
3599	128.82	334.26
3600	128.86	334.254
3601	128.898	334.248
3602	128.94	334.246
3604	129.013	334.177
3605	129.049	333.992
3610	129.24	333.928
3612	129.315	333.927
3613	129.354	333.924
3616	129.465	332.859
3617	129.501	332.725
3619	129.573	332.709
3621	129.645	332.654
3622	129.682	332.652
3623	129.719	332.647
3624	129.756	332.642
3625	129.795	332.531
3626	129.832	332.53
3627	129.87	332.345
3628	129.907	332.32
3629	129.944	332.298
3630	129.982	331.782
3632	130.058	331.449
3633	130.097	331.061
3634	130.137	331.012
3635	130.177	331.011
3636	130.217	330.995
3637	130.253	330.994
3639	130.33	330.936
3640	130.367	330.931
3641	130.407	330.851
3642	130.446	330.828
3643	130.484	330.816
3644	130.523	330.794
3645	130.563	330.772
3646	130.601	330.722
3649	130.716	330.708
3650	130.755	330.706
3651	130.795	330.691
3652	130.834	330.683
3654	130.912	330.65
3655	130.95	330.645
3657	131.025	330.598
3659	131.099	330.579
3661	131.179	330.555
3663	131.251	330.544
3667	131.404	330.468
3670	131.513	330.125
3671	131.551	330.084
3672	131.587	330.067
3674	131.667	329.939
3675	131.703	329.927
3678	131.814	329.454
3680	131.888	328.958
3682	131.96	328.934
3683	132.014	328.906
3686	132.134	328.896
3687	132.173	328.886
3688	132.21	328.859
3689	132.245	328.856
3695	132.466	328.789
3699	132.626	328.773
3700	132.666	328.773
3703	132.78	328.757
3705	132.856	328.751
3706	132.892	328.715
3707	132.928	328.678
3709	133.005	328.545
3710	133.042	328.544
3714	133.188	328.542
3716	133.263	328.526
3717	133.299	328.525
3718	133.341	328.297
3720	133.418	328.296
3721	133.456	328.256
3724	133.572	328.226
3725	133.61	328.16
3726	133.649	328.116
3728	133.722	327.787
3729	133.76	327.684
3730	133.796	327.681
3732	133.867	327.54
3733	133.908	327.475
3735	133.987	327.467
3738	134.097	327.451
3740	134.17	327.392
3741	134.208	327.39
3742	134.244	327.385
3743	134.282	327.367
3744	134.324	327.365
3745	134.361	327.361
3746	134.398	327.355
3747	134.437	327.343
3749	134.515	327.341
3750	134.553	327.334
3751	134.59	327.323
3752	134.628	327.259
3753	134.668	327.166
3754	134.709	327.164
3755	134.753	327.155
3756	134.789	327.153
3757	134.824	327.151
3758	134.86	327.143
3761	134.973	327.141
3762	135.015	327.088
3763	135.052	327.08
3764	135.09	327.002
3767	135.206	326.999
3768	135.247	326.496
3770	135.32	326.489
3771	135.361	326.488
3772	135.4	326.436
3773	135.44	326.426
3774	135.487	326.424
3775	135.524	326.422
3776	135.563	326.416
3777	135.6	326.415
3778	135.641	326.398
3779	135.688	326.374
3780	135.724	326.373
3781	135.759	326.366
3782	135.796	326.362
3783	135.834	326.361
3784	135.871	326.325
3785	135.907	326.202
3786	135.945	326.201
3787	135.983	326.101
3788	136.02	326.091
3789	136.061	326.082
3790	136.097	326.076
3791	136.14	326.063
3793	136.215	326.059
3794	136.253	326.054
3795	136.291	326.036
3796	136.33	325.811
3797	136.37	325.778
3798	136.406	325.753
3799	136.444	325.74
3800	136.483	325.739
3801	136.52	325.589
3802	136.561	325.567
3803	136.601	325.536
3804	136.642	325.452
3805	136.685	325.443
3806	136.726	325.441
3807	136.763	325.42
3808	136.8	325.403
3809	136.838	325.399
3810	136.879	325.394
3811	136.918	325.361
3812	136.955	325.318
3813	136.995	325.316
3814	137.032	325.305
3815	137.075	325.282
3816	137.112	325.201
3817	137.151	325.192
3818	137.191	325.166
3819	137.227	325.113
3820	137.267	325.098
3822	137.34	325.058
3823	137.377	324.964
3824	137.415	324.907
3825	137.451	324.907
3826	137.489	324.906
3827	137.529	324.904
3828	137.568	324.904
3829	137.606	324.894
3832	137.716	324.628
3833	137.76	324.619
3834	137.796	324.617
3835	137.834	324.586
3836	137.872	324.582
3837	137.908	324.58
3838	137.944	324.563
3839	137.984	324.559
3841	138.056	324.544
3842	138.093	324.536
3843	138.136	324.516
3845	138.213	324.465
3847	138.289	324.437
3848	138.33	324.433
3851	138.441	324.424
3852	138.477	324.415
3853	138.513	324.411
3854	138.55	324.393
3855	138.593	324.381
3857	138.666	324.365
3858	138.704	324.35
3859	138.745	324.348
3861	138.823	324.337
3862	138.862	324.206
3863	138.902	324.205
3864	138.939	324.199
3865	138.977	324.185
3866	139.02	324.173
3867	139.062	324.155
3868	139.097	324.138
3869	139.136	324.079
3871	139.209	324.074
3872	139.246	324.049
3873	139.284	324.042
3874	139.322	324.011
3875	139.361	324.001
3876	139.4	323.999
3877	139.437	323.991
3878	139.473	323.981
3879	139.511	323.968
3880	139.55	323.88
3882	139.625	323.877
3883	139.663	323.859
3884	139.7	323.85
3885	139.736	323.806
3886	139.776	323.789
3888	139.859	323.777
3890	139.933	323.773
3891	139.972	323.637
3892	140.01	323.63
3893	140.048	323.615
3894	140.084	323.613
3895	140.121	323.568
3896	140.16	323.567
3897	140.201	323.541
3898	140.244	323.511
3899	140.281	323.51
3902	140.39	323.353
3903	140.434	323.335
3904	140.47	323.26
3905	140.513	323.054
3906	140.55	323.043
3907	140.588	323.042
3908	140.628	323.039
3909	140.667	323.022
3910	140.706	323.01
3913	140.817	323.004
3915	140.889	322.963
3916	140.933	322.637
3918	141.006	322.606
3920	141.081	322.597
3921	141.118	322.577
3923	141.191	322.547
3925	141.268	322.439
3926	141.305	322.43
3929	141.412	322.411
3930	141.45	322.41
3932	141.522	322.406
3933	141.559	322.345
3934	141.597	322.323
3935	141.635	322.322
3938	141.753	322.281
3939	141.799	322.238
3940	141.838	322.232
3941	141.877	322.15
3942	141.916	322.142
3944	141.991	322.064
3946	142.066	322.06
3950	142.212	321.981
3953	142.325	321.979
3956	142.437	321.944
3957	142.474	321.843
3959	142.549	321.828
3961	142.622	321.777
3962	142.66	321.761
3964	142.733	321.757
3965	142.772	321.668
3966	142.812	321.663
3967	142.851	321.612
3968	142.89	321.569
3970	142.965	321.381
3971	143.003	321.336
3972	143.042	321.095
3974	143.12	321.065
3975	143.163	321.007
3976	143.204	321.002
3978	143.279	320.974
3985	143.538	320.967
3986	143.576	320.877
3989	143.686	320.871
3991	143.759	320.742
3994	143.875	320.736
3995	143.912	320.732
3997	143.986	320.713
4000	144.096	320.713
4001	144.133	320.701
4002	144.17	320.698
4003	144.205	320.68
4006	144.322	320.671
4007	144.357	320.63
4010	144.469	320.299
4012	144.561	320.271
4015	144.678	320.246
4016	144.72	320.204
4018	144.802	319.768
4019	144.839	319.751
4020	144.875	319.534
4023	144.985	319.52
4026	145.099	319.507
4028	145.172	319.505
4029	145.218	319.499
4032	145.326	319.497
4033	145.366	319.491
4035	145.444	319.456
4040	145.637	319.359
4041	145.681	319.355
4043	145.756	319.276
4045	145.829	319.222
4049	145.978	319.082
4050	146.017	319.069
4052	146.093	319.064
4054	146.166	319.047
4060	146.394	319.046
4061	146.432	319.029
4063	146.506	319.027
4065	146.576	318.986
4066	146.613	318.946
4068	146.691	318.737
4069	146.727	318.629
4073	146.871	318.613
4075	146.942	318.612
4076	146.979	318.608
4078	147.059	318.586
4079	147.099	318.568
4080	147.137	318.554
4081	147.172	318.533
4082	147.209	318.527
4083	147.246	318.507
4084	147.284	318.497
4085	147.322	318.493
4086	147.358	318.483
4087	147.395	318.443
4091	147.544	318.426
4092	147.585	318.379
4093	147.627	318.299
4094	147.664	318.293
4095	147.704	318.283
4096	147.743	318.281
4097	147.78	318.278
4100	147.889	318.273
4102	147.962	318.224
4103	147.998	318.222
4104	148.034	318.177
4106	148.109	318.12
4107	148.145	318.112
4108	148.182	317.997
4109	148.219	317.993
4110	148.256	317.985
4111	148.296	317.985
4112	148.334	317.94
4114	148.408	317.931
4115	148.447	317.928
4116	148.484	317.924
4118	148.561	317.913
4119	148.598	317.906
4121	148.673	317.901
4123	148.75	317.9
4124	148.789	317.882
4125	148.829	317.859
4126	148.872	317.841
4127	148.909	317.826
4128	148.946	317.811
4129	148.984	317.802
4130	149.022	317.794
4131	149.058	317.785
4134	149.172	317.781
4135	149.215	317.756
4136	149.255	317.636
4137	149.293	317.588
4138	149.334	317.572
4139	149.372	317.567
4141	149.446	317.471
4142	149.482	317.44
4143	149.521	317.408
4144	149.561	317.377
4146	149.635	317.374
4147	149.671	317.359
4148	149.708	317.353
4149	149.745	317.351
4150	149.782	317.291
4152	149.856	317.233
4153	149.893	317.209
4154	149.93	317.194
4155	149.969	317.187
4156	150.006	317.151
4157	150.043	317.142
4158	150.08	317.137
4159	150.119	317.125
4160	150.159	317.103
4162	150.235	317.078
4163	150.279	317.008
4164	150.316	316.953
4165	150.357	316.947
4166	150.396	316.946
4167	150.432	316.927
4172	150.618	316.926
4174	150.694	316.887
4175	150.734	316.88
4176	150.772	316.876
4177	150.808	316.876
4179	150.881	316.857
4180	150.918	316.845
4181	150.955	316.837
4182	150.994	316.83
4183	151.038	316.819
4184	151.075	316.812
4185	151.115	316.752
4186	151.154	316.725
4187	151.19	316.691
4188	151.227	316.69
4191	151.339	316.681
4192	151.378	316.669
4193	151.415	316.666
4195	151.489	316.651
4196	151.529	316.641
4197	151.566	316.583
4198	151.602	316.569
4199	151.638	316.553
4201	151.71	316.55
4202	151.755	316.449
4204	151.828	316.439
4205	151.865	316.416
4206	151.915	316.414
4209	152.021	316.278
4211	152.095	316.272
4212	152.132	316.251
4213	152.176	316.233
4214	152.216	316.217
4215	152.26	316.206
4217	152.336	316.197
4218	152.377	316.196
4219	152.413	316.186
4220	152.453	316.16
4223	152.567	316.125
4225	152.648	316.1
4226	152.69	316.086
4228	152.774	316.073
4230	152.853	316.069
4231	152.89	316.013
4232	152.93	315.99
4233	152.97	315.962
4234	153.008	315.961
4235	153.045	315.956
4236	153.081	315.88
4237	153.125	315.87
4238	153.161	315.85
4239	153.2	315.774
4240	153.239	315.739
4241	153.277	315.737
4244	153.391	315.701
4245	153.43	315.591
4246	153.467	315.582
4249	153.585	315.58
4250	153.62	315.566
4253	153.73	315.564
4255	153.807	315.552
4256	153.845	315.335
4257	153.882	315.334
4258	153.923	315.322
4259	153.961	315.315
4260	154.002	315.308
4261	154.05	315.29
4263	154.124	315.219
4265	154.199	315.206
4266	154.236	315.197
4268	154.312	315.196
4269	154.35	315.191
4273	154.496	315.149
4275	154.57	315.147
4278	154.681	315.096
4279	154.717	315.071
4280	154.754	315.069
4281	154.798	315.062
4282	154.834	315.059
4284	154.907	315.001
4285	154.943	314.994
4286	154.983	314.992
4288	155.069	314.99
4290	155.148	314.945
4292	155.223	314.945
4294	155.298	314.885
4296	155.373	314.862
4297	155.41	314.772
4299	155.485	314.769
4301	155.559	314.761
4302	155.597	314.758
4304	155.672	314.752
4305	155.71	314.698
4306	155.754	314.696
4307	155.795	314.669
4310	155.907	314.642
4311	155.95	314.634
4312	155.989	314.458
4314	156.064	313.604
4316	156.138	313.574
4318	156.216	313.553
4319	156.252	313.505
4320	156.296	313.493
4321	156.335	313.408
4323	156.41	313.402
4324	156.447	313.377
4326	156.52	313.351
4327	156.557	313.337
4329	156.636	313.335
4331	156.709	313.293
4332	156.745	313.291
4335	156.86	313.281
4337	156.935	313.246
4338	156.972	313.229
4341	157.08	313.211
4343	157.161	313.185
4345	157.245	313.152
4347	157.318	313.134
4348	157.357	313.129
4350	157.432	312.904
4351	157.472	312.882
4352	157.509	312.881
4356	157.663	312.876
4357	157.706	312.863
4358	157.744	312.632
4360	157.821	312.568
4361	157.863	312.557
4363	157.948	312.537
4365	158.023	312.534
4366	158.059	312.51
4367	158.103	312.505
4369	158.265	312.5
4372	158.381	312.492
4373	158.42	312.481
4375	158.495	312.44
4380	158.68	312.361
4381	158.717	312.359
4382	158.757	312.357
4383	158.794	312.333
4385	158.87	312.315
4386	158.913	312.3
4388	158.991	312.298
4389	159.033	312.206
4391	159.112	312.204
4393	159.192	312.199
4394	159.233	312.197
4396	159.31	312.195
4400	159.455	312.189
4401	159.494	312.162
4403	159.572	312.141
4405	159.644	312.117
4406	159.68	312.092
4408	159.755	311.914
4409	159.793	311.764
4413	159.941	311.761
4414	159.979	311.758
4416	160.05	311.74
4418	160.121	311.733
4419	160.158	311.464
4421	160.241	311.46
4423	160.316	311.44
4424	160.353	311.435
4426	160.425	311.432
4427	160.467	311.419
4429	160.545	311.419
4431	160.623	311.41
4432	160.659	311.341
4433	160.695	311.282
4435	160.766	311.277
4436	160.803	311.276
4437	160.842	311.275
4438	160.879	311.265
4441	160.988	311.26
4442	161.03	311.07
4444	161.106	311.027
4445	161.142	311.023
4446	161.18	310.976
4448	161.257	310.882
4450	161.339	310.88
4451	161.38	310.879
4452	161.417	310.832
4453	161.454	310.821
4454	161.49	310.808
4455	161.527	310.807
4456	161.565	310.802
4457	161.603	310.796
4459	161.678	310.792
4460	161.721	310.79
4461	161.756	310.79
4462	161.796	310.779
4463	161.834	310.779
4464	161.875	310.72
4465	161.914	310.713
4466	161.956	310.71
4467	161.999	310.689
4468	162.038	310.687
4469	162.081	310.686
4470	162.119	310.666
4471	162.157	310.639
4474	162.271	310.633
4475	162.31	310.605
4476	162.347	310.338
4477	162.39	310.312
4478	162.425	310.308
4479	162.465	310.304
4480	162.502	310.294
4481	162.541	310.229
4482	162.579	310.183
4483	162.617	310.158
4484	162.654	310.095
4485	162.69	310.089
4487	162.761	310.069
4488	162.799	310.053
4489	162.838	310.048
4490	162.876	310.042
4494	163.028	310.027
4495	163.067	310.01
4496	163.106	309.976
4497	163.145	309.97
4499	163.223	309.967
4500	163.26	309.96
4502	163.336	309.938
4503	163.376	309.936
4504	163.415	309.882
4506	163.493	309.882
4508	163.571	309.87
4510	163.645	309.768
4512	163.721	309.723
4513	163.758	309.72
4514	163.798	309.699
4516	163.87	309.695
4517	163.907	309.694
4519	163.98	309.679
4521	164.053	309.674
4523	164.13	309.67
4524	164.169	309.661
4525	164.206	309.613
4527	164.278	309.6
4528	164.316	309.589
4529	164.36	309.582
4531	164.437	309.574
4533	164.508	309.57
4534	164.545	309.543
4535	164.579	309.537
4537	164.653	309.27
4538	164.692	309.263
4539	164.729	309.246
4541	164.804	309.237
4542	164.847	309.1
4544	164.919	309.099
4545	164.957	309.074
4546	164.993	309.07
4547	165.03	308.729
4551	165.176	308.717
4552	165.213	308.7
4553	165.25	308.688
4554	165.285	308.667
4555	165.321	308.656
4557	165.396	308.653
4559	165.47	308.652
4560	165.509	308.648
4562	165.583	308.637
4563	165.619	308.619
4565	165.7	308.618
4566	165.739	308.594
4567	165.775	308.588
4568	165.811	308.58
4569	165.85	308.549
4570	165.889	308.545
4572	165.968	308.537
4573	166.005	308.53
4574	166.049	308.527
4576	166.123	308.467
4577	166.16	308.443
4578	166.2	308.425
4579	166.238	308.407
4580	166.275	308.405
4581	166.313	308.394
4582	166.351	308.377
4583	166.388	308.369
4584	166.426	308.35
4585	166.464	308.336
4586	166.501	308.328
4589	166.612	308.325
4590	166.65	308.312
4591	166.688	308.225
4592	166.726	308.21
4593	166.762	308.201
4594	166.799	308.189
4595	166.836	308.144
4596	166.874	307.959
4597	166.913	307.941
4598	166.951	307.922
4599	166.989	307.914
4601	167.069	307.779
4603	167.147	307.769
4605	167.222	307.768
4606	167.258	307.759
4607	167.297	307.757
4608	167.338	307.753
4609	167.376	307.745
4610	167.415	307.744
4612	167.498	307.739
4613	167.542	307.695
4615	167.622	307.674
4616	167.666	307.662
4618	167.739	307.648
4619	167.776	307.648
4620	167.815	307.641
4621	167.852	307.627
4623	167.926	307.617
4624	167.964	307.567
4625	168.002	307.529
4626	168.043	307.525
4627	168.082	307.518
4630	168.192	307.498
4633	168.308	307.495
4635	168.384	307.46
4636	168.424	307.445
4637	168.463	307.333
4641	168.613	307.325
4644	168.727	307.303
4645	168.77	307.161
4646	168.809	307.158
4647	168.847	307.001
4648	168.883	307
4650	168.963	306.981
4651	169	306.938
4652	169.036	306.793
4653	169.076	306.775
4655	169.154	306.775
4656	169.193	306.712
4657	169.229	306.705
4658	169.266	306.693
4659	169.302	306.621
4660	169.342	306.615
4663	169.456	306.615
4664	169.494	306.599
4669	169.679	306.596
4671	169.75	306.588
4675	169.897	306.588
4676	169.933	306.586
4677	169.968	306.562
4678	170.011	306.552
4679	170.046	306.55
4681	170.122	306.542
4682	170.159	306.539
4683	170.195	306.537
4685	170.267	306.51
4690	170.459	306.324
4692	170.533	306.319
4695	170.649	306.258
4696	170.687	306.249
4697	170.728	306.241
4698	170.765	305.863
4699	170.803	305.816
4701	170.879	305.806
4703	170.956	305.796
4704	170.995	305.795
4705	171.031	305.795
4706	171.068	305.783
4708	171.144	305.764
4709	171.18	305.763
4711	171.254	305.754
4712	171.291	305.71
4713	171.328	305.709
4715	171.405	305.686
4719	171.555	305.634
4720	171.594	305.611
4721	171.634	305.577
4722	171.674	305.571
4723	171.713	305.567
4724	171.749	305.508
4727	171.868	305.468
4728	171.906	305.465
4729	171.945	305.458
4731	172.024	305.454
4732	172.061	305.449
4734	172.138	305.444
4736	172.216	305.44
4739	172.33	305.422
4740	172.374	305.412
4741	172.411	305.391
4743	172.488	305.371
4745	172.561	305.343
4746	172.598	305.321
4748	172.672	305.187
4749	172.711	305.141
4753	172.867	305.124
4754	172.917	305.113
4755	172.966	305.111
4756	173.007	305.087
4758	173.094	305.086
4759	173.137	305.078
4760	173.176	305.014
4761	173.214	305.006
4762	173.253	305.005
4763	173.297	304.996
4764	173.334	304.992
4765	173.371	304.99
4766	173.41	304.984
4767	173.454	304.969
4769	173.525	304.968
4770	173.563	304.965
4771	173.602	304.956
4772	173.642	304.942
4773	173.684	304.905
4774	173.721	304.889
4775	173.762	304.886
4776	173.798	304.885
4777	173.835	304.88
4779	173.913	304.876
4781	173.993	304.861
4782	174.031	304.475
4783	174.067	304.474
4784	174.103	304.431
4786	174.181	304.424
4787	174.217	304.412
4788	174.254	304.342
4789	174.294	304.341
4790	174.33	304.341
4791	174.368	304.339
4792	174.406	304.301
4793	174.444	304.296
4796	174.557	304.288
4797	174.596	304.286
4798	174.632	304.276
4800	174.707	304.274
4803	174.818	304.273
4804	174.857	304.239
4805	174.896	304.225
4806	174.933	304.217
4807	174.97	304.209
4808	175.021	304.193
4809	175.058	304.065
4810	175.097	304.064
4812	175.168	304.058
4813	175.209	304.056
4814	175.25	304.047
4816	175.333	303.913
4817	175.371	303.893
4818	175.414	303.89
4819	175.457	303.889
4820	175.495	303.807
4821	175.537	303.728
4822	175.578	303.707
4823	175.625	303.699
4824	175.663	303.666
4825	175.706	303.635
4826	175.752	303.555
4827	175.787	303.529
4828	175.831	303.522
4829	175.871	303.52
4830	175.912	303.511
4834	176.058	303.502
4835	176.102	303.487
4836	176.141	303.457
4837	176.179	303.447
4838	176.219	303.447
4839	176.256	303.442
4840	176.291	303.433
4841	176.328	303.432
4842	176.366	303.416
4843	176.406	303.038
4844	176.444	303.007
4846	176.516	303.007
4847	176.553	302.996
4848	176.593	302.977
4849	176.632	302.967
4850	176.668	302.942
4851	176.709	302.934
4854	176.825	302.926
4856	176.9	302.915
4857	176.937	302.914
4858	176.978	302.898
4860	177.048	302.893
4861	177.088	302.89
4862	177.129	302.883
4863	177.172	302.875
4864	177.21	302.872
4865	177.247	302.849
4866	177.282	302.83
4867	177.321	302.818
4870	177.43	302.81
4871	177.467	302.807
4873	177.542	302.805
4875	177.616	302.803
4877	177.697	302.787
4881	177.851	302.77
4882	177.894	302.689
4884	177.979	302.681
4885	178.02	302.661
4886	178.06	302.639
4887	178.1	302.575
4889	178.171	302.556
4890	178.21	302.544
4891	178.246	302.539
4892	178.283	302.521
4893	178.321	302.517
4894	178.361	302.511
4895	178.401	302.505
4898	178.508	302.504
4899	178.55	302.49
4901	178.622	302.482
4903	178.698	302.463
4905	178.776	302.452
4906	178.816	302.45
4907	178.855	302.448
4910	178.974	302.448
4911	179.015	302.389
4912	179.053	302.369
4913	179.094	302.352
4915	179.166	302.347
4916	179.203	302.331
4917	179.242	302.313
4918	179.279	302.281
4919	179.317	302.275
4925	179.54	302.264
4928	179.652	302.256
4930	179.725	302.243
4931	179.763	302.226
4934	179.877	302.224
4935	179.918	302.212
4936	179.957	301.993
4937	179.995	301.963
4938	180.033	301.912
4939	180.072	301.91
4940	180.112	301.909
4941	180.153	301.895
4943	180.23	301.861
4944	180.271	301.861
4945	180.308	301.826
4946	180.346	301.822
4952	180.569	301.82
4953	180.607	301.817
4954	180.648	301.812
4955	180.684	301.798
4956	180.721	301.792
4958	180.797	301.773
4960	180.882	301.772
4961	180.922	301.764
4964	181.042	301.717
4966	181.117	301.704
4970	181.274	301.67
4972	181.349	301.668
4973	181.386	301.668
4976	181.495	301.661
4977	181.534	301.609
4978	181.576	301.609
4981	181.692	301.598
4982	181.73	301.597
4983	181.774	301.59
4985	181.849	301.578
4986	181.886	301.572
4987	181.924	301.561
4989	182.001	301.558
4990	182.042	301.547
4992	182.117	301.466
4996	182.262	301.465
4998	182.335	301.462
4999	182.375	301.456
5000	182.412	301.453
# FIN	182.412	301.453

