# target=instancias/starrynight.png T=340 iters=5000 K=32 seed=auto
iter	segundos	MSE
0	0.0017177	7753.45
1	0.018113	7735.91
2	0.03426	7735.89
3	0.0502792	7687.98
4	0.0707354	7676.86
5	0.0879148	7676.02
6	0.104012	7656.46
7	0.120837	7656.46
8	0.137043	7647.44
9	0.154112	7628.19
10	0.171003	7615.79
11	0.189097	7607.55
12	0.205243	7603.05
13	0.228844	7601.94
14	0.246274	7587.84
15	0.262435	7580.9
16	0.278945	7580.5
17	0.295408	7559.11
18	0.312078	7550.56
19	0.328323	7485.99
20	0.344689	7482.81
21	0.361673	7481.23
22	0.379024	7474.18
23	0.396265	7468.46
24	0.423006	7454.97
25	0.439633	7448.08
26	0.45602	7441.51
27	0.472409	7441.49
28	0.488883	7395.62
29	0.506445	7382.86
30	0.523446	7379.18
31	0.539963	7378.8
32	0.55831	7246.98
33	0.578331	7240.58
34	0.599542	7198.26
35	0.617436	7163.81
36	0.635738	7119.65
37	0.653394	7119.29
38	0.670122	7112
39	0.687259	7108.95
40	0.703983	7108.87
41	0.721664	7070.94
42	0.739504	7024.66
43	0.756438	7013.35
44	0.77336	7008.75
45	0.79026	6992.99
46	0.807145	6945.93
47	0.824063	6919.7
48	0.841437	6888.06
49	0.858362	6872.63
50	0.875707	6793.16
51	0.893497	6760.26
52	0.911459	6734
53	0.928466	6728.13
54	0.946101	6706.81
55	0.963161	6699.44
56	0.980112	6690.69
57	1.00122	6604.03
58	1.01986	6575.94
59	1.03707	6573.43
60	1.05538	6552.25
61	1.07237	6550.88
62	1.08946	6527.38
63	1.10664	6513.02
64	1.12394	6472.31
65	1.14239	6464.1
66	1.16166	6458.3
67	1.17976	6447.66
68	1.19686	6423.06
69	1.2141	6423.02
70	1.2313	6390.37
71	1.25012	6365.54
72	1.26728	6353.52
73	1.28446	6334.19
74	1.30167	6334.02
75	1.31896	6330.79
76	1.33626	6294.54
77	1.35358	6281.79
78	1.37091	6273.97
79	1.38902	6272.32
80	1.40905	6272.31
81	1.42733	6191.91
82	1.44502	6185.55
83	1.46272	6180.28
84	1.48022	6179.39
85	1.49847	6172.36
86	1.5158	6125.4
87	1.53314	6125.15
88	1.55063	6119.87
89	1.5681	6116.07
90	1.58566	6059.43
91	1.61292	6043.4
92	1.63023	6020.41
93	1.64757	5997.87
94	1.66497	5993.72
95	1.68241	5947.49
96	1.69985	5945.34
97	1.71941	5945.21
98	1.73828	5920.92
99	1.75682	5874.49
100	1.77434	5859.33
101	1.79182	5843.82
102	1.81176	5840.76
103	1.83223	5838.01
104	1.85066	5824.89
105	1.8682	5813.15
106	1.88588	5800.61
107	1.90368	5797.72
108	1.92231	5796.96
109	1.94011	5795.38
110	1.95846	5778.14
111	1.97625	5759.3
112	1.99405	5757.36
113	2.0119	5755.96
114	2.03047	5706.2
115	2.04898	5694.89
116	2.0671	5676.65
117	2.08584	5675.54
118	2.1047	5671.04
119	2.12319	5638.57
120	2.14164	5624.83
121	2.1596	5592.59
122	2.17756	5587.07
123	2.19555	5568.82
124	2.21369	5537.53
125	2.23198	5537.31
126	2.25086	5527.93
127	2.27011	5523.73
128	2.28812	5493.43
129	2.30617	5482.17
130	2.32429	5445.66
131	2.34313	5400.21
132	2.36204	5383.72
133	2.38139	5382.56
134	2.40045	5357.19
135	2.42083	5351.02
136	2.44001	5343.53
137	2.45972	5338.53
138	2.48778	5328.74
139	2.50756	5303.03
140	2.52601	5297.84
141	2.5451	5285.08
142	2.56553	5281.52
143	2.59365	5277.76
144	2.61253	5242.35
145	2.63134	5238.62
146	2.65081	5236.95
147	2.66938	5234.89
148	2.6883	5217.47
149	2.72702	5215.69
150	2.74572	5212.95
151	2.76467	5203.41
152	2.78343	5203.33
153	2.80334	5182.33
154	2.82261	5113.87
155	2.84236	5112.56
156	2.86097	5111.17
157	2.87942	5110.76
158	2.89851	5100.91
159	2.91718	5088.35
160	2.93563	5064.3
161	2.95413	5007.81
162	2.973	4999.95
163	2.99148	4994.06
164	3.01099	4964.47
165	3.04116	4963.76
166	3.06046	4963.67
167	3.07997	4962.66
168	3.10009	4896.5
169	3.1196	4888.65
170	3.14045	4887.32
171	3.16143	4884.51
172	3.18199	4864.12
173	3.20173	4863.25
174	3.22181	4834.78
175	3.24173	4822.84
176	3.26051	4816.05
177	3.28057	4800.47
178	3.30049	4799.91
179	3.32048	4790.8
180	3.33931	4741.37
181	3.35854	4721.22
182	3.37913	4711.58
183	3.39951	4702.39
184	3.41908	4701.88
185	3.47213	4653.3
186	3.51379	4649.53
187	3.53776	4646.77
188	3.56132	4618.64
189	3.58821	4611.23
190	3.61344	4609.6
191	3.64017	4595.61
192	3.662	4594.4
193	3.68337	4588.39
194	3.70501	4578
195	3.72594	4568.7
196	3.74664	4548.79
197	3.76805	4541.45
198	3.78885	4537.96
199	3.80815	4531.8
200	3.82754	4531.49
201	3.84683	4531.42
202	3.8664	4527.76
203	3.88664	4524.86
204	3.90716	4523.03
205	3.92725	4516.38
206	3.94811	4506.51
207	3.96848	4504
208	3.99003	4500.29
209	4.01073	4500.19
210	4.03004	4496.65
211	4.05161	4435.87
212	4.07365	4434.43
213	4.0944	4430.29
214	4.12172	4411.31
215	4.14872	4406.88
216	4.16851	4405.23
217	4.18869	4396.63
218	4.20886	4360.71
219	4.22919	4341.61
220	4.2517	4340.77
221	4.27228	4326.85
222	4.29232	4299.55
223	4.31355	4295.44
224	4.33449	4287.1
225	4.35506	4284.09
226	4.3747	4284.01
227	4.39492	4274.75
228	4.41456	4273.85
229	4.43429	4269.34
230	4.455	4266.51
231	4.47572	4263.53
232	4.49598	4262.11
233	4.51675	4259.55
234	4.53713	4255.71
235	4.55851	4254.18
236	4.58872	4245.52
237	4.61055	4244.68
238	4.63044	4244
239	4.65213	4242.24
240	4.67381	4235.44
241	4.69506	4230.51
242	4.7152	4216.68
243	4.74199	4215.23
244	4.76246	4204.84
245	4.78221	4204.83
246	4.8029	4199.99
247	4.83173	4189.97
248	4.8527	4189.46
249	4.87372	4172.44
250	4.89424	4152.36
251	4.91599	4126.29
252	4.93708	4125.3
253	4.95722	4118.35
254	4.97725	4108.12
255	4.99719	4107.54
256	5.01731	4107.54
257	5.03841	4106.74
258	5.05832	4106.41
259	5.07917	4105.3
260	5.10121	4104.35
261	5.12321	4103.9
262	5.14367	4102.21
263	5.16337	4095.8
264	5.18411	4087.59
265	5.20638	4086.18
266	5.22781	4059.56
267	5.24856	4058.31
268	5.27611	4036.06
269	5.29759	4023.16
270	5.31927	4022.99
271	5.34086	4022.92
272	5.362	4015.52
273	5.38332	3995.61
274	5.4043	3981.54
275	5.42697	3979.55
276	5.45732	3978.62
277	5.4812	3978.42
278	5.51044	3978.2
279	5.57832	3935.3
280	5.6098	3912.02
281	5.63572	3902.65
282	5.66095	3901.21
283	5.68809	3900.86
284	5.71796	3893.8
285	5.74018	3882.21
286	5.76261	3880.09
287	5.78424	3879.68
288	5.80527	3851.84
289	5.82735	3851.27
290	5.84771	3842.08
291	5.86812	3841.8
292	5.88983	3839.7
293	5.91683	3804.83
294	5.93808	3797.54
295	5.95856	3778.97
296	5.98123	3777.76
297	6.00163	3770.93
298	6.02313	3767.32
299	6.04408	3765.06
300	6.06465	3763.99
301	6.08703	3757.53
302	6.10908	3754.44
303	6.13173	3748.84
304	6.15269	3748.33
305	6.17321	3748.15
306	6.19503	3747.22
307	6.21585	3746.19
308	6.23926	3743.02
309	6.26133	3742.7
310	6.28368	3722.54
311	6.30685	3698.45
312	6.32853	3693.46
313	6.34931	3678.1
314	6.3712	3670.96
315	6.39187	3647.89
316	6.414	3646.15
317	6.43533	3639.33
318	6.45719	3634.62
319	6.47867	3631.87
320	6.50978	3631.65
321	6.53491	3629.2
322	6.55908	3620.03
323	6.58206	3618.34
324	6.61088	3614.67
325	6.63819	3606.35
326	6.65894	3606.05
327	6.6811	3598.35
328	6.70248	3589.64
329	6.72375	3586.64
330	6.74576	3586.15
331	6.76792	3572.79
332	6.79056	3551.97
333	6.812	3531.02
334	6.83598	3512.15
335	6.85813	3505.8
336	6.88235	3505.41
337	6.9049	3495.78
338	6.92624	3419.89
339	6.94804	3416.3
340	6.97017	3404.87
341	6.99182	3404.05
342	7.02386	3404.03
343	7.05311	3382.84
344	7.07608	3373.86
345	7.10678	3372.83
346	7.13172	3357.09
347	7.16082	3357.01
348	7.18471	3342.61
349	7.20829	3323.84
350	7.23081	3322.46
351	7.25318	3308.75
352	7.27507	3308.53
353	7.30275	3307.36
354	7.32475	3294.12
355	7.3519	3293.83
356	7.37491	3293.77
357	7.39948	3268.71
358	7.42256	3242.98
359	7.44692	3207.01
360	7.46959	3205.29
361	7.49328	3205.29
362	7.52298	3205.24
363	7.54725	3203.14
364	7.57115	3200.62
365	7.59837	3177.53
366	7.62517	3171.94
367	7.6483	3171.9
368	7.67635	3155.76
369	7.71284	3143.41
370	7.73611	3139.85
371	7.75951	3139.8
372	7.78408	3138.44
373	7.80729	3137.37
374	7.83149	3130.39
375	7.87126	3130.25
376	7.8936	3104.13
377	7.91774	3104.03
378	7.9412	3104
379	7.96442	3103.26
380	7.98819	3099.35
381	8.0109	3068.19
382	8.03436	3031.74
383	8.05803	3023.65
384	8.08124	3013.87
385	8.10394	2999.83
386	8.1277	2928.86
387	8.15254	2922.15
388	8.18523	2906.55
389	8.2085	2905.57
390	8.23132	2896.59
391	8.26006	2894.5
392	8.28259	2891.6
393	8.30571	2890.56
394	8.32846	2887.98
395	8.35027	2887.12
396	8.38888	2886.13
397	8.41159	2872.94
398	8.43321	2861.54
399	8.45577	2861.12
400	8.47971	2852.02
401	8.50416	2850.99
402	8.5278	2842.06
403	8.55205	2825.01
404	8.58533	2792.53
405	8.61523	2789.67
406	8.64599	2787.49
407	8.67871	2785.19
408	8.747	2783.59
409	8.79241	2783.36
410	8.82723	2780.73
411	8.8602	2777.46
412	8.88458	2764.78
413	8.90897	2757.39
414	8.93317	2757.23
415	8.95567	2755.91
416	8.97925	2754.55
417	9.00197	2752.49
418	9.02524	2744.09
419	9.0478	2744
420	9.07126	2743.91
421	9.09487	2707.84
422	9.11834	2707.55
423	9.14201	2707.04
424	9.17066	2706.11
425	9.19368	2705.65
426	9.21786	2643.18
427	9.24143	2642.96
428	9.26443	2641.16
429	9.28929	2641.1
430	9.31233	2630.31
431	9.3365	2630.21
432	9.36072	2618.94
433	9.3866	2618.32
434	9.40985	2611
435	9.43639	2590.1
436	9.46065	2589.68
437	9.48483	2589.61
438	9.50971	2556.44
439	9.53396	2554.98
440	9.55846	2554.1
441	9.5826	2553.48
442	9.60634	2550.31
443	9.62953	2550
444	9.65336	2542.99
445	9.6758	2541.95
446	9.69945	2537.87
447	9.72282	2534.57
448	9.74597	2534.51
449	9.76926	2533.89
450	9.79319	2527.06
451	9.81704	2526.13
452	9.84109	2523.33
453	9.86466	2522.42
454	9.88845	2497.42
455	9.91184	2494.02
456	9.93543	2489.09
457	9.95901	2488.96
458	9.98201	2473.71
459	10.0064	2473.45
460	10.036	2472.35
461	10.0629	2470.22
462	10.0868	2467.76
463	10.1101	2467.15
464	10.1377	2463.12
465	10.1619	2463.07
466	10.1936	2461.08
467	10.2186	2451.18
468	10.2427	2398.27
469	10.2661	2392.39
470	10.2897	2367.02
471	10.3126	2364.89
472	10.3357	2354.19
473	10.3592	2353.64
474	10.3834	2351.78
475	10.408	2346.39
476	10.4325	2337.27
477	10.4558	2336.05
478	10.4806	2333.38
479	10.5036	2333.23
480	10.5266	2331.96
481	10.5622	2331.58
482	10.5853	2330.28
483	10.6097	2321.82
484	10.6338	2320.94
485	10.6579	2319.07
486	10.6844	2315.88
487	10.7091	2315.74
488	10.7328	2311.37
489	10.7567	2310.12
490	10.7813	2307.77
491	10.8093	2306.37
492	10.8336	2306.14
493	10.8579	2299.82
494	10.8817	2288.32
495	10.91	2288.29
496	10.9349	2283.94
497	10.9581	2283.71
498	10.9828	2283.61
499	11.0062	2282.32
500	11.0304	2281.82
501	11.0548	2249.39
502	11.0805	2248.51
503	11.1151	2247.84
504	11.1389	2239.55
505	11.1641	2239.47
506	11.1927	2239.37
507	11.2181	2239.32
508	11.2425	2212.74
509	11.266	2212.33
510	11.2896	2210.68
511	11.3132	2209.07
512	11.3369	2202.53
513	11.361	2202.51
514	11.3862	2201.2
515	11.4106	2197.23
516	11.4343	2195.59
517	11.4586	2192.88
518	11.4831	2192.43
519	11.5227	2190.71
520	11.5645	2172.51
521	11.591	2171.57
522	11.6242	2171.01
523	11.6493	2156.94
524	11.6822	2156.62
525	11.7083	2113.52
526	11.7331	2112.96
527	11.7573	2112.77
528	11.7877	2084.03
529	11.8127	2083.34
530	11.838	2083.12
531	11.8615	2078.61
532	11.8874	2076.59
533	11.9127	2075.74
534	11.9365	2075.5
535	11.9598	2073.29
536	11.9836	2067.6
537	12.0073	2063.36
538	12.0328	2063.3
539	12.0572	2061.14
540	12.0812	2060.52
541	12.1059	2058.89
542	12.1308	2057.68
543	12.1548	2057.56
544	12.1793	2056.44
545	12.2033	2055.34
546	12.2269	2054.4
547	12.2505	2051.87
548	12.2751	2050.91
549	12.3006	2050.38
550	12.3254	2047.54
551	12.3521	2035.88
552	12.3856	2035.47
553	12.4098	2030.92
554	12.4335	2029.95
555	12.4575	2020.46
556	12.4812	2019.95
557	12.5051	2015.06
558	12.5288	1997.38
559	12.5531	1991.39
560	12.5783	1991.31
561	12.6031	1983.97
562	12.6352	1982.47
563	12.6598	1980.99
564	12.6842	1980.45
565	12.709	1979.03
566	12.7326	1978.99
567	12.7567	1975.89
568	12.7803	1975.53
569	12.8042	1967.87
570	12.8295	1966.4
571	12.8537	1966.32
572	12.878	1966.05
573	12.9031	1964.54
574	12.9279	1964.25
575	12.9515	1961.7
576	12.9755	1961.44
577	13.0006	1961.39
578	13.0248	1960.25
579	13.0484	1947.83
580	13.0724	1946.97
581	13.0966	1946.87
582	13.1221	1942.53
583	13.1471	1941.2
584	13.1722	1936.53
585	13.1958	1936.52
586	13.2285	1936.37
587	13.2541	1931.51
588	13.2788	1931.31
589	13.3034	1913.36
590	13.3294	1911.82
591	13.354	1896.77
592	13.3786	1896.64
593	13.4039	1888.55
594	13.4279	1885.99
595	13.4522	1883.93
596	13.4771	1883.87
597	13.5014	1883.86
598	13.5261	1883.58
599	13.5509	1881.96
600	13.5757	1881.87
601	13.5999	1881.84
602	13.6245	1881.84
603	13.6486	1876.77
604	13.6744	1876.76
605	13.6985	1875.94
606	13.7229	1871.03
607	13.7478	1870.15
608	13.7728	1844.66
609	13.7974	1840.09
610	13.8229	1840
611	13.8483	1839.94
612	13.8732	1838.23
613	13.8983	1824.12
614	13.9223	1816.41
615	13.947	1816.18
616	13.9729	1815.59
617	13.998	1814.86
618	14.0222	1814.35
619	14.0472	1812.69
620	14.0734	1801.26
621	14.1003	1792.79
622	14.1322	1792
623	14.1602	1791.25
624	14.1957	1789.53
625	14.222	1786.62
626	14.2468	1785.23
627	14.2743	1783.55
628	14.2985	1781.09
629	14.3232	1780.01
630	14.3479	1769.1
631	14.3721	1767.16
632	14.3973	1765.25
633	14.4254	1743.76
634	14.4518	1737.7
635	14.4842	1723.12
636	14.5086	1722.82
637	14.5346	1719.72
638	14.5592	1717.57
639	14.5835	1713.01
640	14.6089	1711.84
641	14.6347	1707.46
642	14.661	1705.99
643	14.6862	1702.43
644	14.7136	1702.22
645	14.7377	1702.07
646	14.7661	1701.87
647	14.8013	1701.67
648	14.829	1699.93
649	14.8558	1699.27
650	14.8811	1698.13
651	14.9069	1694.43
652	14.9317	1694.31
653	14.9577	1677.87
654	14.9844	1672.35
655	15.0103	1669.1
656	15.0364	1668
657	15.0622	1665.24
658	15.0884	1660.17
659	15.1146	1659.73
660	15.1412	1659.45
661	15.1672	1659.02
662	15.1933	1646.73
663	15.218	1645.96
664	15.2441	1645.04
665	15.2702	1642.56
666	15.2988	1642.54
667	15.3269	1640.76
668	15.3543	1636.49
669	15.3797	1636.36
670	15.4043	1636.11
671	15.4346	1632.12
672	15.4595	1629.58
673	15.4856	1624.31
674	15.5103	1613.36
675	15.5491	1609.97
676	15.5759	1608.87
677	15.6032	1608.65
678	15.6282	1568.3
679	15.6535	1567.88
680	15.6786	1563.64
681	15.704	1562.57
682	15.7286	1562.56
683	15.7539	1559.49
684	15.7795	1557.62
685	15.8081	1556.69
686	15.8328	1551.95
687	15.8614	1551.93
688	15.8948	1542.04
689	15.9197	1534.91
690	15.9451	1534.68
691	15.9823	1534.55
692	16.0082	1534.25
693	16.033	1531.11
694	16.0593	1528.8
695	16.0848	1528.7
696	16.1114	1528.7
697	16.1363	1521.34
698	16.1632	1520.95
699	16.189	1509.98
700	16.2152	1508.77
701	16.2418	1508.75
702	16.2671	1507.89
703	16.2966	1506.41
704	16.3318	1506.07
705	16.3592	1505.21
706	16.3852	1504.5
707	16.4111	1504.49
708	16.4384	1504.22
709	16.4649	1486.09
710	16.4906	1483.67
711	16.5157	1483.62
712	16.5415	1482.36
713	16.5687	1481.44
714	16.6014	1480.75
715	16.628	1480.63
716	16.6551	1476.16
717	16.6808	1475.99
718	16.7103	1475.98
719	16.7384	1475.14
721	16.7901	1459.21
722	16.8165	1447.05
723	16.851	1445.19
724	16.8777	1442.64
725	16.9032	1440.54
726	16.93	1437.53
727	16.9574	1432.38
728	16.9837	1431.95
729	17.0105	1431.89
730	17.0372	1425.92
731	17.0637	1425.61
732	17.0908	1423.64
733	17.1167	1422.68
734	17.1535	1418.88
735	17.1795	1418.76
736	17.2053	1418.12
737	17.2327	1417.41
738	17.2588	1415.03
739	17.2855	1414.76
740	17.3125	1413.36
741	17.341	1413.28
742	17.3665	1408.29
743	17.3929	1406.88
744	17.4187	1406.31
745	17.4443	1405.1
746	17.4698	1404.68
747	17.4969	1404.33
748	17.5239	1404.05
749	17.5503	1403.94
750	17.5776	1401.46
751	17.6052	1401.24
752	17.6305	1400.9
753	17.6571	1399.16
754	17.6836	1399.05
755	17.7091	1397.78
756	17.7397	1396.21
757	17.7668	1395.83
758	17.7941	1395.33
759	17.8213	1395.27
760	17.8477	1395.25
761	17.8732	1393.95
762	17.8994	1393.92
763	17.9259	1393.78
764	17.9526	1392.48
765	17.979	1392.17
766	18.0052	1383.17
767	18.0306	1382.81
768	18.0572	1382.73
769	18.0831	1382.43
770	18.1086	1379.81
771	18.1344	1379.08
772	18.1621	1375.02
773	18.1889	1374.39
774	18.2145	1372.82
775	18.2401	1371.23
776	18.2751	1370.59
777	18.3008	1367.64
778	18.3269	1313.02
779	18.3535	1312.46
780	18.3804	1312.41
781	18.4062	1311.49
782	18.4319	1311.11
783	18.4594	1310.97
784	18.4862	1306.73
785	18.512	1306.45
786	18.5482	1305.68
787	18.5754	1303.51
788	18.6018	1303.47
789	18.6275	1303.33
790	18.6532	1302.4
791	18.6789	1301.79
792	18.7046	1301.4
793	18.7303	1301.27
794	18.7561	1296.13
795	18.7823	1294.71
796	18.8094	1294.31
797	18.8352	1294.24
798	18.8607	1293.53
799	18.8882	1293.19
800	18.916	1292.22
801	18.953	1283.64
802	18.9799	1282.78
803	19.0066	1282.64
804	19.0361	1282.2
805	19.0717	1282.15
806	19.0987	1281.03
807	19.127	1274.1
808	19.1548	1257.34
809	19.194	1255.72
810	19.2323	1248.18
811	19.2635	1247.29
812	19.3069	1247.09
813	19.3439	1246.98
814	19.3723	1246.32
815	19.3992	1244.86
816	19.4271	1244.8
817	19.4538	1243.53
818	19.4808	1243.07
819	19.509	1242.7
820	19.5354	1241.58
821	19.5617	1240.94
822	19.59	1240.87
823	19.6345	1225.69
824	19.6619	1223.86
825	19.6878	1222.05
826	19.7147	1221.01
827	19.7412	1220.87
828	19.7674	1216.08
829	19.8167	1215.07
830	19.8435	1214.28
831	19.8693	1213.54
832	19.8958	1213.45
833	19.9234	1212.6
834	19.9499	1210.61
835	19.9898	1210.48
836	20.017	1208.14
837	20.0427	1208.07
838	20.0691	1208.07
839	20.0955	1207.5
840	20.1217	1207.05
841	20.1486	1204.16
842	20.1763	1204.09
843	20.2025	1203.48
844	20.2286	1202.8
845	20.255	1202.49
846	20.2824	1202.33
847	20.3086	1202.01
848	20.3343	1201.16
849	20.3617	1200.51
850	20.388	1199.75
851	20.4141	1199.37
852	20.4404	1197.83
853	20.4662	1197.5
854	20.4931	1195.77
855	20.5203	1193.8
856	20.5465	1193.3
857	20.573	1192.82
858	20.6095	1192.64
859	20.636	1191.84
860	20.6621	1183.66
861	20.6884	1178.88
862	20.7149	1178.52
863	20.741	1177.73
864	20.768	1177.69
865	20.7941	1175.02
866	20.8204	1174.01
867	20.8467	1173.56
868	20.8732	1162.83
869	20.9007	1162.64
870	20.9509	1162.61
871	20.9795	1162.14
872	21.0065	1162
873	21.0333	1161.95
874	21.0596	1161.45
875	21.086	1161.04
876	21.1124	1159.05
877	21.1395	1158.69
878	21.1669	1157.42
879	21.1974	1156.89
880	21.2249	1156.79
881	21.2512	1156.79
882	21.2774	1151.52
883	21.3043	1151.42
884	21.3311	1151.12
885	21.3692	1148.1
886	21.3961	1147.22
887	21.4234	1146.24
888	21.4508	1145.82
889	21.4773	1145.63
890	21.5036	1144.27
891	21.5389	1137.7
892	21.5656	1137.31
893	21.6013	1129.91
894	21.6291	1129.73
895	21.6554	1126.87
896	21.6822	1125.29
897	21.709	1124.06
898	21.7362	1108.49
899	21.7638	1103.38
900	21.7903	1103.33
901	21.8172	1101.21
902	21.8441	1100.8
903	21.871	1099.97
904	21.8977	1099.36
905	21.9253	1097.96
906	21.9529	1097.69
907	21.9796	1094.36
908	22.006	1094.26
909	22.0324	1093.81
910	22.0668	1087.26
911	22.0934	1087.21
912	22.1209	1087
913	22.1484	1086.83
914	22.1749	1086.49
915	22.2109	1086
916	22.2382	1084.34
917	22.2648	1084.28
918	22.2945	1083.51
919	22.3217	1081.26
920	22.349	1079.14
922	22.4274	1079.08
924	22.4986	1074.13
925	22.5256	1074.07
926	22.5532	1073.81
927	22.5811	1071.9
928	22.6085	1071.82
929	22.6512	1069.27
930	22.6876	1068.68
931	22.7155	1064.06
932	22.7426	1063.64
933	22.771	1061.32
934	22.7989	1060.31
935	22.8257	1058.93
936	22.8529	1058.71
937	22.8798	1058.59
938	22.9079	1058.21
939	22.9357	1056.43
940	22.9626	1056.34
941	22.999	1056.33
942	23.0274	1055.75
943	23.0629	1054.76
944	23.0899	1054.72
945	23.1168	1054.29
946	23.1437	1052.76
947	23.1729	1052.59
948	23.2012	1041.4
949	23.2356	1039.18
950	23.2633	1039.05
951	23.2915	1038.88
952	23.3201	1037.2
953	23.348	1035.11
954	23.3753	1023.88
955	23.4028	1023.48
956	23.4298	1023.23
957	23.4568	1023.1
958	23.4839	1022.81
959	23.511	1022.43
960	23.5388	1021.46
961	23.5668	1017.86
962	23.594	1017.43
963	23.621	1017.36
964	23.6502	1016.21
965	23.6785	1012.08
966	23.7055	1011.6
967	23.7323	1011.53
968	23.7678	1009.52
969	23.7956	1008.84
970	23.8229	1001.04
971	23.8501	1000.63
972	23.878	999.787
973	23.9057	997.642
974	23.9426	991.7
975	23.9698	989.958
977	24.0233	987.853
978	24.0503	987.045
979	24.0779	986.887
980	24.1073	986.554
981	24.1354	986.521
982	24.1637	986.148
983	24.1923	984.543
984	24.2192	984.257
985	24.2462	984.053
988	24.3433	972.325
989	24.3714	972.093
990	24.3991	971.689
991	24.4266	971.035
992	24.4544	970.979
993	24.4826	968.839
994	24.5102	965.931
995	24.5392	965.149
997	24.6033	964.671
998	24.6314	963.578
999	24.6584	963.296
1000	24.6857	963.279
1001	24.7144	962.771
1002	24.7416	949.822
1003	24.7689	949.481
1004	24.796	948.275
1005	24.8237	947.678
1006	24.8516	947.355
1007	24.8789	946.741
1008	24.9066	946.539
1009	24.9359	946.448
1010	24.9656	946.321
1011	25.0042	945.168
1012	25.0373	942.119
1013	25.0652	940.782
1014	25.0925	925.841
1015	25.1199	924.831
1016	25.1483	923.35
1017	25.1761	922.642
1018	25.2033	901.501
1019	25.2318	900.15
1020	25.2593	896.178
1021	25.2867	895.423
1022	25.3145	895.29
1024	25.3777	894.012
1025	25.4057	893.938
1026	25.4332	893.073
1028	25.4879	892.736
1029	25.5154	886.884
1030	25.5429	886.878
1031	25.5704	885.963
1032	25.5979	885.95
1033	25.6266	885.315
1034	25.6539	884.381
1035	25.6813	884.288
1036	25.7091	884.269
1037	25.7369	883.248
1038	25.7643	882.728
1039	25.7933	880.012
1040	25.8215	879.992
1041	25.85	879.992
1042	25.8774	879.843
1043	25.906	879.709
1044	25.9351	879.141
1045	25.9642	872.657
1046	25.9944	870.543
1047	26.023	870.535
1048	26.0508	870.357
1049	26.0784	867.662
1050	26.106	864.807
1051	26.1335	864.737
1052	26.1612	864.615
1053	26.1893	864.365
1054	26.2169	863.786
1055	26.2449	863.644
1056	26.2727	863.202
1057	26.3015	863.084
1059	26.3582	863.007
1060	26.3878	862.971
1061	26.4159	861.05
1062	26.4464	848.958
1063	26.475	848.265
1064	26.5033	848.063
1065	26.5317	847.23
1066	26.5604	845.812
1067	26.5886	842.309
1068	26.6163	841.706
1069	26.6448	841.688
1070	26.6742	839.521
1071	26.7038	839.449
1072	26.733	838.041
1073	26.7613	837.866
1074	26.7915	836.96
1075	26.8202	836.611
1076	26.8486	836.527
1077	26.8775	835.655
1078	26.9156	835.379
1079	26.944	835.32
1080	26.9723	834.318
1081	27.0014	833.847
1082	27.0368	828.784
1083	27.0738	828.524
1084	27.1038	828.144
1085	27.1502	827.648
1086	27.2004	827.168
1087	27.2284	826.762
1088	27.2568	826.327
1089	27.2851	826.276
1090	27.3134	826.123
1091	27.3419	825.804
1092	27.3701	825.176
1093	27.4022	815.404
1094	27.4322	815.065
1095	27.4609	814.112
1096	27.4894	813.866
1097	27.5178	813.665
1098	27.5571	813.545
1099	27.5866	813.495
1100	27.6161	813.492
1101	27.6615	813.13
1102	27.6911	813.116
1103	27.7202	812.894
1104	27.7487	810.322
1105	27.7775	809.99
1106	27.8071	808.216
1107	27.8371	808.045
1108	27.8661	807.184
1109	27.8948	806.836
1110	27.9231	805.741
1111	27.9512	805.432
1112	27.9874	804.701
1114	28.0456	804.562
1115	28.0752	802.776
1116	28.105	802.666
1117	28.134	802.227
1118	28.1626	787.528
1119	28.1911	787.186
1120	28.2201	786.914
1121	28.2486	786.475
1122	28.2769	786.347
1123	28.3054	786.268
1124	28.3341	785.913
1125	28.3636	785.769
1126	28.3934	784.781
1127	28.4315	784.551
1128	28.4679	784.517
1129	28.498	784.505
1130	28.5326	784.167
1131	28.5893	784.155
1132	28.619	783.98
1133	28.648	783.955
1134	28.6773	783.913
1135	28.7057	783.911
1136	28.734	783.642
1137	28.7628	783.49
1138	28.7955	781.884
1139	28.8238	781.854
1140	28.8529	781.605
1141	28.8817	780.716
1142	28.9102	780.539
1143	28.9385	780.18
1144	28.9764	780.032
1145	29.0057	780.018
1146	29.0341	779.502
1147	29.0626	779.315
1148	29.0911	764.387
1149	29.121	761.811
1150	29.15	761.172
1151	29.1789	760.197
1152	29.2069	760.184
1153	29.2351	760.109
1154	29.2636	759.454
1155	29.2923	759.065
1156	29.3233	758.388
1157	29.353	757.865
1158	29.3838	757.622
1159	29.4118	757.389
1160	29.4408	757.103
1161	29.4702	756.914
1162	29.4995	756.824
1163	29.5281	743.603
1164	29.5853	743.543
1165	29.6149	743.317
1166	29.6432	742.936
1167	29.6719	742.928
1168	29.7018	742.734
1169	29.7303	742.67
1170	29.7596	742.424
1171	29.7906	742.121
1172	29.8201	741.364
1173	29.8648	741.239
1174	29.8939	740.445
1175	29.9225	740.422
1176	29.9686	739.611
1177	29.9977	739.483
1178	30.0258	739.457
1179	30.0545	739.268
1180	30.0844	737.719
1181	30.1135	737.328
1182	30.1417	737.224
1183	30.1699	736.665
1184	30.2035	736.525
1185	30.2322	736.5
1186	30.2605	736.396
1187	30.2897	736.384
1188	30.3188	736.266
1189	30.3473	735.809
1190	30.3762	735.452
1191	30.4156	735.335
1193	30.4734	735.198
1194	30.5017	734.731
1195	30.5298	734.296
1196	30.5581	734.249
1197	30.5881	734.159
1198	30.6174	734.012
1199	30.6459	733.554
1200	30.6743	728.776
1201	30.7026	726.861
1202	30.7313	726.786
1204	30.7891	726.73
1205	30.827	724.562
1206	30.8559	724.481
1207	30.884	724.217
1209	30.9403	724.069
1210	30.9686	724.026
1211	30.997	722.352
1212	31.027	722.005
1213	31.0563	721.979
1214	31.0846	721.91
1215	31.113	720.818
1216	31.1415	720.5
1218	31.1999	720.018
1219	31.2303	719.238
1220	31.2634	719.03
1221	31.2942	718.941
1222	31.3243	718.682
1223	31.3532	718.52
1224	31.3834	718.072
1225	31.4118	717.842
1226	31.4402	716.858
1227	31.4691	716.848
1229	31.528	716.641
1230	31.5581	716.543
1231	31.5879	714.02
1232	31.6168	713.939
1233	31.6457	712.03
1234	31.6747	711.444
1235	31.7031	710.028
1236	31.7317	709.829
1237	31.7781	709.366
1238	31.8163	707.673
1239	31.8466	707.306
1240	31.8766	707.252
1241	31.9061	706.818
1242	31.9354	706.443
1243	31.9641	706.252
1244	31.9923	706.171
1245	32.0378	705.786
1246	32.0662	705.779
1247	32.1037	705.283
1249	32.1598	704.958
1250	32.1892	704.579
1251	32.2298	704.387
1252	32.2585	703.765
1253	32.2869	703.487
1254	32.3156	703.348
1255	32.3445	703.223
1256	32.3736	703.207
1257	32.4026	703.134
1258	32.4317	702.942
1259	32.4606	702.041
1261	32.5435	701.59
1262	32.5721	701.552
1263	32.6008	701.546
1264	32.6291	701.229
1265	32.658	701.162
1266	32.6861	701.109
1267	32.7144	699.551
1268	32.7428	699.497
1269	32.7711	698.363
1270	32.8001	695.952
1271	32.8291	694.265
1272	32.8585	694.02
1273	32.8868	693.198
1274	32.9158	692.727
1275	32.9445	692.692
1276	32.9729	692.575
1277	33.0012	692.434
1278	33.0302	692.082
1279	33.0592	691.409
1280	33.0874	691.403
1281	33.1223	691.38
1282	33.1521	691.372
1283	33.1986	690.303
1284	33.2539	690.139
1285	33.2831	689.912
1286	33.3116	688.769
1287	33.3406	688.649
1288	33.3698	685.82
1289	33.3982	683.827
1290	33.4277	683.762
1291	33.4568	683.486
1292	33.4852	682.845
1293	33.5136	682.539
1294	33.5431	680.545
1295	33.5731	680.469
1296	33.6061	680.413
1297	33.6353	680.285
1298	33.6638	680.056
1299	33.6925	679.787
1300	33.7212	678.618
1301	33.75	673.026
1303	33.81	672.986
1304	33.8411	672.231
1305	33.8711	669.904
1307	33.9277	669.677
1308	33.9565	668.308
1309	33.9868	667.742
1310	34.0164	663.126
1311	34.0474	662.817
1312	34.0766	662.303
1313	34.105	659.34
1314	34.1339	658.321
1315	34.1632	656.778
1317	34.2222	656.28
1318	34.252	655.491
1319	34.2831	655.263
1320	34.3133	655.053
1321	34.3438	654.716
1323	34.4019	654.143
1324	34.446	653.886
1327	34.5391	653.717
1328	34.5676	653.328
1329	34.5961	652.606
1330	34.6246	652.268
1331	34.6618	651.383
1333	34.7195	651.365
1335	34.8095	651.34
1336	34.8379	651.162
1337	34.8849	650.872
1338	34.914	649.631
1339	34.9436	649.373
1340	34.9884	649.371
1341	35.0182	647.365
1342	35.0477	646.278
1343	35.0766	645.953
1344	35.1051	645.81
1345	35.1337	645.43
1346	35.1622	645.419
1347	35.1908	645.363
1349	35.2498	645.173
1350	35.2795	645.155
1351	35.3146	644.633
1352	35.3445	643.566
1353	35.3736	642.965
1354	35.41	641.366
1355	35.4395	640.658
1356	35.468	640.088
1357	35.4965	639.722
1358	35.5254	638.676
1359	35.5541	638.603
1360	35.5827	635.901
1361	35.6112	635.669
1362	35.6405	635.654
1363	35.6704	635.479
1364	35.6989	634.809
1365	35.7365	634.716
1366	35.7662	633.589
1367	35.7962	633.472
1368	35.8255	632.811
1369	35.8545	632.518
1370	35.8833	632.483
1371	35.912	632.276
1372	35.9422	632.208
1373	35.9708	631.879
1374	35.9994	631.356
1375	36.028	631.317
1376	36.0565	631.248
1377	36.0853	630.18
1378	36.114	629.959
1379	36.1427	628.115
1381	36.2002	628.092
1383	36.2586	628.029
1384	36.2972	627.938
1385	36.328	627.297
1386	36.3569	627.268
1387	36.386	627.261
1388	36.4156	627.128
1389	36.4444	624.508
1390	36.4731	624.349
1391	36.5018	623.362
1392	36.5307	623.081
1393	36.5861	622.362
1394	36.6177	622.332
1395	36.6465	622.31
1396	36.6754	622.2
1397	36.7042	622.185
1398	36.7333	622.167
1399	36.7634	620.589
1400	36.7921	620.577
1401	36.8207	618.545
1402	36.859	606.511
1403	36.8879	605.482
1404	36.9166	604.929
1405	36.9477	604.076
1406	36.9779	604.028
1407	37.0067	603.844
1408	37.0358	603.749
1409	37.066	603.741
1410	37.0958	603.434
1412	37.1532	602.542
1413	37.1831	602.157
1414	37.2119	601.981
1415	37.2412	601.959
1416	37.2703	601.883
1417	37.3009	601.864
1418	37.3462	601.734
1419	37.3758	601.657
1420	37.4052	601.201
1421	37.4361	601.051
1422	37.4658	600.931
1423	37.4942	600.741
1424	37.5411	600.697
1425	37.5706	600.044
1426	37.5995	599.958
1427	37.6285	599.894
1428	37.6572	599.807
1429	37.6869	599.775
1430	37.7157	599.589
1431	37.7673	599.323
1432	37.7976	599.074
1433	37.8263	598.85
1434	37.855	598.763
1435	37.8837	598.616
1436	37.9125	598.615
1437	37.9504	598.549
1438	37.9801	598.47
1439	38.0087	598.47
1440	38.0376	598.468
1441	38.067	598.114
1442	38.0967	597.719
1443	38.1254	597.509
1444	38.1541	597.441
1445	38.1828	597.41
1446	38.2135	597.166
1447	38.2422	597.044
1448	38.271	597.015
1449	38.3003	596.684
1450	38.3302	595.622
1451	38.3604	595.4
1452	38.3897	595.075
1453	38.4199	594.82
1454	38.4486	594.779
1455	38.4774	594.304
1456	38.5069	594.273
1457	38.5363	594.232
1458	38.5651	590.927
1459	38.5943	590.871
1460	38.6233	590.743
1461	38.6529	590.471
1462	38.6816	589.81
1463	38.7109	589.749
1464	38.7409	589.081
1465	38.7699	589.066
1466	38.7987	588.888
1467	38.8281	588.804
1468	38.8648	588.713
1469	38.8941	588.694
1470	38.9227	588.235
1471	38.9515	588.179
1472	38.981	587.882
1473	39.0107	587.877
1474	39.0401	587.559
1475	39.07	587.496
1476	39.0988	587.409
1477	39.1275	587.36
1478	39.1565	586.948
1479	39.1864	586.705
1480	39.2146	586.431
1481	39.2532	586.39
1482	39.2828	586.289
1483	39.3118	586.2
1484	39.341	586.17
1485	39.3704	586.118
1486	39.4004	585.934
1487	39.4292	585.834
1488	39.4583	583.505
1489	39.4965	583.005
1490	39.5265	582.391
1491	39.5553	582.126
1493	39.6138	582.074
1494	39.6433	581.907
1495	39.6721	581.906
1496	39.7009	581.803
1497	39.7297	581.206
1498	39.7635	581.024
1499	39.7936	580.924
1500	39.8231	580.83
1501	39.8522	580.645
1502	39.8811	580.552
1503	39.9104	575.66
1504	39.9401	575.579
1505	39.9699	575.571
1506	39.9987	575.278
1507	40.028	575.241
1508	40.0578	575.06
1509	40.0866	575.037
1510	40.1154	574.898
1511	40.1443	574.486
1512	40.1741	574.154
1513	40.2044	573.946
1514	40.2336	573.585
1515	40.2629	573.576
1516	40.2928	573.536
1517	40.322	573.404
1518	40.3512	573.401
1519	40.3811	573.242
1522	40.4673	573.155
1523	40.4961	573.072
1524	40.5252	572.979
1525	40.5735	572.944
1526	40.6044	572.743
1527	40.6347	572.615
1528	40.664	572.453
1529	40.6934	571.299
1530	40.7227	571.023
1531	40.7516	570.919
1533	40.8096	570.805
1535	40.8685	570.311
1536	40.8987	570.227
1537	40.931	570.119
1538	40.961	570.049
1539	40.9901	569.899
1540	41.0193	569.831
1541	41.0482	569.198
1544	41.1345	569.191
1545	41.1634	567.867
1546	41.193	567.812
1547	41.222	567.706
1549	41.2798	567.593
1550	41.3089	567.56
1551	41.3379	566.639
1552	41.3678	566.56
1553	41.4109	566.54
1554	41.4408	566.438
1555	41.4704	565.608
1556	41.5007	563.839
1557	41.5296	563.518
1558	41.5587	563.472
1559	41.5887	563.279
1560	41.6191	563.182
1561	41.6482	563.057
1562	41.6776	562.446
1563	41.7065	562.433
1564	41.7356	561.393
1565	41.7646	561.213
1566	41.7941	560.802
1567	41.8233	559.97
1569	41.8811	559.72
1570	41.9109	559.679
1571	41.9405	557.503
1572	41.9703	557.329
1573	42.0011	557.219
1574	42.0316	557.088
1575	42.061	556.677
1576	42.09	556.464
1577	42.1185	555.476
1578	42.1481	553.308
1579	42.1773	553.165
1580	42.2061	553.146
1583	42.302	553.024
1584	42.3325	552.417
1585	42.3617	551.594
1586	42.391	551.568
1587	42.4665	551.399
1588	42.5318	551.314
1589	42.5733	551.166
1590	42.6077	550.957
1591	42.6385	550.912
1592	42.6795	550.826
1593	42.7116	550.577
1594	42.7419	550.522
1595	42.774	550.447
1596	42.8113	550.445
1597	42.8416	550.174
1598	42.8849	550.118
1599	42.9813	549.675
1600	43.0399	549.587
1601	43.1102	549.502
1603	43.2196	549.501
1604	43.2768	548.635
1605	43.3228	548.622
1606	43.3715	548.577
1607	43.4048	547.416
1608	43.4382	547.165
1609	43.4719	546.584
1610	43.5201	546.57
1611	43.5734	545.648
1612	43.6401	545.431
1613	43.7153	545.1
1614	43.7653	544.856
1615	43.8003	544.847
1616	43.8333	544.791
1617	43.8687	544.548
1618	43.9002	544.482
1619	43.9317	543.813
1621	44.0063	543.785
1622	44.0544	543.784
1623	44.0846	543.278
1624	44.1338	543.209
1626	44.2193	543.142
1627	44.265	543.102
1628	44.2981	541.624
1629	44.3317	539.867
1630	44.3671	539.823
1631	44.4066	539.763
1632	44.4379	539.574
1634	44.527	538.768
1635	44.5616	538.743
1636	44.5932	538.679
1637	44.6241	538.587
1639	44.6864	538.584
1640	44.7173	537.836
1641	44.7507	537.253
1642	44.7825	537.119
1643	44.8125	537.082
1644	44.8441	536.476
1645	44.8746	535.738
1647	44.9336	535.645
1648	44.9649	534.672
1649	45.004	534.564
1650	45.0372	533.738
1651	45.0684	533.385
1653	45.1358	532.197
1654	45.1661	531.405
1655	45.1962	530.622
1657	45.2909	530.412
1658	45.3471	530.184
1659	45.3922	529.939
1660	45.4385	529.916
1661	45.4935	529.022
1663	45.5896	528.869
1664	45.6211	528.698
1668	45.7608	528.107
1669	45.7941	527.893
1670	45.8291	527.692
1671	45.8863	527.425
1673	45.955	527.338
1674	45.9888	527.278
1675	46.0285	526.833
1676	46.059	526.746
1677	46.1216	526.692
1678	46.1595	526.204
1679	46.2015	526.084
1680	46.2336	526.081
1681	46.2829	523.494
1682	46.3148	522.844
1683	46.347	522.684
1684	46.3791	522.618
1685	46.4176	522.587
1687	46.4796	522.115
1688	46.5095	522.112
1689	46.5395	522.055
1690	46.5706	522.047
1691	46.6016	521.746
1692	46.6313	518.655
1694	46.6936	517.899
1695	46.7254	517.435
1697	46.7872	516.987
1698	46.8202	514.945
1700	46.9008	514.252
1701	46.9327	514.202
1702	46.9727	514.113
1703	47.0109	513.888
1704	47.042	513.645
1705	47.0743	513.458
1706	47.1162	512.509
1707	47.1511	512.5
1708	47.1826	512.386
1709	47.2131	512.263
1710	47.2438	512.255
1711	47.2953	512.217
1712	47.3265	512.137
1713	47.3683	511.479
1714	47.3995	511.258
1715	47.4291	511.197
1716	47.46	511.194
1717	47.493	510.814
1718	47.5299	510.666
1719	47.5596	510.372
1720	47.5974	510.356
1721	47.639	510.349
1722	47.6726	510.236
1723	47.7029	510.208
1724	47.7486	510.106
1725	47.78	509.949
1726	47.8194	509.903
1727	47.851	509.794
1728	47.892	509.74
1729	47.9229	509.458
1730	47.953	509.366
1731	47.9834	509.299
1732	48.0136	509.157
1733	48.0443	509.123
1734	48.0739	509.105
1735	48.1045	509.075
1736	48.1494	508.965
1737	48.1801	508.942
1738	48.2102	508.939
1739	48.2401	508.877
1740	48.2709	508.872
1741	48.301	508.316
1742	48.3311	506.312
1743	48.3629	506.145
1744	48.4237	506.009
1745	48.4537	504.69
1746	48.4841	504.571
1747	48.5138	504.377
1748	48.5437	504.283
1749	48.5747	504.27
1750	48.6053	504.105
1751	48.6358	504.074
1752	48.6658	504.062
1753	48.6965	503.885
1754	48.7262	503.778
1755	48.7556	503.737
1756	48.7855	503.725
1757	48.8172	503.585
1758	48.8493	503.559
1759	48.8812	503.555
1760	48.9108	502.963
1761	48.9408	502.926
1762	48.9949	502.462
1763	49.0317	502.197
1764	49.0636	502.17
1765	49.094	501.902
1766	49.1252	501.867
1767	49.165	501.8
1768	49.1955	501.711
1769	49.2254	501.68
1770	49.2557	501.642
1771	49.2855	501.522
1772	49.315	501.401
1773	49.3451	500.82
1774	49.3754	500.758
1775	49.4049	500.71
1776	49.435	500.213
1777	49.4906	500.203
1778	49.5199	500.038
1779	49.5533	500.02
1780	49.5846	500.016
1781	49.619	499.765
1782	49.6501	499.748
1783	49.68	499.72
1784	49.7103	499.576
1785	49.7403	499.525
1786	49.7702	499.22
1787	49.7998	499.143
1789	49.8596	499.081
1790	49.8907	498.574
1791	49.9201	498.567
1792	49.9494	498.363
1793	49.9801	498.32
1794	50.0106	498.265
1795	50.04	498.262
1796	50.0788	498.179
1797	50.1081	498.114
1798	50.1389	495.023
1799	50.1927	494.872
1800	50.2239	494.782
1801	50.2547	494.7
1802	50.2847	494.665
1803	50.3142	494.598
1804	50.3437	494.175
1805	50.384	494.163
1808	50.4736	494.144
1809	50.5041	494.12
1810	50.5338	494.108
1812	50.5953	493.843
1813	50.6262	493.843
1814	50.6566	492.92
1816	50.7156	492.531
1817	50.7452	492.531
1818	50.7746	492.512
1819	50.8046	492.432
1820	50.8345	492.283
1821	50.865	492.241
1822	50.8947	492.203
1823	50.9415	492.136
1824	50.971	492.082
1825	51.0014	492.057
1827	51.06	491.959
1828	51.0896	486.152
1829	51.1292	485.47
1830	51.1637	485.215
1831	51.1934	484.983
1833	51.2526	484.945
1834	51.2835	484.799
1835	51.3135	484.645
1836	51.3446	484.524
1837	51.3764	484.521
1838	51.4072	484.346
1839	51.4368	484.324
1840	51.4758	484.303
1841	51.5061	484.241
1842	51.5359	484.139
1843	51.5655	483.442
1845	51.6253	483.287
1846	51.6553	483.095
1847	51.6939	482.727
1848	51.7238	482.591
1849	51.7533	482.534
1850	51.7834	482.473
1851	51.8138	482.365
1852	51.8432	482.271
1853	51.8736	482.046
1854	51.9044	481.519
1855	51.9348	481.517
1856	51.9644	481.217
1857	51.9941	481.13
1858	52.0242	481.128
1859	52.0549	481.046
1861	52.1138	480.918
1862	52.1434	480.811
1863	52.173	480.785
1864	52.2031	480.673
1865	52.2335	480.639
1866	52.2639	480.481
1867	52.2937	479.751
1868	52.341	479.701
1869	52.3708	479.292
1870	52.401	479.128
1871	52.448	479.059
1873	52.5076	478.979
1875	52.5833	478.924
1876	52.6129	478.896
1877	52.6728	478.825
1878	52.7029	478.754
1879	52.7353	478.725
1880	52.7648	478.678
1881	52.7945	478.461
1882	52.8253	478.437
1884	52.8853	478.435
1885	52.9157	477.662
1887	52.9766	477.593
1888	53.0067	477.475
1889	53.0364	477.434
1890	53.0663	477.408
1891	53.0968	477.061
1892	53.1281	477.015
1893	53.1586	476.985
1894	53.1882	476.912
1895	53.2179	476.781
1896	53.2562	476.172
1898	53.3512	476.129
1899	53.3829	475.96
1900	53.4133	475.897
1901	53.4519	475.871
1902	53.4817	475.549
1903	53.5124	475.538
1904	53.5429	475.416
1905	53.5734	475.307
1906	53.6031	474.91
1907	53.6332	474.409
1908	53.6638	474.324
1909	53.6941	474.247
1910	53.7254	474.228
1911	53.7561	472.234
1913	53.8155	472.131
1914	53.8468	471.997
1915	53.8762	471.832
1916	53.9073	471.732
1917	53.9381	471.429
1919	54.0381	471.317
1920	54.0693	471.306
1922	54.1365	471.296
1923	54.1661	471.112
1924	54.1958	470.907
1925	54.2353	470.448
1926	54.2737	470.422
1927	54.3037	470.404
1928	54.3332	470.326
1929	54.3645	470.221
1930	54.3944	469.994
1931	54.424	469.97
1932	54.4536	469.925
1933	54.4832	469.744
1934	54.513	469.731
1935	54.5434	469.66
1936	54.5746	469.66
1937	54.6054	469.452
1939	54.6646	469.063
1941	54.7245	469
1942	54.7544	468.859
1943	54.784	468.824
1944	54.8137	468.752
1945	54.8436	468.748
1946	54.8741	468.743
1947	54.9037	467.758
1948	54.9361	467.652
1949	54.9694	467.232
1950	55.0012	466.673
1951	55.0373	466.394
1952	55.0694	466.325
1953	55.1021	466.162
1954	55.1348	466.101
1955	55.1671	466.092
1956	55.1971	466.071
1957	55.2274	465.629
1958	55.2582	465.571
1959	55.2891	465.299
1960	55.3189	465.289
1961	55.3493	465.265
1962	55.3798	465.26
1964	55.4646	465.19
1965	55.4952	464.975
1967	55.5543	464.938
1968	55.584	464.184
1969	55.614	463.435
1970	55.6439	463.431
1971	55.6735	463.387
1972	55.7031	463.253
1974	55.7622	462.808
1975	55.7926	462.789
1977	55.8525	462.756
1978	55.8836	462.747
1980	55.9436	462.042
1981	55.9736	460.424
1982	56.0036	460.256
1983	56.0326	460.249
1984	56.063	459.942
1985	56.0928	459.711
1986	56.1231	459.694
1987	56.1653	459.665
1988	56.1953	459.141
1989	56.2251	459.048
1990	56.2547	458.55
1991	56.2846	458.53
1992	56.3143	458.289
1993	56.344	457.689
1994	56.3736	457.601
1995	56.4046	457.226
1997	56.4809	457.107
1998	56.5116	457.018
1999	56.5411	456.713
2000	56.5717	456.678
2001	56.6028	456.193
2002	56.6335	456.12
2004	56.6949	455.831
2005	56.7278	455.83
2006	56.758	455.679
2008	56.842	455.056
2009	56.8724	454.845
2011	56.9317	454.641
2013	56.9908	454.438
2016	57.0794	454.414
2018	57.1396	453.753
2019	57.1692	453.464
2020	57.1989	453.456
2021	57.2287	452.667
2022	57.2585	452.254
2023	57.2891	452.134
2025	57.3485	452.107
2029	57.4923	452.022
2030	57.5226	451.989
2031	57.5703	451.509
2032	57.6005	450.004
2033	57.6303	449.984
2034	57.6603	449.768
2035	57.6904	449.421
2036	57.7218	449.407
2038	57.7907	448.723
2039	57.8214	448.722
2041	57.8811	448.664
2042	57.9114	448.639
2043	57.9417	448.584
2044	57.9717	448.46
2045	58.0017	448.433
2046	58.0317	446.764
2047	58.0621	446.755
2048	58.0919	446.682
2049	58.1217	446.638
2050	58.1521	446.555
2051	58.1828	446.472
2052	58.2126	446.438
2053	58.2423	446.047
2054	58.2724	445.962
2055	58.3022	445.86
2056	58.3328	445.855
2057	58.363	445.553
2058	58.3933	445.129
2059	58.4232	445.009
2060	58.453	445.002
2061	58.4829	444.993
2062	58.5132	444.951
2063	58.5435	444.854
2064	58.574	444.836
2065	58.6037	444.757
2066	58.6335	444.495
2067	58.6637	444.491
2069	58.7232	444.397
2070	58.7538	444.323
2071	58.7848	444.293
2072	58.815	444.282
2073	58.8459	444.214
2074	58.878	444.205
2075	58.9087	444.199
2076	58.9396	444.139
2077	58.9704	444.061
2079	59.0313	443.671
2080	59.0633	443.653
2081	59.0942	443.5
2082	59.1246	442.854
2083	59.1544	442.719
2084	59.185	442.649
2085	59.2153	442.55
2086	59.2455	442.52
2087	59.2763	442.267
2088	59.3149	442.185
2090	59.3751	442.122
2091	59.4055	442.114
2092	59.4353	442.04
2093	59.4657	441.91
2094	59.4961	441.767
2095	59.527	441.763
2096	59.557	441.731
2097	59.588	441.539
2098	59.619	441.488
2099	59.6491	441.485
2100	59.6791	441.45
2101	59.7089	441.408
2102	59.7391	440.96
2103	59.7691	440.771
2104	59.7991	440.762
2105	59.8289	440.674
2106	59.859	440.674
2107	59.8994	440.673
2108	59.9305	440.611
2109	59.9618	440.599
2110	59.9924	440.539
2111	60.0227	440.442
2112	60.0527	440.295
2113	60.0828	440.014
2114	60.1124	439.977
2115	60.1433	439.927
2116	60.1731	439.916
2117	60.2034	439.895
2118	60.2339	439.892
2119	60.2644	439.881
2120	60.2952	439.879
2121	60.3422	439.119
2122	60.3721	439.111
2123	60.402	439.056
2124	60.4324	438.96
2125	60.4624	438.901
2126	60.4923	438.689
2127	60.5223	438.626
2129	60.5982	438.546
2130	60.6289	438.066
2131	60.6594	438.061
2132	60.6909	438.017
2133	60.7234	437.916
2135	60.7833	437.881
2136	60.8156	437.778
2137	60.8463	437.76
2138	60.8777	435.379
2139	60.908	435.243
2140	60.9388	435.176
2141	60.9696	435.091
2142	61.0286	435.07
2143	61.0604	435.009
2144	61.0916	434.954
2145	61.1224	434.837
2146	61.1523	434.818
2147	61.1838	434.767
2148	61.2246	434.757
2149	61.2558	434.741
2150	61.2866	434.74
2152	61.3484	434.515
2153	61.3804	434.513
2154	61.4117	434.356
2156	61.4721	434.238
2158	61.5318	434.12
2159	61.5622	434.028
2160	61.5929	433.95
2161	61.6229	433.874
2162	61.6528	433.792
2163	61.6835	433.727
2165	61.7432	433.719
2167	61.8117	433.644
2168	61.8429	433.386
2169	61.8738	432.966
2170	61.9051	432.709
2171	61.9352	432.628
2173	61.9953	432.401
2174	62.0465	432.316
2175	62.078	432.107
2176	62.1086	432.094
2177	62.1395	431.66
2178	62.1694	431.624
2180	62.2302	431.587
2181	62.2606	431.21
2183	62.3198	430.86
2184	62.3515	430.791
2185	62.3827	430.757
2186	62.4133	430.666
2187	62.4439	430.321
2188	62.4752	430.213
2189	62.506	430.087
2190	62.536	430.045
2191	62.567	429.909
2192	62.6076	429.838
2193	62.6376	429.804
2194	62.6678	429.593
2195	62.6981	429.589
2196	62.7281	429.496
2197	62.7582	429.459
2198	62.7882	429.447
2199	62.8187	429.414
2200	62.8497	429.347
2201	62.881	429.303
2202	62.9115	429.222
2204	62.9715	429.188
2205	63.0039	429.166
2206	63.0342	428.391
2207	63.0654	428.356
2208	63.0961	428.328
2210	63.1559	428.271
2211	63.1859	428.205
2212	63.216	428.169
2214	63.2757	428.077
2215	63.3066	427.951
2216	63.3373	427.892
2217	63.3683	427.814
2219	63.4547	427.705
2220	63.485	427.656
2221	63.5151	427.605
2222	63.5453	427.544
2224	63.6051	427.532
2225	63.6356	427.111
2228	63.741	427.086
2229	63.7718	427.036
2230	63.8183	427.029
2231	63.8491	426.594
2232	63.8803	426.553
2233	63.9109	426.519
2234	63.9416	426.416
2235	63.9724	426.403
2236	64.0037	426.342
2238	64.0646	426.323
2241	64.154	426.268
2242	64.1855	426.213
2243	64.2164	426.211
2244	64.2467	426.186
2245	64.2841	426.129
2246	64.3166	425.848
2247	64.3481	425.144
2249	64.409	425.114
2250	64.439	425.072
2251	64.47	423.725
2252	64.5012	423.696
2253	64.532	423.417
2254	64.5684	423.34
2255	64.5982	422.707
2256	64.6283	422.586
2258	64.69	422.249
2259	64.721	421.433
2260	64.751	421.432
2263	64.8414	421.301
2264	64.8719	421.263
2265	64.9029	420.549
2266	64.9338	420.529
2267	64.964	420.366
2269	65.0234	420.257
2270	65.0546	420.185
2272	65.1323	420.16
2273	65.164	420.045
2274	65.1943	420.039
2275	65.2244	419.972
2276	65.2546	419.971
2277	65.2856	419.875
2279	65.3467	419.866
2281	65.41	419.85
2282	65.4418	419.764
2283	65.4737	419.761
2284	65.5125	419.714
2286	65.5732	419.705
2287	65.6038	419.174
2288	65.6341	419.09
2289	65.6642	418.883
2290	65.6944	418.6
2291	65.7246	418.112
2292	65.7546	418.087
2293	65.7851	417.935
2295	65.8456	417.933
2296	65.8756	417.926
2297	65.9056	417.888
2298	65.9355	417.57
2299	65.9659	417.29
2301	66.0261	417.267
2302	66.0564	417.263
2303	66.0872	417.201
2304	66.1193	417.096
2308	66.2652	416.674
2309	66.3143	416.38
2311	66.3978	416.278
2313	66.4584	416.208
2314	66.4886	415.883
2315	66.519	415.858
2318	66.6088	415.806
2320	66.67	415.345
2321	66.7007	413.935
2323	66.7608	413.931
2324	66.7909	413.864
2325	66.821	413.743
2327	66.8826	413.742
2328	66.914	413.42
2330	66.9743	413.217
2331	67.0047	413.155
2333	67.067	412.495
2334	67.0989	412.491
2335	67.1301	412.041
2336	67.1605	412.029
2337	67.1906	412
2339	67.2506	411.761
2341	67.3117	410.423
2344	67.4012	409.933
2346	67.4609	409.8
2347	67.4911	409.758
2348	67.5223	409.171
2350	67.5828	409.169
2353	67.6977	409.033
2355	67.7738	409.007
2356	67.8047	408.775
2358	67.8644	408.66
2359	67.8947	408.521
2360	67.9248	408.516
2361	67.9552	408.265
2362	67.9869	406.555
2363	68.0199	406.502
2364	68.0512	406.488
2366	68.1124	406.487
2370	68.2369	406.443
2371	68.2694	406.401
2372	68.3024	405.738
2374	68.3668	405.671
2375	68.3987	405.359
2376	68.4296	404.925
2377	68.4605	404.772
2378	68.4905	404.143
2380	68.5504	403.96
2381	68.6032	403.899
2382	68.635	403.896
2384	68.695	403.834
2385	68.7259	403.813
2386	68.757	403.72
2387	68.7875	403.702
2388	68.8176	403.618
2389	68.8724	403.61
2390	68.9041	403.6
2391	68.9357	403.549
2392	68.9676	403.547
2393	68.9984	403.46
2394	69.0289	403.397
2395	69.059	403.353
2396	69.089	403.347
2397	69.1191	403.321
2398	69.149	403.166
2399	69.1789	403.045
2400	69.2088	403.02
2401	69.2384	403.017
2402	69.269	403.002
2403	69.2989	402.912
2404	69.3289	402.871
2405	69.3588	402.82
2406	69.392	402.808
2407	69.4232	402.789
2408	69.4532	402.746
2409	69.4831	402.72
2410	69.5132	402.718
2411	69.5432	402.665
2412	69.5731	402.638
2413	69.6035	402.453
2414	69.6334	402.439
2415	69.6635	402.432
2416	69.6936	402.409
2417	69.7241	402.397
2418	69.7542	402.396
2419	69.785	402.378
2421	69.8455	402.302
2422	69.8765	401.909
2423	69.9073	401.709
2424	69.9373	401.672
2425	69.9677	401.595
2427	70.0386	401.582
2429	70.0988	401.58
2430	70.1375	401.528
2431	70.177	401.464
2432	70.2085	401.131
2433	70.2387	400.979
2434	70.2686	400.926
2435	70.2991	400.923
2436	70.3299	400.895
2437	70.36	400.78
2438	70.3902	400.744
2439	70.4367	400.728
2440	70.468	400.686
2441	70.4979	400.668
2442	70.5279	400.166
2443	70.5579	399.986
2444	70.5879	399.975
2446	70.6531	399.96
2447	70.6844	399.956
2448	70.7143	399.928
2449	70.7443	399.918
2450	70.7753	399.89
2451	70.8056	399.655
2452	70.8363	399.56
2453	70.8672	399.492
2454	70.8978	399.465
2455	70.9281	399.388
2456	70.9603	399.381
2457	70.9916	399.231
2458	71.0215	399.227
2459	71.0518	399.221
2460	71.0818	399.219
2461	71.1123	398.974
2462	71.1426	398.951
2463	71.1734	398.935
2464	71.2035	398.847
2465	71.2334	398.557
2466	71.2644	398.404
2467	71.2948	398.354
2468	71.3248	398.215
2469	71.3549	398.19
2470	71.3852	397.654
2471	71.4162	397.591
2472	71.4464	397.542
2473	71.477	397.468
2474	71.5076	397.466
2475	71.5387	397.393
2476	71.5688	397.357
2477	71.5989	397.288
2478	71.6289	395.318
2479	71.669	395.318
2480	71.7001	395.302
2481	71.7318	395.298
2482	71.7632	395.289
2483	71.7945	395.228
2484	71.8429	395.171
2486	71.9034	395.157
2488	71.9635	395.117
2489	71.9938	395.102
2490	72.0247	395.059
2492	72.0938	394.819
2493	72.1257	394.819
2495	72.1858	394.818
2496	72.217	394.704
2498	72.2775	394.701
2499	72.3084	394.603
2500	72.3394	394.558
2502	72.4289	394.428
2503	72.4603	394.376
2504	72.4911	394.356
2505	72.5223	394.35
2506	72.5524	394.324
2507	72.5834	394.311
2508	72.6133	392.772
2509	72.6437	392.692
2510	72.6737	392.62
2511	72.7046	392.613
2513	72.7649	392.601
2514	72.8058	392.566
2517	72.8983	392.383
2520	72.9878	392.35
2521	73.0189	392.289
2522	73.0581	392.218
2523	73.0892	392.032
2524	73.1198	392.02
2525	73.1509	392.005
2526	73.1817	391.928
2527	73.2123	391.578
2528	73.2434	391.517
2529	73.2734	391.43
2530	73.3035	391.381
2532	73.3634	391.279
2533	73.3934	391.178
2534	73.4312	391.012
2535	73.4621	390.984
2536	73.5066	390.762
2537	73.5379	390.741
2538	73.5678	390.726
2539	73.5978	390.699
2542	73.6946	390.694
2546	73.8414	390.675
2548	73.9021	390.674
2550	73.9633	390.56
2551	73.9953	390.51
2553	74.0561	390.491
2554	74.0864	390.401
2555	74.1167	390.337
2556	74.1473	390.321
2557	74.1783	390.285
2559	74.2477	390.268
2560	74.3005	389.762
2562	74.3613	389.757
2563	74.3924	389.722
2564	74.4222	389.717
2565	74.4535	389.56
2566	74.4836	389.548
2569	74.5737	389.534
2570	74.6042	389.531
2571	74.6602	389.219
2572	74.6906	389.203
2573	74.7206	389.177
2575	74.7808	389.159
2576	74.8122	389.146
2578	74.8731	389.131
2579	74.9046	389.105
2580	74.9345	389.03
2581	74.9647	388.959
2582	74.9948	388.902
2584	75.0547	388.861
2586	75.1145	388.637
2587	75.1445	388.59
2588	75.1754	388.508
2589	75.2055	388.448
2590	75.2355	388.43
2591	75.2656	387.041
2592	75.2966	387.016
2593	75.3266	386.98
2594	75.3564	386.872
2595	75.3871	386.702
2597	75.447	386.484
2599	75.5088	386.48
2600	75.5389	386.479
2602	75.601	386.214
2603	75.6328	386.124
2604	75.6636	386.077
2605	75.695	385.525
2606	75.7251	385.311
2607	75.7797	385.039
2608	75.8111	385.019
2609	75.8417	384.961
2610	75.8743	384.854
2611	75.9056	384.729
2612	75.9367	384.724
2613	75.9667	384.644
2614	75.9969	384.643
2615	76.0282	384.591
2616	76.0597	384.59
2617	76.0975	384.541
2619	76.1575	384.445
2620	76.1895	384.436
2621	76.2203	384.433
2622	76.2513	384.385
2623	76.2819	384.346
2626	76.3722	384.338
2627	76.4023	384.105
2628	76.4335	384.052
2629	76.4649	383.892
2630	76.4955	383.824
2632	76.5567	383.805
2633	76.5882	383.688
2634	76.6191	383.666
2636	76.6794	383.643
2637	76.7163	383.583
2638	76.7475	383.531
2639	76.7783	383.333
2640	76.8092	383.327
2641	76.8393	383.299
2645	76.9592	383.297
2648	77.0494	383.048
2651	77.1475	382.992
2653	77.2108	382.952
2654	77.2424	382.749
2655	77.2739	382.693
2657	77.3449	382.653
2658	77.375	382.558
2660	77.4345	382.191
2661	77.4724	380.881
2663	77.567	380.87
2664	77.5975	380.827
2666	77.6884	380.757
2667	77.72	380.757
2668	77.7508	380.693
2669	77.7952	380.683
2670	77.827	380.577
2674	77.9492	380.508
2675	77.9802	380.26
2677	78.0416	380.136
2678	78.0738	380.033
2679	78.1056	379.822
2680	78.1371	379.819
2681	78.1688	379.286
2684	78.2605	379.193
2687	78.3503	379.176
2688	78.3817	378.91
2690	78.4424	378.907
2691	78.4729	378.799
2698	78.6827	378.748
2699	78.7343	378.473
2700	78.7649	378.468
2701	78.7961	378.372
2702	78.8273	376.897
2703	78.8666	376.876
2704	78.8984	376.858
2706	78.9582	376.857
2709	79.0481	376.641
2710	79.0809	376.628
2712	79.1531	376.371
2713	79.1847	376.229
2714	79.2147	376.183
2715	79.2448	376.121
2716	79.2749	375.797
2718	79.335	375.663
2721	79.4253	375.629
2722	79.4559	375.625
2723	79.4861	375.311
2724	79.5167	375.266
2725	79.5479	375.255
2726	79.5791	375.212
2727	79.6189	375.202
2728	79.6486	375.122
2729	79.6879	375.109
2730	79.7191	375.097
2731	79.7495	375.096
2732	79.7796	375.075
2733	79.8097	375.073
2734	79.8403	374.989
2735	79.871	374.981
2736	79.9027	374.972
2737	79.9335	374.95
2738	79.9638	374.936
2740	80.0241	374.915
2741	80.0552	374.894
2742	80.0853	374.878
2743	80.1228	374.67
2744	80.1533	374.632
2745	80.1835	374.524
2747	80.244	374.509
2748	80.2741	374.507
2749	80.3041	374.482
2750	80.3342	374.432
2751	80.3642	374.419
2752	80.3944	374.4
2753	80.4253	374.369
2754	80.4565	374.349
2755	80.4873	374.338
2757	80.5483	374.298
2759	80.6107	374.286
2760	80.6444	374.275
2761	80.6769	374.259
2762	80.7084	374.04
2763	80.7397	373.888
2764	80.7715	373.868
2765	80.8329	373.715
2766	80.8639	373.691
2767	80.895	373.662
2768	80.9254	373.628
2769	80.9556	373.625
2770	80.9865	373.607
2771	81.0165	373.569
2772	81.0466	373.342
2773	81.0767	373.33
2774	81.1068	373.327
2775	81.1369	373.316
2776	81.1673	373.291
2778	81.2378	373.29
2779	81.2701	373.287
2780	81.3025	373.274
2781	81.333	373.262
2782	81.363	373.225
2783	81.394	373.097
2784	81.4241	373.08
2786	81.4842	373.079
2788	81.5453	373.059
2789	81.5754	373.054
2790	81.6055	373.047
2791	81.6359	372.992
2792	81.6667	372.969
2793	81.6967	372.826
2794	81.7273	372.736
2795	81.7572	372.673
2798	81.8667	372.671
2799	81.8984	372.664
2800	81.9299	372.661
2801	81.96	372.659
2802	81.9902	372.642
2803	82.0206	372.632
2804	82.051	372.555
2805	82.0812	372.536
2806	82.112	372.479
2807	82.1431	372.428
2808	82.173	372.374
2809	82.2035	372.339
2810	82.2336	372.015
2811	82.2646	372.009
2812	82.2951	371.907
2814	82.3557	371.906
2815	82.3862	371.901
2816	82.4177	371.84
2817	82.4489	371.79
2818	82.4791	370.531
2820	82.539	370.5
2822	82.5999	370.458
2823	82.6303	370.391
2824	82.6601	370.285
2825	82.6939	370.251
2827	82.7553	370.25
2828	82.7855	370.152
2829	82.8155	370.142
2830	82.8456	370.133
2832	82.9061	369.967
2833	82.9379	369.965
2835	82.9996	369.947
2836	83.0304	369.83
2838	83.0905	369.814
2839	83.1213	369.793
2841	83.1807	369.629
2842	83.2393	369.607
2843	83.2704	369.569
2844	83.3005	369.548
2845	83.331	369.52
2846	83.3609	369.447
2847	83.3924	369.417
2848	83.4225	368.844
2849	83.4527	368.768
2850	83.4831	368.751
2852	83.5439	368.734
2853	83.5739	368.718
2854	83.604	368.706
2855	83.6351	368.681
2857	83.6962	368.535
2858	83.7274	368.525
2859	83.7588	368.504
2860	83.7896	368.503
2862	83.8549	368.442
2863	83.8869	368.3
2864	83.918	368.245
2865	83.9483	368.227
2866	83.9794	368.102
2867	84.0109	368.092
2868	84.0417	368.054
2869	84.0717	368
2872	84.17	367.891
2873	84.2022	367.825
2874	84.2425	367.729
2875	84.2736	367.725
2876	84.3047	367.636
2878	84.3653	367.627
2879	84.3956	367.557
2880	84.4261	367.489
2882	84.486	367.488
2886	84.6078	367.268
2887	84.6381	367.26
2888	84.6683	367.257
2889	84.7	367.225
2890	84.7305	367.188
2891	84.7743	367.144
2893	84.8355	367.143
2896	84.9288	367.133
2897	84.9607	367.109
2898	84.9933	367.092
2900	85.0536	367.06
2904	85.1725	367.052
2905	85.2215	366.718
2906	85.2618	366.715
2907	85.2921	366.689
2908	85.3223	366.685
2909	85.3528	366.685
2910	85.3829	366.678
2911	85.4129	366.475
2912	85.4437	366.473
2913	85.4741	366.456
2915	85.5356	366.454
2916	85.566	366.402
2918	85.6265	366.395
2921	85.7189	366.382
2922	85.7505	366.349
2923	85.7824	366.349
2925	85.8455	366.24
2926	85.8765	366.107
2927	85.9079	366.104
2928	85.9381	365.96
2930	85.9979	365.948
2931	86.0279	364.878
2932	86.0585	364.868
2933	86.0901	364.843
2934	86.1202	364.705
2935	86.1587	364.642
2937	86.2198	364.516
2939	86.2816	364.466
2940	86.3123	364.465
2942	86.3739	364.321
2943	86.4062	364.252
2944	86.4386	364.213
2945	86.47	363.985
2946	86.5025	363.934
2947	86.5337	363.716
2948	86.5639	363.714
2949	86.595	363.599
2950	86.6266	363.511
2951	86.6579	363.312
2952	86.689	363.307
2953	86.7189	363.22
2954	86.7495	363.211
2955	86.7809	363.169
2959	86.9012	363.16
2960	86.9335	362.93
2962	87.0012	362.879
2963	87.0326	362.851
2965	87.0944	362.85
2966	87.1256	362.827
2967	87.1563	362.612
2968	87.1879	362.568
2969	87.2188	362.486
2970	87.2488	362.391
2972	87.3092	362.328
2973	87.3403	362.174
2975	87.4005	362.171
2976	87.4318	362.144
2977	87.4625	362.103
2978	87.4927	361.997
2979	87.5234	361.857
2981	87.5963	361.832
2982	87.6283	361.815
2983	87.6589	361.753
2988	87.8569	361.656
2989	87.8881	361.172
2991	87.9476	361.135
2992	87.9778	360.659
2994	88.0375	360.521
2995	88.0686	360.427
2996	88.0982	360.427
2997	88.1282	360.422
2998	88.1589	360.391
2999	88.1896	360.329
3000	88.2207	360.056
3001	88.2507	359.429
3002	88.2847	359.421
3003	88.3155	359.408
3004	88.3457	359.188
3005	88.3757	359.182
3008	88.4669	359.131
3009	88.4969	359.085
3011	88.5584	358.957
3013	88.6269	358.88
3014	88.657	358.841
3015	88.6876	358.755
3016	88.7177	358.753
3017	88.7495	358.697
3019	88.8105	358.517
3020	88.8505	358.389
3021	88.885	358.122
3023	88.9462	358.063
3024	88.9783	357.944
3029	89.1437	357.943
3030	89.1761	357.817
3031	89.2073	357.799
3032	89.2374	357.783
3035	89.3419	357.778
3038	89.4489	357.739
3039	89.4799	357.719
3040	89.5114	357.714
3041	89.5501	357.694
3042	89.5816	357.63
3044	89.6416	357.596
3048	89.7824	357.593
3052	89.9059	357.333
3053	89.9386	357.301
3054	89.9699	357.287
3057	90.06	357.25
3058	90.0918	357.234
3061	90.1817	357.2
3063	90.2588	357.181
3064	90.2992	357.154
3065	90.3301	357.146
3066	90.3604	357.138
3067	90.3915	357.137
3068	90.4214	357.035
3069	90.4528	357.027
3071	90.5125	357.017
3072	90.5436	357.006
3073	90.5736	356.969
3074	90.6045	356.939
3075	90.6355	356.935
3076	90.6656	356.93
3077	90.6962	356.891
3078	90.7264	356.869
3079	90.7567	356.766
3080	90.7874	356.763
3081	90.8185	356.761
3082	90.8485	356.593
3083	90.8786	356.555
3084	90.9089	356.531
3085	90.9396	356.372
3086	90.9697	356.358
3087	91.0004	356.351
3089	91.0616	356.332
3090	91.0932	356.31
3091	91.124	356.302
3092	91.1545	356.212
3093	91.2121	356.126
3094	91.2468	356.063
3095	91.2784	356.059
3097	91.3399	356.042
3099	91.4013	355.959
3100	91.4336	355.955
3101	91.4659	355.929
3102	91.497	355.785
3103	91.5272	355.658
3104	91.5574	355.652
3105	91.5877	355.603
3107	91.6477	355.529
3108	91.6786	355.512
3109	91.7101	355.509
3110	91.7402	355.483
3111	91.7702	355.48
3112	91.8104	355.367
3114	91.8719	355.362
3115	91.9031	355.345
3116	91.9576	355.33
3117	91.9889	355.107
3119	92.0501	355.104
3120	92.0803	355.088
3121	92.1103	355.076
3122	92.1405	355.051
3123	92.1706	354.923
3124	92.2015	354.911
3126	92.2629	354.91
3127	92.2943	354.901
3130	92.3834	354.891
3131	92.4155	354.849
3132	92.4461	354.792
3133	92.4782	354.669
3134	92.5101	354.64
3135	92.5407	354.593
3136	92.58	354.579
3138	92.6892	354.564
3139	92.7192	354.561
3141	92.7788	354.536
3142	92.81	354.525
3143	92.8403	354.475
3144	92.871	354.4
3145	92.9014	354.313
3146	92.9318	354.302
3147	92.9619	354.284
3148	92.993	354.231
3149	93.0236	354.211
3150	93.0537	353.959
3151	93.0838	353.943
3152	93.1141	353.9
3153	93.145	353.865
3155	93.2251	353.729
3156	93.2565	353.715
3157	93.2866	353.705
3158	93.3171	352.739
3159	93.3562	352.72
3160	93.3901	352.706
3161	93.422	352.704
3162	93.4534	352.685
3163	93.4838	352.647
3164	93.514	352.624
3165	93.5445	352.614
3166	93.5747	352.542
3167	93.6049	352.474
3168	93.6355	352.465
3169	93.6668	352.434
3172	93.7583	352.266
3175	93.8481	352.24
3176	93.8783	352.139
3177	93.9093	352.136
3178	93.9409	352.033
3179	93.9716	352.024
3180	94.0033	352.004
3182	94.0653	351.962
3183	94.0959	351.917
3185	94.1564	351.904
3186	94.1959	351.893
3187	94.2284	351.871
3188	94.2603	351.476
3190	94.3219	351.307
3192	94.3829	351.298
3193	94.4135	351.196
3194	94.4445	351.19
3195	94.4755	351.105
3197	94.5373	351.035
3198	94.5681	350.899
3199	94.5988	350.886
3200	94.6423	350.873
3202	94.7021	350.836
3203	94.7328	350.797
3205	94.7936	350.795
3206	94.8259	350.738
3208	94.8887	350.701
3209	94.9196	350.644
3211	94.9801	350.626
3212	95.0117	350.523
3213	95.0418	350.475
3214	95.0729	350.445
3215	95.1044	350.442
3216	95.1345	350.398
3217	95.1646	350.395
3218	95.1959	350.387
3219	95.2258	350.318
3220	95.2559	350.289
3221	95.2869	350.268
3222	95.3177	350.228
3223	95.3483	349.931
3224	95.379	349.919
3225	95.4091	349.913
3226	95.4392	349.73
3228	95.4992	349.727
3229	95.5468	349.706
3230	95.5765	349.629
3231	95.6071	349.588
3232	95.6381	349.539
3233	95.6684	349.536
3235	95.7288	349.493
3236	95.7589	349.484
3237	95.7924	349.473
3238	95.8238	349.467
3240	95.8833	349.433
3244	96.0042	349.428
3245	96.0366	349.13
3247	96.0973	349.052
3248	96.1276	349.036
3250	96.1883	349.033
3251	96.2196	348.935
3252	96.2497	348.916
3253	96.2798	348.896
3254	96.31	348.869
3255	96.3402	348.84
3256	96.3703	348.793
3257	96.4005	348.763
3260	96.4909	348.737
3261	96.522	348.686
3262	96.5524	348.642
3263	96.5827	348.591
3264	96.6128	348.544
3266	96.6748	348.444
3267	96.7059	348.425
3269	96.7666	348.395
3270	96.7977	348.379
3271	96.8282	347.488
3272	96.8598	347.48
3273	96.8899	347.215
3275	96.9506	347.2
3277	97.0105	347.19
3279	97.0717	346.988
3280	97.1021	346.984
3281	97.1334	346.904
3282	97.1637	346.84
3283	97.1952	346.795
3284	97.2265	346.663
3285	97.2572	346.233
3286	97.2879	346.204
3287	97.3183	346.181
3289	97.3786	345.988
3290	97.4087	345.935
3291	97.4389	345.928
3292	97.469	345.92
3293	97.4999	345.89
3294	97.5316	345.882
3295	97.562	345.843
3297	97.6221	345.836
3299	97.6821	345.823
3301	97.7428	345.821
3302	97.7747	345.809
3303	97.8049	345.795
3304	97.8349	345.783
3305	97.8659	345.774
3306	97.8963	345.757
3307	97.9263	345.607
3308	97.9564	345.573
3309	97.9877	345.503
3310	98.0178	345.478
3312	98.0778	345.441
3313	98.1079	345.389
3314	98.1382	345.373
3316	98.198	345.333
3317	98.2294	345.327
3318	98.2687	345.048
3319	98.3	344.984
3321	98.3626	344.959
3322	98.3943	344.953
3328	98.5751	344.859
3329	98.6056	344.383
3330	98.6359	344.381
3331	98.666	344.366
3335	98.7865	344.321
3336	98.8166	344.224
3339	98.9065	344.19
3340	98.9367	343.875
3341	98.9681	343.232
3342	98.9989	343.224
3343	99.0299	343.213
3345	99.0899	343.212
3346	99.1203	343.177
3347	99.1504	343.165
3354	99.4625	343.161
3355	99.494	343.146
3357	99.5571	343.084
3359	99.6184	342.879
3360	99.6482	342.874
3361	99.679	342.776
3363	99.7387	342.756
3364	99.7691	342.731
3365	99.7993	342.712
3369	99.9292	342.706
3370	99.9767	342.66
3371	100.026	342.633
3372	100.056	342.602
3375	100.145	342.456
3379	100.265	342.414
3380	100.296	342.413
3381	100.326	342.385
3382	100.356	342.193
3388	100.541	342.191
3389	100.572	342.162
3392	100.661	341.988
3393	100.693	341.97
3394	100.724	341.923
3396	100.784	341.913
3397	100.815	341.843
3401	100.94	341.805
3402	100.972	341.799
3403	101.004	341.796
3405	101.065	341.785
3407	101.126	341.78
3408	101.159	341.741
3409	101.192	341.703
3410	101.224	341.698
3411	101.256	341.687
3412	101.286	341.669
3413	101.317	341.662
3414	101.347	341.655
3415	101.378	341.646
3416	101.408	341.633
3417	101.438	341.552
3418	101.469	341.537
3419	101.499	341.471
3420	101.529	341.462
3421	101.559	341.461
3422	101.591	341.45
3423	101.62	341.407
3424	101.65	341.391
3425	101.682	341.331
3426	101.712	341.216
3427	101.743	341.208
3429	101.854	341.2
3430	101.885	341.198
3431	101.916	341.196
3432	101.947	341.192
3433	101.977	341.137
3435	102.037	341.135
3436	102.067	341.087
3437	102.097	341.077
3439	102.159	341.02
3441	102.219	340.994
3442	102.251	340.886
3443	102.282	340.765
3444	102.313	340.749
3445	102.344	340.699
3446	102.375	340.679
3447	102.406	340.659
3448	102.437	340.639
3449	102.469	340.637
3450	102.5	340.623
3451	102.53	340.611
3452	102.569	340.528
3453	102.6	340.471
3454	102.63	340.452
3455	102.677	340.443
3456	102.708	340.442
3457	102.739	340.389
3458	102.769	340.359
3460	102.837	340.343
3461	102.867	340.335
3462	102.906	340.278
3463	102.937	340.062
3464	102.969	340.053
3466	103.054	340.044
3468	103.131	340.027
3469	103.162	339.98
3470	103.193	339.97
3471	103.223	339.943
3472	103.254	339.917
3473	103.283	339.895
3474	103.314	339.889
3475	103.344	339.861
3476	103.375	339.858
3477	103.406	339.817
3478	103.436	339.809
3479	103.467	339.781
3482	103.556	339.761
3483	103.587	339.724
3484	103.617	339.667
3485	103.647	339.648
3486	103.698	339.604
3487	103.73	339.575
3488	103.761	339.561
3489	103.792	339.548
3490	103.823	339.478
3491	103.853	339.461
3492	103.884	339.429
3493	103.915	339.413
3494	103.945	339.391
3495	103.976	339.378
3496	104.006	339.333
3497	104.036	339.324
3498	104.066	338.52
3499	104.098	338.504
3500	104.128	338.504
3502	104.188	338.474
3503	104.219	338.454
3504	104.25	338.432
3505	104.281	338.403
3507	104.363	338.381
3508	104.393	338.37
3509	104.423	338.351
3512	104.513	338.246
3513	104.544	338.243
3514	104.575	337.886
3515	104.605	337.882
3516	104.639	337.818
3517	104.671	337.815
3519	104.731	337.799
3520	104.762	337.759
3522	104.823	337.733
3523	104.854	337.7
3524	104.885	337.679
3525	104.915	337.658
3527	104.975	337.638
3528	105.006	337.471
3529	105.036	337.459
3530	105.092	337.039
3531	105.122	336.986
3532	105.152	336.951
3533	105.182	336.906
3534	105.212	336.879
3537	105.302	336.875
3538	105.333	336.834
3539	105.364	336.776
3542	105.453	336.737
3543	105.51	336.732
3544	105.55	336.727
3545	105.58	336.674
3546	105.61	336.646
3547	105.642	336.611
3548	105.672	336.569
3549	105.704	336.546
3552	105.794	336.473
3553	105.826	336.434
3554	105.883	336.232
3555	105.914	336.23
3556	105.944	335.64
3557	105.975	335.6
3558	106.005	335.565
3559	106.035	335.502
3560	106.065	335.457
3562	106.124	335.447
3563	106.156	335.318
3564	106.187	335.299
3566	106.248	335.23
3567	106.28	335.23
3568	106.31	335.225
3569	106.34	335.219
3570	106.371	335.205
3571	106.404	335.173
3572	106.435	335.106
3573	106.467	335.104
3576	106.561	335.091
3577	106.593	335.07
3578	106.625	335.055
3580	106.685	335.022
3584	106.805	335.018
3585	106.836	334.964
3586	106.866	334.963
3587	106.907	334.86
3588	106.938	334.849
3589	106.968	334.819
3590	106.999	334.802
3591	107.03	334.774
3592	107.06	334.742
3593	107.117	334.733
3594	107.148	334.731
3595	107.179	334.725
3596	107.21	334.684
3597	107.24	334.618
3598	107.271	334.602
3601	107.363	334.57
3602	107.396	334.514
3603	107.426	334.496
3606	107.517	334.445
3607	107.547	334.437
3608	107.579	334.417
3609	107.61	334.407
3610	107.641	334.4
3611	107.672	333.754
3613	107.732	333.654
3614	107.763	333.622
3615	107.793	333.493
3618	107.884	333.453
3619	107.914	333.44
3620	107.944	333.438
3622	108.005	333.284
3623	108.035	333.17
3624	108.065	333.155
3625	108.095	332.305
3626	108.127	332.275
3629	108.216	332.178
3630	108.247	332.12
3632	108.307	332.119
3634	108.37	332.113
3635	108.402	332.075
3637	108.463	332.069
3642	108.62	332.059
3645	108.713	332.054
3646	108.744	331.994
3648	108.805	331.976
3649	108.836	331.935
3650	108.867	331.924
3652	108.927	331.908
3653	108.958	331.879
3654	108.988	331.856
3656	109.048	331.799
3657	109.081	331.799
3658	109.113	331.717
3659	109.145	331.675
3661	109.205	331.659
3662	109.235	331.658
3663	109.265	331.632
3664	109.296	331.622
3665	109.327	331.61
3666	109.358	331.575
3667	109.39	331.57
3668	109.422	331.467
3669	109.453	331.448
3671	109.515	331.42
3672	109.547	331.1
3674	109.608	331.043
3675	109.64	330.996
3679	109.771	330.974
3680	109.802	330.786
3681	109.832	330.241
3682	109.88	330.229
3683	109.911	330.221
3686	110.001	330.026
3687	110.031	330.019
3688	110.061	330.018
3689	110.11	330.002
3691	110.181	329.998
3696	110.33	329.992
3697	110.361	329.895
3698	110.391	329.834
3699	110.422	329.717
3700	110.461	329.689
3701	110.491	329.632
3703	110.568	329.579
3705	110.629	329.509
3706	110.659	329.477
3709	110.808	329.471
3710	110.84	329.465
3711	110.87	329.428
3716	111.024	329.426
3719	111.113	329.32
3720	111.143	329.319
3721	111.173	329.309
3725	111.292	329.308
3730	111.447	329.307
3732	111.509	329.265
3734	111.58	329.253
3737	111.669	329.199
3738	111.709	329.182
3741	111.798	329.148
3744	111.889	329.14
3745	111.922	329.13
3746	111.953	329.117
3747	111.984	329.115
3748	112.015	329.1
3749	112.045	329.092
3750	112.075	329.082
3751	112.105	329.07
3752	112.136	329.05
3754	112.196	329.016
3755	112.228	329.004
3756	112.258	328.996
3757	112.289	328.695
3758	112.321	328.683
3759	112.353	328.663
3760	112.4	328.653
3761	112.43	328.652
3762	112.46	328.646
3763	112.49	328.62
3764	112.521	328.6
3767	112.628	328.594
3769	112.689	328.579
3770	112.72	328.573
3771	112.752	328.566
3773	112.822	328.535
3775	112.883	328.529
3776	112.913	328.484
3777	112.944	328.475
3779	113.004	328.19
3781	113.065	328.172
3782	113.097	328.094
3783	113.129	328.001
3784	113.161	327.995
3785	113.192	327.939
3786	113.222	327.917
3787	113.27	327.91
3789	113.33	327.907
3790	113.361	327.906
3791	113.394	327.9
3792	113.424	327.832
3793	113.456	327.791
3794	113.487	327.778
3795	113.517	327.77
3796	113.561	327.764
3797	113.593	327.702
3798	113.624	327.7
3799	113.654	327.698
3801	113.741	327.694
3802	113.773	327.671
3803	113.804	327.58
3804	113.835	327.579
3805	113.866	327.532
3807	113.936	327.524
3808	113.966	327.514
3809	113.997	327.495
3811	114.058	327.461
3812	114.089	327.446
3814	114.151	327.44
3815	114.183	327.426
3816	114.214	327.41
3817	114.246	327.401
3818	114.277	327.397
3819	114.307	327.388
3820	114.337	327.382
3821	114.369	327.372
3822	114.4	327.345
3823	114.43	327.335
3824	114.46	327.292
3825	114.491	327.285
3826	114.52	327.266
3827	114.551	327.261
3828	114.583	327.245
3829	114.614	327.232
3830	114.645	327.047
3831	114.676	327.025
3832	114.707	327.011
3833	114.738	327.002
3836	114.828	326.987
3837	114.858	326.984
3838	114.889	326.377
3839	114.932	326.374
3840	114.967	326.361
3841	115	326.336
3842	115.033	326.304
3843	115.065	326.263
3844	115.096	326.245
3845	115.129	326.243
3846	115.184	326.206
3847	115.215	326.203
3848	115.246	326.193
3849	115.276	326.162
3852	115.368	326.091
3853	115.4	326.09
3855	115.462	326.072
3856	115.493	326.042
3857	115.524	326.039
3858	115.554	326.028
3859	115.584	326.022
3860	115.614	325.952
3862	115.675	325.918
3863	115.705	325.882
3864	115.735	325.877
3865	115.765	325.864
3866	115.795	325.824
3867	115.826	325.813
3868	115.857	325.635
3869	115.888	325.628
3870	115.919	325.456
3871	115.95	325.435
3873	116.011	325.355
3874	116.042	325.334
3875	116.072	325.307
3877	116.133	325.241
3878	116.163	325.239
3879	116.215	325.202
3881	116.277	325.197
3882	116.308	325.154
3883	116.338	325.146
3884	116.368	325.134
3885	116.398	325.068
3886	116.428	325.055
3887	116.458	325.051
3888	116.505	325.023
3889	116.536	325.018
3890	116.566	325.007
3891	116.597	324.999
3892	116.628	324.988
3893	116.659	324.966
3894	116.692	324.95
3896	116.753	324.891
3897	116.785	324.89
3898	116.816	324.863
3899	116.847	324.822
3900	116.878	324.796
3902	116.972	324.787
3903	117.004	324.686
3907	117.141	324.68
3908	117.173	324.675
3909	117.205	324.66
3910	117.242	324.617
3911	117.274	324.597
3912	117.306	324.594
3914	117.367	324.544
3916	117.427	324.535
3917	117.467	324.521
3919	117.528	324.517
3920	117.559	324.489
3922	117.619	324.487
3923	117.65	324.472
3924	117.681	324.453
3925	117.72	324.386
3927	117.782	324.353
3929	117.858	324.342
3930	117.889	324.336
3931	117.92	324.306
3932	117.95	324.282
3933	117.98	324.28
3934	118.012	324.277
3935	118.043	324.27
3936	118.073	324.247
3938	118.134	324.242
3939	118.164	324.23
3940	118.213	324.222
3941	118.244	324.208
3942	118.275	324.173
3943	118.306	324.159
3945	118.367	324.149
3946	118.406	324.006
3947	118.437	323.991
3948	118.468	323.889
3950	118.53	323.884
3951	118.561	323.354
3953	118.63	323.318
3955	118.691	323.276
3957	118.754	323.127
3960	118.846	323.127
3962	118.907	323.09
3963	118.937	323.03
3964	118.968	322.94
3965	118.998	322.658
3966	119.028	322.631
3967	119.066	322.517
3968	119.103	322.517
3969	119.134	322.503
3972	119.224	322.464
3973	119.254	322.464
3974	119.285	322.463
3975	119.315	322.43
3977	119.375	322.409
3978	119.413	322.38
3979	119.444	322.354
3981	119.506	322.349
3982	119.539	322.331
3983	119.57	322.326
3985	119.631	322.321
3986	119.662	322.308
3987	119.692	322.307
3988	119.722	322.297
3989	119.753	322.253
3990	119.783	322.214
3992	119.843	322.185
3997	120.102	322.179
3998	120.134	322.026
3999	120.164	321.96
4000	120.195	321.96
4001	120.226	321.947
4002	120.257	321.946
4007	120.412	321.938
4009	120.476	321.857
4011	120.537	321.851
4012	120.568	321.786
4013	120.599	321.766
4015	120.719	321.726
4019	120.843	321.654
4020	120.875	321.475
4021	120.907	320.324
4023	120.969	320.32
4026	121.077	320.317
4027	121.108	320.305
4032	121.277	320.161
4033	121.309	320.091
4034	121.339	320.088
4035	121.369	320.082
4036	121.399	320.074
4038	121.46	320.072
4039	121.49	319.987
4040	121.52	319.977
4042	121.581	319.944
4043	121.612	319.923
4045	121.673	319.835
4047	121.735	319.818
4049	121.797	319.801
4050	121.828	319.793
4051	121.859	319.77
4056	122.041	319.557
4059	122.134	319.495
4060	122.164	319.494
4061	122.194	319.45
4062	122.226	319.388
4063	122.258	319.376
4068	122.426	319.342
4069	122.457	319.206
4071	122.542	319.055
4072	122.589	319.035
4074	122.649	319.032
4076	122.709	319.013
4077	122.741	319.002
4079	122.804	318.971
4081	122.864	318.971
4082	122.897	318.959
4085	122.99	318.944
4086	123.022	318.93
4087	123.053	318.927
4089	123.117	318.918
4090	123.148	318.905
4091	123.179	318.901
4092	123.21	318.893
4094	123.316	318.886
4095	123.347	318.881
4096	123.378	318.873
4097	123.428	318.821
4098	123.461	318.812
4099	123.492	318.811
4100	123.522	318.798
4101	123.552	318.797
4103	123.612	318.781
4104	123.642	318.768
4105	123.673	318.76
4106	123.703	318.73
4109	123.792	318.728
4110	123.824	318.722
4111	123.857	318.72
4112	123.888	318.704
4113	123.919	318.661
4114	123.95	318.648
4115	123.98	318.645
4116	124.01	318.627
4117	124.041	318.619
4118	124.072	318.618
4119	124.102	318.597
4120	124.133	318.585
4121	124.164	318.577
4123	124.223	318.474
4124	124.254	318.459
4125	124.284	318.411
4127	124.346	318.404
4129	124.405	318.404
4130	124.438	318.394
4131	124.469	318.391
4132	124.5	318.354
4133	124.53	318.352
4134	124.561	318.347
4135	124.592	318.34
4136	124.624	318.335
4137	124.656	318.305
4138	124.687	318.292
4139	124.717	318.289
4141	124.786	318.285
4142	124.817	318.265
4143	124.848	318.2
4144	124.88	318.184
4145	124.91	318.176
4149	125.03	318.146
4150	125.063	318.138
4151	125.094	318.101
4152	125.124	318.089
4153	125.155	318.086
4154	125.185	318.073
4155	125.218	318.072
4156	125.249	318.066
4157	125.279	318.05
4158	125.309	318.047
4159	125.339	318.045
4162	125.454	318.031
4163	125.486	318.019
4164	125.517	317.816
4165	125.548	317.815
4167	125.608	317.81
4168	125.638	317.801
4169	125.669	317.784
4170	125.699	317.638
4171	125.729	317.608
4172	125.76	317.601
4174	125.831	317.585
4176	125.891	317.573
4178	125.951	317.24
4180	126.011	317.168
4181	126.041	317.16
4182	126.076	317.159
4183	126.108	317.137
4184	126.138	317.125
4185	126.168	317.118
4186	126.199	317.104
4187	126.229	317.091
4188	126.264	316.997
4189	126.295	316.976
4190	126.326	316.97
4192	126.386	316.94
4193	126.416	316.938
4194	126.447	316.891
4195	126.477	316.878
4196	126.511	316.844
4197	126.543	316.843
4198	126.573	316.842
4199	126.603	316.83
4200	126.644	316.722
4201	126.676	316.716
4202	126.707	316.651
4203	126.759	316.586
4204	126.79	316.577
4205	126.82	316.567
4206	126.851	316.557
4207	126.881	316.539
4208	126.912	316.476
4209	126.943	316.441
4210	126.976	316.418
4212	127.037	316.414
4213	127.068	316.382
4215	127.13	316.372
4216	127.18	316.36
4217	127.211	315.795
4218	127.242	315.467
4219	127.273	315.389
4220	127.304	315.387
4221	127.335	315.384
4222	127.365	315.369
4224	127.443	315.285
4225	127.474	315.278
4226	127.505	315.254
4228	127.566	315.232
4229	127.598	315.23
4230	127.629	315.215
4232	127.69	315.179
4233	127.722	315.169
4235	127.785	315.167
4236	127.817	315.147
4237	127.849	315.134
4238	127.88	315.13
4239	127.912	315.091
4240	127.954	315.05
4242	128.051	315.047
4243	128.082	315.034
4244	128.114	315.018
4247	128.209	315.017
4248	128.24	315.013
4249	128.271	315.01
4251	128.332	314.997
4254	128.422	314.978
4256	128.494	314.975
4257	128.525	314.972
4258	128.555	314.945
4259	128.586	314.944
4260	128.617	314.929
4263	128.707	314.921
4264	128.739	314.911
4265	128.77	314.875
4266	128.833	314.873
4267	128.863	314.85
4268	128.894	314.845
4270	128.955	314.842
4271	129.004	314.84
4272	129.035	314.832
4273	129.066	314.829
4274	129.097	314.816
4275	129.13	314.79
4276	129.16	314.77
4278	129.22	314.767
4281	129.313	314.765
4282	129.345	314.74
4283	129.377	314.733
4285	129.438	314.697
4286	129.47	314.641
4287	129.501	314.639
4288	129.532	314.557
4289	129.564	314.539
4290	129.595	314.511
4291	129.626	314.027
4293	129.689	314
4295	129.751	313.945
4298	129.84	313.867
4300	129.903	313.867
4301	129.933	313.829
4303	129.994	313.804
4304	130.047	313.791
4305	130.08	313.626
4306	130.111	313.599
4307	130.141	313.555
4308	130.171	313.534
4309	130.201	313.493
4312	130.315	313.489
4314	130.377	313.481
4315	130.408	313.41
4319	130.584	313.403
4320	130.615	313.272
4322	130.675	313.264
4325	130.764	313.26
4326	130.805	313.181
4327	130.837	313.146
4328	130.867	312.975
4329	130.899	312.935
4330	130.929	312.867
4333	131.019	312.84
4334	131.05	312.64
4336	131.11	312.627
4338	131.172	312.596
4339	131.204	312.561
4340	131.235	312.554
4341	131.265	312.544
4345	131.419	312.483
4347	131.501	312.468
4349	131.563	312.408
4352	131.657	312.386
4353	131.69	312.383
4354	131.721	312.344
4355	131.752	312.309
4358	131.843	312.292
4360	131.904	312.206
4361	131.936	311.444
4363	131.998	311.439
4365	132.094	311.439
4366	132.124	311.414
4367	132.155	311.403
4373	132.338	311.399
4374	132.369	311.386
4375	132.4	311.379
4376	132.431	311.373
4378	132.491	311.362
4379	132.524	311.321
4380	132.557	311.319
4382	132.62	311.313
4383	132.652	311.312
4385	132.714	311.246
4389	132.839	311.238
4391	132.901	311.186
4392	132.95	311.184
4396	133.087	311.12
4398	133.168	311.1
4399	133.199	311.022
4402	133.289	311.02
4403	133.32	311.003
4405	133.38	311.001
4408	133.501	310.998
4409	133.533	310.992
4414	133.708	310.977
4417	133.802	310.966
4418	133.834	310.961
4420	133.908	310.938
4421	133.939	310.906
4422	133.97	310.893
4423	134.027	310.893
4424	134.059	310.867
4425	134.09	310.853
4426	134.12	310.842
4427	134.159	310.839
4428	134.191	310.834
4429	134.222	310.828
4430	134.253	310.824
4431	134.283	310.815
4432	134.313	310.804
4433	134.353	310.797
4434	134.383	310.781
4435	134.44	310.775
4436	134.471	310.772
4437	134.501	310.757
4438	134.532	310.752
4439	134.562	310.734
4440	134.593	310.727
4441	134.624	310.72
4442	134.654	310.682
4443	134.685	310.67
4444	134.716	310.668
4445	134.747	310.659
4446	134.777	310.657
4447	134.808	310.655
4448	134.85	310.646
4449	134.882	310.632
4451	134.942	310.628
4452	134.972	310.626
4453	135.003	310.604
4455	135.063	310.6
4457	135.123	310.509
4459	135.184	310.424
4460	135.215	310.413
4461	135.245	310.401
4463	135.305	310.328
4464	135.335	310.325
4465	135.365	310.273
4466	135.395	310.246
4467	135.426	310.223
4468	135.455	310.197
4469	135.486	310.195
4470	135.517	310.176
4472	135.578	310.145
4473	135.609	310.12
4474	135.64	310.103
4475	135.671	310.095
4476	135.702	310.093
4477	135.734	310.08
4479	135.797	310.08
4480	135.829	310.078
4481	135.86	310.067
4482	135.89	310.051
4483	135.92	309.966
4484	135.952	309.949
4486	136.012	309.943
4487	136.043	309.942
4488	136.073	309.939
4489	136.113	309.92
4490	136.142	309.912
4491	136.174	309.898
4492	136.204	309.888
4493	136.235	309.878
4494	136.266	309.836
4495	136.296	309.811
4497	136.358	309.808
4498	136.389	309.805
4499	136.42	309.799
4500	136.45	309.799
4502	136.51	309.789
4504	136.57	309.633
4505	136.622	309.626
4507	136.684	309.61
4508	136.717	309.599
4509	136.748	309.59
4510	136.779	309.53
4511	136.809	309.525
4513	136.869	309.515
4516	136.96	309.504
4518	137.036	308.98
4519	137.068	308.967
4520	137.098	308.951
4521	137.128	308.941
4522	137.16	308.94
4523	137.192	308.909
4524	137.223	308.89
4525	137.254	308.887
4527	137.323	308.883
4528	137.354	308.869
4529	137.385	308.85
4530	137.418	308.846
4531	137.45	308.843
4532	137.481	308.779
4533	137.512	308.776
4536	137.603	308.75
4537	137.635	308.75
4540	137.728	308.722
4542	137.791	308.719
4543	137.823	308.669
4545	137.884	308.66
4547	137.946	308.639
4548	137.978	308.623
4549	138.009	308.596
4550	138.039	308.496
4551	138.07	308.481
4553	138.131	308.446
4557	138.261	308.259
4558	138.293	308.248
4559	138.325	308.228
4560	138.356	308.224
4562	138.417	308.175
4564	138.48	308.157
4566	138.545	308.139
4568	138.606	308.129
4569	138.639	308.119
4570	138.67	308.106
4572	138.739	308.055
4573	138.771	308.031
4574	138.801	307.96
4575	138.831	307.959
4576	138.862	307.827
4577	138.892	307.816
4578	138.923	307.815
4579	138.954	307.787
4580	138.985	307.763
4582	139.054	307.743
4584	139.116	307.739
4585	139.148	307.739
4587	139.209	307.734
4588	139.24	307.721
4589	139.288	307.715
4590	139.319	307.704
4591	139.35	307.66
4592	139.38	307.647
4594	139.44	307.624
4595	139.47	307.591
4596	139.501	307.584
4598	139.562	307.562
4600	139.625	307.555
4603	139.714	307.548
4604	139.747	307.545
4605	139.778	307.461
4606	139.808	307.461
4607	139.838	307.437
4609	139.932	307.43
4610	139.964	307.429
4611	139.994	307.378
4612	140.025	307.362
4614	140.085	307.361
4615	140.121	307.353
4616	140.153	307.337
4618	140.215	307.334
4621	140.35	307.317
4622	140.382	307.291
4623	140.413	307.288
4624	140.444	307.283
4626	140.538	307.282
4627	140.569	307.28
4628	140.6	307.27
4629	140.631	307.264
4630	140.661	307.171
4631	140.692	306.846
4633	140.752	306.829
4635	140.813	306.769
4636	140.844	306.769
4637	140.877	306.758
4638	140.907	306.748
4640	140.968	306.747
4643	141.059	306.731
4644	141.091	306.722
4645	141.122	306.579
4646	141.154	306.566
4647	141.184	306.563
4649	141.245	306.555
4650	141.276	306.555
4651	141.316	306.553
4652	141.346	306.536
4653	141.376	306.53
4654	141.406	306.521
4655	141.437	306.493
4658	141.528	306.49
4659	141.559	306.457
4661	141.621	306.455
4662	141.654	306.454
4663	141.685	306.402
4664	141.717	306.396
4665	141.748	306.394
4666	141.779	306.27
4667	141.811	306.236
4668	141.841	306.207
4669	141.888	306.184
4670	141.919	306.161
4672	141.983	306.151
4673	142.015	306.141
4674	142.066	306.059
4675	142.098	306.055
4677	142.159	306.05
4678	142.191	305.975
4679	142.221	305.879
4680	142.252	305.875
4681	142.282	305.867
4682	142.312	305.866
4683	142.343	305.749
4685	142.413	305.743
4686	142.443	305.725
4687	142.482	305.715
4691	142.602	305.712
4692	142.634	305.7
4695	142.733	305.681
4698	142.824	305.659
4699	142.855	305.644
4700	142.886	305.461
4701	142.918	304.713
4702	142.949	304.708
4703	142.98	304.703
4706	143.07	304.672
4712	143.252	304.663
4713	143.284	304.65
4715	143.345	304.62
4716	143.376	304.618
4719	143.467	304.565
4722	143.606	304.563
4723	143.637	304.508
4725	143.697	304.459
4726	143.728	304.45
4728	143.798	304.383
4729	143.829	304.371
4730	143.859	304.363
4731	143.89	304.287
4732	143.929	304.281
4735	144.02	304.276
4736	144.052	304.201
4738	144.113	304.196
4739	144.144	304.155
4743	144.263	304.15
4745	144.325	304.143
4748	144.417	304.143
4749	144.449	304.128
4751	144.51	304.065
4754	144.601	304.063
4758	144.729	304.041
4759	144.759	304.032
4760	144.789	304.029
4761	144.82	304.011
4762	144.86	304.008
4765	144.956	303.999
4767	145.033	303.998
4768	145.064	303.988
4770	145.124	303.979
4771	145.171	303.971
4772	145.203	303.968
4774	145.265	303.965
4775	145.297	303.962
4776	145.329	303.958
4777	145.359	303.951
4778	145.399	303.951
4780	145.469	303.948
4781	145.5	303.947
4782	145.53	303.923
4783	145.561	303.804
4784	145.592	303.8
4785	145.623	303.794
4786	145.654	303.757
4787	145.685	303.756
4788	145.715	303.756
4789	145.748	303.742
4790	145.78	303.703
4791	145.811	303.69
4792	145.841	303.689
4793	145.872	303.646
4794	145.903	303.642
4795	145.933	303.642
4797	145.994	303.64
4799	146.055	303.624
4800	146.085	303.617
4801	146.115	303.616
4802	146.146	303.61
4803	146.176	303.561
4804	146.207	303.551
4805	146.237	303.528
4807	146.3	303.513
4809	146.361	303.51
4812	146.451	303.419
4813	146.483	303.405
4814	146.513	303.401
4815	146.543	303.399
4816	146.574	303.386
4817	146.606	303.368
4819	146.666	303.353
4820	146.696	303.348
4821	146.727	303.345
4822	146.758	303.32
4823	146.789	303.236
4824	146.819	303.215
4826	146.88	303.197
4827	146.911	303.194
4828	146.941	303.179
4829	146.973	303.167
4831	147.034	303.153
4832	147.067	303.143
4833	147.098	303.136
4834	147.13	303.133
4835	147.161	303.1
4836	147.192	303.089
4837	147.224	303.088
4838	147.255	303.085
4839	147.286	303.078
4840	147.316	303.072
4842	147.377	303.061
4847	147.535	303.053
4849	147.596	303.045
4850	147.626	302.995
4853	147.717	302.982
4856	147.823	302.974
4857	147.864	302.973
4858	147.895	302.854
4859	147.926	302.85
4860	147.978	302.849
4861	148.01	302.834
4862	148.04	302.832
4863	148.07	302.818
4864	148.101	302.81
4865	148.131	302.802
4866	148.161	302.799
4867	148.192	302.789
4869	148.254	302.782
4871	148.315	302.774
4872	148.347	302.734
4873	148.377	302.703
4876	148.468	302.644
4878	148.529	302.642
4879	148.559	302.641
4880	148.59	302.628
4882	148.652	302.612
4883	148.713	302.583
4884	148.744	302.58
4885	148.775	302.574
4886	148.807	302.563
4887	148.839	302.512
4890	148.935	302.492
4892	149.035	302.486
4893	149.081	302.466
4896	149.171	302.452
4897	149.203	302.136
4898	149.233	302.119
4899	149.263	302.088
4900	149.298	302.079
4901	149.33	302.062
4902	149.361	302.024
4903	149.393	302.012
4904	149.425	301.993
4906	149.487	301.973
4907	149.517	301.971
4909	149.578	301.97
4911	149.638	301.967
4912	149.686	301.945
4913	149.717	301.909
4915	149.799	301.907
4916	149.838	301.839
4918	149.924	301.837
4919	149.956	301.806
4920	149.987	301.788
4921	150.018	301.779
4922	150.049	301.774
4923	150.08	301.769
4926	150.173	301.711
4928	150.234	301.711
4929	150.265	301.704
4930	150.295	301.697
4931	150.327	301.68
4935	150.447	301.649
4937	150.507	301.645
4938	150.538	301.626
4940	150.598	301.611
4943	150.713	301.605
4944	150.744	301.602
4945	150.775	301.56
4947	150.836	301.545
4948	150.866	301.533
4949	150.896	301.516
4950	150.927	301.514
4952	150.988	301.509
4953	151.018	301.464
4955	151.099	301.445
4956	151.129	301.44
4957	151.161	301.436
4958	151.192	301.433
4960	151.252	301.432
4961	151.283	301.429
4962	151.314	301.405
4963	151.345	301.399
4967	151.465	301.395
4968	151.496	301.385
4969	151.526	301.378
4970	151.557	301.366
4971	151.588	301.066
4973	151.658	301.05
4975	151.719	301.022
4976	151.749	300.87
4983	151.957	300.835
4984	151.99	300.824
4985	152.022	300.665
4986	152.052	300.646
4991	152.201	300.638
4994	152.291	300.633
4995	152.322	300.6
4999	152.452	300.575
5000	152.484	300.567
# FIN	152.484	300.567

