# target=instancias/bach.png T=340 iters=5000 K=32 seed=auto
iter	segundos	MSE
0	0.0028756	16419.7
1	0.0289977	16359.1
2	0.0544804	16358.9
3	0.0802109	16352.8
4	0.107101	16283
5	0.134696	16180.9
6	0.161239	16168.5
7	0.196069	16138.9
8	0.22196	16117.2
9	0.257552	16102.6
10	0.282513	16074.2
11	0.309654	16009.3
12	0.335472	16000.2
13	0.361295	15997.8
14	0.387371	15945.4
15	0.426877	15935.2
16	0.452538	15910.1
17	0.478687	15900.3
18	0.505151	15784.1
19	0.533842	15765.6
20	0.560875	15742.2
21	0.587787	15718.2
22	0.613386	15690
23	0.641812	15601.8
24	0.668673	15599.8
25	0.694709	15573
26	0.723131	15508.1
27	0.750818	15498.2
28	0.778538	15470
29	0.804148	15335.7
30	0.830575	15333.5
31	0.857349	15242
32	0.884811	15241.9
33	0.911288	15208.9
34	0.938776	15208.1
35	0.965043	15141.2
36	0.999099	15136.2
37	1.02841	15084.4
38	1.06023	15079
39	1.08654	15034.3
40	1.113	14953.4
41	1.13987	14846
42	1.17005	14829.4
43	1.19733	14762.5
44	1.2246	14731.9
45	1.25804	14721
46	1.29099	14690.2
47	1.31749	14682.7
48	1.34482	14676
49	1.37448	14657.3
50	1.40184	14610.6
51	1.4287	14545.5
52	1.4563	14476.3
53	1.48384	14469.4
54	1.51335	14455.8
56	1.56961	14372.2
57	1.60152	14372.2
58	1.62844	14088.3
59	1.65577	14081.3
60	1.68339	14033.5
61	1.71318	13888.7
62	1.74444	13719.2
63	1.77435	13680.8
64	1.82818	13514.3
65	1.90302	13446.8
66	1.9547	13406.9
67	1.98467	13402.7
68	2.01344	13398.9
69	2.04133	13398.8
70	2.07	13387.8
71	2.10165	13385.6
72	2.1386	13385.1
73	2.16602	13382.4
74	2.19404	13263.6
75	2.22169	13263.6
76	2.25304	13243.7
77	2.28365	13191
78	2.3321	13190.9
79	2.36082	13145.3
80	2.39306	12987.4
81	2.42442	12973.8
82	2.46607	12946.4
83	2.51043	12905.6
84	2.56529	12891.6
85	2.60933	12867.4
86	2.64469	12829.5
87	2.68004	12828
88	2.70886	12746
89	2.73753	12724.5
90	2.76759	12712.9
91	2.79879	12706.4
92	2.83277	12658.7
93	2.86239	12639.3
94	2.89263	12639
95	2.92216	12618.5
96	2.95183	12606.6
97	2.99154	12511.7
98	3.0262	12478.7
99	3.05724	12472.6
100	3.08689	12471.9
101	3.11544	12464.9
102	3.14366	12464.1
103	3.17404	12300.6
104	3.20164	12253.7
105	3.22906	12155.4
106	3.25848	12155.2
107	3.28715	12146.9
108	3.32268	12143.4
109	3.35196	12143.2
110	3.38482	12057.7
111	3.41554	12036.3
112	3.44349	12036.3
113	3.47451	12034.5
114	3.50441	12020.9
115	3.53795	12014
116	3.56702	12010.1
117	3.59574	12007.9
118	3.62309	11997.3
119	3.65221	11975.2
120	3.68036	11975.1
121	3.70939	11974.9
122	3.73847	11950.3
123	3.76693	11949.9
124	3.7985	11813.8
125	3.83145	11811.9
126	3.86436	11811.9
127	3.89971	11746.8
128	3.9333	11746.6
129	3.97025	11739.9
130	4.00271	11731.2
131	4.03222	11709.7
132	4.06678	11708.9
133	4.09782	11679.3
134	4.13091	11673.8
135	4.16099	11673.3
136	4.19017	11672.3
137	4.21935	11672.3
138	4.2475	11669.8
139	4.2796	11611.3
140	4.31076	11550.7
141	4.34016	11515.8
142	4.36905	11506.8
143	4.39752	11421.6
144	4.42612	11368.1
145	4.45554	11356.7
146	4.48397	11353.9
147	4.51334	11353.2
148	4.54217	11353.2
149	4.57139	11350.3
150	4.60203	11346.6
151	4.6321	11234.8
152	4.66128	11212.6
153	4.69091	11197.9
154	4.72117	11195.6
155	4.75018	11176.7
156	4.78122	11154.6
157	4.81592	11119.6
158	4.84481	11119.6
159	4.87429	11095.2
160	4.90774	11073.6
161	4.93705	11022.3
162	4.96841	10993.3
163	4.99769	10976
164	5.02816	10873.5
165	5.05818	10869.5
166	5.09042	10863.5
167	5.1277	10862.6
168	5.15827	10829.4
169	5.19033	10766.5
170	5.22048	10657.4
171	5.25057	10617.7
172	5.2806	10599.6
173	5.31086	10598.4
174	5.34565	10596.8
175	5.38315	10572.7
176	5.41918	10570
177	5.44847	10561.4
178	5.47805	10466.6
179	5.51182	10460.8
180	5.54767	10457
181	5.58059	10438.6
182	5.61668	10416.4
183	5.64951	10416.4
184	5.67965	10408
185	5.71255	10376.8
186	5.74511	10370.6
187	5.78074	10350
188	5.81528	10349.3
189	5.85488	10345.2
190	5.88647	10324.9
191	5.91797	10317.4
192	5.94932	10262.9
193	5.97836	10255.5
194	6.01062	10223.8
195	6.06991	10222.8
196	6.11475	10212.8
197	6.15986	10212.6
198	6.20664	10177.3
199	6.24815	10116.9
200	6.28418	10078.4
201	6.32166	10069.2
202	6.36278	10065.5
203	6.39546	10052.7
204	6.42599	9990.1
205	6.45934	9939.61
206	6.49169	9929.29
207	6.52287	9918.86
208	6.5539	9916.86
209	6.58958	9883.58
210	6.62665	9861.46
211	6.65855	9833.55
212	6.68898	9796.48
213	6.71974	9795.79
214	6.75069	9765.76
215	6.7878	9751.69
216	6.81995	9749.97
217	6.85058	9721.13
218	6.88032	9721.08
219	6.91639	9710.37
220	6.94657	9631.82
221	6.97798	9626.83
222	7.0093	9587.05
223	7.04068	9531.23
224	7.08346	9505.81
225	7.12024	9502.84
226	7.15345	9445.17
227	7.19037	9439.86
228	7.22179	9404.03
229	7.2581	9403.63
230	7.28915	9394.91
231	7.3197	9282.74
232	7.3512	9278.92
233	7.38219	9270.05
234	7.41443	9268.68
235	7.44645	9251.12
236	7.48004	9187.33
237	7.51629	9187.32
238	7.54759	9116.93
239	7.58311	9070.39
240	7.61441	9067.92
241	7.65151	9029.71
242	7.68572	9029.34
243	7.71765	9025.06
244	7.74856	8946.61
245	7.78165	8933.34
246	7.81416	8870.97
247	7.85328	8860.79
248	7.88678	8858.37
249	7.91718	8823.82
250	7.94843	8821.68
251	7.98425	8821.53
252	8.01955	8817.43
253	8.05245	8816.38
254	8.08343	8814.63
255	8.11562	8813.46
256	8.14714	8811.88
257	8.17961	8801.73
258	8.21224	8797.75
259	8.24383	8786.14
260	8.27736	8753.96
261	8.30923	8746.94
262	8.34171	8740.2
263	8.37426	8734.37
264	8.40899	8714.74
265	8.44425	8628.88
266	8.47787	8600.74
267	8.51873	8600.73
268	8.55072	8572.1
269	8.58397	8568.83
270	8.6166	8559.47
271	8.64762	8558.49
272	8.68308	8558.31
273	8.71489	8557.34
274	8.74669	8541.88
275	8.779	8536.15
276	8.8181	8533.05
277	8.85654	8528.43
278	8.8926	8528.16
279	8.93147	8460.28
280	8.96371	8448.19
281	8.99508	8427.32
282	9.02971	8426.4
283	9.0634	8406.88
284	9.09516	8388.97
285	9.12792	8326.09
286	9.16491	8324.56
287	9.20803	8288.18
288	9.24203	8201.76
289	9.27601	8195.4
290	9.30945	8175.53
291	9.34211	8175.07
292	9.3745	8172.73
293	9.40899	8147.54
294	9.44168	8141.16
295	9.47378	8101.24
296	9.50878	8098.81
297	9.54345	8026.47
298	9.57569	7988.42
299	9.60884	7985.66
300	9.64778	7985.43
301	9.68273	7983.36
302	9.71724	7983.09
303	9.75563	7981.74
304	9.79243	7979.96
305	9.83056	7978.98
306	9.86203	7975.84
307	9.89883	7951.88
308	9.93531	7950.34
309	9.96989	7946.85
310	10.0032	7945.98
311	10.0374	7925.98
312	10.0761	7918.11
313	10.1095	7915.56
314	10.1422	7877.7
315	10.1785	7875.97
316	10.2257	7872
317	10.2624	7870.21
318	10.2948	7853.74
319	10.3353	7853.56
320	10.3699	7842.28
321	10.4096	7820.12
322	10.451	7804.93
323	10.5113	7802.66
324	10.546	7797.38
325	10.5791	7796.29
326	10.6133	7755.66
327	10.647	7737.02
328	10.6799	7736.63
329	10.7136	7735.68
330	10.7479	7735.25
331	10.7792	7734.82
332	10.8122	7725.9
333	10.8444	7725.76
334	10.8777	7677.34
335	10.9101	7672.54
336	10.9422	7669.35
337	10.9754	7666.47
338	11.008	7654.51
339	11.0405	7647.43
340	11.073	7645.19
341	11.106	7621.9
342	11.144	7621.85
343	11.1782	7621.44
344	11.21	7607.06
345	11.2455	7589.25
346	11.2787	7580.67
347	11.3114	7570.38
348	11.3448	7559.24
349	11.3774	7548.33
350	11.4102	7510.61
351	11.4436	7472.08
352	11.4764	7438.99
353	11.5156	7437.31
354	11.5479	7436.52
355	11.5819	7427.85
356	11.6212	7407.12
357	11.657	7405.04
358	11.691	7404.54
359	11.724	7397.81
360	11.7571	7392.86
361	11.7898	7385.61
362	11.8233	7359.65
363	11.8566	7337.08
364	11.8898	7336.25
365	11.9244	7330.54
366	11.9643	7325.22
367	11.9966	7322.51
368	12.0309	7300
369	12.0653	7269.61
370	12.0991	7264.81
371	12.1336	7239.87
372	12.1675	7238.63
373	12.1998	7225.41
374	12.2395	7225.03
375	12.2734	7197.98
376	12.3071	7197.76
377	12.3417	7195.38
378	12.3949	7195.24
379	12.4666	7182.15
381	12.5352	7102.76
382	12.5691	7102.55
383	12.6026	7084.57
384	12.6368	7081.51
385	12.6694	7078.41
386	12.7043	7057.93
387	12.7376	7057.04
388	12.7732	7053.64
389	12.8147	7041.57
390	12.8585	7022.93
391	12.8934	6992.91
392	12.9282	6987.97
393	12.9707	6987.86
394	13.0065	6987.3
395	13.0402	6987.16
396	13.0831	6891.13
397	13.1283	6891.12
398	13.1652	6783.45
399	13.1987	6782.88
400	13.2316	6760.1
401	13.2672	6681.91
402	13.3031	6615.74
403	13.3462	6581.43
404	13.3827	6515.02
405	13.4167	6475.42
406	13.4518	6469.37
407	13.4883	6467.47
408	13.5224	6462.66
409	13.5555	6462.63
410	13.5886	6418.58
411	13.6231	6417.73
412	13.6644	6417.42
413	13.6989	6417.38
414	13.7364	6332.95
415	13.7722	6332.4
416	13.8184	6321.65
417	13.86	6296.36
418	13.9022	6295.94
419	13.9381	6270.83
420	13.9713	6134.45
421	14.0047	6134.39
422	14.0445	6130.56
423	14.079	6115.48
424	14.1133	6107.89
425	14.1479	6106.54
426	14.1837	6099.12
427	14.2178	6097.86
428	14.2546	6088.4
429	14.291	6079.95
430	14.3315	6062.32
431	14.365	6058.07
432	14.3992	6054.08
433	14.4326	6052.69
434	14.4662	6052.66
435	14.5002	6046.7
436	14.5338	6044.41
437	14.5681	5953.55
438	14.6029	5946.93
439	14.6373	5937.18
440	14.671	5882.58
441	14.7124	5878.23
442	14.7719	5878.05
443	14.841	5859.68
444	14.8855	5812.59
445	14.9314	5784.75
446	14.9772	5784.51
447	15.0279	5779.8
448	15.0788	5777.09
449	15.1182	5759.14
450	15.1531	5729.39
451	15.1921	5722.47
452	15.2328	5721.16
453	15.267	5717.75
454	15.3015	5677.58
455	15.3357	5677.16
456	15.3708	5677.08
457	15.4059	5677.05
458	15.4399	5666.76
459	15.4823	5665.09
460	15.5178	5664.7
461	15.5521	5664.56
462	15.5863	5661.85
463	15.6214	5661.83
464	15.6565	5629.63
465	15.6912	5628.65
467	15.7613	5563.9
468	15.7959	5563.77
469	15.831	5543.85
470	15.8648	5542.99
471	15.899	5536.11
472	15.9332	5536.07
473	15.9689	5532.29
474	16.003	5531.1
475	16.0384	5530.6
476	16.0734	5530.42
477	16.1091	5530.41
478	16.1438	5530.34
479	16.178	5525.36
480	16.2122	5523.07
481	16.2472	5514.34
482	16.2816	5514.22
483	16.3159	5459.59
484	16.351	5448.52
485	16.3861	5438.4
486	16.4206	5437.63
487	16.4551	5427.84
488	16.49	5427.83
489	16.5252	5420.92
490	16.5593	5407.32
492	16.6281	5401.32
493	16.6636	5389.2
494	16.6985	5385.73
495	16.7332	5370.49
496	16.7683	5366.06
497	16.8048	5365.88
498	16.839	5365.4
499	16.8733	5363.89
500	16.9103	5357.81
501	16.9448	5350.9
502	16.9797	5337.31
503	17.0141	5320.46
504	17.0498	5290.93
505	17.0848	5287.57
506	17.1198	5285.54
507	17.1544	5284.72
508	17.1922	5283.59
509	17.2287	5235.16
510	17.2632	5206.69
511	17.298	5153.21
512	17.3335	5149.76
513	17.3686	5148.66
514	17.4034	5147.36
515	17.4385	5147.31
516	17.4766	5145.44
517	17.5225	5138.03
518	17.5596	5103.85
519	17.5952	5100.59
520	17.6312	5100.12
521	17.6667	5096.88
522	17.7027	5013.25
524	17.7742	5011.22
525	17.8099	5002.9
526	17.8457	5000.93
527	17.8817	4999
528	17.9228	4997.4
529	17.9582	4996.68
530	17.9966	4975.84
531	18.0321	4974.26
532	18.0675	4963.5
533	18.1023	4958.11
534	18.138	4938.55
535	18.1744	4938.03
536	18.2099	4935.78
537	18.2454	4935.37
538	18.2809	4928.42
539	18.3164	4876.11
540	18.353	4875.36
541	18.3887	4870.38
542	18.4263	4869.73
543	18.4653	4851.36
544	18.5011	4836.29
545	18.5368	4835.26
546	18.573	4835.05
547	18.6083	4833.69
548	18.6444	4829.48
549	18.6808	4802.42
550	18.7163	4791.53
551	18.7515	4788.7
552	18.7878	4788.5
553	18.8246	4785.8
554	18.8605	4746.78
555	18.8964	4742
556	18.9325	4740.21
557	18.9684	4693.04
558	19.0042	4691.01
559	19.0402	4686.34
560	19.0769	4674.02
561	19.1126	4672.39
562	19.1483	4653.45
563	19.1868	4625.07
564	19.2245	4608.37
565	19.2614	4606.96
566	19.3111	4606.75
567	19.3492	4606.73
568	19.3864	4604.2
569	19.4218	4601.45
570	19.4656	4596.99
571	19.5233	4571.36
572	19.5641	4569.9
573	19.6002	4568.53
574	19.6392	4568.35
575	19.6768	4563.25
576	19.7193	4462.09
577	19.7612	4462.01
578	19.8003	4386.34
579	19.838	4371.84
580	19.8754	4371.3
581	19.9142	4346.14
582	19.9545	4345.27
583	19.9919	4342.09
584	20.0294	4324.33
585	20.0655	4319.87
586	20.1019	4315.08
587	20.1386	4314.47
589	20.2117	4293.15
590	20.2487	4290.89
591	20.2867	4290.64
592	20.3244	4289.66
593	20.3612	4289.48
594	20.3978	4287.82
595	20.4348	4287.7
596	20.4744	4286.39
597	20.515	4285.91
598	20.5518	4271.79
599	20.5959	4262.33
600	20.6676	4255.11
601	20.7098	4253.79
602	20.7471	4245.56
603	20.7842	4239.2
604	20.8209	4237.47
605	20.8569	4180.19
606	20.8932	4124.11
607	20.929	4124.09
608	20.9649	4123.43
609	21.002	4122.54
610	21.0394	4121.24
611	21.0758	4119.61
612	21.1124	4119.53
613	21.1497	4118.82
614	21.1859	4112.8
615	21.2229	4112.08
616	21.2591	4111.98
617	21.2954	4106.86
618	21.3327	4106.68
619	21.4192	4102.21
620	21.4672	4083.4
621	21.5048	4026.17
622	21.5418	4025.78
623	21.5782	4025.14
624	21.6148	4024.75
625	21.6528	4015.3
627	21.7274	4013.48
628	21.7635	3997.25
629	21.8006	3993.2
630	21.8372	3983.62
631	21.8737	3981.72
632	21.91	3981.26
633	21.9462	3979.62
634	21.9827	3977.8
635	22.0195	3931.58
636	22.056	3928.92
637	22.0927	3804.5
638	22.1294	3797.01
639	22.1661	3796.74
640	22.2027	3796.62
641	22.2395	3793.98
642	22.2764	3791.53
643	22.3138	3790.9
644	22.3506	3788.5
645	22.3872	3786.02
646	22.4241	3779.56
647	22.4609	3778.86
648	22.4976	3777.4
649	22.5346	3776.91
650	22.5718	3776.67
651	22.6093	3774.06
652	22.6463	3772.25
653	22.6833	3770.99
654	22.7202	3764.55
655	22.7572	3763.76
656	22.7938	3738.59
657	22.8308	3738.19
658	22.8679	3737.38
659	22.9048	3736.89
660	22.9421	3733.32
661	22.9795	3732.62
662	23.0166	3732.57
663	23.0541	3732.42
664	23.0909	3731.79
665	23.1278	3731.7
666	23.165	3722.69
667	23.2027	3712.35
668	23.24	3711.98
669	23.2769	3711.85
670	23.314	3710.05
671	23.3516	3709.87
672	23.3892	3707.35
673	23.427	3706.76
674	23.4646	3700.5
675	23.5021	3699.7
676	23.5392	3699.09
677	23.5777	3690.79
678	23.6156	3682.99
679	23.6528	3675.99
680	23.6912	3675.64
681	23.7286	3666.15
682	23.7662	3665.86
683	23.8035	3665.62
684	23.8425	3665.51
685	23.881	3661.16
686	23.9189	3660.53
687	23.9567	3656.76
688	23.995	3655.54
689	24.0335	3648.97
690	24.0717	3630.23
691	24.1099	3621.79
692	24.1491	3593.2
693	24.1878	3591.78
694	24.2264	3590.84
695	24.2641	3589.24
696	24.3026	3583.67
697	24.3408	3582.73
698	24.3791	3581.62
699	24.417	3580.31
700	24.4547	3579.58
701	24.4927	3579.47
702	24.5307	3579.24
703	24.5695	3528.9
704	24.6086	3527.87
705	24.6467	3522.56
706	24.6853	3520.08
707	24.724	3519.19
708	24.7626	3499.21
709	24.8016	3479.27
710	24.8401	3471.45
711	24.8786	3453.91
712	24.9167	3453.89
713	24.9549	3451.15
714	24.9933	3450.99
715	25.0315	3442.81
716	25.0699	3442.77
717	25.1091	3441.06
718	25.1483	3440.75
720	25.2247	3439.99
721	25.2628	3333.99
722	25.3013	3333.96
723	25.3399	3329.18
724	25.3785	3328.39
725	25.417	3327.69
726	25.4554	3308.7
727	25.4941	3307.98
728	25.5325	3305.02
729	25.5709	3305.01
730	25.6098	3287.28
731	25.6487	3283.17
732	25.6882	3282.07
733	25.7274	3281.89
734	25.7656	3281.53
735	25.8046	3281.53
736	25.8435	3211.87
737	25.882	3211.84
738	25.9203	3172.61
739	25.9593	3171.41
740	25.9979	3146.32
741	26.0406	3135.8
742	26.0823	3101.25
743	26.1214	3100.8
744	26.1625	3050.04
745	26.2016	3030.38
746	26.2405	3030.15
747	26.2792	3028.87
748	26.318	3028.46
749	26.3568	3028.44
750	26.3956	3020.56
751	26.434	3020.27
752	26.4727	3020.19
753	26.5119	3019.99
754	26.5509	3011.85
755	26.5894	3011.52
756	26.6293	3008.92
757	26.6679	3004.83
758	26.7071	3004.83
759	26.7463	3001.04
760	26.7859	2980.26
761	26.8258	2980.2
762	26.8656	2974.16
763	26.9052	2974.03
764	26.9445	2968.45
765	26.9837	2966.98
766	27.0226	2955.05
767	27.0619	2953.1
768	27.1008	2952.8
769	27.1398	2945.62
770	27.1788	2927.84
771	27.218	2927.15
772	27.2572	2925.51
773	27.2961	2925.17
775	27.3744	2924.59
776	27.4135	2923.7
777	27.453	2862.89
778	27.4928	2858.77
779	27.5321	2857.9
780	27.5711	2834.28
781	27.6108	2834
782	27.6499	2833.13
783	27.69	2820.78
784	27.7294	2819.88
785	27.7694	2815.97
786	27.809	2815.02
787	27.8487	2812.6
788	27.8879	2812.28
789	27.9276	2792.48
790	27.9674	2772.33
791	28.0068	2771.52
792	28.0466	2771.5
793	28.0862	2771.47
794	28.1258	2766.91
795	28.1654	2766.87
796	28.2053	2766.79
797	28.2466	2766.49
798	28.2874	2764.51
799	28.3271	2760.5
800	28.3669	2759.46
801	28.4064	2759.12
802	28.4468	2750.15
803	28.4873	2750.1
804	28.5274	2747.62
805	28.5672	2747.58
806	28.607	2747.45
807	28.6467	2744.6
808	28.6867	2744.5
809	28.7267	2728.06
810	28.7666	2727.96
811	28.807	2725.09
812	28.8478	2725.08
813	28.8876	2724.81
814	28.9276	2723.08
815	28.9677	2720.49
816	29.008	2720.01
817	29.0483	2719.89
818	29.0884	2719.87
819	29.1283	2719.54
820	29.1687	2719.12
821	29.2089	2716.86
822	29.2493	2716.81
823	29.2895	2690.57
824	29.3308	2690.48
825	29.3708	2690.17
826	29.4114	2690.05
827	29.4518	2674.67
828	29.492	2674.64
829	29.5322	2673.27
830	29.5725	2655.44
832	29.6536	2654.03
833	29.6946	2648.7
834	29.7349	2648.59
835	29.7754	2647.9
836	29.8161	2647.82
837	29.857	2647.33
838	29.8976	2646.99
839	29.9381	2646.85
840	29.9791	2645.95
841	30.0196	2642.88
842	30.0604	2641.96
843	30.101	2623.68
844	30.1424	2603.45
845	30.1842	2603.22
846	30.2256	2599.82
847	30.2702	2599.55
848	30.3218	2588.33
849	30.3629	2486.85
850	30.4052	2467.27
851	30.4488	2432.75
852	30.4897	2431.68
853	30.5308	2431.13
854	30.5723	2430.73
855	30.6131	2430.67
856	30.6542	2430.63
857	30.6955	2430.54
858	30.7364	2403.07
859	30.7775	2402.6
860	30.8182	2401.67
861	30.8601	2400.97
862	30.9017	2331.09
863	30.9437	2331.08
864	30.9851	2331.04
865	31.0263	2329.96
866	31.0678	2328.83
867	31.109	2327.61
868	31.1507	2327.33
869	31.1921	2327.09
870	31.2334	2318.59
871	31.2749	2318.48
872	31.3168	2318.17
873	31.3582	2317.78
874	31.3995	2316.76
875	31.441	2316.62
876	31.4828	2316.45
877	31.5242	2316.06
878	31.5661	2313.75
879	31.6079	2312.25
880	31.649	2312.02
881	31.6903	2307.15
882	31.7319	2306.01
883	31.7744	2301.82
884	31.8164	2293.5
885	31.8584	2292.87
886	31.9046	2292.45
887	31.9459	2292.06
888	31.9871	2291.86
889	32.0291	2269.75
891	32.1136	2258.21
893	32.1982	2258.06
894	32.2412	2253.45
895	32.2881	2251.14
896	32.3307	2251.09
897	32.3725	2191.93
898	32.4161	2189.96
899	32.4586	2186.82
900	32.5009	2182.29
901	32.5438	2182.25
902	32.5871	2182.17
903	32.6312	2182.03
904	32.6773	2168.08
905	32.727	2167.32
906	32.7863	2166.63
907	32.8397	2166.59
908	32.8891	2166.28
909	32.9341	2164.64
910	32.9765	2162.42
911	33.0182	2155.83
912	33.0604	2154.59
913	33.1022	2154.41
914	33.1451	2154.01
915	33.1873	2153.99
916	33.243	1962.42
917	33.2894	1962.1
918	33.3406	1951.31
919	33.426	1950.17
920	33.4768	1949.97
921	33.5204	1936.17
922	33.5647	1935.94
923	33.6073	1933.22
924	33.6494	1930.35
925	33.6926	1930.26
926	33.736	1930.11
927	33.7813	1930.08
928	33.8249	1929.98
929	33.8711	1926.3
930	33.9159	1925.55
931	33.9602	1925.34
932	34.0035	1925
933	34.0484	1924.95
934	34.0951	1923.02
935	34.139	1922.99
936	34.1817	1922.49
937	34.2238	1922.21
938	34.2659	1906.32
939	34.3089	1905.07
940	34.3522	1905.06
941	34.395	1905.02
942	34.4377	1904.93
943	34.4803	1904.53
944	34.5226	1904.2
945	34.5659	1869.52
946	34.6084	1866.67
947	34.6523	1866.67
948	34.6944	1866.28
949	34.7379	1866.2
950	34.781	1865.94
951	34.8253	1865.55
952	34.8675	1865.47
953	34.9099	1864.93
954	34.9528	1864.56
955	34.9949	1864.52
956	35.0372	1864.43
957	35.0791	1863.58
958	35.1213	1863.28
959	35.1633	1862.62
960	35.2055	1859.12
961	35.2478	1851.13
962	35.2904	1851.12
963	35.3333	1850.68
964	35.3766	1850.5
965	35.4189	1845.38
966	35.4616	1845.24
967	35.5079	1844.84
968	35.5555	1807.1
969	35.5983	1807
970	35.6407	1806.23
971	35.6834	1802.73
972	35.7264	1802.64
973	35.7693	1802.43
974	35.8121	1800.99
975	35.8542	1800.48
976	35.8968	1799.1
977	35.9396	1748.71
978	35.9829	1748.24
979	36.0261	1747.39
980	36.0691	1747.04
981	36.1129	1745.13
982	36.1563	1744.56
983	36.1989	1744.27
985	36.2847	1741.29
986	36.328	1737.09
987	36.3712	1737.09
988	36.4138	1736.15
989	36.4572	1735.02
990	36.5002	1731.95
991	36.5431	1731.52
992	36.586	1731
993	36.6305	1729.3
994	36.6733	1728.84
995	36.7174	1728.36
996	36.7602	1706.28
997	36.8044	1706
998	36.8479	1703.84
999	36.8907	1703.7
1000	36.9335	1703.52
1001	36.9783	1703.39
1002	37.022	1702.65
1003	37.0661	1702.62
1004	37.1094	1702.11
1005	37.1533	1702.04
1006	37.1984	1672.17
1007	37.2451	1671.66
1008	37.2895	1671.54
1009	37.3348	1671.48
1010	37.3809	1670.99
1012	37.4676	1661.77
1013	37.5108	1660.97
1014	37.5543	1660.28
1015	37.598	1660.12
1016	37.6421	1657.47
1017	37.6856	1653.37
1018	37.73	1648.7
1019	37.774	1647.52
1020	37.8176	1647.45
1021	37.8611	1640.74
1022	37.9047	1640.73
1023	37.9487	1640.33
1024	37.9937	1640.31
1025	38.0382	1640.29
1026	38.0846	1626.86
1027	38.1369	1625.1
1028	38.1831	1624.98
1029	38.23	1624.8
1030	38.2746	1624.67
1031	38.3192	1614.42
1032	38.3631	1610.77
1033	38.4063	1610.5
1034	38.4502	1610.43
1035	38.4961	1610.19
1036	38.5402	1606.97
1037	38.5837	1606.75
1038	38.6275	1606.74
1039	38.6715	1606.25
1040	38.7163	1604.26
1041	38.7607	1604.15
1042	38.8045	1604.12
1043	38.8505	1568.33
1044	38.8956	1568.12
1045	38.9417	1567.86
1046	39.0097	1567.75
1047	39.0889	1567.06
1048	39.1344	1566.53
1049	39.1824	1565.5
1050	39.2289	1562.99
1051	39.2745	1557.21
1052	39.3194	1557.13
1053	39.3653	1556.5
1054	39.4105	1556.44
1055	39.4549	1546.38
1056	39.5001	1546.38
1057	39.546	1546.32
1058	39.5901	1546.28
1061	39.7249	1486.57
1062	39.7712	1486.56
1063	39.822	1485.71
1064	39.8703	1485.67
1065	39.9175	1485.62
1066	39.964	1484.8
1067	40.0095	1484.29
1068	40.0561	1484.01
1069	40.1013	1483.95
1070	40.1473	1469.87
1071	40.1919	1466.6
1072	40.2361	1466.57
1073	40.2813	1466.57
1074	40.3275	1466.32
1075	40.3724	1466.3
1076	40.4168	1466.1
1078	40.505	1423.74
1079	40.5505	1423.71
1080	40.5959	1422.86
1081	40.6412	1409.6
1082	40.6864	1401.44
1083	40.7329	1401.31
1084	40.7782	1374.59
1085	40.8233	1364.71
1086	40.8685	1359.96
1087	40.9138	1359.95
1088	40.9584	1359.83
1089	41.0047	1359.83
1090	41.0504	1356.83
1091	41.0975	1355.22
1092	41.1423	1355.19
1093	41.1871	1355.14
1094	41.235	1338.84
1095	41.2793	1338.84
1096	41.326	1335.33
1097	41.3801	1330.18
1098	41.4257	1328.62
1099	41.4709	1327.88
1100	41.5173	1308.99
1101	41.5624	1308.98
1102	41.6077	1307.47
1103	41.6524	1307.37
1104	41.6969	1300.32
1105	41.7424	1299.86
1106	41.7903	1293.54
1107	41.8354	1292.33
1108	41.8807	1291.98
1109	41.9251	1291.09
1110	41.97	1286.78
1111	42.0154	1286.64
1112	42.0602	1286.47
1113	42.1059	1286.02
1114	42.1515	1285.89
1115	42.1968	1285.82
1116	42.2426	1285.48
1117	42.2878	1175.34
1118	42.3329	1175.18
1119	42.3778	1175.03
1120	42.4231	1174.51
1121	42.468	1173.79
1122	42.5134	1172.5
1123	42.5584	1171.69
1124	42.6036	1171.65
1125	42.6491	1171.17
1126	42.6944	1161.98
1127	42.7401	1161.32
1128	42.7857	1161.32
1129	42.8319	1159.53
1130	42.8778	1159.41
1131	42.9233	1158.74
1132	42.968	1158.71
1133	43.0133	1158.48
1134	43.0586	1156.25
1135	43.1036	1156.18
1136	43.1483	1156.18
1137	43.1933	1156.17
1138	43.2383	1155.82
1139	43.285	1150.45
1140	43.332	1150.37
1141	43.3773	1150.36
1142	43.4235	1148.62
1143	43.4684	1148.61
1144	43.5143	1148.53
1145	43.5606	1148.5
1146	43.6081	1148.48
1147	43.6531	1146.46
1148	43.6994	1146.43
1149	43.7453	1145.28
1150	43.7917	1145.21
1151	43.8369	1144.65
1152	43.8933	1144.65
1153	43.9503	1144.46
1154	43.9965	1144.43
1155	44.0497	1144.2
1156	44.1017	1144.11
1157	44.153	1144.1
1158	44.201	1144.08
1159	44.2502	1143.89
1160	44.2994	1143.54
1161	44.3488	1143.48
1162	44.3975	1143.46
1163	44.4458	1142.97
1164	44.4947	1142.86
1165	44.5444	1142.73
1166	44.5966	1142.64
1167	44.6438	1142.38
1168	44.6974	1142.36
1169	44.7465	1142.32
1170	44.8042	1128.26
1172	44.9151	1127.93
1173	44.9692	1127.84
1174	45.0178	1127.63
1175	45.067	1127.61
1176	45.1155	1127.6
1177	45.1658	1127.51
1178	45.2157	1127.46
1179	45.2684	1127.36
1180	45.3175	1127.2
1181	45.3711	1126.99
1182	45.4304	1126.43
1183	45.4832	1125.48
1184	45.5332	1106.26
1185	45.5816	1105.98
1186	45.6368	1104.74
1187	45.689	1104.01
1188	45.7521	1098.67
1189	45.8095	1097.23
1190	45.8687	1094.88
1191	45.9206	1048.03
1192	45.972	1047.23
1193	46.0262	1047.02
1194	46.0791	1046.92
1195	46.1265	1046.89
1196	46.1794	1044.9
1197	46.234	1044.79
1198	46.2826	1044.48
1199	46.3339	1044.28
1200	46.3927	1044.2
1201	46.442	1044.2
1202	46.4952	1030.74
1203	46.5466	1030.74
1204	46.6017	1030.71
1205	46.6579	1030.66
1206	46.7233	1029.48
1208	46.8365	1029.43
1209	46.8861	1029.41
1210	46.9429	1029.17
1211	46.9977	1029.06
1212	47.05	1027.97
1213	47.1046	1027.97
1214	47.1534	1027.61
1215	47.2019	1027.49
1216	47.2524	1027.01
1217	47.3035	1026.82
1218	47.3548	1026.71
1219	47.4067	1026.38
1220	47.4865	1026.36
1221	47.6173	1023.19
1223	47.8577	1023.14
1224	47.9685	1021.91
1225	48.0998	1021.9
1226	48.2401	1020.52
1227	48.3719	1020.3
1228	48.502	1020.28
1229	48.6452	997.532
1230	48.7997	996.315
1231	48.9486	990.967
1232	49.0886	990.927
1233	49.2322	990.688
1234	49.3662	990.302
1235	49.5198	989.989
1237	49.7284	960.379
1238	49.8679	958.911
1239	49.9989	957.285
1240	50.1396	956.779
1241	50.2682	956.752
1242	50.3968	956.684
1243	50.5254	956.678
1244	50.6543	956.362
1245	50.7836	956.331
1246	50.9127	956.327
1247	51.0316	956.308
1248	51.0944	956.209
1249	51.1518	952.601
1250	51.2094	951.919
1251	51.2603	949.586
1252	51.3218	948.675
1253	51.428	948.611
1254	51.5144	948.335
1255	51.5758	948.311
1256	51.6331	912.391
1258	51.7506	909.323
1259	51.8084	908.898
1260	51.8659	908.879
1261	51.9188	906.598
1262	51.9681	904.471
1263	52.0169	904.068
1264	52.0678	903.261
1265	52.1163	903.198
1266	52.1656	903.194
1267	52.2145	903.192
1268	52.2696	902.948
1269	52.3188	902.688
1270	52.3677	902.656
1271	52.4163	902.609
1272	52.4651	902.488
1273	52.5137	902.484
1274	52.5623	899.914
1275	52.6103	899.908
1276	52.6572	899.87
1277	52.7047	899.763
1278	52.7515	893.003
1279	52.7989	892.598
1280	52.8466	892.591
1281	52.8934	892.567
1282	52.9415	892.495
1283	52.9898	892.075
1284	53.0376	892.008
1285	53.0851	885.313
1286	53.1339	882.053
1287	53.1817	882.039
1288	53.2298	882.021
1289	53.2779	881.866
1291	53.3727	881.523
1292	53.4214	881.386
1293	53.471	880.438
1294	53.5264	880.409
1295	53.5773	880.324
1296	53.6357	880.314
1297	53.688	879.107
1298	53.7417	879.106
1299	53.8038	879.084
1301	53.9231	876.932
1302	53.9802	876.919
1303	54.0427	876.899
1304	54.0937	876.857
1305	54.1407	873.561
1306	54.1887	873.514
1307	54.2414	873.274
1308	54.3224	857.683
1309	54.3814	857.664
1310	54.4396	857.465
1313	54.5996	857.354
1314	54.6478	856.301
1315	54.6958	856.242
1316	54.7514	854.668
1317	54.8029	831.95
1318	54.8591	828.055
1319	54.9107	827.996
1320	54.9588	827.95
1321	55.0067	826.318
1322	55.0605	826.31
1323	55.1094	826.196
1325	55.2084	825.155
1326	55.2624	823.79
1327	55.3115	823.75
1328	55.3603	822.904
1329	55.4085	822.8
1330	55.4583	822.675
1331	55.5063	822.33
1332	55.5563	822.173
1333	55.6051	820.436
1334	55.6544	819.72
1335	55.7039	819.589
1336	55.7529	814.739
1337	55.8035	814.469
1338	55.851	813.382
1339	55.8999	813.367
1340	55.9493	812.72
1341	55.998	812.714
1342	56.0461	812.573
1343	56.0957	812.572
1344	56.1437	811.954
1345	56.1976	811.931
1346	56.2514	791.162
1347	56.3014	790.6
1348	56.349	790.56
1349	56.3989	790.47
1350	56.4468	790.433
1351	56.4955	790.431
1352	56.5441	783.969
1353	56.5997	783.527
1354	56.6477	783.481
1355	56.6971	783.441
1356	56.7464	780.151
1357	56.7983	778.901
1358	56.8477	778.748
1359	56.8985	778.318
1360	56.9492	778.159
1361	57.0037	778.129
1362	57.0567	778.118
1363	57.1061	777.731
1364	57.1989	777.718
1366	57.3521	771.364
1367	57.4055	771.334
1368	57.4848	771.265
1369	57.5384	771.066
1370	57.5901	762.664
1371	57.6438	761.417
1372	57.6982	759.937
1373	57.7494	759.923
1374	57.7999	759.869
1375	57.8531	759.247
1376	57.9037	758.398
1377	57.9562	758.304
1378	58.0071	757.152
1379	58.0592	756.902
1380	58.1114	756.379
1381	58.1604	756.377
1382	58.2105	756.375
1383	58.2662	756.307
1384	58.3186	756.221
1385	58.3768	754.928
1386	58.429	754.87
1387	58.4797	754.41
1388	58.5295	754.409
1389	58.5796	754.328
1390	58.6382	754.301
1391	58.7048	751.163
1393	58.833	750.964
1394	58.8891	750.946
1395	58.9407	750.324
1396	58.9902	750.313
1397	59.0471	750.211
1398	59.1198	750.195
1399	59.1791	746.963
1401	59.2907	728.748
1402	59.3456	728.705
1403	59.3986	728.306
1404	59.4474	727.995
1405	59.4987	727.916
1406	59.5526	721.925
1407	59.6094	721.402
1408	59.66	721.275
1409	59.7101	721.271
1410	59.7659	716.971
1411	59.8237	716.826
1412	59.8729	716.558
1413	59.9219	716.53
1414	59.97	716.403
1416	60.0681	716.266
1418	60.2099	701.606
1419	60.2917	701.549
1420	60.3857	701.508
1421	60.4368	700.561
1422	60.4864	691.891
1423	60.537	691.886
1424	60.5902	691.401
1425	60.644	691.175
1426	60.6965	691.002
1427	60.7498	691
1428	60.8018	690.997
1429	60.8528	690.974
1430	60.9032	689.965
1431	60.975	688.011
1432	61.0582	687.998
1433	61.1227	687.962
1434	61.1941	687.798
1435	61.2559	687.796
1436	61.3173	686.221
1437	61.3796	681.888
1438	61.4388	681.849
1439	61.4902	681.208
1440	61.5434	680.92
1441	61.6021	680.92
1442	61.6589	680.739
1443	61.7114	680.735
1444	61.7751	679.535
1445	61.8378	679.415
1446	61.8882	678.105
1447	61.9404	677.924
1448	61.993	677.892
1449	62.0442	677.837
1450	62.1037	677.31
1451	62.1659	677.205
1452	62.2164	677.197
1453	62.2784	677.119
1454	62.3303	676.932
1455	62.3818	676.862
1456	62.4344	676.799
1457	62.4837	667.639
1458	62.5354	667.588
1459	62.5867	667.572
1460	62.639	667.496
1461	62.6881	667.277
1462	62.7387	667.151
1463	62.7906	666.897
1464	62.8446	666.893
1465	62.8939	666.879
1466	62.9451	661.969
1467	62.9949	661.741
1468	63.0486	661.732
1469	63.1008	661.686
1470	63.1513	661.673
1471	63.206	661.646
1472	63.2575	661.646
1473	63.3091	661.635
1474	63.3643	660.237
1475	63.4199	660.213
1476	63.4747	660.209
1477	63.5302	660.196
1478	63.602	656.885
1479	63.7323	654.793
1480	63.8614	654.786
1481	63.9916	654.784
1482	64.0702	654.152
1483	64.1988	654.148
1484	64.3269	653.869
1485	64.4573	653.832
1486	64.5454	653.816
1487	64.6197	653.751
1488	64.6977	653.746
1489	64.7713	653.513
1490	64.8351	653.508
1491	64.8901	653.481
1492	64.9489	653.48
1493	65.0048	653.456
1494	65.0578	653.239
1495	65.1105	653.205
1496	65.174	653.044
1497	65.2378	652.988
1498	65.2963	652.979
1499	65.3517	652.966
1500	65.4067	652.947
1501	65.4681	652.913
1502	65.5208	652.89
1503	65.5737	652.887
1504	65.6244	652.886
1505	65.6772	652.885
1506	65.7333	652.454
1507	65.7879	652.322
1508	65.8411	652.321
1509	65.9229	652.269
1510	65.9811	643.188
1512	66.0877	643.162
1513	66.1407	643.119
1514	66.191	641.069
1515	66.2418	640.938
1516	66.2939	640.935
1517	66.3452	640.933
1518	66.403	640.903
1519	66.4543	640.797
1520	66.5102	640.724
1521	66.5669	640.704
1522	66.625	640.674
1523	66.6906	640.586
1524	66.7501	640.465
1525	66.8143	640.373
1526	66.8784	639.209
1527	66.9365	639.139
1528	67.0047	639.123
1529	67.0602	638.309
1530	67.1163	637.622
1531	67.171	637.154
1532	67.2244	636.816
1533	67.2778	636.788
1534	67.3295	636.616
1535	67.3808	636.614
1536	67.4318	636.456
1537	67.4821	636.134
1538	67.5369	636.052
1539	67.5897	635.831
1540	67.6411	635.673
1541	67.6968	635.668
1542	67.7484	623.742
1543	67.807	623.741
1544	67.8622	623.722
1545	67.9153	623.711
1546	67.9661	623.543
1548	68.0717	623.529
1550	68.1885	622.909
1551	68.2402	622.867
1553	68.3529	622.855
1554	68.4079	622.797
1555	68.4634	622.569
1556	68.578	622.083
1557	68.6331	621.419
1558	68.6872	621.073
1559	68.7434	621.06
1560	68.7967	620.995
1561	68.8481	619.348
1564	69.0348	618.529
1565	69.086	618.523
1566	69.1434	616.692
1567	69.1972	616.572
1569	69.3649	615.59
1570	69.4331	613.395
1571	69.4869	612.18
1572	69.5383	612.015
1573	69.5939	611.645
1574	69.6439	611.641
1575	69.6954	610.44
1577	69.7977	606.793
1578	69.8482	606.644
1579	69.93	606.166
1580	69.9945	606.153
1581	70.0531	606.152
1582	70.1099	606.095
1583	70.1608	606.079
1584	70.2121	605.719
1585	70.2631	605.227
1586	70.3166	605.225
1587	70.3736	605.19
1588	70.4266	605.169
1589	70.4764	604.973
1590	70.5293	604.702
1591	70.5812	602.384
1592	70.6368	602.183
1593	70.6894	602.139
1594	70.7387	601.801
1595	70.7888	601.772
1596	70.8388	598.135
1597	70.8886	598.04
1598	70.9386	596.419
1599	70.9882	596.411
1600	71.0382	596.334
1601	71.0876	595.815
1602	71.1369	594.459
1603	71.1881	593.848
1604	71.2389	593.315
1606	71.3388	593.293
1607	71.3891	592.344
1608	71.4386	592.262
1609	71.4957	592.239
1610	71.5478	592.22
1611	71.6024	592.197
1612	71.6644	592.167
1613	71.7338	592.123
1614	71.8326	591.79
1615	71.8834	591.782
1616	71.9339	591.569
1617	71.9842	591.476
1618	72.0353	585.876
1619	72.085	585.642
1620	72.1361	585.637
1621	72.1864	585.445
1622	72.2364	585.431
1623	72.2876	585.248
1624	72.3381	585.235
1625	72.3913	585.071
1626	72.4442	574.894
1627	72.4938	574.888
1629	72.5929	574.801
1630	72.6438	574.519
1631	72.6942	574.188
1632	72.7441	574.1
1633	72.7947	573.474
1635	72.896	573.46
1636	72.9457	573.459
1637	72.9957	573.33
1638	73.0453	573.33
1639	73.0954	573.25
1640	73.1479	573.178
1641	73.2008	570.153
1642	73.2527	570.136
1643	73.3067	570.129
1644	73.3723	570.104
1645	73.4251	568.983
1646	73.4926	568.903
1647	73.5533	568.783
1648	73.61	558.346
1649	73.6787	558.335
1650	73.742	558.25
1652	73.9089	557.664
1653	73.9782	557.578
1654	74.0579	556.88
1655	74.126	556.868
1656	74.1836	556.191
1657	74.2416	553.09
1658	74.2954	550.199
1659	74.3455	550.113
1661	74.4464	549.419
1662	74.4972	549.314
1663	74.5532	549.217
1665	74.6752	548.602
1666	74.7343	547.56
1667	74.8141	547.54
1668	74.8854	547.041
1669	74.9539	546.878
1670	75.0281	546.776
1671	75.085	546.456
1672	75.1555	546.385
1673	75.2097	546.303
1674	75.2743	546.257
1675	75.3331	546.143
1676	75.4017	542.792
1677	75.4647	542.659
1678	75.5205	542.533
1679	75.5746	542.532
1680	75.6276	541.076
1681	75.6784	541.049
1682	75.731	540.905
1683	75.7873	540.904
1684	75.8495	540.215
1685	75.9094	540.211
1686	75.9658	538.203
1687	76.0268	537.731
1688	76.0893	537.695
1689	76.1541	537.636
1690	76.2086	537.62
1692	76.3213	536.379
1693	76.3732	536.228
1694	76.4293	536.221
1695	76.4838	536.209
1696	76.5393	536.117
1698	76.6448	536.091
1700	76.7939	536.039
1701	76.8664	535.981
1702	76.9189	535.87
1703	76.9795	535.63
1704	77.0408	535.603
1705	77.1007	535.472
1706	77.158	535.063
1707	77.2101	535.019
1708	77.2676	535.014
1709	77.3209	534.905
1710	77.3727	534.561
1711	77.4242	533.078
1712	77.4807	532.826
1713	77.5345	532.819
1714	77.5916	532.78
1715	77.6502	531.057
1716	77.7053	530.455
1717	77.757	530.448
1718	77.8108	529.984
1719	77.8652	529.692
1720	77.9195	529.592
1721	77.9716	529.591
1722	78.0259	529.589
1723	78.0835	529.376
1724	78.1463	529.294
1725	78.2008	528.553
1726	78.2536	528.516
1727	78.31	528.312
1728	78.366	528.308
1729	78.4206	528.304
1730	78.472	528.262
1731	78.5359	527.796
1732	78.6118	527.792
1733	78.6774	527.65
1734	78.7329	527.649
1735	78.7845	527.5
1736	78.8679	527.426
1737	78.9509	527.225
1738	79.0229	527.203
1740	79.1328	527.203
1741	79.1854	527.029
1742	79.2483	526.937
1743	79.3389	526.651
1744	79.3903	525.999
1745	79.4437	525.992
1746	79.5008	524.657
1747	79.5534	524.022
1748	79.6151	523.994
1749	79.6701	523.986
1750	79.7234	521.57
1751	79.7927	521.131
1752	79.8473	521.128
1753	79.9042	521.127
1754	79.9652	521.016
1755	80.0489	521.014
1756	80.1086	520.987
1757	80.1646	520.956
1758	80.2213	520.18
1759	80.2774	520.122
1760	80.3322	520.086
1761	80.3871	519.793
1762	80.4487	519.191
1763	80.523	519.188
1764	80.5818	518.704
1765	80.6494	517.315
1766	80.7244	517.212
1767	80.7952	517.211
1768	80.8541	517.21
1769	80.907	517.197
1770	80.9612	516.65
1771	81.0173	516.393
1772	81.0747	516.169
1773	81.1292	516.146
1774	81.1811	515.919
1775	81.2369	515.918
1776	81.3195	514.935
1777	81.3965	511.992
1778	81.4485	511.881
1779	81.5002	511.827
1780	81.5549	511.732
1781	81.6089	511.726
1782	81.6619	511.632
1783	81.716	511.63
1784	81.7706	510.866
1785	81.8252	510.43
1786	81.8951	504.875
1787	81.9555	504.872
1788	82.0085	504.863
1790	82.1164	504.066
1791	82.169	503.229
1793	82.2715	503.129
1794	82.3248	502.823
1795	82.3783	502.822
1796	82.435	502.795
1797	82.4857	501.862
1798	82.544	501.692
1799	82.6	501.689
1800	82.6595	501.679
1801	82.7161	501.555
1802	82.7784	501.102
1803	82.8354	501.08
1804	82.8907	501.067
1805	82.9569	500.465
1806	83.013	500.464
1807	83.0667	500.06
1809	83.1725	499.95
1811	83.2924	499.912
1814	83.4829	498.831
1815	83.5569	498.82
1816	83.6565	498.818
1817	83.7171	498.817
1818	83.7967	498.052
1819	83.8632	497.982
1820	83.9447	497.978
1821	84.0198	497.967
1822	84.1002	497.581
1823	84.1617	497.578
1824	84.2852	497.546
1825	84.3615	497.495
1826	84.4178	497.49
1827	84.4716	497.482
1828	84.5237	497.482
1829	84.5759	497.395
1830	84.6289	497.39
1831	84.6851	497.239
1832	84.7394	497.238
1833	84.7926	497.238
1834	84.8559	497.15
1835	84.928	497.132
1836	85.0055	497.049
1837	85.0644	497.006
1838	85.1455	497.004
1839	85.2175	496.713
1840	85.2894	496.703
1841	85.3533	496.69
1842	85.4195	496.674
1843	85.4836	496.666
1844	85.5474	496.665
1846	85.6939	496.66
1847	85.7632	495.714
1849	85.907	495.605
1850	85.9972	485.223
1851	86.0623	485.189
1852	86.1305	484.954
1853	86.1841	484.919
1855	86.2911	484.825
1856	86.3443	484.823
1857	86.3976	484.821
1858	86.4494	484.773
1859	86.5135	484.764
1860	86.5711	484.748
1861	86.6322	484.728
1862	86.6864	484.611
1863	86.7383	484.463
1864	86.793	481.931
1865	86.8454	481.816
1866	86.8983	480.787
1867	86.9523	480.754
1868	87.0057	480.751
1869	87.0622	479.605
1870	87.1396	479.402
1871	87.2368	478.846
1872	87.3272	478.703
1873	87.4257	478.588
1874	87.5493	478.485
1875	87.6337	478.48
1876	87.7026	478.199
1877	87.7816	478.167
1878	87.8598	478.137
1879	87.9304	478.029
1880	87.9983	477.953
1881	88.0717	477.942
1882	88.1417	477.336
1883	88.2063	477.335
1884	88.2682	477.327
1885	88.3235	477.055
1886	88.3798	475.309
1887	88.4331	475.3
1888	88.4848	475.297
1890	88.5878	475.278
1894	88.8277	475.245
1895	88.8817	475.082
1896	88.9334	475.051
1898	89.0421	475.016
1899	89.0978	475.014
1901	89.2034	473.729
1902	89.2563	473.693
1903	89.313	473.664
1904	89.3699	473.523
1905	89.4301	473.518
1906	89.5035	473.518
1908	89.6843	473.516
1909	89.7474	473.1
1910	89.806	473.099
1911	89.8626	473.038
1912	89.9163	472.966
1913	89.9695	471.194
1914	90.0211	471.176
1915	90.0783	470.868
1917	90.2035	469.315
1918	90.2595	468.971
1919	90.3243	468.59
1920	90.3842	468.567
1922	90.5287	468.553
1923	90.5814	468.549
1924	90.6348	468.169
1925	90.6903	467.951
1926	90.751	467.938
1927	90.8056	467.933
1928	90.8607	467.928
1929	90.9154	467.661
1930	90.9709	467.087
1931	91.0253	465.441
1932	91.087	465.399
1933	91.1473	465.391
1935	91.2681	465.388
1936	91.3313	462.101
1937	91.4064	462.065
1938	91.4809	460.665
1939	91.5351	460.638
1940	91.589	460.633
1941	91.6521	460.443
1942	91.7234	460.24
1943	91.7832	459.839
1944	91.8582	459.791
1945	91.9197	459.745
1947	92.0404	459.734
1948	92.1088	459.61
1949	92.171	459.349
1951	92.3258	458.993
1952	92.4016	458.974
1953	92.4662	458.936
1954	92.5365	458.596
1955	92.6136	458.588
1956	92.6745	458.572
1957	92.7458	457.644
1958	92.8137	455.261
1959	92.8904	455.076
1960	92.949	455.073
1961	93.0271	455.065
1962	93.1169	455.047
1963	93.1968	454.452
1964	93.3013	454.404
1965	93.364	453.355
1966	93.4449	452.637
1968	93.6162	452.632
1969	93.6985	452.625
1970	93.7593	452.525
1971	93.8133	452.225
1972	93.8675	452.179
1973	93.9203	452.111
1975	94.0306	452.094
1977	94.1727	452.055
1979	94.3153	451.997
1980	94.4173	451.326
1981	94.5004	449.899
1982	94.5883	449.899
1983	94.6998	449.897
1984	94.8103	449.876
1985	94.889	449.561
1986	94.9998	449.539
1987	95.0657	449.52
1988	95.1321	446.44
1989	95.194	446.433
1990	95.2491	446.306
1992	95.356	445.725
1993	95.4083	445.693
1994	95.4626	445.346
1995	95.5164	445.339
1996	95.5702	444.442
1997	95.624	443.996
1998	95.6785	443.904
2000	95.7882	443.862
2001	95.8478	443.358
2005	96.0658	442.793
2006	96.1188	442.484
2008	96.2276	442.145
2009	96.2821	442.121
2011	96.4027	442.047
2012	96.4636	442.027
2013	96.5172	442.024
2014	96.5796	441.859
2016	96.6947	439.802
2017	96.7562	439.413
2018	96.8161	439.317
2019	96.8775	439.316
2020	96.9445	439.241
2022	97.076	439.075
2023	97.1363	439.073
2024	97.2149	438.525
2025	97.2759	438.524
2026	97.3534	438.492
2027	97.4221	438.228
2028	97.4897	438.194
2030	97.6362	438.19
2031	97.7092	438.188
2032	97.7804	438.162
2033	97.8629	438.079
2035	98.0204	438.074
2038	98.2228	438.064
2039	98.2959	438.017
2040	98.3667	437.902
2041	98.4364	437.899
2042	98.5002	437.847
2043	98.5711	437.78
2044	98.6364	437.748
2045	98.7052	437.595
2046	98.7594	437.481
2047	98.8152	437.245
2048	98.8846	437.243
2049	98.9425	437.154
2050	99	436.107
2051	99.0594	434.714
2052	99.1303	434.58
2053	99.197	434.541
2054	99.2844	434.52
2055	99.3811	434.253
2056	99.4522	433.77
2057	99.511	433.733
2058	99.5645	433.699
2059	99.6186	433.637
2060	99.6712	433.609
2062	99.7791	433.605
2063	99.8327	431.676
2064	99.8872	431.657
2065	99.9408	431.523
2066	99.9949	431.512
2067	100.049	431.482
2068	100.107	431.481
2069	100.164	431.479
2070	100.218	431.455
2071	100.272	430.915
2072	100.327	430.915
2073	100.381	430.862
2074	100.434	430.861
2075	100.489	430.858
2076	100.542	430.813
2077	100.595	430.806
2078	100.65	430.799
2079	100.704	430.749
2080	100.76	430.717
2081	100.813	430.468
2082	100.87	430.45
2083	100.924	430.415
2084	100.978	430.367
2085	101.032	430.366
2086	101.086	430.299
2087	101.141	429.937
2088	101.194	429.927
2089	101.25	429.923
2090	101.306	429.22
2091	101.362	428.977
2092	101.416	428.977
2093	101.469	428.976
2094	101.524	428.464
2095	101.577	428.456
2096	101.636	428.437
2097	101.694	428.414
2098	101.756	428.169
2099	101.826	428.159
2100	101.88	428.154
2101	101.939	427.397
2102	101.993	425.78
2103	102.05	425.773
2104	102.106	424.741
2105	102.162	424.216
2106	102.219	424.099
2107	102.274	424.099
2108	102.33	424.089
2109	102.384	424.086
2110	102.438	423.762
2111	102.493	423.199
2112	102.549	423.192
2113	102.602	423.175
2114	102.656	423.166
2116	102.765	422.39
2117	102.822	420.615
2118	102.876	420.52
2119	102.931	420.504
2120	102.984	419.966
2121	103.038	419.965
2122	103.093	419.95
2124	103.202	418.418
2125	103.258	418.396
2126	103.313	416.721
2127	103.368	416.715
2128	103.424	416.693
2129	103.478	416.527
2130	103.535	415.138
2131	103.589	415.137
2132	103.644	415.136
2133	103.704	415.112
2134	103.76	414.704
2135	103.815	414.703
2136	103.872	414.497
2137	103.928	413.221
2138	103.994	413.218
2139	104.056	413.209
2141	104.171	413.021
2142	104.226	412.299
2143	104.285	412.286
2144	104.345	412.284
2145	104.399	412.25
2146	104.455	412.233
2147	104.509	412.188
2149	104.623	412.183
2150	104.683	412.161
2151	104.748	412.143
2152	104.805	412.143
2153	104.871	412.142
2154	104.924	411.215
2155	104.98	411.188
2156	105.034	411.186
2157	105.09	411.184
2158	105.15	410.924
2159	105.205	410.913
2160	105.277	410.91
2161	105.383	410.891
2162	105.439	410.642
2163	105.499	410.642
2164	105.556	410.628
2165	105.613	410.595
2166	105.672	410.589
2167	105.728	410.568
2168	105.787	410.568
2169	105.859	410.456
2170	105.931	410.455
2173	106.104	410.451
2174	106.159	410.444
2175	106.213	410.338
2176	106.268	410.124
2177	106.322	410.108
2178	106.376	410.104
2179	106.43	409.98
2180	106.487	409.974
2181	106.545	409.964
2182	106.599	409.914
2183	106.652	409.902
2184	106.714	409.896
2187	106.892	409.719
2188	106.948	409.718
2189	107.004	409.709
2190	107.057	398.388
2191	107.112	398.337
2192	107.168	398.335
2194	107.293	398.334
2195	107.372	398.333
2196	107.436	398.332
2197	107.5	398.324
2198	107.571	398.294
2199	107.641	398.289
2200	107.712	398.144
2202	107.851	398.135
2203	107.904	398.088
2204	107.96	397.671
2205	108.016	397.608
2206	108.07	397.135
2207	108.124	397.109
2208	108.181	396.905
2209	108.238	396.9
2210	108.292	396.863
2211	108.349	396.666
2213	108.457	396.661
2214	108.513	396.531
2215	108.568	396.53
2216	108.623	396.25
2217	108.687	396.206
2219	108.824	396.049
2220	108.883	396.037
2222	108.995	391.136
2223	109.052	391.135
2224	109.107	391.123
2225	109.166	391.114
2226	109.22	391.051
2228	109.33	391.048
2230	109.443	391.023
2232	109.56	390.954
2233	109.614	390.954
2234	109.673	390.936
2235	109.734	390.284
2236	109.789	390.278
2238	109.902	390.118
2239	109.956	390.036
2240	110.012	390.026
2241	110.068	388.605
2243	110.177	388.569
2244	110.231	388.453
2245	110.287	388.444
2247	110.409	388.413
2249	110.522	388.386
2250	110.576	388.373
2251	110.631	387.988
2252	110.685	387.942
2253	110.74	387.936
2254	110.797	387.924
2255	110.853	387.837
2257	110.962	386.979
2258	111.027	386.894
2259	111.118	386.792
2260	111.222	386.792
2262	111.471	386.789
2263	111.558	386.789
2264	111.617	386.398
2265	111.673	386.39
2266	111.731	386.37
2267	111.789	386.369
2268	111.848	386.365
2269	111.904	386.043
2270	111.967	385.71
2271	112.025	384.528
2272	112.082	384.474
2274	112.202	384.455
2275	112.26	384.451
2276	112.318	383.519
2277	112.452	383.518
2278	112.51	381.636
2279	112.569	381.598
2280	112.645	381.597
2281	112.7	381.38
2282	112.758	381.244
2283	112.818	381.01
2285	112.935	381.004
2286	112.991	381.002
2287	113.045	380.977
2288	113.1	380.924
2289	113.155	380.818
2291	113.265	380.654
2292	113.32	380.648
2293	113.374	380.645
2294	113.429	380.382
2295	113.483	380.344
2296	113.537	380.333
2297	113.593	380.303
2298	113.651	380.183
2299	113.709	380.038
2300	113.766	380.036
2301	113.831	380.03
2303	113.944	378.998
2304	113.999	378.977
2306	114.108	377.686
2308	114.22	377.685
2310	114.33	377.652
2311	114.384	377.465
2312	114.44	377.419
2313	114.493	377.4
2315	114.601	377.394
2316	114.655	377.392
2317	114.709	377.034
2319	114.821	376.683
2321	114.936	376.335
2322	114.991	376.332
2324	115.103	376.327
2325	115.159	376.092
2326	115.217	376.087
2327	115.275	376.077
2328	115.33	373.274
2329	115.384	373.274
2330	115.439	373.214
2332	115.552	372.968
2333	115.606	372.958
2334	115.661	372.692
2335	115.715	372.689
2336	115.771	372.189
2337	115.825	372.183
2338	115.879	372.086
2341	116.047	371.913
2342	116.108	371.777
2344	116.225	371.759
2345	116.28	371.388
2346	116.335	371.22
2348	116.448	370.952
2351	116.624	370.944
2353	116.741	370.938
2354	116.795	370.889
2356	116.91	368.447
2357	116.965	368.305
2358	117.021	368.231
2359	117.075	368.223
2360	117.132	368.132
2362	117.241	368.108
2363	117.295	368.107
2364	117.349	368.023
2366	117.457	368.004
2367	117.511	367.993
2368	117.565	367.992
2369	117.62	367.973
2371	117.73	367.972
2372	117.786	367.963
2373	117.842	367.912
2377	118.061	367.041
2378	118.117	367.037
2380	118.237	366.959
2381	118.336	366.948
2382	118.429	366.851
2383	118.489	366.806
2384	118.583	366.788
2385	118.684	366.639
2386	118.739	366.575
2387	118.793	366.542
2388	118.847	366.54
2389	118.928	366.538
2390	118.989	365.961
2391	119.1	365.831
2393	119.388	365.821
2394	119.549	365.813
2395	119.707	365.758
2396	119.853	365.363
2397	119.999	365.357
2398	120.141	365.266
2399	120.287	365.264
2400	120.441	365.213
2401	120.585	365.21
2402	120.729	365.206
2403	120.874	361.283
2404	121.018	361.224
2405	121.151	361.207
2406	121.261	361.201
2407	121.322	361.129
2408	121.381	361.129
2409	121.437	361.127
2410	121.492	361.121
2411	121.553	360.913
2412	121.617	360.909
2413	121.686	360.903
2414	121.751	360.902
2415	121.812	360.9
2416	121.885	360.885
2417	121.945	360.852
2418	122.011	360.85
2419	122.066	360.818
2421	122.178	360.796
2422	122.235	360.791
2423	122.293	360.773
2424	122.349	360.762
2425	122.404	360.761
2426	122.458	360.473
2427	122.514	360.144
2428	122.572	360.142
2429	122.63	360.142
2430	122.692	360.034
2431	122.749	360.031
2432	122.808	360.024
2433	122.865	360.024
2434	122.92	359.939
2435	122.979	359.922
2436	123.036	359.919
2438	123.148	359.907
2439	123.202	359.897
2440	123.26	359.882
2441	123.315	359.441
2442	123.369	359.305
2443	123.425	359.302
2444	123.482	358.856
2445	123.537	358.558
2446	123.595	358.513
2447	123.653	358.511
2448	123.709	358.508
2449	123.764	358.505
2450	123.818	358.275
2451	123.875	358.142
2452	123.93	357.875
2453	123.985	357.858
2454	124.039	357.846
2455	124.094	357.844
2456	124.149	357.124
2457	124.203	356.672
2458	124.26	355.905
2459	124.314	355.892
2460	124.369	355.768
2462	124.477	355.765
2463	124.532	355.763
2464	124.589	355.315
2465	124.644	355.307
2466	124.7	353.109
2467	124.755	353.099
2468	124.809	353.075
2469	124.864	353.063
2470	124.918	352.755
2471	124.975	352.753
2472	125.033	352.753
2473	125.087	352.75
2474	125.142	352.527
2476	125.251	352.506
2477	125.306	352.423
2479	125.417	352.421
2480	125.471	352.42
2481	125.527	352.268
2482	125.582	351.972
2484	125.696	351.969
2485	125.751	351.958
2486	125.807	351.951
2487	125.873	351.935
2489	125.99	351.934
2490	126.046	351.933
2491	126.103	351.905
2492	126.159	351.905
2494	126.283	351.368
2495	126.339	351.285
2496	126.397	351.284
2497	126.451	351.282
2498	126.508	351.058
2500	126.617	351.056
2501	126.672	351.049
2502	126.728	351.007
2503	126.784	351.004
2504	126.84	350.985
2505	126.895	350.965
2506	126.949	350.965
2507	127.004	350.962
2509	127.113	350.95
2510	127.168	350.95
2512	127.278	350.944
2514	127.388	350.944
2515	127.445	350.913
2516	127.499	350.821
2517	127.553	350.819
2518	127.608	350.818
2519	127.662	350.818
2520	127.74	350.799
2521	127.84	350.789
2522	127.917	350.747
2523	127.995	350.745
2524	128.058	350.74
2526	128.174	350.738
2527	128.233	350.595
2528	128.373	350.595
2529	128.434	350.561
2530	128.495	348.714
2531	128.552	348.64
2532	128.609	348.639
2533	128.666	348.635
2535	128.781	348.63
2536	128.847	348.628
2537	128.915	348.626
2538	128.972	348.616
2539	129.09	348.614
2540	129.169	348.52
2541	129.224	348.517
2542	129.278	348.513
2545	129.442	348.511
2546	129.499	348.475
2547	129.555	348.352
2550	129.72	348.341
2551	129.774	348.328
2553	129.884	348.307
2554	129.939	348.212
2555	129.995	348.211
2556	130.05	348.061
2557	130.104	348.037
2559	130.216	347.941
2560	130.278	347.663
2562	130.407	345.586
2563	130.462	345.585
2564	130.521	345.577
2565	130.577	345.554
2566	130.637	345.112
2568	130.76	345.103
2570	130.879	345.093
2573	131.044	345.092
2575	131.154	345.01
2576	131.21	344.97
2578	131.32	344.868
2580	131.435	344.825
2581	131.492	335.95
2584	131.661	335.927
2585	131.717	335.924
2586	131.772	335.92
2587	131.827	335.835
2591	132.049	335.754
2592	132.105	335.731
2593	132.16	335.717
2594	132.216	335.714
2595	132.271	335.438
2596	132.328	335.432
2597	132.384	334.84
2598	132.439	334.759
2599	132.497	334.691
2600	132.553	334.69
2602	132.666	334.688
2603	132.726	334.687
2604	132.783	334.672
2607	132.957	334.668
2609	133.091	334.509
2610	133.161	334.326
2611	133.235	333.995
2613	133.355	333.994
2614	133.411	333.901
2615	133.471	333.898
2617	133.591	333.892
2618	133.647	333.147
2619	133.702	333.14
2620	133.758	333.138
2621	133.815	332.993
2622	133.871	332.872
2623	133.927	332.658
2624	133.987	332.643
2627	134.156	332.638
2629	134.271	332.594
2631	134.385	332.443
2632	134.443	332.426
2633	134.501	332.425
2634	134.558	332.331
2635	134.615	332.316
2636	134.673	332.314
2637	134.735	332.3
2638	134.799	332.224
2639	134.859	332.124
2640	134.917	332.123
2641	134.974	332.107
2642	135.032	332.097
2643	135.09	332.014
2646	135.259	327.73
2649	135.429	327.726
2651	135.545	327.479
2652	135.602	327.424
2653	135.659	327.418
2656	135.828	327.417
2657	135.884	327.38
2659	136.002	327.147
2661	136.116	326.959
2662	136.175	326.952
2665	136.35	326.894
2666	136.407	326.881
2668	136.522	324.867
2669	136.582	324.859
2670	136.638	324.796
2672	136.752	324.778
2673	136.808	324.757
2674	136.865	324.002
2676	136.988	323.786
2677	137.058	323.77
2678	137.117	323.767
2680	137.232	323.766
2681	137.288	323.707
2682	137.352	323.665
2684	137.524	323.655
2685	137.592	323.326
2686	137.659	322.56
2688	137.791	322.284
2689	137.853	322.255
2691	137.977	322.246
2692	138.034	322.231
2694	138.158	322.216
2696	138.274	320.703
2697	138.331	320.034
2698	138.389	319.996
2699	138.449	319.995
2700	138.511	319.943
2702	138.627	319.931
2703	138.685	319.93
2704	138.74	319.179
2706	138.859	319.176
2707	138.92	319.168
2709	139.04	319.157
2710	139.103	319.09
2711	139.164	319.038
2712	139.221	319.035
2715	139.392	319.025
2717	139.503	318.445
2719	139.62	317.993
2720	139.678	317.945
2721	139.736	317.943
2722	139.793	317.934
2723	139.849	317.897
2724	139.907	317.886
2725	139.967	317.773
2726	140.024	317.697
2727	140.082	317.693
2728	140.15	317.693
2729	140.22	317.606
2730	140.312	317.6
2731	140.399	317.239
2732	140.467	317.236
2733	140.529	317.229
2734	140.588	317.213
2735	140.645	316.812
2736	140.703	316.003
2737	140.773	315.999
2738	140.834	315.786
2739	140.892	315.714
2740	140.965	315.709
2741	141.089	315.706
2742	141.176	315.705
2743	141.242	315.49
2744	141.306	315.473
2745	141.368	315.463
2747	141.486	315.442
2748	141.55	315.442
2750	141.667	315.432
2751	141.724	315.232
2752	141.784	315.231
2753	141.842	315.189
2754	141.902	315.188
2755	141.959	315.175
2756	142.017	315.175
2757	142.076	315.168
2758	142.133	315.167
2759	142.191	315.165
2760	142.248	315.15
2761	142.305	315.144
2762	142.363	315.132
2763	142.422	315.122
2764	142.48	315.075
2765	142.537	315.074
2766	142.599	314.898
2767	142.658	314.504
2768	142.717	314.504
2769	142.777	314.503
2770	142.844	313.46
2771	142.911	313.456
2772	142.978	313.44
2773	143.036	313.128
2774	143.098	313.127
2775	143.154	313.125
2776	143.211	313.121
2778	143.331	313.116
2779	143.392	313.109
2780	143.449	313.102
2781	143.506	312.946
2782	143.561	312.887
2783	143.618	312.875
2784	143.68	312.631
2785	143.74	312.15
2786	143.799	312.114
2787	143.865	312.113
2788	143.925	312.113
2790	144.041	312.057
2791	144.102	311.966
2792	144.179	311.892
2793	144.24	311.873
2794	144.303	311.862
2796	144.469	311.333
2797	144.544	310.955
2798	144.633	310.815
2799	144.716	310.811
2803	144.952	310.811
2804	145.009	310.411
2805	145.069	309.737
2806	145.129	306.491
2807	145.193	306.482
2808	145.255	306.474
2809	145.314	306.459
2810	145.372	306.371
2811	145.428	306.362
2813	145.543	306.341
2814	145.601	306.22
2817	145.781	306.19
2818	145.839	306.186
2819	145.899	306.186
2820	145.959	306.186
2821	146.017	306.142
2822	146.076	305.863
2823	146.133	305.847
2824	146.19	305.843
2825	146.248	305.829
2826	146.307	305.825
2827	146.363	305.82
2829	146.474	305.82
2832	146.648	305.819
2833	146.706	305.819
2834	146.761	305.055
2835	146.819	305.018
2836	146.877	305.018
2838	146.988	304.915
2840	147.103	304.914
2841	147.16	304.913
2842	147.217	304.905
2843	147.275	304.904
2844	147.386	304.813
2845	147.458	304.813
2849	147.718	304.802
2851	147.834	304.801
2852	147.897	304.799
2854	148.015	304.788
2855	148.081	304.774
2857	148.213	304.771
2858	148.274	304.77
2859	148.338	304.603
2860	148.399	304.601
2861	148.46	304.596
2862	148.522	304.596
2863	148.579	304.593
2864	148.636	304.592
2865	148.694	304.592
2866	148.751	304.59
2867	148.811	303.981
2868	148.868	303.979
2869	148.926	303.947
2870	148.984	303.213
2871	149.041	303.172
2873	149.192	303.115
2875	149.325	303.018
2876	149.388	303.017
2877	149.474	303.013
2878	149.541	303.007
2879	149.604	302.975
2880	149.661	302.939
2882	149.778	302.932
2883	149.836	302.887
2885	149.953	302.865
2886	150.013	302.732
2887	150.072	302.707
2888	150.129	302.67
2891	150.298	302.665
2892	150.356	302.623
2893	150.412	302.618
2894	150.47	302.476
2895	150.54	302.475
2896	150.602	302.347
2897	150.66	302.326
2899	150.774	302.317
2900	150.833	302.176
2901	150.892	302.176
2902	150.957	300.04
2904	151.072	300.038
2906	151.185	300.03
2907	151.242	299.542
2908	151.3	299.538
2911	151.47	299.538
2912	151.526	299.504
2915	151.702	299.443
2916	151.76	299.403
2918	151.877	299.263
2920	152.004	299.04
2921	152.062	298.04
2922	152.121	298.024
2923	152.183	298.017
2924	152.248	297.997
2927	152.43	297.79
2928	152.488	297.78
2929	152.547	297.737
2931	152.662	297.377
2932	152.722	297.369
2933	152.792	297.308
2935	152.917	297.015
2936	152.976	296.962
2937	153.032	296.721
2938	153.089	296.66
2939	153.147	296.097
2940	153.205	296.094
2942	153.327	296.094
2943	153.384	296.093
2944	153.442	296.022
2945	153.499	296.011
2946	153.555	295.644
2949	153.725	295.5
2950	153.783	295.309
2951	153.869	294.335
2952	153.969	294.317
2954	154.091	294.289
2955	154.15	294.226
2957	154.264	294.204
2958	154.321	290.21
2959	154.379	290.193
2960	154.436	290.191
2961	154.493	289.891
2962	154.554	289.797
2963	154.624	288.207
2968	155.06	288.206
2969	155.145	288.165
2971	155.263	288.118
2972	155.322	288.043
2973	155.379	288.037
2974	155.437	287.976
2975	155.493	287.975
2977	155.606	287.934
2979	155.736	287.86
2980	155.804	287.859
2982	155.958	287.85
2983	156.026	287.848
2986	156.233	286.827
2987	156.379	286.826
2989	156.507	286.825
2991	156.627	286.745
2992	156.687	286.717
2993	156.744	286.715
2996	156.919	286.714
2997	156.981	286.636
2998	157.043	286.635
2999	157.107	286.286
3000	157.187	286.286
3001	157.259	285.015
3002	157.326	285.006
3005	157.536	284.762
3006	157.598	284.755
3008	157.737	272.478
3009	157.8	272.45
3010	157.87	272.363
3013	158.053	272.331
3014	158.114	272.206
3016	158.24	271.982
3017	158.305	271.979
3018	158.365	271.904
3021	158.544	271.69
3022	158.605	271.687
3024	158.722	271.674
3025	158.793	271.455
3026	158.859	271.388
3027	158.926	271.384
3028	158.984	271.319
3029	159.042	271.297
3031	159.158	271.289
3032	159.216	271.285
3033	159.274	271.252
3035	159.391	271.035
3036	159.454	270.051
3037	159.519	269.874
3038	159.586	269.659
3039	159.654	269.654
3040	159.721	269.599
3042	159.842	269.597
3044	159.977	269.23
3046	160.117	269.221
3047	160.218	269.209
3048	160.362	269.191
3051	160.56	269.188
3052	160.62	269.184
3053	160.679	269.162
3055	160.803	269.154
3057	160.922	268.562
3059	161.037	268.482
3060	161.096	268.455
3061	161.157	268.454
3062	161.216	268.454
3063	161.275	268.407
3064	161.332	268.392
3065	161.389	268.267
3067	161.502	268.264
3068	161.56	268.263
3069	161.618	268.255
3070	161.691	268.127
3071	161.753	267.044
3072	161.813	266.924
3073	161.877	266.91
3074	161.95	266.887
3075	162.011	266.84
3076	162.074	265.98
3077	162.135	265.977
3078	162.221	265.966
3079	162.294	265.947
3081	162.44	265.947
3082	162.537	265.943
3083	162.615	265.819
3084	162.692	265.795
3085	162.768	265.749
3086	162.913	265.702
3087	163.059	265.468
3088	163.217	265.467
3089	163.363	265.465
3090	163.5	265.463
3091	163.586	265.414
3092	163.691	265.414
3093	163.798	265.408
3095	163.993	265.403
3096	164.055	265.401
3097	164.163	265.396
3098	164.3	265.394
3101	164.752	265.387
3103	165.072	265.381
3104	165.216	265.369
3105	165.353	265.367
3106	165.473	264.392
3107	165.575	264.195
3109	165.731	264.143
3110	165.837	264.035
3111	165.958	264.032
3112	166.063	264.03
3113	166.202	264.017
3114	166.323	263.973
3115	166.481	263.964
3116	166.611	263.954
3117	166.746	263.945
3118	166.898	263.938
3119	167.046	263.924
3120	167.194	263.919
3124	167.767	263.823
3125	167.914	263.663
3126	168.051	263.662
3127	168.201	263.66
3128	168.368	263.658
3129	168.49	263.654
3130	168.652	263.549
3131	168.813	263.476
3132	168.948	263.447
3133	169.096	263.408
3134	169.252	263.404
3136	169.537	262.112
3137	169.634	261.51
3138	169.736	261.452
3141	170.013	261.452
3142	170.099	261.45
3144	170.223	261.379
3145	170.285	261.37
3146	170.35	257.997
3147	170.444	257.992
3148	170.552	257.988
3149	170.617	257.971
3151	170.74	257.955
3154	170.923	257.887
3155	170.986	257.84
3156	171.098	257.796
3157	171.186	257.723
3158	171.302	257.72
3159	171.413	257.718
3161	171.586	257.684
3162	171.658	257.5
3163	171.738	257.498
3164	171.802	257.497
3165	171.87	257.49
3166	171.938	257.487
3167	172.003	257.433
3169	172.123	257.432
3173	172.436	257.432
3174	172.563	256.466
3175	172.698	256.46
3176	172.804	256.459
3177	172.875	256.458
3178	172.941	256.347
3180	173.093	256.333
3181	173.17	256.329
3183	173.386	256.329
3184	173.49	256.321
3185	173.56	256.315
3186	173.704	256.315
3189	173.907	256.312
3192	174.085	256.309
3194	174.227	256.308
3195	174.306	256.29
3199	174.576	256.274
3200	174.634	256.241
3202	174.752	256.228
3204	174.877	256.226
3205	174.945	256.225
3207	175.067	255.997
3208	175.135	255.997
3209	175.206	255.986
3210	175.276	251.079
3211	175.345	251.053
3213	175.488	251.012
3216	175.808	251.012
3217	175.898	251.006
3219	176.02	251.006
3220	176.113	250.997
3222	176.236	250.996
3224	176.355	250.908
3225	176.417	250.901
3226	176.477	250.764
3227	176.536	250.703
3231	176.812	250.697
3232	176.887	250.684
3233	176.947	250.673
3234	177.009	250.457
3235	177.086	250.443
3236	177.157	250.347
3237	177.215	250.331
3238	177.273	250.209
3239	177.332	250.205
3240	177.391	250.132
3241	177.451	250.129
3242	177.51	249.96
3244	177.637	249.957
3245	177.703	249.933
3246	177.768	249.88
3247	177.832	249.863
3248	177.892	249.862
3250	178.01	249.842
3251	178.071	249.84
3252	178.132	249.826
3253	178.192	249.826
3255	178.317	249.772
3256	178.385	249.723
3257	178.442	249.698
3258	178.503	249.374
3260	178.634	249.364
3261	178.697	247.333
3263	178.845	247.324
3264	178.934	247.32
3265	179.004	247.258
3268	179.262	247.257
3269	179.359	247.257
3271	179.586	247.24
3272	179.68	247.189
3273	179.826	247
3277	180.36	246.794
3278	180.479	246.771
3279	180.544	246.715
3282	180.874	246.71
3283	180.949	246.703
3287	181.276	246.674
3288	181.353	246.668
3289	181.43	246.615
3290	181.497	246.268
3291	181.565	246.159
3292	181.63	246.138
3294	181.768	246.109
3295	181.837	245.808
3296	181.909	245.755
3297	181.975	245.748
3298	182.044	245.248
3299	182.117	245.224
3302	182.346	245.133
3303	182.427	245.072
3305	182.589	245.062
3308	182.804	245.053
3309	182.879	245.041
3311	183.043	245.012
3312	183.15	244.947
3313	183.25	244.947
3314	183.324	244.877
3315	183.39	244.876
3317	183.523	244.832
3318	183.588	244.817
3319	183.656	244.797
3320	183.721	244.796
3322	183.848	244.791
3323	183.964	244.781
3325	184.16	244.674
3326	184.224	244.367
3327	184.286	244.365
3331	184.53	244.223
3332	184.618	244.202
3333	184.678	244.182
3336	184.851	244.181
3339	185.022	244.168
3341	185.137	243.14
3342	185.194	243.139
3343	185.256	243.139
3346	185.439	243.118
3348	185.555	242.362
3349	185.613	242.359
3350	185.67	242.318
3352	185.798	242.317
3356	186.053	242.188
3357	186.111	242.105
3358	186.17	242.079
3361	186.387	242.078
3365	186.66	241.888
3366	186.718	241.865
3367	186.78	241.862
3368	186.84	241.839
3369	186.902	241.826
3371	187.02	241.825
3372	187.08	241.824
3373	187.158	241.818
3375	187.277	241.796
3376	187.339	240.348
3377	187.397	240.269
3378	187.457	240.225
3379	187.517	240.219
3380	187.575	240.192
3383	187.766	240.191
3384	187.833	240.139
3386	187.955	240.134
3391	188.256	239.858
3393	188.457	239.854
3395	188.619	239.848
3397	188.738	239.588
3399	188.857	239.578
3400	188.915	239.555
3402	189.104	239.545
3403	189.171	239.503
3404	189.234	239.497
3405	189.292	239.411
3406	189.35	239.4
3407	189.408	239.353
3408	189.466	239.272
3409	189.525	239.262
3410	189.583	239.184
3411	189.643	239.068
3412	189.757	238.804
3413	189.833	238.799
3414	189.895	238.795
3415	189.955	238.595
3416	190.017	238.062
3417	190.079	238.06
3418	190.138	238.051
3419	190.201	238.039
3421	190.319	238.039
3422	190.382	238.038
3423	190.441	237.891
3424	190.498	237.876
3425	190.556	237.84
3426	190.634	237.789
3427	190.693	237.761
3429	190.813	237.761
3430	190.871	237.757
3431	190.932	237.666
3433	191.051	237.666
3434	191.11	237.665
3435	191.169	237.665
3437	191.286	237.663
3438	191.345	237.662
3440	191.465	237.658
3441	191.526	237.64
3442	191.585	237.624
3443	191.642	237.623
3445	191.762	237.623
3446	191.821	237.005
3447	191.88	236.825
3448	191.939	236.825
3449	191.997	236.755
3450	192.056	236.376
3451	192.119	236.373
3452	192.198	236.369
3453	192.258	236.362
3454	192.316	236.335
3455	192.381	236.333
3456	192.45	236.327
3457	192.532	236.326
3458	192.597	236.315
3459	192.667	236.299
3460	192.728	236.297
3461	192.789	236.296
3462	192.855	236.291
3463	192.935	236.288
3464	192.994	236.264
3465	193.055	236.149
3467	193.173	236.148
3468	193.231	236.146
3469	193.289	236.145
3470	193.347	236.094
3471	193.405	236.043
3472	193.464	236.033
3473	193.522	236.013
3474	193.581	236.011
3476	193.7	235.87
3477	193.76	235.75
3478	193.82	235.691
3479	193.878	235.691
3481	193.996	235.688
3482	194.056	235.686
3483	194.117	235.68
3484	194.184	235.633
3485	194.243	235.185
3487	194.364	235.183
3488	194.425	235.183
3490	194.542	235.125
3491	194.601	235.113
3492	194.661	235.108
3494	194.782	235.055
3496	194.909	235.042
3498	195.062	235.04
3500	195.204	235.04
3501	195.264	235.024
3502	195.323	234.987
3505	195.5	234.985
3506	195.56	234.984
3507	195.623	234.914
3508	195.684	234.913
3510	195.81	234.913
3513	196.013	234.913
3514	196.076	234.719
3515	196.135	234.703
3518	196.312	234.592
3520	196.452	234.591
3521	196.511	234.59
3522	196.57	234.577
3523	196.631	234.577
3529	196.985	234.576
3530	197.044	234.575
3531	197.103	234.57
3532	197.163	234.568
3534	197.287	234.568
3535	197.348	234.553
3536	197.412	234.549
3539	197.595	234.547
3540	197.655	234.544
3542	197.771	234.531
3543	197.83	234.53
3544	197.888	234.529
3547	198.063	234.177
3548	198.122	234.177
3549	198.182	234.152
3550	198.244	233.387
3553	198.441	233.363
3556	198.618	233.362
3557	198.677	233.359
3558	198.736	233.356
3560	198.852	233.318
3561	198.912	233.317
3564	199.088	233.251
3566	199.206	233.208
3567	199.265	233.199
3568	199.323	233.19
3569	199.381	233.19
3570	199.443	233.183
3571	199.503	233.182
3572	199.561	233.164
3573	199.622	233.164
3574	199.689	233.031
3575	199.748	233.022
3576	199.809	232.931
3577	199.87	232.925
3580	200.045	232.758
3581	200.104	232.753
3582	200.163	232.458
3583	200.222	232.457
3584	200.281	232.457
3586	200.399	232.358
3587	200.457	232.306
3590	200.641	232.255
3591	200.701	232.255
3592	200.762	232.058
3593	200.821	232.058
3595	200.939	232.018
3596	200.998	232.015
3597	201.057	232.015
3598	201.117	231.995
3600	201.236	231.938
3601	201.299	229.93
3604	201.481	229.925
3605	201.54	229.922
3607	201.657	229.774
3611	201.899	229.548
3612	201.957	229.524
3613	202.017	229.374
3617	202.28	229.274
3618	202.339	229.265
3619	202.4	229.259
3623	202.641	229.258
3625	202.761	229.198
3628	202.993	229.195
3629	203.055	229.144
3630	203.115	228.979
3631	203.175	228.935
3633	203.294	228.933
3634	203.353	228.91
3635	203.411	228.896
3637	203.526	228.894
3638	203.611	228.694
3639	203.68	228.679
3642	203.856	228.646
3643	203.914	228.498
3645	204.029	228.475
3649	204.27	228.469
3651	204.387	228.453
3652	204.45	228.448
3653	204.51	228.446
3654	204.57	228.365
3655	204.631	228.357
3658	204.806	228.335
3659	204.866	228.312
3660	204.924	228.311
3662	205.041	228.31
3663	205.1	228.283
3665	205.218	228.265
3666	205.278	228.019
3667	205.338	228.015
3668	205.397	228.014
3670	205.514	228.011
3671	205.574	227.999
3672	205.632	227.985
3676	205.869	227.985
3681	206.179	221.661
3683	206.296	221.659
3686	206.472	221.649
3688	206.594	220.198
3690	206.717	220.176
3692	206.837	220.166
3696	207.077	220.162
3698	207.195	220.137
3699	207.253	220.072
3700	207.312	220.065
3703	207.489	220.06
3705	207.61	219.961
3706	207.671	219.946
3707	207.737	219.944
3708	207.796	219.869
3711	207.972	219.866
3713	208.092	219.843
3716	208.266	218.787
3717	208.325	218.656
3718	208.384	218.603
3719	208.442	218.6
3720	208.5	218.567
3721	208.56	218.565
3723	208.678	218.561
3724	208.738	218.407
3726	208.855	218.403
3727	208.913	218.397
3729	209.027	218.397
3731	209.149	218.194
3740	209.696	218.187
3741	209.755	218.187
3742	209.813	218.156
3743	209.87	218.118
3744	209.927	218.113
3745	209.988	218.048
3746	210.046	218.045
3747	210.105	218.019
3748	210.176	218.018
3750	210.3	218.012
3751	210.361	218.007
3752	210.463	217.846
3753	210.547	217.84
3754	210.611	217.758
3755	210.673	217.703
3756	210.734	217.191
3757	210.793	217.189
3758	210.851	217.187
3761	211.025	217.172
3762	211.088	217.172
3764	211.217	217.141
3765	211.284	217.1
3767	211.409	217.075
3769	211.544	217.075
3770	211.603	217.008
3771	211.661	216.98
3772	211.72	216.98
3773	211.779	216.979
3774	211.836	216.977
3775	211.894	216.973
3777	212.008	216.965
3778	212.068	216.965
3779	212.126	216.96
3781	212.239	216.954
3782	212.297	216.949
3783	212.355	216.948
3784	212.412	216.897
3785	212.47	216.896
3786	212.528	216.406
3787	212.585	216.259
3788	212.643	216.258
3789	212.702	216.255
3790	212.759	215.736
3791	212.819	215.735
3792	212.876	215.734
3793	212.933	215.722
3795	213.046	215.628
3796	213.104	215.618
3797	213.219	215.608
3798	213.284	215.606
3799	213.342	215.598
3800	213.399	215.594
3801	213.456	215.548
3802	213.514	215.541
3803	213.572	215.54
3804	213.63	215.475
3805	213.688	215.427
3807	213.804	215.427
3808	213.863	215.422
3809	213.927	215.419
3810	213.993	215.378
3811	214.054	215.317
3812	214.116	215.231
3813	214.179	215.199
3814	214.238	215.197
3816	214.356	215.056
3817	214.414	215.003
3818	214.472	214.962
3819	214.531	214.962
3821	214.648	214.961
3823	214.765	214.96
3824	214.824	214.913
3825	214.881	214.899
3827	214.997	214.89
3830	215.172	214.476
3831	215.229	214.473
3832	215.288	214.467
3834	215.404	214.428
3835	215.462	214.427
3836	215.52	214.424
3837	215.579	214.407
3838	215.637	214.407
3839	215.695	214.407
3841	215.812	214.359
3842	215.871	214.324
3844	215.987	214.321
3845	216.045	214.321
3846	216.104	214.321
3847	216.162	214.254
3848	216.22	214.251
3849	216.28	214.25
3850	216.342	214.244
3853	216.539	214.244
3854	216.599	214.114
3855	216.659	214.1
3857	216.774	214.1
3858	216.833	214.064
3860	216.949	214.063
3861	217.007	214.061
3862	217.064	214.051
3864	217.179	214.05
3866	217.295	214.049
3869	217.47	214.044
3870	217.528	214.043
3871	217.586	214.036
3872	217.649	214.036
3875	217.852	214.008
3877	217.968	213.993
3878	218.025	213.993
3879	218.082	213.965
3880	218.14	213.94
3881	218.197	213.939
3882	218.255	213.931
3884	218.372	213.931
3885	218.43	213.93
3887	218.544	213.714
3889	218.662	213.698
3890	218.72	212.356
3891	218.787	212.329
3892	218.849	212.327
3893	218.909	212.181
3896	219.085	212.179
3897	219.143	212.179
3898	219.202	212.175
3900	219.319	212.172
3901	219.379	212.171
3902	219.436	212.169
3907	219.723	212.162
3912	220.013	212.129
3913	220.072	212.067
3914	220.13	212.006
3915	220.188	211.988
3916	220.246	211.919
3917	220.304	211.916
3918	220.362	211.849
3919	220.419	211.812
3920	220.477	211.771
3922	220.592	211.039
3923	220.649	211.039
3924	220.706	211.035
3926	220.822	210.999
3927	220.88	210.94
3928	220.938	210.936
3929	220.995	210.918
3932	221.172	210.849
3934	221.305	210.84
3935	221.374	210.811
3936	221.435	210.789
3937	221.494	210.786
3938	221.554	210.481
3940	221.67	210.455
3941	221.729	209.658
3942	221.788	209.63
3945	221.962	209.628
3947	222.085	209.564
3951	222.395	209.539
3952	222.465	209.526
3953	222.523	209.449
3954	222.583	209.437
3957	222.759	209.398
3958	222.818	209.381
3959	222.876	209.148
3962	223.051	209.144
3963	223.111	209.129
3964	223.172	209.128
3965	223.239	209.119
3968	223.423	209.118
3970	223.548	208.935
3973	223.743	208.913
3974	223.804	208.89
3975	223.862	208.888
3977	223.979	208.806
3978	224.038	208.656
3979	224.096	208.648
3982	224.279	208.517
3983	224.339	208.272
3984	224.397	208.246
3987	224.571	208.242
3988	224.631	208.225
3991	224.806	208.215
3994	224.985	208.113
3995	225.045	208.099
3998	225.31	208.095
3999	225.41	208.08
4000	225.47	208.074
4001	225.528	208.058
4003	225.692	208.041
4005	225.828	208.006
4007	225.947	207.998
4008	226.009	207.995
4011	226.19	207.995
4012	226.248	207.98
4013	226.308	207.979
4015	226.426	207.978
4016	226.484	207.978
4021	226.79	207.719
4022	226.851	207.718
4024	226.972	207.715
4026	227.091	207.707
4028	227.209	207.103
4029	227.266	207.1
4030	227.325	207.077
4037	227.871	207.069
4039	228.157	206.892
4043	228.4	206.874
4044	228.463	206.848
4045	228.524	206.554
4046	228.584	206.553
4049	228.768	206.545
4053	229.015	206.469
4056	229.199	203.906
4057	229.257	203.794
4058	229.318	203.767
4059	229.377	203.764
4064	229.668	203.623
4065	229.734	203.62
4069	229.989	203.62
4071	230.11	203.483
4077	230.457	203.471
4080	230.651	203.455
4082	230.796	203.435
4083	230.854	203.403
4084	230.922	203.4
4085	230.984	203.342
4086	231.055	203.309
4088	231.234	203.308
4089	231.319	203.292
4090	231.403	203.269
4091	231.496	203.267
4092	231.57	203.253
4093	231.631	203.242
4094	231.7	203.214
4095	231.843	203.174
4096	231.942	202.643
4097	232.022	202.643
4098	232.087	202.642
4099	232.149	202.621
4101	232.277	202.62
4103	232.404	202.479
4104	232.467	202.459
4105	232.524	202.402
4107	232.641	202.396
4109	232.757	202.395
4110	232.814	202.391
4111	232.873	202.302
4113	232.988	202.3
4114	233.047	202.299
4115	233.107	202.299
4116	233.167	202.294
4117	233.229	202.288
4118	233.318	202.288
4119	233.387	202.281
4120	233.464	202.187
4121	233.527	202.179
4122	233.586	202.177
4123	233.648	202.175
4124	233.71	202.163
4125	233.771	202.16
4126	233.832	202.145
4127	233.89	201.994
4129	234.011	201.992
4130	234.073	201.738
4132	234.204	201.737
4133	234.269	201.64
4134	234.332	201.627
4135	234.396	201.621
4136	234.457	201.619
4138	234.587	201.617
4139	234.658	201.614
4140	234.723	201.613
4141	234.792	201.274
4144	234.978	201.233
4145	235.037	201.187
4146	235.099	201.18
4149	235.31	201.167
4150	235.372	201.131
4151	235.439	201.103
4152	235.501	201.055
4153	235.565	201.034
4154	235.637	201.033
4156	235.773	200.935
4157	235.845	200.846
4158	235.958	200.825
4160	236.083	200.823
4164	236.494	200.764
4165	236.556	200.758
4167	236.685	200.756
4168	236.743	200.755
4170	236.858	200.729
4171	236.916	200.717
4176	237.216	200.71
4177	237.275	200.695
4178	237.334	200.694
4179	237.394	200.685
4181	237.509	200.671
4182	237.572	200.65
4183	237.63	200.633
4184	237.691	200.632
4185	237.752	200.63
4186	237.81	200.63
4187	237.878	200.276
4188	237.964	200.274
4189	238.078	200.274
4191	238.223	200.272
4194	238.431	200.265
4195	238.497	200.21
4197	238.635	200.209
4198	238.702	200.194
4200	238.824	200.179
4201	238.883	200.155
4202	238.945	200.143
4205	239.155	200.142
4206	239.222	200.142
4209	239.404	200.141
4210	239.466	200.14
4213	239.645	200.139
4215	239.78	200.126
4216	239.842	200.125
4217	239.906	200.12
4218	239.973	200.119
4219	240.037	200.114
4220	240.097	200.111
4222	240.287	200.109
4225	240.486	200.107
4227	240.631	199.999
4228	240.701	199.999
4229	240.763	199.982
4230	240.822	198.268
4233	240.997	198.239
4236	241.176	198.238
4238	241.311	198.233
4240	241.434	198.211
4244	241.678	198.198
4245	241.742	198.191
4246	241.811	198.169
4247	241.887	198.162
4248	241.948	198.159
4249	242.008	198.157
4251	242.132	198.127
4252	242.193	198.113
4253	242.254	198.095
4254	242.321	198.053
4255	242.389	198.037
4256	242.453	198.004
4257	242.516	198.002
4259	242.651	197.932
4260	242.714	197.898
4261	242.783	197.897
4264	242.991	197.896
4266	243.129	197.852
4267	243.191	197.825
4268	243.253	197.818
4269	243.314	197.807
4271	243.453	197.806
4274	243.646	197.786
4275	243.714	197.762
4276	243.777	197.737
4277	243.842	197.736
4278	243.909	197.723
4281	244.149	197.501
4282	244.212	197.49
4287	244.518	197.461
4288	244.578	197.458
4291	244.757	197.448
4293	244.879	197.397
4295	245.006	197.394
4297	245.138	197.385
4298	245.201	197.372
4299	245.292	197.364
4301	245.437	197.363
4303	245.573	197.339
4305	245.696	197.317
4306	245.757	197.308
4307	245.822	197.306
4308	245.885	197.306
4310	246.006	197.172
4314	246.246	197.165
4315	246.31	197.162
4316	246.37	197.124
4317	246.439	197.087
4318	246.578	197.067
4320	246.809	197.066
4321	246.876	197.06
4322	246.938	197.055
4323	247	196.801
4324	247.064	196.797
4325	247.129	196.795
4328	247.333	196.756
4331	247.554	196.726
4334	247.803	196.46
4335	247.924	196.443
4336	248.021	196.433
4339	248.243	196.399
4343	248.501	196.392
4347	248.785	196.388
4348	248.857	196.384
4349	248.925	196.383
4350	248.996	196.362
4351	249.064	196.354
4352	249.127	196.35
4361	249.7	195.332
4362	249.763	195.33
4363	249.831	195.327
4364	249.89	195.326
4366	250.023	195.239
4368	250.145	195.091
4369	250.212	195.086
4370	250.278	195.049
4373	250.48	195.04
4376	250.704	195.032
4377	250.761	195.014
4383	251.116	194.999
4385	251.234	194.834
4386	251.3	194.833
4391	251.607	194.825
4393	251.733	194.811
4394	251.804	194.805
4395	251.875	194.803
4396	251.941	194.102
4397	252.008	194.007
4398	252.069	193.983
4399	252.135	193.981
4400	252.203	193.971
4402	252.336	193.97
4404	252.45	193.845
4405	252.509	193.844
4406	252.57	193.844
4411	252.885	193.774
4412	252.958	193.773
4413	253.039	193.766
4414	253.105	193.761
4416	253.231	193.751
4418	253.356	193.749
4420	253.477	193.739
4421	253.542	193.738
4422	253.605	193.728
4423	253.671	193.702
4424	253.734	193.698
4425	253.803	193.665
4426	253.867	193.459
4430	254.122	193.448
4431	254.186	193.446
4432	254.252	193.419
4433	254.33	193.416
4434	254.402	193.401
4435	254.479	193.372
4436	254.549	192.906
4437	254.624	192.905
4438	254.696	192.904
4439	254.761	192.868
4441	254.879	192.867
4443	254.999	192.704
4444	255.056	192.693
4445	255.115	192.669
4446	255.174	192.668
4447	255.232	192.662
4448	255.293	192.662
4449	255.353	192.658
4450	255.412	192.655
4451	255.47	192.643
4452	255.569	192.641
4454	255.731	192.64
4456	255.877	192.558
4457	255.961	192.557
4458	256.036	192.556
4459	256.114	192.55
4460	256.242	192.533
4461	256.342	192.528
4462	256.441	192.524
4463	256.538	192.524
4465	256.668	192.523
4466	256.731	192.468
4467	256.798	192.388
4468	256.866	192.386
4469	256.934	192.385
4470	256.999	192.318
4471	257.064	192.317
4472	257.13	192.303
4473	257.197	192.296
4474	257.262	192.286
4475	257.332	192.285
4476	257.409	192.285
4477	257.473	192.257
4478	257.532	192.257
4480	257.659	192.252
4481	257.726	192.24
4483	257.858	192.24
4484	257.918	192.21
4485	257.975	192.17
4488	258.154	192.168
4489	258.213	192.163
4490	258.296	192.142
4491	258.378	192.11
4492	258.484	192.101
4493	258.557	192.084
4494	258.643	192.083
4496	258.815	191.962
4497	258.885	191.902
4498	258.952	191.884
4499	259.02	191.883
4500	259.118	191.883
4502	259.292	191.878
4503	259.397	191.878
4504	259.482	191.822
4505	259.571	191.797
4506	259.638	186.64
4507	259.701	186.635
4508	259.761	186.635
4510	259.888	186.545
4511	259.953	186.545
4514	260.157	186.539
4516	260.282	186.537
4517	260.344	186.535
4519	260.466	186.534
4521	260.588	186.53
4522	260.654	186.495
4523	260.715	186.485
4524	260.775	186.483
4525	260.835	186.482
4526	260.893	186.482
4527	260.951	186.331
4528	261.011	186.331
4529	261.072	186.331
4530	261.136	186.33
4531	261.206	186.328
4533	261.332	186.327
4534	261.394	186.313
4535	261.46	186.297
4537	261.588	186.296
4538	261.658	186.295
4540	261.787	186.29
4541	261.85	186.288
4542	261.922	186.275
4543	261.996	186.275
4546	262.266	186.275
4548	262.467	186.275
4549	262.563	186.26
4550	262.632	186.259
4552	262.794	186.258
4553	262.858	186.257
4555	263.001	186.168
4557	263.143	186.164
4558	263.203	186.163
4559	263.263	186.126
4561	263.386	186.113
4562	263.445	186.112
4564	263.566	186.111
4565	263.626	186.111
4567	263.744	185.987
4568	263.809	185.985
4569	263.871	185.98
4570	263.936	185.802
4572	264.061	185.799
4573	264.12	185.772
4574	264.186	185.769
4576	264.306	185.767
4577	264.365	185.766
4578	264.424	185.762
4580	264.542	185.759
4584	264.782	185.746
4585	264.842	185.739
4586	264.901	185.707
4587	264.963	185.702
4588	265.028	185.584
4589	265.088	185.582
4591	265.225	185.581
4593	265.352	185.572
4594	265.414	185.552
4595	265.473	185.547
4596	265.533	185.527
4599	265.754	185.468
4600	265.82	185.393
4602	265.942	184.318
4603	266.01	184.318
4604	266.154	184.314
4605	266.301	184.306
4606	266.453	184.207
4607	266.6	184.175
4609	266.861	184.168
4610	266.931	184.158
4615	267.286	184.144
4616	267.349	184.14
4617	267.428	184.139
4618	267.492	184.138
4619	267.552	184.123
4621	267.67	183.759
4622	267.731	183.74
4623	267.793	183.736
4624	267.855	183.734
4626	267.982	183.726
4627	268.047	183.711
4630	268.26	183.692
4631	268.327	183.687
4633	268.448	183.641
4635	268.575	183.62
4637	268.695	183.62
4638	268.758	183.606
4639	268.821	183.587
4641	268.944	183.586
4645	269.228	183.556
4646	269.293	183.552
4650	269.553	183.47
4654	269.813	183.465
4657	270.024	183.459
4658	270.093	183.449
4661	270.31	183.447
4663	270.461	183.34
4665	270.588	183.337
4667	270.708	183.328
4668	270.77	183.293
4671	270.955	183.281
4673	271.076	183.278
4674	271.14	183.268
4675	271.211	183.249
4679	271.488	183.24
4681	271.609	183.235
4683	271.743	183.228
4684	271.809	183.227
4686	271.935	183.182
4687	271.999	183.181
4689	272.134	183.18
4690	272.204	183.161
4691	272.274	183.147
4692	272.34	183.142
4693	272.417	183.132
4704	273.114	183.131
4705	273.178	183.102
4706	273.268	183.086
4708	273.393	183.047
4710	273.517	183.015
4712	273.649	183.001
4714	273.776	182.604
4716	273.906	182.592
4717	273.971	182.59
4718	274.037	182.586
4719	274.103	182.582
4721	274.233	182.581
4723	274.358	182.578
4724	274.422	182.566
4725	274.489	181.74
4729	274.741	181.702
4730	274.811	181.698
4733	275.008	181.693
4734	275.071	181.686
4735	275.135	181.677
4736	275.2	181.247
4737	275.271	181.098
4738	275.34	181.083
4739	275.41	181.074
4740	275.472	181.065
4742	275.596	181.064
4743	275.659	181.063
4744	275.723	180.944
4745	275.787	180.943
4746	275.85	180.942
4749	276.051	180.941
4751	276.205	180.931
4752	276.319	180.928
4754	276.457	180.92
4757	276.652	180.861
4760	276.863	180.857
4761	277.021	180.856
4762	277.174	180.846
4763	277.301	180.827
4764	277.361	180.825
4765	277.463	180.793
4766	277.613	180.666
4768	277.923	180.666
4769	277.989	180.666
4770	278.057	180.663
4771	278.12	180.662
4773	278.249	180.658
4774	278.309	180.64
4775	278.371	180.598
4776	278.435	180.382
4777	278.498	180.381
4778	278.557	180.363
4779	278.618	180.315
4781	278.748	180.314
4782	278.844	180.313
4783	278.912	180.135
4785	279.037	180.118
4786	279.105	180.115
4787	279.185	180.114
4788	279.249	180.114
4789	279.31	180.111
4790	279.371	180.11
4791	279.434	180.073
4792	279.502	180.073
4793	279.58	180.073
4796	279.768	180.07
4797	279.83	180.07
4798	279.895	180.069
4799	279.96	180.065
4800	280.022	180.054
4801	280.086	180.052
4802	280.149	180.051
4803	280.218	180.051
4806	280.42	180.025
4807	280.483	179.934
4810	280.682	179.889
4811	280.749	179.889
4813	280.884	179.875
4814	280.949	179.865
4815	281.01	179.864
4816	281.073	179.863
4817	281.136	179.85
4818	281.2	179.849
4820	281.322	179.847
4821	281.385	179.834
4824	281.712	179.825
4825	281.795	179.825
4826	281.868	179.818
4829	282.071	179.817
4831	282.196	179.797
4832	282.266	179.555
4833	282.329	179.533
4834	282.394	179.533
4836	282.542	179.492
4837	282.616	179.443
4838	282.696	179.428
4840	282.837	179.409
4843	283.203	179.408
4844	283.322	179.358
4845	283.398	179.116
4846	283.463	178.811
4847	283.527	178.809
4849	283.658	178.807
4850	283.773	178.78
4851	283.854	178.78
4852	283.927	178.78
4854	284.065	178.768
4856	284.209	178.76
4858	284.376	178.76
4862	284.66	178.745
4863	284.724	178.737
4864	284.782	178.737
4867	284.971	178.643
4869	285.095	178.64
4870	285.156	178.638
4871	285.217	178.636
4872	285.277	178.636
4874	285.408	178.618
4875	285.471	178.612
4877	285.595	178.611
4878	285.677	178.611
4880	285.824	178.61
4881	285.883	178.605
4882	285.944	178.601
4883	286.006	178.6
4885	286.126	178.598
4886	286.19	178.597
4887	286.25	178.596
4889	286.371	178.596
4890	286.432	178.596
4892	286.56	178.596
4895	286.805	178.58
4897	286.955	178.575
4899	287.089	178.572
4901	287.22	178.566
4902	287.28	178.563
4904	287.407	178.562
4905	287.466	178.561
4906	287.529	178.561
4907	287.589	178.431
4908	287.649	178.43
4909	287.709	178.427
4910	287.774	178.392
4911	287.832	178.391
4912	287.895	178.391
4913	287.958	178.377
4914	288.023	178.376
4916	288.147	178.376
4918	288.271	178.375
4920	288.397	178.367
4924	288.641	178.364
4925	288.708	178.361
4926	288.77	178.245
4927	288.837	178.236
4930	289.023	178.235
4931	289.082	178.231
4934	289.311	178.209
4937	289.536	178.205
4939	289.665	178.171
4940	289.726	178.149
4943	289.923	178.148
4944	289.985	178.145
4945	290.047	178.117
4946	290.111	178.11
4947	290.171	178.105
4949	290.308	178.105
4952	290.502	177.289
4955	290.694	177.274
4956	290.758	177.268
4957	290.818	177.263
4958	290.888	177.261
4960	291.021	177.258
4961	291.082	176.97
4967	291.49	176.947
4968	291.561	176.938
4970	291.712	176.931
4971	291.806	176.915
4972	291.887	176.91
4973	291.972	176.811
4978	292.315	176.802
4979	292.381	176.798
4981	292.506	176.798
4985	292.759	176.771
4986	292.826	176.757
4990	293.096	176.657
4993	293.289	176.656
4994	293.354	176.644
4997	293.549	176.64
5000	293.74	176.64
# FIN	293.74	176.64

