# target=instancias/bach.png T=340 iters=5000 K=32 seed=auto
iter	segundos	MSE
0	0.006055	16724.9
1	0.0341956	16722.6
2	0.0595882	16700.8
3	0.0922823	16669.1
4	0.117319	16634.6
5	0.142953	16599.9
6	0.168491	16535.1
7	0.192117	16484.6
8	0.2158	16428.3
9	0.240654	16391.3
10	0.266654	16372.8
11	0.297899	16336.1
12	0.324814	16331.9
13	0.349981	16288.6
14	0.375837	16248.1
15	0.400323	16229.5
16	0.424789	16209.7
17	0.449671	16101.9
18	0.473831	16063.7
19	0.498701	16010.5
20	0.525529	15988.6
21	0.551081	15955.1
22	0.577132	15922.5
23	0.607183	15914.4
24	0.6338	15887.2
25	0.665498	15873.7
26	0.691514	15800.4
27	0.716402	15781.2
28	0.741779	15781.1
29	0.768316	15697.3
30	0.794236	15645.6
31	0.822986	15645.4
32	0.848452	15613.5
33	0.873891	15610.9
34	0.902387	15500.4
35	0.928625	15445.5
36	0.954052	15438.4
37	0.979934	15414
38	1.00758	15409.3
39	1.0337	15407.8
40	1.06089	15341.6
41	1.08858	15316
42	1.11432	15256.7
43	1.15464	15255.7
44	1.18615	15209.7
45	1.21801	15172
46	1.24527	15168.4
47	1.27089	15152
48	1.29621	15151.4
49	1.33105	15144.5
50	1.3634	15081
51	1.39006	15066.7
52	1.41916	15018.6
53	1.4461	15011.7
54	1.47336	14996.2
56	1.53029	14988.2
57	1.55883	14980.8
58	1.58685	14965.5
59	1.61286	14957
60	1.64021	14946.4
61	1.66583	14860.8
62	1.69927	14773.9
63	1.72797	14773.7
64	1.75402	14708.9
65	1.77922	14619.9
66	1.80663	14608.8
67	1.83333	14533.6
68	1.86364	14533.1
69	1.8897	14530.6
70	1.92125	14407.3
71	1.95411	14407.2
72	1.9887	14387.1
73	2.01872	14295.2
74	2.04551	14152.1
75	2.07495	14005.1
76	2.10951	14002.7
77	2.1385	14000.4
78	2.1666	13977.6
79	2.20341	13916.1
80	2.23082	13874.4
81	2.2674	13871.7
82	2.2948	13866.6
83	2.3223	13861.2
84	2.35061	13713.1
85	2.37979	13529.6
86	2.40798	13529.2
87	2.43674	13483.5
88	2.46323	13457.3
89	2.49033	13454.7
90	2.52044	13446.3
91	2.5485	13390.9
92	2.57755	13365.8
93	2.60817	13326
94	2.63909	13240.4
95	2.6716	13214.1
96	2.69871	13193
97	2.73276	13169.3
98	2.7673	13142.4
99	2.80568	13120.9
100	2.83601	13056.9
101	2.86614	12972.8
102	2.89583	12926.4
103	2.92225	12915
104	2.94914	12901.8
105	2.97665	12820.9
106	3.00527	12802.3
107	3.0328	12758.3
108	3.06151	12716.6
109	3.08769	12716.6
110	3.11729	12710.3
111	3.14553	12690.5
112	3.17429	12658
113	3.2093	12657.8
114	3.23789	12648.4
115	3.26498	12630.7
116	3.29245	12614.7
117	3.31939	12576.8
118	3.34589	12571.9
119	3.37462	12493
120	3.40262	12455.1
121	3.42998	12438.4
122	3.45707	12438
123	3.48385	12408.7
124	3.51904	12407.8
125	3.5464	12383.2
126	3.57465	12375.7
127	3.60343	12344.6
128	3.63207	12307.4
129	3.6618	12276.4
130	3.69942	12266.1
131	3.7284	12257.1
132	3.75605	12167.7
133	3.79373	12113.2
134	3.86782	12087.1
135	3.9066	12083.5
136	3.93857	12083.4
137	3.97114	12079.4
138	3.99884	12014.8
139	4.03644	12010.7
140	4.07252	11953
141	4.10887	11944.6
142	4.14207	11943.9
143	4.17275	11943.1
144	4.20294	11943.1
145	4.2308	11908.6
146	4.25971	11822.4
147	4.29151	11820.4
148	4.3224	11806.9
149	4.35253	11781.3
150	4.38526	11766.6
151	4.42222	11757.7
152	4.45304	11754.5
153	4.48318	11713.6
154	4.51424	11690.8
155	4.55161	11651.1
156	4.58117	11606.3
157	4.61196	11577.2
158	4.6412	11575.7
159	4.67207	11574.4
160	4.70157	11574.1
161	4.73134	11534.6
162	4.7607	11519.2
163	4.79737	11413.3
164	4.8268	11391.2
165	4.85592	11391.2
166	4.88649	11390.7
167	4.92116	11383.1
168	4.95815	11382.4
169	4.98696	11382.1
170	5.02451	11333.7
171	5.05435	11333.6
172	5.08628	11299.7
173	5.11741	11246.8
174	5.14761	11245.8
175	5.18021	11223.9
176	5.20936	11206.6
177	5.23945	11206.3
178	5.2719	11197.6
179	5.30353	11186.1
180	5.33992	11114.3
181	5.36905	11049.1
182	5.40603	11041.9
183	5.43618	11023.3
184	5.46738	11022.4
185	5.49634	11021.6
186	5.52781	11016.9
187	5.55551	11005.4
188	5.58414	11003
189	5.614	10988.9
190	5.64506	10956
191	5.67404	10941.2
192	5.70413	10939.8
193	5.73535	10919.6
194	5.76535	10892.5
195	5.79648	10876.6
196	5.83613	10871.9
197	5.86385	10869.2
198	5.90015	10868.2
199	5.92955	10868.1
200	5.96002	10865.2
201	5.98966	10855.5
202	6.02055	10807.2
203	6.05205	10789.1
204	6.08175	10779.8
205	6.11149	10778.5
206	6.15526	10701.7
207	6.18425	10655.7
208	6.21441	10653.7
209	6.24578	10533.8
210	6.28831	10518.6
211	6.31777	10429.1
212	6.34765	10427.9
213	6.38998	10305.5
214	6.42672	10295.2
215	6.45786	10257.7
216	6.48694	10221.4
217	6.51925	10118.7
218	6.5521	10114.2
219	6.58352	10094.9
220	6.61475	10044
221	6.65059	10040.4
222	6.68328	10032.4
223	6.71273	10002.7
224	6.74378	9999.81
225	6.77546	9977.36
226	6.80881	9976.77
227	6.85223	9954.85
228	6.88638	9940.03
229	6.9168	9940.02
230	6.94617	9939.57
231	6.97831	9936.16
232	7.00763	9932.07
233	7.03906	9931.56
234	7.07116	9906.79
235	7.11054	9904.45
236	7.14182	9802.36
237	7.17255	9802.3
238	7.20352	9800.08
239	7.23409	9794.06
240	7.26398	9765.86
241	7.29547	9712.46
242	7.32878	9688.91
243	7.35766	9682.68
244	7.39194	9659
245	7.42582	9658.69
246	7.4545	9654.59
247	7.48858	9626.78
248	7.51933	9521.27
249	7.55199	9511.91
250	7.58334	9510.67
251	7.61812	9506.74
252	7.65303	9506.13
253	7.68496	9487.86
254	7.71653	9478.7
255	7.74784	9476.12
256	7.78945	9461.38
257	7.82084	9441.11
258	7.86034	9441.08
259	7.89841	9401.59
260	7.93005	9397.44
261	7.96025	9392.09
262	7.99157	9338.45
263	8.02041	9300.72
264	8.04962	9291.06
265	8.0807	9233.86
266	8.11852	9232.94
267	8.15275	9231.48
268	8.18574	9230.86
269	8.21579	9229.93
270	8.24518	9193.02
271	8.27669	9182.51
272	8.30798	9168.7
273	8.33832	9168.1
274	8.37417	9128.11
275	8.41294	9121.72
276	8.4431	9120.23
277	8.47618	9108.92
278	8.51629	9093.47
279	8.54572	9089.79
280	8.57751	9089.11
281	8.6114	9041.6
282	8.64231	9039.76
283	8.67733	8989.99
284	8.71462	8973.5
285	8.75102	8972.71
286	8.78389	8960.13
287	8.82804	8870.87
288	8.89474	8747.85
289	8.9342	8734.87
290	8.96483	8733.99
291	8.99604	8733.02
292	9.03102	8725.42
293	9.06334	8724.34
294	9.09462	8692.35
295	9.12622	8686.29
296	9.15903	8621.11
297	9.18957	8618.72
298	9.21994	8616.25
299	9.25	8604.67
300	9.28051	8529.69
301	9.3104	8525.76
302	9.34103	8521.51
303	9.38047	8451.85
304	9.41175	8430.17
305	9.44262	8415.35
306	9.47415	8409.82
307	9.51227	8390.76
308	9.54436	8339.81
309	9.57758	8329.14
310	9.60891	8295.01
311	9.64042	8234.38
312	9.67098	8233.13
313	9.70712	8228.37
314	9.74229	8224.05
315	9.77815	8187.18
316	9.81017	8177.93
317	9.84044	8177.92
318	9.8721	8129.57
319	9.90365	8126.04
320	9.94234	8077.06
321	9.97443	8073
322	10.0064	8049.72
323	10.0389	8045.57
324	10.0743	8045.43
325	10.1085	8034.18
326	10.1498	8029.51
327	10.1819	8028.1
328	10.2128	8028.08
329	10.2442	8023.26
330	10.2837	7927.11
331	10.3257	7890.98
332	10.3588	7851.4
333	10.3953	7851.3
334	10.4257	7819.81
335	10.4582	7789.84
336	10.4901	7785.44
337	10.5281	7785.38
338	10.5598	7773.82
339	10.5933	7684.03
340	10.6245	7673.72
341	10.6559	7673.09
342	10.6872	7670.93
343	10.7188	7667.05
344	10.75	7636.66
345	10.7807	7610.27
346	10.8127	7605.1
347	10.8448	7447.49
348	10.8781	7396.25
349	10.91	7396.18
350	10.9458	7392.81
351	10.9786	7391.64
352	11.0154	7388.97
353	11.0485	7373.57
354	11.0898	7361.89
355	11.1247	7295.16
356	11.1601	7285.3
357	11.1921	7279.22
358	11.2352	7261.25
359	11.2747	7206.18
360	11.3098	7189.58
361	11.3416	7179.61
362	11.3769	7175.43
363	11.4092	7161.74
364	11.44	7160.08
365	11.4717	7144.71
366	11.5042	7124.75
367	11.5364	7104.42
368	11.5692	7104.29
369	11.5999	7033.42
370	11.643	7011.29
371	11.6767	7011.27
372	11.7096	6975.18
373	11.742	6965.76
374	11.7729	6914.97
375	11.8039	6880.55
376	11.8368	6879.33
377	11.8688	6866.55
378	11.9048	6864.15
379	11.9381	6856.48
380	11.9712	6849.72
381	12.0023	6849.23
382	12.0352	6821.29
383	12.0684	6821.14
384	12.1032	6788.82
385	12.1398	6699.15
386	12.1715	6698.22
387	12.2083	6681.49
388	12.2405	6675.83
389	12.2725	6674.37
390	12.3172	6654.45
391	12.358	6650.97
392	12.3922	6610.61
393	12.4262	6610.23
394	12.4576	6609.92
395	12.4902	6609.53
396	12.523	6605.12
397	12.5602	6598.65
398	12.5933	6582.95
399	12.6269	6572.53
400	12.6604	6534.28
401	12.6935	6521.5
402	12.7261	6471.11
403	12.7593	6470.8
404	12.7924	6463.92
405	12.8256	6395.38
406	12.8631	6383.11
407	12.8959	6361.46
408	12.9398	6361.14
409	12.976	6360.73
410	13.0094	6350.76
411	13.0432	6349.4
412	13.0784	6323.42
413	13.1105	6299.51
414	13.1421	6205.97
415	13.1742	6158.79
416	13.2071	6158.62
417	13.2445	6157.25
418	13.2819	6149.01
419	13.3302	6148.41
420	13.4236	6141.66
421	13.4834	6141.16
422	13.5177	6140.98
423	13.5523	6140.84
424	13.585	6037.99
425	13.6204	5974.29
426	13.6532	5973.51
427	13.6861	5951.59
428	13.72	5930.8
430	13.7926	5926.76
431	13.8366	5883.55
432	13.8705	5868.57
433	13.9063	5843.33
434	13.9408	5833.79
435	13.9801	5831.79
436	14.0144	5829.08
437	14.0465	5810.36
438	14.0789	5783.88
439	14.1111	5771.13
440	14.1458	5767.16
441	14.1798	5761.7
442	14.2136	5760.85
443	14.2468	5741.12
444	14.2879	5740.61
445	14.3256	5700.78
446	14.3697	5700.33
447	14.4038	5683.66
448	14.4398	5666.53
449	14.4735	5666.49
450	14.5075	5656.33
451	14.5404	5641.75
452	14.5805	5631.61
453	14.6155	5630.64
454	14.65	5625.14
455	14.6842	5618.69
456	14.7254	5599.23
457	14.7602	5592.75
458	14.7991	5589.59
459	14.8335	5568.48
460	14.8671	5545.32
461	14.9019	5545.02
462	14.9389	5544.46
463	14.9799	5541.64
464	15.016	5541.63
465	15.0494	5540.69
466	15.0836	5539.07
467	15.1234	5521.96
468	15.1579	5507.88
469	15.191	5473.76
470	15.225	5471.02
471	15.2599	5470.47
472	15.2936	5445.43
473	15.3273	5354.58
474	15.3657	5352.44
475	15.4039	5352.34
476	15.4407	5352.03
477	15.4797	5348.86
478	15.5171	5347.54
479	15.5519	5345.35
480	15.5934	5306.97
481	15.6285	5302.96
482	15.6627	5297.2
483	15.6973	5296.83
484	15.7328	5296.7
485	15.7692	5296.39
486	15.8043	5291.04
487	15.8393	5289.42
488	15.8724	5285.47
489	15.9141	5268.86
490	15.9481	5266.88
491	15.9817	5264.36
492	16.0151	5264.11
493	16.0486	5259.28
494	16.0837	5238.89
495	16.1182	5206.61
496	16.1524	5190.98
497	16.1871	5182.51
498	16.2227	5182.07
499	16.257	5171.62
500	16.2929	5171.35
501	16.3285	5170.23
502	16.3662	5161.96
503	16.4013	5160.02
504	16.4361	5159.98
505	16.4701	5159.98
506	16.5044	5159.92
507	16.5407	5158.4
508	16.5758	5146.04
509	16.6106	5146.04
510	16.6457	5121.96
511	16.682	5120.14
512	16.717	5099.5
513	16.7617	5085.95
514	16.7974	5084.8
515	16.8319	5064.94
516	16.868	5056.43
517	16.9038	5056.32
518	16.9386	5052.95
519	16.9734	5048.35
520	17.0082	5024.87
521	17.0437	5024.47
522	17.0787	5021.17
523	17.1125	5020.5
524	17.1478	5020.44
525	17.1858	5019.51
526	17.2265	5018.78
527	17.2855	5011.1
528	17.3276	5003.69
529	17.3619	4998.52
530	17.3961	4997.26
531	17.4375	4993.61
532	17.4739	4991.09
533	17.51	4979.05
534	17.5553	4961.02
535	17.5908	4960.95
536	17.6263	4949.26
537	17.6634	4944.4
538	17.6999	4943.08
539	17.7363	4937.01
540	17.7713	4906.26
541	17.8065	4873.68
542	17.8429	4873.65
543	17.8767	4869.52
544	17.9153	4857.33
545	17.9514	4852.41
546	17.9871	4778.09
547	18.0218	4764.82
548	18.0568	4764.23
549	18.0934	4743.21
550	18.1316	4742.96
551	18.1676	4730.28
552	18.2068	4730.21
553	18.2432	4608.83
554	18.2809	4605.14
555	18.3188	4592.15
556	18.3549	4585.45
557	18.3932	4472.52
558	18.4296	4471.74
559	18.4702	4456.04
560	18.5065	4434.41
561	18.5557	4430.19
562	18.6171	4422.12
563	18.6643	4378.05
564	18.6987	4373.13
565	18.7357	4360.19
566	18.7722	4344.5
567	18.8071	4343.06
568	18.843	4317.58
569	18.8784	4317.57
570	18.9167	4317.4
571	18.9556	4317.03
572	18.991	4315.93
573	19.0333	4313.88
574	19.0693	4306.37
575	19.1082	4306.1
576	19.144	4296.2
577	19.1807	4295.26
578	19.2273	4295.17
579	19.2634	4282.76
580	19.3027	4274.43
581	19.3431	4269.2
582	19.3801	4268.52
584	19.4533	4260.58
585	19.5009	4260.41
586	19.5378	4260.17
587	19.5743	4256.83
588	19.6136	4236.82
589	19.6522	4236.59
590	19.6889	4236.05
591	19.7258	4234.24
592	19.7631	4234.23
593	19.8004	4232.13
594	19.838	4230.86
595	19.8771	4220.97
596	19.9166	4219.36
597	19.9545	4210.91
598	19.9995	4209.81
599	20.0451	4136.78
600	20.0842	4135.79
601	20.1205	4135.63
602	20.1559	4113.1
603	20.2195	4108.25
604	20.3024	4108.04
605	20.3415	4105.92
606	20.3771	4105.67
607	20.4202	4104.6
608	20.4582	4104.58
609	20.4973	4104.43
610	20.5491	4094.38
611	20.5894	4080.09
612	20.6271	4019.84
613	20.6647	4017.76
614	20.7023	4016.86
615	20.7565	4016.81
616	20.8015	4012.13
617	20.8466	4009.7
618	20.8913	4007.47
619	20.9296	4007.34
620	20.9662	4007.12
621	21.0016	3992.14
622	21.0376	3990.82
623	21.074	3968.66
624	21.1109	3968.07
625	21.1476	3953.79
626	21.1847	3951.61
627	21.2207	3918.67
628	21.2581	3852.45
629	21.3016	3846.74
630	21.3495	3845.92
631	21.3852	3845.73
632	21.4227	3838.4
633	21.4595	3837.41
634	21.4964	3791.81
635	21.5358	3791.1
636	21.5729	3790.73
637	21.6093	3789.41
638	21.6467	3789.16
639	21.6826	3753.1
640	21.7204	3742.02
641	21.7685	3732.22
642	21.8067	3731.97
643	21.8497	3719.22
644	21.8926	3691.25
645	21.9297	3685.07
646	21.9673	3680.91
647	22.004	3679.62
648	22.0418	3660.15
649	22.0835	3656.39
650	22.1227	3642.99
651	22.1593	3607.55
652	22.1968	3604.2
653	22.2362	3602.9
654	22.2802	3599.72
655	22.3185	3598.57
656	22.3564	3597.71
657	22.4	3597.7
658	22.4374	3584.39
659	22.4751	3583.6
660	22.5126	3566.66
661	22.5505	3565.19
662	22.5883	3564.2
663	22.6267	3563.19
664	22.6703	3562.84
665	22.7166	3558.56
666	22.7608	3557.2
667	22.7992	3551.87
668	22.8393	3551.87
669	22.8815	3551.19
670	22.9207	3508.8
671	22.958	3506.34
672	22.9957	3479.06
673	23.0331	3478.82
674	23.0701	3457.06
675	23.1073	3447.34
676	23.1462	3446.4
678	23.2224	3445.26
679	23.2592	3389.87
680	23.2991	3388.84
681	23.3375	3388.72
682	23.3754	3387.38
683	23.4194	3385.02
684	23.4582	3384.27
685	23.4968	3377.49
686	23.5345	3375.87
687	23.5815	3328.31
688	23.6205	3321.11
689	23.6591	3315.24
690	23.6988	3313.25
691	23.741	3312.31
692	23.7798	3311.62
693	23.8188	3290.43
694	23.8666	3288.34
695	23.9045	3275.06
696	23.942	3274.91
697	23.9797	3274.64
698	24.0222	3274.55
699	24.0628	3210.9
700	24.1056	3207.59
702	24.188	3206.84
703	24.2275	3206.24
704	24.2709	3206.21
705	24.3111	3199.39
706	24.3591	3184.86
707	24.4099	3177.3
708	24.4543	3177.13
709	24.4919	3152.44
710	24.5303	3151.39
712	24.6087	3146.16
713	24.6478	3145.16
714	24.6877	3116.77
715	24.7282	3111.18
716	24.7679	3110.57
717	24.8067	3110.44
718	24.8453	3110.34
719	24.8847	3100.16
720	24.9242	3089.08
721	24.9635	3088.74
722	25.0013	3087.48
723	25.0407	3087.46
724	25.0803	3084.79
725	25.1203	3058.15
726	25.1659	3057.57
727	25.2116	3054.07
728	25.2518	3052.45
729	25.291	3047.09
730	25.3337	3025.63
731	25.3735	3024.59
732	25.423	3021.78
733	25.4613	3019.75
734	25.5008	3018.94
735	25.5403	3018.92
736	25.5815	3018.51
737	25.6197	3018.14
738	25.659	3015.79
739	25.6974	3015.33
740	25.7377	3006.24
741	25.7775	2979.66
742	25.8158	2941.85
743	25.854	2941.8
744	25.8937	2936.51
745	25.9371	2901.76
746	25.9776	2885.15
747	26.0181	2884.68
748	26.0573	2882.8
749	26.1072	2882.76
750	26.154	2878.75
751	26.1944	2878.03
752	26.2335	2871.69
753	26.275	2870.02
754	26.3136	2848.99
755	26.353	2823.34
756	26.3922	2822.97
757	26.4309	2820.84
758	26.4826	2818.58
759	26.5236	2814.59
760	26.5642	2812.82
761	26.6033	2812.57
762	26.6434	2812.27
763	26.6836	2812.19
764	26.724	2766.7
765	26.7638	2738.01
766	26.8133	2737.79
767	26.8538	2736.78
768	26.9099	2723.57
769	26.9517	2723.46
770	26.9928	2719.57
771	27.0321	2713.58
772	27.0706	2713.5
773	27.1098	2699.98
774	27.1501	2696.23
775	27.1906	2692.94
776	27.2428	2689.41
777	27.2907	2686.83
778	27.3316	2684.62
779	27.3717	2684.26
780	27.4122	2683.61
781	27.4525	2681.82
782	27.4929	2680.87
783	27.5321	2680.24
784	27.5709	2680.15
785	27.6186	2646.17
786	27.6653	2646.04
787	27.7062	2643.68
788	27.747	2631.5
789	27.7861	2631.49
790	27.8257	2630.07
791	27.8649	2629.42
792	27.9045	2628.85
793	27.9439	2628.84
794	27.9847	2621.05
795	28.024	2620.93
796	28.0647	2620.5
797	28.1055	2618.11
798	28.1446	2617.68
799	28.184	2609.2
800	28.223	2605.66
801	28.2643	2604.77
802	28.3032	2604.63
803	28.3432	2603.59
804	28.4003	2603.3
805	28.479	2599.81
806	28.5312	2598.82
807	28.572	2598.14
808	28.6184	2597.05
809	28.6602	2582.27
810	28.7048	2580.57
811	28.7457	2580.5
812	28.7903	2578.33
813	28.8364	2563.08
814	28.8772	2562.22
815	28.917	2561.09
816	28.9565	2561.07
817	28.9961	2560.56
819	29.076	2560.42
820	29.1172	2545.25
821	29.2067	2545.13
822	29.2651	2529.27
823	29.3065	2527.61
824	29.3465	2527.53
825	29.3859	2527.17
826	29.4376	2522.77
827	29.4864	2522.48
828	29.5274	2518.33
829	29.5681	2513.45
830	29.6087	2507.46
831	29.6506	2505.18
832	29.6919	2505.08
833	29.7324	2503.94
834	29.7741	2497.52
835	29.8202	2475.67
836	29.8625	2475.47
838	29.95	2474.26
839	29.9963	2472.83
840	30.0456	2472.5
841	30.0869	2471.92
842	30.1285	2420.75
843	30.1734	2400.51
844	30.2225	2396.61
846	30.3057	2396.61
847	30.3562	2396.39
848	30.396	2384.7
849	30.4389	2384.51
850	30.4879	2380.18
851	30.5301	2377.76
852	30.5699	2375.55
853	30.617	2364.7
854	30.6641	2364.04
855	30.7051	2363.01
856	30.7461	2362.15
857	30.7898	2362.08
858	30.8471	2352.77
859	30.8897	2349.32
860	30.9415	2341.92
861	30.9827	2341.53
862	31.0252	2333.52
863	31.0674	2333.41
864	31.1087	2333.39
865	31.1578	2333.29
866	31.1995	2333.16
867	31.2417	2332.95
868	31.2911	2331.53
869	31.334	2329.48
870	31.3755	2329.19
871	31.4186	2328.95
872	31.4592	2328.26
873	31.502	2326.78
874	31.5441	2326.68
875	31.5863	2326.24
876	31.6288	2322.28
878	31.7108	2321.04
879	31.7534	2320.94
880	31.8033	2320.84
881	31.8446	2311.55
882	31.8851	2311.54
883	31.9254	2309.41
884	31.9658	2307.92
885	32.0061	2306.52
886	32.0479	2230.71
887	32.0907	2208.7
888	32.1337	2206.65
889	32.1765	2199.11
890	32.2185	2198.04
891	32.2655	2192.58
892	32.3066	2192.46
893	32.3766	2109.91
894	32.4274	2109.3
895	32.4876	2084.67
896	32.5296	2079.27
897	32.5716	2066.02
898	32.6158	2065.58
899	32.6592	2060.9
900	32.7026	2060.62
901	32.7454	2060.49
902	32.7874	2058.53
903	32.8298	2051.61
904	32.8719	2047.31
905	32.9157	2043.11
906	32.9872	2036.93
907	33.0832	2036.87
908	33.1369	2026.06
909	33.1808	2026.02
910	33.2231	2025.67
911	33.2671	2024.89
912	33.3149	2024.24
913	33.3571	2023.49
914	33.3988	2023.45
915	33.4409	2023.28
916	33.4844	2020.45
917	33.5257	2020.36
918	33.5736	2020
919	33.6148	2017.4
920	33.6574	2009.67
921	33.7073	2008.66
922	33.7506	2005.72
924	33.8341	2003.92
925	33.8897	2003.76
926	33.9342	2000.28
927	33.9768	1995.98
928	34.0209	1969.48
929	34.0649	1969.01
930	34.1095	1968.84
931	34.1519	1965.36
932	34.2053	1965.26
933	34.2505	1965.06
934	34.298	1965.03
935	34.3538	1961.68
936	34.4124	1961.57
937	34.4613	1961.4
938	34.5088	1961.26
939	34.5612	1960.9
940	34.6058	1960.65
941	34.6504	1960.1
942	34.701	1946.6
943	34.7433	1937.84
944	34.7856	1937.68
945	34.8318	1933.84
946	34.8776	1933.79
947	34.9208	1933.66
948	34.9654	1933.65
949	35.0126	1933.42
950	35.0571	1916.75
951	35.1011	1914.4
952	35.1615	1913.59
953	35.2232	1912.6
954	35.2799	1906.61
955	35.3271	1906.08
956	35.3728	1905.97
957	35.4188	1903.6
958	35.4625	1901.85
959	35.5073	1901.78
960	35.5535	1901.55
961	35.5989	1897.17
962	35.647	1896.82
963	35.691	1896.7
964	35.7362	1896.5
965	35.781	1892.07
966	35.8283	1890.76
967	35.8739	1879.61
968	35.9198	1844.56
969	35.968	1842.67
970	36.0117	1841.84
971	36.0564	1841.4
972	36.099	1826.25
973	36.146	1824.76
974	36.1982	1798.71
975	36.2531	1797.76
976	36.3011	1790.41
977	36.3533	1789.88
978	36.4035	1789.57
979	36.4521	1786.81
980	36.4976	1784.43
981	36.54	1781.24
982	36.5906	1781.12
983	36.6366	1774.18
984	36.687	1746.28
985	36.737	1746.22
986	36.7816	1745.74
987	36.8334	1745.54
988	36.8791	1738.86
989	36.9247	1737.5
990	36.968	1737
991	37.0118	1724.25
992	37.0559	1723.74
993	37.102	1723.09
994	37.1489	1723
995	37.1996	1721.13
996	37.2492	1721.11
997	37.2972	1721.1
998	37.3453	1720.23
999	37.3924	1720.17
1000	37.4395	1714.39
1001	37.4864	1713.93
1002	37.539	1708.11
1003	37.586	1707.76
1004	37.6358	1707.41
1005	37.6804	1706.56
1006	37.734	1706.31
1007	37.7805	1704.05
1008	37.8269	1704.04
1009	37.8723	1703.55
1010	37.9159	1682.48
1011	37.9608	1679.55
1012	38.0052	1673.14
1014	38.0921	1671.03
1015	38.1375	1670.27
1016	38.1829	1669.18
1017	38.2284	1669.17
1018	38.277	1668.91
1019	38.324	1636.49
1020	38.4138	1636.37
1021	38.4822	1635.85
1022	38.5276	1635.84
1023	38.5717	1635.7
1024	38.6183	1634.85
1025	38.6633	1630.24
1026	38.7096	1630.18
1027	38.7563	1628.66
1028	38.8004	1616
1029	38.8472	1615.46
1030	38.8995	1614.86
1031	38.9483	1614.84
1032	38.9972	1613.09
1033	39.0465	1597.33
1034	39.093	1594.86
1035	39.1507	1593.26
1036	39.1966	1591.22
1037	39.2459	1590.99
1038	39.2927	1590.98
1039	39.3359	1590.24
1040	39.3849	1588.71
1041	39.4319	1588.62
1042	39.4766	1587.95
1043	39.5225	1585.35
1044	39.5697	1584.99
1045	39.6198	1582.86
1046	39.6648	1580.3
1047	39.7226	1567.58
1048	39.7725	1567.47
1049	39.8172	1543.56
1050	39.8622	1543.22
1051	39.9072	1543.21
1052	39.9605	1542.7
1053	40.018	1542.54
1054	40.0709	1525.17
1055	40.1171	1524.59
1056	40.1689	1524.47
1057	40.2211	1517.86
1058	40.2699	1517.67
1059	40.3178	1517.55
1060	40.3703	1516
1061	40.4222	1515.87
1062	40.4709	1515.22
1063	40.5171	1515.01
1064	40.573	1514.82
1065	40.6274	1514.14
1066	40.6753	1514.09
1067	40.7223	1511.28
1068	40.7684	1511.19
1069	40.8206	1509.77
1070	40.8654	1507.88
1071	40.9103	1507.24
1072	40.958	1506.32
1073	41.0019	1505.98
1074	41.0504	1503.57
1075	41.0959	1503.45
1076	41.1409	1503.26
1077	41.1872	1502.84
1078	41.2386	1501.34
1079	41.2856	1500.37
1080	41.3312	1499.8
1081	41.38	1498.04
1082	41.427	1489.35
1083	41.4737	1489.2
1084	41.5202	1488.43
1085	41.5684	1446.97
1086	41.6204	1439.97
1087	41.7196	1439.94
1088	41.7888	1439.88
1089	41.8355	1439.2
1090	41.884	1438.93
1091	41.9375	1438.88
1092	41.994	1437.97
1093	42.0416	1434.86
1094	42.0884	1434.5
1095	42.1336	1432.66
1096	42.1802	1432.52
1097	42.2271	1429.27
1098	42.2742	1428.79
1099	42.3218	1427.26
1100	42.3699	1426.92
1101	42.4163	1426.74
1102	42.4632	1425.62
1103	42.5108	1425.54
1104	42.5613	1407.47
1105	42.6076	1402.68
1106	42.6573	1402.67
1107	42.7052	1402.64
1108	42.7525	1401.99
1109	42.8009	1401.89
1110	42.8487	1401.8
1111	42.8979	1399.1
1112	42.9424	1397.88
1113	42.9908	1392.41
1114	43.0412	1362.42
1115	43.0966	1362.28
1116	43.1484	1359.46
1117	43.1969	1343.04
1118	43.2441	1341.26
1119	43.2919	1340.98
1120	43.3391	1340.9
1121	43.3873	1339.65
1122	43.436	1339.65
1123	43.4949	1339.38
1124	43.5415	1339.31
1125	43.5884	1326.76
1126	43.6358	1326.2
1127	43.6818	1325.37
1129	43.7806	1324.95
1130	43.8302	1321.94
1131	43.8754	1321.82
1132	43.9238	1321.74
1133	43.9708	1321.67
1134	44.0283	1317.36
1135	44.0806	1316.71
1136	44.1333	1315.33
1137	44.1798	1314.89
1138	44.2301	1311.92
1139	44.2769	1311.9
1140	44.3259	1310.83
1141	44.3762	1310.65
1142	44.4239	1310.54
1143	44.4722	1310.3
1144	44.5192	1310.29
1145	44.5658	1310.04
1146	44.6189	1309.75
1147	44.669	1309.68
1148	44.7148	1309.17
1149	44.7705	1308.45
1150	44.8287	1307.81
1151	44.8764	1307.78
1152	44.924	1307.13
1153	44.9737	1298.25
1154	45.0249	1297.62
1155	45.0719	1297.36
1156	45.1228	1297.2
1157	45.1727	1297.19
1158	45.2228	1293.3
1159	45.2786	1293.18
1160	45.3287	1288.07
1161	45.3754	1288.05
1162	45.4241	1287.8
1163	45.474	1287.76
1164	45.5219	1287.52
1165	45.569	1287.24
1166	45.6163	1285.7
1167	45.6631	1285.65
1168	45.7228	1280.89
1169	45.7722	1280.51
1170	45.8285	1280.29
1171	45.8808	1270.2
1172	45.9398	1269.93
1173	45.9881	1269.91
1174	46.0349	1263.59
1175	46.0812	1262.72
1176	46.134	1261.89
1177	46.181	1259.7
1178	46.2317	1259.57
1179	46.2844	1258.2
1180	46.3368	1257.15
1181	46.3868	1255.59
1182	46.4353	1241.53
1183	46.4885	1239.12
1184	46.5406	1239.02
1186	46.693	1239.02
1187	46.7401	1238.96
1188	46.7874	1238.03
1189	46.8357	1238.03
1190	46.8884	1236.35
1191	46.9432	1235.78
1192	46.9918	1231.07
1193	47.0409	1224.19
1194	47.0888	1222.51
1195	47.14	1222.25
1196	47.194	1221.95
1197	47.2418	1221.89
1199	47.3358	1221.01
1200	47.383	1220.73
1201	47.4294	1220.6
1202	47.4785	1219.36
1203	47.5282	1219.08
1204	47.5741	1219.08
1205	47.6222	1218.85
1206	47.6714	1218.73
1207	47.7192	1218.43
1208	47.7691	1218.24
1209	47.8181	1217.64
1210	47.866	1217.62
1211	47.9187	1217.59
1212	47.9707	1217.12
1213	48.016	1210.49
1214	48.0698	1209.07
1215	48.1201	1208.93
1217	48.2183	1208.78
1218	48.2675	1208.13
1219	48.3249	1208.12
1220	48.3731	1208.1
1221	48.4244	1197.67
1222	48.473	1197.28
1223	48.5278	1196.94
1224	48.5763	1195.95
1225	48.6235	1195.74
1226	48.6717	1165.82
1227	48.7202	1163.17
1228	48.7764	1163.16
1229	48.8241	1155.17
1230	48.8777	1154.82
1231	48.9272	1154.35
1233	49.0187	1121.26
1235	49.1137	1119.91
1236	49.1652	1119.9
1237	49.2141	1117.18
1238	49.2699	1116.9
1239	49.3263	1109.87
1240	49.372	1109.77
1241	49.4178	1109.74
1242	49.465	1109.19
1243	49.5129	1108.66
1244	49.5673	1107.64
1245	49.6211	1097.71
1246	49.6696	1096.79
1247	49.7205	1096.79
1248	49.7683	1082.87
1249	49.8153	1082.87
1250	49.8694	1082.57
1251	49.919	1081.56
1252	49.9703	1081.29
1253	50.0194	1080.63
1254	50.0661	1078.18
1255	50.1221	1078.1
1256	50.1692	1076.66
1257	50.2224	1074.95
1258	50.2743	1074.94
1259	50.322	1074.58
1260	50.3715	1072.35
1261	50.4205	1071.99
1262	50.4706	1068.04
1263	50.5243	1066.47
1264	50.5776	1066.24
1265	50.6258	1066.16
1266	50.6873	1065.95
1267	50.7372	1063.19
1268	50.7852	1042.24
1269	50.8378	1042.07
1270	50.8902	1042.04
1271	50.9377	1041.67
1272	50.9869	1041.35
1273	51.0349	1041.31
1274	51.0839	1041.3
1275	51.133	1041.01
1276	51.186	1040.98
1277	51.2324	1039.78
1278	51.2812	1039.71
1279	51.3283	1039.58
1280	51.3778	1038.76
1281	51.4295	1034.71
1282	51.4814	1033.45
1283	51.5306	1025.67
1284	51.5824	1025.65
1285	51.63	1025.36
1286	51.6832	1025.34
1287	51.7296	1025.26
1288	51.7907	1025.14
1289	51.8415	1025.1
1290	51.8893	1025
1292	51.9851	1024.67
1293	52.0341	1024.66
1294	52.0807	1024.34
1295	52.1294	1024.31
1296	52.1768	1024.11
1297	52.2286	1023.62
1298	52.2827	1022.07
1299	52.3344	1021.96
1300	52.3909	1021.83
1301	52.4402	1016.09
1302	52.4919	1014.95
1303	52.5438	1014.09
1304	52.5947	1013.5
1305	52.6518	1012.47
1306	52.6998	1012.27
1307	52.7471	1011.31
1308	52.8009	1002.59
1309	52.8652	1001.46
1310	52.9136	1001.43
1311	52.9626	1001.35
1312	53.0139	998.309
1313	53.0638	998.23
1314	53.1139	971.437
1315	53.1648	969.379
1316	53.2203	969.33
1317	53.2712	969.311
1318	53.3225	968.782
1319	53.3704	968.616
1320	53.475	967.071
1321	53.5396	966.434
1322	53.5968	966.199
1323	53.6478	966.143
1324	53.6987	926.365
1326	53.8047	926.355
1327	53.8555	926.071
1328	53.9059	925.86
1329	53.9547	924.623
1330	54.0032	924.461
1331	54.058	922.853
1332	54.1058	922.562
1333	54.1555	922.471
1335	54.2531	918.851
1336	54.3114	918.636
1337	54.3633	918.634
1338	54.4183	918.392
1339	54.4679	917.269
1340	54.5183	913.927
1341	54.5687	913.173
1342	54.6176	912.978
1343	54.6658	912.958
1344	54.7142	912.942
1345	54.7671	912.582
1346	54.8199	912.561
1347	54.8689	912.507
1348	54.9192	912.507
1349	54.9768	912.457
1350	55.0356	902.244
1351	55.0868	901.001
1352	55.1396	900.562
1354	55.2455	900.375
1355	55.2947	899.568
1356	55.3441	899.518
1357	55.3945	899.518
1358	55.4448	899.071
1359	55.4944	885.622
1360	55.5439	885.231
1361	55.595	885.16
1362	55.6425	885.155
1364	55.7414	884.936
1365	55.7906	884.89
1366	55.8434	884.871
1367	55.8932	882.28
1368	55.9463	881.701
1369	56.0024	881.672
1370	56.0511	881.214
1371	56.0993	881.185
1372	56.1492	880.739
1373	56.213	872.537
1374	56.2657	871.104
1375	56.3251	870.491
1376	56.3745	869.952
1377	56.433	869.677
1378	56.4821	869.677
1379	56.5328	869.229
1380	56.5854	868.921
1382	56.69	867.908
1383	56.7408	866.022
1384	56.7925	865.933
1385	56.8497	864.115
1386	56.902	864.09
1387	56.9522	863.958
1388	57.0063	863.465
1389	57.0596	846.483
1390	57.1082	845.482
1391	57.1591	845.469
1392	57.2128	844.261
1393	57.2736	844.247
1394	57.3341	840.437
1395	57.3865	840.393
1396	57.4383	840.318
1398	57.5528	839.813
1399	57.6032	839.731
1400	57.6511	839.538
1401	57.7042	839.515
1402	57.7547	839.445
1403	57.8067	839.22
1404	57.8616	839.119
1405	57.9124	838.535
1406	57.9639	838.492
1407	58.0171	838.365
1408	58.0731	838.357
1409	58.1438	836.958
1410	58.1947	835.971
1411	58.2447	835.757
1412	58.2971	835.186
1413	58.3477	834.977
1414	58.4096	834.58
1415	58.4656	833.252
1416	58.5191	833.138
1417	58.5789	833.099
1418	58.6436	833.029
1419	58.6965	831.155
1420	58.7455	831.087
1421	58.8241	830.521
1422	58.9291	829.178
1423	59.0221	829.176
1424	59.12	829.064
1425	59.1755	824.316
1426	59.2464	823.956
1427	59.3559	823.837
1428	59.4878	823.738
1429	59.5857	823.102
1430	59.6579	822.425
1431	59.7162	822.424
1432	59.7692	822.356
1433	59.8239	820.479
1434	59.8877	820.369
1435	59.9498	820.351
1436	60.0546	820.083
1437	60.132	819.974
1438	60.2093	819.928
1439	60.2656	819.041
1440	60.3194	818.87
1441	60.3767	818.869
1443	60.499	818.737
1444	60.5542	816.276
1445	60.6054	814.658
1446	60.6546	814.587
1447	60.7241	814.531
1448	60.7764	814.479
1450	60.8827	814.423
1451	60.9348	813.751
1452	60.9959	813.747
1453	61.0455	813.194
1454	61.0962	812.743
1455	61.146	811.615
1456	61.1975	811.608
1457	61.2538	805.765
1458	61.3034	804.567
1459	61.3538	804.538
1460	61.4034	804.517
1461	61.4525	803.93
1462	61.5143	803.744
1463	61.569	803.71
1464	61.6283	803.689
1465	61.6788	796.503
1467	61.7942	796.444
1468	61.8481	795.062
1469	61.8994	794.961
1470	61.9507	794.698
1471	62.0125	794.695
1472	62.0616	794.68
1473	62.1114	794.655
1474	62.16	794.474
1475	62.2115	794.406
1476	62.2777	793.859
1477	62.3294	793.787
1478	62.3818	791.751
1479	62.4313	791.581
1480	62.4827	791.161
1481	62.5496	791.063
1482	62.6027	790.926
1483	62.6541	790.843
1484	62.7045	790.574
1485	62.766	790.102
1486	62.8418	789.969
1487	62.8919	789.943
1488	62.9448	789.22
1489	63.0053	788.957
1490	63.0661	788.852
1491	63.1199	788.832
1492	63.1717	788.624
1493	63.2283	788.565
1494	63.2919	787.928
1495	63.3448	787.902
1496	63.3984	787.896
1497	63.4579	787.887
1498	63.522	786.415
1499	63.5738	786.365
1500	63.6412	785.367
1501	63.6991	785.342
1502	63.7644	785.301
1503	63.8179	785.257
1504	63.8739	783.418
1505	63.9323	783.352
1506	64.0019	783.308
1508	64.1177	782.524
1509	64.1783	782.161
1510	64.24	782.125
1511	64.2972	781.885
1512	64.3508	781.79
1514	64.4644	781.341
1515	64.5395	781.02
1516	64.6004	780.554
1517	64.655	780.166
1518	64.7123	779.664
1519	64.7803	778.98
1520	64.8368	778.861
1521	64.8933	778.829
1522	64.9448	764.413
1523	65.0076	758.727
1524	65.0583	758.153
1525	65.1134	758.153
1526	65.1647	758.152
1527	65.2155	758.056
1528	65.2752	757.978
1529	65.3277	757.973
1531	65.4466	757.912
1532	65.4971	757.17
1533	65.5624	756.44
1534	65.6125	754.089
1535	65.664	754.027
1536	65.7262	753.814
1537	65.7901	753.779
1538	65.843	753.299
1540	65.9451	753.208
1541	65.9963	753.157
1542	66.0578	752.82
1543	66.1118	752.736
1544	66.1688	752.714
1545	66.231	749.239
1546	66.2981	748.994
1547	66.36	748.921
1548	66.4117	748.775
1549	66.4683	748.506
1550	66.5356	748.497
1551	66.5894	748.457
1552	66.6432	748.437
1553	66.6949	748.153
1554	66.744	747.227
1555	66.8104	747.021
1556	66.8607	746.828
1557	66.9165	746.701
1558	66.9676	746.652
1559	67.0187	746.643
1560	67.0808	746.539
1561	67.1335	739.551
1562	67.1877	739.323
1563	67.2386	739.255
1564	67.3051	738.046
1565	67.3558	737.97
1566	67.4085	700.825
1567	67.462	694.908
1568	67.5142	694.906
1569	67.5772	694.414
1570	67.6371	694.377
1571	67.6933	694.356
1572	67.7492	694.35
1573	67.8161	683.516
1574	67.8672	683.147
1575	67.9276	683.116
1577	68.0365	682.761
1578	68.095	682.587
1579	68.1449	680.545
1580	68.2025	680.469
1581	68.2552	680.454
1582	68.3076	680.295
1583	68.3753	679.101
1584	68.438	678.955
1585	68.4895	678.826
1586	68.5432	678.079
1588	68.6567	667.609
1589	68.7087	667.608
1590	68.7649	667.545
1591	68.8192	667.431
1592	68.8822	667.125
1593	68.9339	666.626
1594	68.9849	666.357
1595	69.0386	666.29
1596	69.1072	666.16
1597	69.165	666.155
1598	69.2199	666.133
1599	69.2712	665.901
1600	69.3292	665.396
1601	69.4314	665.161
1602	69.5187	664.617
1603	69.5831	663.916
1604	69.6425	663.879
1605	69.6936	663.734
1606	69.7449	663.566
1607	69.7959	660.547
1608	69.8478	646.723
1609	69.9089	646.675
1610	69.9666	646.612
1611	70.0237	646.209
1612	70.0784	645.766
1614	70.1876	645.704
1615	70.2403	645.687
1616	70.2985	645.409
1617	70.3552	645.386
1618	70.4073	645.375
1620	70.5184	645.364
1621	70.5749	645.357
1622	70.6287	642.338
1623	70.6832	641.932
1624	70.7406	641.819
1625	70.7992	640.635
1626	70.856	640.631
1627	70.9078	640.615
1628	70.9611	640.537
1629	71.0288	640.433
1630	71.0819	639.643
1631	71.138	639.479
1632	71.1901	638.933
1633	71.2453	638.899
1634	71.3073	638.505
1635	71.3598	638.48
1636	71.4203	638.341
1637	71.4766	637.626
1638	71.5271	637.616
1639	71.5803	637.614
1640	71.6323	637.497
1641	71.6936	634.206
1642	71.7459	634.107
1643	71.8108	634.09
1644	71.8638	633.753
1646	71.9666	633.752
1647	72.018	633.563
1648	72.0707	633.25
1649	72.1224	633.125
1650	72.1777	633.115
1651	72.228	633.113
1652	72.2812	632.888
1654	72.3846	626.497
1655	72.4362	626.118
1657	72.5536	626.106
1658	72.6048	626.004
1659	72.6661	625.02
1660	72.7176	621.256
1661	72.7795	621.097
1662	72.841	620.934
1664	72.9452	617.227
1665	73.0015	617.199
1666	73.0612	617.135
1667	73.1144	616.956
1668	73.1714	616.856
1669	73.2233	616.667
1670	73.2761	616.626
1671	73.3374	614.839
1672	73.3962	614.759
1673	73.4492	614.743
1674	73.5099	614.736
1675	73.5684	614.219
1676	73.629	614.202
1677	73.6833	614.194
1678	73.7432	614.101
1680	73.8542	607.88
1681	73.9086	607.847
1682	73.9688	607.728
1683	74.0317	607.726
1684	74.0855	607.697
1685	74.1442	607.634
1686	74.1976	607.633
1687	74.2498	607.619
1688	74.3027	607.618
1689	74.3538	607.611
1690	74.4061	601.958
1691	74.459	600.306
1692	74.5118	600.275
1693	74.5707	600.153
1694	74.6241	600.148
1695	74.6771	600.059
1696	74.7453	600.053
1697	74.801	600.053
1698	74.8569	599.886
1699	74.9145	594.845
1700	74.9725	594.843
1701	75.0287	594.812
1703	75.1468	594.782
1704	75.2021	594.714
1705	75.2595	593.276
1706	75.3165	593.265
1707	75.3703	593.153
1708	75.423	592.887
1709	75.479	592.837
1710	75.5327	592.735
1711	75.5841	592.733
1712	75.6396	592.579
1713	75.7286	591.7
1714	75.8091	590.197
1715	75.868	589.856
1716	75.9275	589.746
1717	75.987	589.215
1718	76.0639	589.205
1719	76.1287	589.115
1720	76.1847	589.088
1722	76.3223	588.364
1723	76.3781	588.165
1724	76.4316	588.132
1725	76.4876	588.08
1726	76.545	588.071
1727	76.6007	587.859
1728	76.6693	587.682
1729	76.7248	581.068
1730	76.7784	580.713
1732	76.8944	580.605
1733	76.9482	580.598
1734	77.0087	577.969
1735	77.0744	577.953
1736	77.1335	577.922
1738	77.2427	577.865
1739	77.2946	577.863
1740	77.3604	577.814
1741	77.4138	577.81
1742	77.4648	577.507
1743	77.5303	577.388
1744	77.5951	577.38
1745	77.6473	577.175
1746	77.7154	575.774
1747	77.7762	575.756
1748	77.8389	575.748
1749	77.9001	575.203
1750	77.9649	574.794
1751	78.0196	574.41
1752	78.0807	573.576
1753	78.1358	573.557
1754	78.1941	573.543
1755	78.2516	569.045
1756	78.3157	568.958
1757	78.382	568.935
1758	78.438	568.919
1759	78.4964	568.918
1760	78.5476	568.872
1761	78.6185	568.578
1762	78.6724	568.557
1763	78.73	568.556
1764	78.7992	568.518
1765	78.8644	567.212
1766	78.9204	566.281
1767	78.9747	566.148
1768	79.0269	566.131
1769	79.0911	565.175
1770	79.1442	564.828
1771	79.1997	564.827
1772	79.2534	564.815
1773	79.33	564.141
1774	79.3891	564.066
1775	79.4502	563.993
1776	79.5048	562.98
1777	79.5716	562.939
1778	79.6328	562.936
1779	79.6881	562.358
1780	79.7422	562.315
1781	79.7959	562.315
1782	79.867	562.31
1783	79.921	562.241
1784	79.9788	561.537
1785	80.0305	558.344
1786	80.0933	558.31
1787	80.1478	558.123
1788	80.2131	558.11
1789	80.3088	558.074
1790	80.3864	558.02
1791	80.4389	557.709
1792	80.4922	557.691
1793	80.5459	557.598
1794	80.6092	557.424
1795	80.6643	557.292
1796	80.7182	557.161
1797	80.7766	556.609
1798	80.8443	555.849
1799	80.8978	555.564
1800	80.9517	555.563
1801	81.0139	555.006
1802	81.0784	554.285
1803	81.1399	553.994
1804	81.1948	553.705
1805	81.2549	553.288
1806	81.3166	553.288
1807	81.3819	553.267
1809	81.4958	553.22
1810	81.56	552.836
1811	81.6332	552.824
1812	81.6885	552.819
1813	81.747	552.793
1814	81.8014	552.783
1815	81.8644	552.704
1816	81.9253	552.614
1817	81.9799	552.574
1818	82.0337	552.561
1819	82.0989	552.543
1820	82.158	551.64
1821	82.2122	551.531
1822	82.2654	551.366
1823	82.3185	551.344
1824	82.3852	551.26
1826	82.4932	551.256
1827	82.5519	551.253
1828	82.6143	550.611
1829	82.6684	550.596
1830	82.7236	550.366
1831	82.7764	550.289
1832	82.8365	550.257
1833	82.8901	550.25
1834	82.9527	550.071
1835	83.007	550.058
1836	83.0764	550.054
1837	83.1385	550.035
1838	83.1956	549.73
1839	83.2538	549.722
1840	83.32	549.354
1841	83.3873	549.34
1842	83.4429	549.336
1843	83.4949	549.332
1844	83.5495	549.195
1845	83.612	549.096
1846	83.6708	549.095
1847	83.7265	549.058
1848	83.7828	548.661
1849	83.8532	548.63
1850	83.9125	548.54
1851	83.9652	548.497
1852	84.0206	548.301
1853	84.0775	548.219
1854	84.1545	546.772
1855	84.2111	546.726
1856	84.2691	546.576
1857	84.3251	545.922
1858	84.3948	545.906
1859	84.4504	545.574
1860	84.5042	545.567
1861	84.56	545.459
1862	84.6207	528.299
1863	84.6743	527.661
1864	84.729	527.652
1866	84.8655	527.652
1867	84.9323	527.651
1868	84.9862	527.407
1869	85.0414	527.406
1870	85.1062	527.406
1871	85.1613	527.401
1872	85.2181	526.894
1873	85.2725	526.365
1874	85.3296	525.853
1875	85.3936	525.802
1876	85.4477	525.696
1877	85.5009	525.67
1878	85.5593	525.567
1880	85.6655	525.557
1881	85.7219	525.381
1882	85.7792	525.366
1884	85.9007	525.361
1887	86.068	523.743
1888	86.125	523.666
1889	86.1869	523.482
1890	86.2399	523.481
1891	86.3067	523.479
1893	86.429	523.46
1895	86.5365	523.406
1897	86.6441	523.379
1898	86.7018	523.367
1899	86.7613	523.364
1900	86.8223	523.356
1901	86.881	520.446
1902	86.9335	520.44
1903	86.9879	520.432
1904	87.046	520.173
1905	87.1033	520.158
1906	87.1602	492.704
1907	87.2169	487.121
1908	87.2804	487.118
1909	87.3342	486.985
1910	87.3904	486.947
1911	87.4466	486.933
1912	87.4989	486.93
1913	87.555	486.533
1914	87.6104	486.332
1915	87.6659	486.331
1917	87.7806	486.087
1918	87.8344	485.962
1919	87.8892	484.576
1921	87.9978	484.564
1922	88.0538	484.552
1923	88.1175	484.502
1924	88.1816	484.494
1925	88.2387	484.184
1926	88.2938	483.74
1927	88.3475	483.738
1928	88.4024	483.732
1929	88.4556	483.731
1930	88.5096	483.281
1931	88.5622	483.188
1932	88.6188	482.955
1933	88.6716	482.522
1934	88.7261	482.504
1935	88.7949	482.412
1938	88.9582	482.33
1939	89.013	481.449
1940	89.0781	481.437
1941	89.1304	481.393
1942	89.1981	480.808
1945	89.3628	480.762
1946	89.4261	480.646
1947	89.4808	478.535
1949	89.5919	478.527
1951	89.7056	478.441
1952	89.7594	478.392
1953	89.8221	478.365
1954	89.8754	478.36
1955	89.9302	478.35
1956	89.9853	478.345
1957	90.042	478.304
1959	90.1619	478.3
1961	90.2805	478.283
1962	90.3429	476.7
1963	90.4009	476.597
1964	90.4675	476.526
1965	90.5224	476.459
1966	90.5763	476.44
1967	90.632	476.438
1968	90.688	476.416
1970	90.8088	473.671
1972	90.9311	473.667
1974	91.0557	473.45
1975	91.116	473.441
1976	91.17	473.301
1977	91.243	473.082
1980	91.4174	473.012
1981	91.482	470.897
1982	91.5369	470.887
1983	91.5917	470.878
1984	91.6537	470.837
1986	91.7641	470.8
1987	91.8188	470.734
1988	91.8748	470.726
1989	91.9295	470.498
1990	91.9838	470.492
1991	92.0372	470.478
1992	92.0967	470.367
1994	92.2077	466.063
1995	92.2629	465.227
1997	92.3717	465.22
1998	92.4437	465.002
1999	92.5151	464.771
2000	92.6373	461.844
2001	92.693	461.806
2002	92.7481	461.676
2003	92.8218	461.662
2004	92.8742	442.673
2005	92.9285	442.667
2006	92.9881	442.665
2007	93.0535	442.551
2008	93.1126	442.436
2009	93.1678	441.854
2010	93.2224	441.75
2011	93.3386	441.743
2012	93.4047	441.697
2013	93.4648	441.691
2014	93.5233	441.69
2016	93.6355	441.593
2017	93.6907	441.581
2018	93.744	441.431
2019	93.8011	441.248
2020	93.8571	438.837
2021	93.9154	438.813
2022	93.9723	438.805
2023	94.0267	438.804
2024	94.0814	438.692
2025	94.1372	438.628
2026	94.1935	438.619
2028	94.3013	438.619
2029	94.3563	438.588
2030	94.4152	436.208
2031	94.4899	436.201
2032	94.5464	436.162
2033	94.6032	436.16
2035	94.7129	436.111
2036	94.7695	436.079
2037	94.8275	436.076
2038	94.8864	435.936
2039	94.9471	434.266
2040	95.0042	434.259
2041	95.0578	434.235
2043	95.1659	434.227
2044	95.2214	434.219
2045	95.2801	433.189
2046	95.3412	433.187
2048	95.4525	433.109
2049	95.5073	433.081
2050	95.5628	432.951
2051	95.6189	432.951
2052	95.6734	432.859
2053	95.7343	432.282
2054	95.8058	432.12
2055	95.86	432.118
2056	95.9217	432.098
2057	95.9858	432.095
2058	96.0466	432.095
2059	96.1074	432.083
2060	96.1645	432.079
2062	96.2855	431.921
2063	96.3411	431.552
2064	96.3953	431.541
2065	96.4541	431.514
2066	96.5269	431.512
2067	96.5829	431.501
2068	96.6389	431.297
2069	96.6926	428.328
2070	96.7476	428.233
2071	96.8014	428.222
2072	96.8565	428.218
2073	96.9116	428.217
2074	96.9726	428.144
2075	97.0323	428.143
2076	97.0893	428.133
2077	97.1467	426.981
2078	97.204	426.895
2079	97.2579	426.895
2082	97.4324	426.863
2083	97.4903	426.807
2084	97.545	426.786
2085	97.6027	426.247
2086	97.6612	426.244
2087	97.7159	426.242
2088	97.7711	426.224
2089	97.8269	426.003
2090	97.8876	426.002
2091	97.9433	425.866
2092	98.0043	425.67
2093	98.0582	425.491
2094	98.1127	425.486
2095	98.1675	425.35
2096	98.2419	425.337
2097	98.2975	425.334
2098	98.357	425.334
2099	98.4122	425.332
2100	98.4703	424.998
2101	98.5249	424.811
2102	98.5793	424.167
2103	98.6345	424.164
2104	98.6906	424.16
2105	98.7497	424.139
2106	98.8087	424.134
2107	98.9066	424.123
2108	98.9654	424.107
2109	99.0238	423.912
2110	99.0853	423.886
2111	99.1414	423.881
2112	99.205	423.877
2113	99.2695	423.423
2114	99.3284	423.176
2115	99.3863	423.173
2116	99.4465	422.986
2117	99.506	422.896
2118	99.5639	422.887
2119	99.6235	422.478
2120	99.6796	422.475
2121	99.7364	422.474
2122	99.7924	422.468
2123	99.8522	422.467
2125	99.9669	421.989
2126	100.029	421.968
2127	100.086	421.966
2128	100.142	421.962
2129	100.208	421.875
2130	100.295	421.817
2131	100.38	421.813
2132	100.444	421.795
2133	100.506	421.531
2134	100.567	421.525
2135	100.633	421.498
2136	100.698	421.358
2137	100.756	421.287
2138	100.813	421.252
2139	100.876	421.225
2140	100.935	421.13
2141	100.994	421.09
2142	101.053	421.089
2143	101.112	421.082
2144	101.167	421.006
2145	101.228	420.997
2146	101.292	420.997
2147	101.348	420.992
2149	101.461	420.935
2150	101.514	420.69
2151	101.57	420.67
2152	101.624	420.66
2153	101.679	420.652
2154	101.736	420.652
2155	101.794	420.595
2156	101.857	420.595
2157	101.913	420.592
2158	101.969	420.306
2159	102.025	420.304
2160	102.079	418.98
2161	102.136	418.923
2162	102.192	418.772
2163	102.259	418.771
2164	102.313	418.759
2165	102.37	418.759
2166	102.428	418.752
2167	102.485	418.739
2168	102.549	418.188
2169	102.611	418.183
2170	102.669	418.138
2171	102.731	418.089
2173	102.838	418.086
2174	102.894	417.4
2175	102.959	417.399
2176	103.016	417.397
2177	103.074	417.387
2178	103.133	417.077
2179	103.191	417.071
2180	103.247	416.742
2181	103.302	416.74
2182	103.358	416.736
2183	103.412	416.701
2184	103.468	416.642
2186	103.597	416.639
2187	103.759	416.513
2188	103.88	416.257
2189	104.02	416.235
2190	104.109	416.209
2191	104.193	416.201
2192	104.252	416.194
2193	104.315	416.118
2194	104.376	415.923
2195	104.449	415.906
2196	104.515	415.885
2197	104.577	415.127
2199	104.762	415.075
2200	104.862	415.066
2202	105.011	409.067
2203	105.079	408.842
2204	105.142	408.841
2205	105.201	408.84
2206	105.264	408.84
2207	105.33	408.835
2208	105.389	408.834
2209	105.456	408.834
2211	105.579	408.792
2212	105.64	407.707
2213	105.706	407.241
2214	105.78	407.036
2215	105.847	407.035
2216	105.906	406.992
2217	105.963	406.974
2218	106.027	406.55
2220	106.152	406.545
2221	106.224	406.529
2223	106.353	406.529
2224	106.421	406.526
2226	106.554	406.293
2227	106.621	406.245
2228	106.683	406.18
2229	106.754	406.143
2231	106.878	406.14
2232	106.94	406.135
2233	106.997	406.121
2234	107.055	405.959
2236	107.196	405.939
2237	107.265	405.929
2238	107.335	405.927
2239	107.396	405.925
2240	107.453	405.922
2241	107.516	404.216
2242	107.579	404.21
2244	107.693	404.144
2245	107.752	404.136
2246	107.817	349.095
2247	107.883	344.863
2248	107.944	344.861
2249	108.003	344.734
2250	108.063	344.728
2251	108.126	344.728
2252	108.183	344.724
2253	108.244	344.647
2254	108.315	344.521
2255	108.379	344.515
2257	108.513	343.969
2258	108.579	343.907
2259	108.647	343.786
2261	108.78	343.783
2262	108.846	343.766
2263	108.912	343.763
2264	108.977	343.76
2265	109.035	343.637
2266	109.094	343.277
2267	109.158	343.276
2268	109.217	343.256
2269	109.276	343.255
2270	109.343	343.121
2271	109.409	343.119
2272	109.466	343.003
2273	109.527	342.72
2274	109.59	342.697
2275	109.649	342.691
2277	109.785	342.69
2278	109.849	342.687
2279	109.915	342.671
2281	110.031	342.67
2282	110.093	342.512
2283	110.151	342.492
2284	110.216	342.485
2286	110.333	342.31
2287	110.393	341.24
2288	110.452	337.638
2289	110.511	337.635
2290	110.572	337.616
2291	110.637	337.493
2294	110.836	337.492
2295	110.901	337.487
2296	110.96	337.459
2298	111.084	337.458
2299	111.158	337.456
2301	111.282	337.447
2302	111.337	337.173
2303	111.398	337.165
2305	111.526	337.148
2307	111.65	337.125
2308	111.711	337.1
2309	111.781	337.075
2313	112.02	337.054
2314	112.087	335.692
2315	112.147	335.687
2316	112.224	335.619
2319	112.427	335.618
2320	112.489	335.596
2321	112.551	335.489
2322	112.611	335.486
2323	112.684	335.478
2324	112.759	335.464
2325	112.822	335.433
2326	112.884	335.43
2327	112.943	335.387
2330	113.14	335.381
2331	113.199	335.205
2332	113.266	335.14
2333	113.338	335.083
2334	113.397	334.767
2335	113.457	334.509
2337	113.573	334.497
2338	113.634	334.395
2339	113.694	334.289
2340	113.751	333.488
2341	113.82	333.48
2342	113.879	333.381
2344	114.001	330.202
2345	114.065	330.183
2346	114.131	330.183
2347	114.191	330.049
2348	114.248	330.007
2349	114.31	329.847
2350	114.369	329.796
2351	114.428	329.79
2352	114.488	329.776
2356	114.744	329.69
2359	114.928	328.605
2360	114.988	324.188
2361	115.1	324.151
2362	115.177	324.137
2363	115.241	324.133
2366	115.426	324.131
2367	115.488	323.46
2368	115.55	323.458
2369	115.609	323.445
2370	115.672	323.381
2373	115.863	323.379
2374	115.926	323.373
2376	116.048	323.354
2377	116.107	323.351
2378	116.165	323.298
2379	116.225	320.701
2380	116.287	320.692
2381	116.352	320.643
2383	116.473	320.639
2384	116.545	320.631
2385	116.609	320.596
2386	116.672	320.592
2387	116.737	320.578
2388	116.796	320.531
2389	116.858	320.53
2390	116.921	320.411
2391	116.983	320.409
2392	117.041	320.361
2393	117.108	319.874
2394	117.167	319.717
2395	117.234	319.711
2396	117.294	319.699
2397	117.37	319.689
2399	117.499	319.662
2400	117.564	319.66
2402	117.69	319.483
2403	117.759	319.318
2404	117.823	319.315
2405	117.886	319.312
2407	118.011	319.311
2408	118.069	319.183
2409	118.126	318.221
2410	118.193	318.201
2412	118.312	318.153
2413	118.373	318.142
2414	118.435	318.078
2415	118.498	318.077
2416	118.556	318.072
2418	118.675	318.047
2420	118.796	318.043
2421	118.865	318.043
2422	118.934	318.023
2423	118.995	317.865
2424	119.052	317.859
2425	119.119	317.808
2426	119.18	317.759
2427	119.24	317.754
2428	119.305	317.748
2429	119.363	317.159
2430	119.431	317.151
2431	119.502	315.98
2432	119.569	315.869
2433	119.636	315.792
2434	119.7	315.778
2435	119.761	315.527
2436	119.819	315.468
2437	119.879	315.467
2439	120.002	315.463
2441	120.125	315.45
2442	120.185	315.397
2443	120.245	315.396
2444	120.316	315.39
2445	120.383	315.376
2446	120.442	315.291
2447	120.501	315.289
2448	120.562	315.275
2449	120.618	313.106
2450	120.679	313.087
2451	120.737	313.085
2452	120.798	313.083
2453	120.861	312.528
2454	120.928	312.516
2455	120.987	312.512
2456	121.05	312.37
2458	121.186	312.369
2459	121.249	312.12
2460	121.304	312.12
2461	121.375	312.119
2462	121.435	312.09
2463	121.494	312.086
2464	121.555	312.083
2465	121.621	311.95
2467	121.751	311.95
2468	121.813	311.946
2469	121.88	311.864
2470	121.942	311.828
2471	122.001	311.828
2472	122.063	311.815
2473	122.12	311.625
2474	122.188	311.619
2475	122.254	311.548
2476	122.315	311.45
2478	122.449	311.414
2479	122.512	311.402
2481	122.644	311.381
2483	122.766	311.378
2484	122.828	311.375
2485	122.885	311.375
2486	122.946	311.374
2487	123.007	311.369
2489	123.127	311.322
2490	123.184	310.753
2491	123.245	310.724
2492	123.303	310.721
2493	123.362	310.713
2495	123.5	310.677
2497	123.621	310.66
2498	123.679	310.536
2500	123.802	309.498
2502	123.925	309.488
2504	124.058	309.402
2505	124.126	309.4
2506	124.181	309.394
2507	124.248	309.367
2508	124.308	308.878
2509	124.368	308.875
2511	124.495	308.838
2512	124.558	308.823
2513	124.62	308.822
2515	124.753	308.818
2517	124.881	308.817
2519	125.002	308.795
2520	125.068	308.144
2521	125.128	308.141
2522	125.196	308.14
2523	125.257	308.123
2524	125.326	308.123
2526	125.447	308.118
2527	125.528	308.101
2528	125.664	307.999
2529	125.734	307.976
2530	125.797	307.975
2531	125.864	307.972
2532	125.924	307.959
2533	126.005	307.896
2534	126.069	306.21
2535	126.149	306.061
2539	126.408	305.988
2540	126.465	305.985
2542	126.595	303.938
2543	126.657	303.789
2544	126.719	303.784
2545	126.778	303.783
2546	126.838	303.782
2547	126.904	303.78
2549	127.021	303.779
2552	127.23	303.246
2553	127.297	303.17
2554	127.371	302.958
2557	127.561	302.952
2558	127.628	302.58
2560	127.753	302.574
2562	127.883	302.573
2564	128.006	302.52
2566	128.13	302.283
2567	128.202	302.249
2568	128.265	302.14
2569	128.327	302.106
2571	128.455	302.104
2573	128.577	302.1
2574	128.637	302.099
2575	128.702	302.091
2576	128.785	302.07
2577	128.858	301.323
2579	128.978	301.321
2581	129.118	299.681
2582	129.179	299.679
2584	129.303	299.673
2585	129.365	299.672
2586	129.43	299.359
2587	129.488	298.969
2588	129.56	298.966
2589	129.626	298.961
2590	129.684	298.909
2591	129.747	298.9
2592	129.809	298.9
2593	129.868	298.897
2595	130.005	298.897
2597	130.144	298.832
2598	130.204	298.738
2599	130.268	298.726
2601	130.398	298.726
2605	130.671	298.614
2606	130.737	298.312
2607	130.802	298.31
2610	130.994	298.236
2611	131.057	298.108
2612	131.117	298.079
2613	131.176	297.801
2615	131.312	297.748
2617	131.519	297.729
2620	131.704	297.698
2621	131.77	297.693
2622	131.829	297.688
2623	131.899	297.655
2625	132.018	297.632
2626	132.105	297.55
2627	132.217	296.283
2628	132.292	295.806
2631	132.497	295.767
2632	132.558	295.704
2633	132.617	295.693
2634	132.683	295.689
2635	132.749	295.68
2638	132.965	295.671
2641	133.155	295.656
2642	133.211	295.271
2643	133.281	295.267
2644	133.352	295.248
2645	133.416	295.213
2647	133.542	295.208
2648	133.603	295.17
2652	133.849	295.169
2653	133.913	295.164
2654	133.973	295.151
2655	134.032	295.145
2656	134.1	295.099
2657	134.161	294.894
2658	134.223	294.888
2659	134.283	294.887
2660	134.348	294.878
2663	134.532	294.873
2664	134.596	294.865
2665	134.658	294.802
2667	134.802	294.715
2668	134.871	294.387
2669	134.932	294.367
2670	135.008	294.36
2671	135.068	294.077
2672	135.137	293.993
2674	135.261	293.914
2675	135.319	293.811
2678	135.52	293.754
2680	135.642	293.342
2682	135.768	293.248
2684	135.896	290.902
2686	136.016	290.866
2687	136.081	290.798
2688	136.141	290.794
2690	136.27	290.751
2693	136.445	290.749
2694	136.504	290.739
2696	136.623	290.719
2698	136.749	289.668
2699	136.809	289.54
2700	136.87	289.298
2701	136.935	289.295
2702	137.001	289.294
2703	137.061	289.29
2704	137.126	289.228
2705	137.187	289.217
2707	137.326	289.189
2708	137.394	289.187
2710	137.51	288.986
2711	137.568	288.973
2712	137.632	288.97
2714	137.768	288.969
2716	137.9	288.959
2717	137.962	288.957
2718	138.027	288.954
2719	138.097	288.91
2720	138.177	288.9
2721	138.247	288.867
2722	138.304	288.865
2723	138.367	288.857
2724	138.436	288.851
2725	138.497	288.835
2726	138.56	288.835
2727	138.62	288.721
2728	138.686	288.702
2729	138.752	288.699
2730	138.812	288.577
2731	138.881	288.575
2732	138.947	288.507
2733	139.003	287.984
2734	139.071	287.875
2735	139.132	287.87
2736	139.196	287.853
2737	139.26	287.841
2738	139.326	287.84
2739	139.39	287.827
2740	139.452	287.822
2741	139.525	287.545
2742	139.596	287.468
2743	139.659	287.105
2744	139.725	287.099
2745	139.786	287.09
2747	139.929	287.077
2749	140.052	284.948
2750	140.12	284.94
2752	140.257	284.799
2754	140.397	284.788
2755	140.458	284.788
2756	140.531	284.776
2758	140.658	284.766
2759	140.718	284.765
2760	140.783	284.763
2761	140.853	284.762
2762	140.922	284.756
2763	140.984	284.716
2764	141.059	284.713
2765	141.131	284.706
2766	141.197	284.49
2767	141.253	284.487
2768	141.319	284.483
2769	141.38	284.377
2770	141.446	284.365
2771	141.509	284.247
2772	141.578	284.143
2773	141.65	284.008
2774	141.743	284.007
2775	141.895	283.972
2776	141.958	283.969
2777	142.062	283.961
2779	142.217	283.959
2781	142.349	283.954
2782	142.408	283.945
2784	142.55	283.944
2785	142.615	283.939
2786	142.678	283.902
2787	142.744	283.89
2788	142.808	283.884
2789	142.866	283.715
2790	142.934	283.711
2791	143.014	283.711
2792	143.073	283.709
2793	143.132	283.356
2794	143.202	283.327
2796	143.319	283.201
2797	143.377	283.149
2798	143.454	283.148
2799	143.521	283.143
2803	143.787	283.134
2805	143.917	283.078
2806	143.993	283.054
2808	144.117	283.051
2809	144.18	282.936
2810	144.258	282.864
2811	144.319	282.863
2812	144.431	282.588
2813	144.515	282.573
2814	144.585	282.571
2815	144.647	282.554
2816	144.73	282.462
2817	144.818	282.355
2819	144.957	282.351
2821	145.084	282.346
2823	145.225	282.346
2824	145.293	282.343
2825	145.356	282.337
2826	145.421	282.336
2827	145.496	282.336
2829	145.628	282.287
2830	145.701	282.101
2831	145.782	282.092
2832	145.853	282.091
2833	145.985	282.089
2834	146.108	282.088
2835	146.185	282.066
2838	146.384	282.006
2839	146.447	282
2840	146.519	281.217
2841	146.581	281.181
2842	146.643	281.18
2843	146.716	281.175
2844	146.812	281.142
2846	146.941	281.14
2847	147.018	281.138
2848	147.083	280.667
2849	147.145	280.661
2851	147.282	280.641
2852	147.35	280.63
2853	147.409	280.629
2855	147.55	280.626
2856	147.621	280.625
2859	147.877	280.621
2860	147.949	280.473
2861	148.037	280.47
2862	148.103	280.467
2863	148.168	280.381
2866	148.384	280.379
2867	148.456	280.086
2868	148.529	279.997
2869	148.593	279.995
2870	148.654	279.986
2871	148.717	279.977
2872	148.802	279.97
2873	148.877	279.872
2874	148.945	279.817
2875	149.008	279.809
2877	149.153	279.773
2879	149.301	279.746
2881	149.434	279.746
2882	149.504	278.074
2885	149.708	278.073
2886	149.781	278.072
2887	149.853	278.069
2889	149.983	278.067
2892	150.183	277.121
2893	150.249	277.091
2895	150.386	277.079
2897	150.512	277.044
2898	150.599	277.012
2899	150.689	277.001
2900	150.799	276.999
2904	151.162	276.996
2905	151.235	276.963
2906	151.295	276.917
2907	151.359	276.888
2908	151.421	276.757
2909	151.494	276.749
2910	151.554	276.745
2911	151.619	276.736
2912	151.686	276.735
2915	151.901	276.729
2916	151.968	276.681
2917	152.035	276.483
2919	152.169	276.481
2921	152.307	275.533
2922	152.374	275.529
2923	152.433	275.529
2925	152.557	275.524
2926	152.62	275.495
2927	152.681	275.375
2928	152.752	275.375
2930	152.877	275.359
2933	153.087	275.354
2935	153.256	275.353
2937	153.386	274.815
2938	153.451	274.738
2939	153.518	274.486
2943	153.788	274.485
2945	153.917	274.12
2946	153.985	273.897
2947	154.047	273.893
2948	154.118	273.888
2949	154.187	273.887
2950	154.252	273.8
2951	154.317	273.767
2952	154.384	273.726
2953	154.458	273.525
2954	154.521	273.52
2955	154.581	273.505
2956	154.639	273.499
2957	154.703	273.489
2964	155.156	273.487
2966	155.283	273.442
2967	155.347	272.361
2968	155.408	272
2969	155.481	271.996
2970	155.546	271.87
2971	155.606	271.726
2972	155.665	271.442
2973	155.734	271.429
2974	155.805	271.427
2975	155.861	271.415
2977	155.975	271.406
2978	156.045	271.405
2981	156.221	271.403
2982	156.296	271.321
2984	156.413	271.222
2986	156.538	271.218
2987	156.597	271.214
2988	156.656	271.186
2989	156.715	271.139
2995	157.135	271.138
2996	157.197	271.102
2997	157.267	270.953
2999	157.401	270.949
3000	157.46	270.928
3001	157.534	270.837
3002	157.605	270.834
3003	157.669	270.833
3006	157.917	270.828
3008	158.049	270.814
3009	158.108	270.799
3010	158.169	270.794
3012	158.311	270.752
3014	158.43	270.729
3015	158.491	270.638
3018	158.729	270.603
3020	158.856	269.917
3021	158.918	269.793
3022	158.989	269.751
3024	159.217	267.68
3026	159.347	267.646
3027	159.426	267.637
3028	159.492	267.625
3030	159.613	267.555
3032	159.748	267.552
3033	159.832	267.54
3034	159.947	267.529
3036	160.074	267.524
3037	160.139	267.523
3039	160.262	267.379
3040	160.327	267.113
3041	160.393	267.071
3042	160.451	267.046
3043	160.513	267.042
3045	160.647	267.024
3046	160.718	267.02
3047	160.778	267.001
3048	160.842	267
3054	161.23	266.994
3056	161.349	266.977
3057	161.408	266.971
3058	161.478	266.952
3059	161.537	266.835
3060	161.6	266.805
3061	161.665	266.777
3063	161.788	266.772
3064	161.847	266.759
3065	161.91	266.743
3067	162.035	266.718
3068	162.096	266.71
3069	162.164	266.705
3070	162.223	266.607
3071	162.289	266.607
3072	162.349	266.577
3073	162.414	265.651
3075	162.536	265.648
3076	162.602	265.646
3078	162.734	265.645
3079	162.795	265.549
3080	162.857	265.535
3082	162.979	265.479
3083	163.047	265.18
3084	163.108	265.169
3085	163.175	264.83
3087	163.301	264.829
3089	163.443	264.483
3090	163.503	264.48
3091	163.564	264.471
3095	163.833	264.469
3096	163.902	264.467
3099	164.085	264.462
3101	164.208	264.461
3102	164.273	264.444
3103	164.337	264.337
3104	164.397	264.335
3105	164.456	264.318
3107	164.589	264.316
3108	164.649	264.314
3109	164.709	264.288
3110	164.773	264.287
3111	164.836	264.219
3112	164.9	264.008
3113	164.964	263.48
3114	165.024	263.475
3115	165.086	263.462
3117	165.212	263.461
3118	165.273	263.459
3119	165.342	263.458
3120	165.405	263.445
3121	165.468	263.441
3122	165.531	263.129
3125	165.716	263.124
3126	165.777	263.123
3127	165.837	263.121
3129	165.961	262.99
3130	166.028	262.98
3131	166.102	262.979
3133	166.25	262.736
3134	166.309	262.715
3136	166.446	262.657
3137	166.514	262.613
3138	166.574	262.609
3139	166.635	262.603
3141	166.764	262.602
3142	166.826	262.586
3143	166.887	262.585
3144	166.947	262.583
3145	167.013	262.566
3146	167.073	262.535
3147	167.137	262.533
3148	167.21	262.532
3149	167.27	262.511
3150	167.331	262.483
3151	167.395	262.483
3152	167.465	262.442
3153	167.531	262.433
3154	167.589	262.432
3155	167.652	262.431
3156	167.714	262.359
3161	168.029	262.351
3164	168.229	262.349
3165	168.295	262.346
3166	168.352	262.345
3169	168.542	262.317
3170	168.601	262.079
3171	168.67	261.92
3173	168.808	261.859
3174	168.877	261.857
3175	168.943	261.842
3177	169.073	261.842
3178	169.133	261.522
3179	169.202	261.518
3180	169.265	260.914
3181	169.332	260.89
3182	169.411	260.89
3184	169.546	260.868
3186	169.674	260.846
3188	169.806	260.472
3189	169.865	260.467
3190	169.938	260.467
3191	170.007	260.454
3193	170.128	260.454
3195	170.262	260.451
3197	170.388	260.441
3199	170.521	260.438
3201	170.671	260.436
3202	170.746	260.436
3203	170.811	260.431
3205	170.938	260.429
3206	171.011	260.422
3207	171.085	259.922
3208	171.15	259.859
3210	171.285	259.814
3212	171.403	259.811
3213	171.471	259.748
3214	171.533	259.583
3215	171.598	259.565
3217	171.726	259.53
3218	171.787	259.529
3219	171.849	259.444
3220	171.917	259.434
3222	172.039	259.26
3223	172.098	259.15
3224	172.163	259.149
3226	172.298	259.149
3227	172.371	259.145
3231	172.64	259.129
3232	172.701	259.072
3233	172.767	259.059
3234	172.835	259.01
3235	172.905	259.006
3237	173.027	258.994
3238	173.096	258.99
3240	173.237	258.988
3242	173.358	258.985
3244	173.498	258.985
3245	173.604	258.827
3246	173.712	258.824
3247	173.773	258.795
3248	173.837	258.687
3249	173.9	258.681
3251	174.024	258.68
3252	174.086	258.675
3256	174.341	258.671
3257	174.407	258.64
3259	174.531	258.639
3261	174.65	258.612
3262	174.717	258.608
3263	174.781	258.606
3265	174.91	258.582
3266	174.981	258.543
3267	175.04	258.315
3269	175.162	258.315
3270	175.229	258.311
3271	175.287	258.31
3272	175.352	258.31
3273	175.416	258.307
3275	175.543	258.307
3277	175.663	258.273
3278	175.728	258.255
3281	175.915	258.254
3283	176.037	258.253
3284	176.098	258.249
3285	176.16	258.053
3286	176.219	257.846
3287	176.282	257.846
3288	176.347	257.846
3290	176.466	257.792
3291	176.536	257.772
3293	176.668	257.605
3294	176.728	257.605
3295	176.795	257.591
3297	176.92	257.582
3304	177.363	257.576
3306	177.488	257.537
3307	177.557	256.738
3308	177.628	256.721
3309	177.689	256.72
3310	177.75	256.703
3311	177.812	256.574
3312	177.879	256.457
3313	177.941	256.394
3314	178.001	256.393
3315	178.063	256.368
3318	178.278	256.367
3321	178.473	256.365
3322	178.539	256.342
3324	178.668	256.106
3325	178.732	256.02
3328	178.922	255.939
3333	179.259	255.938
3335	179.381	255.932
3336	179.448	255.915
3337	179.514	255.33
3339	179.635	255.32
3340	179.706	255.179
3341	179.77	255.141
3343	179.888	255.141
3347	180.158	255.129
3349	180.286	255.124
3352	180.475	255.123
3354	180.61	255.101
3355	180.67	255.057
3358	180.862	255.04
3360	180.999	254.638
3362	181.139	254.605
3364	181.287	252.774
3366	181.413	252.755
3367	181.479	252.748
3369	181.6	252.718
3372	181.798	252.718
3377	182.149	252.717
3379	182.29	252.643
3380	182.351	251.884
3382	182.485	251.88
3383	182.549	251.88
3386	182.737	251.879
3392	183.117	251.878
3394	183.245	251.874
3395	183.304	251.854
3396	183.371	251.832
3397	183.43	251.829
3398	183.503	251.821
3399	183.574	251.189
3401	183.695	251.165
3403	183.824	251.162
3404	183.885	251.159
3405	183.945	251.138
3406	184.014	251.136
3407	184.082	251.116
3409	184.208	251.114
3410	184.273	251.062
3411	184.338	251.062
3412	184.399	251.048
3413	184.474	250.887
3415	184.601	250.884
3416	184.661	250.882
3417	184.734	250.879
3418	184.791	250.879
3419	184.863	250.873
3420	184.924	250.871
3422	185.044	250.816
3423	185.106	250.558
3424	185.173	250.552
3425	185.234	250.55
3427	185.374	250.549
3428	185.433	250.541
3429	185.494	250.217
3430	185.555	250.096
3431	185.626	250.088
3432	185.687	249.705
3433	185.752	249.7
3434	185.827	249.595
3435	185.887	249.593
3436	185.95	249.582
3438	186.071	249.579
3439	186.134	249.576
3440	186.191	249.574
3441	186.255	249.573
3442	186.323	249.553
3443	186.387	249.516
3444	186.448	249.463
3445	186.516	249.458
3447	186.649	249.455
3448	186.717	249.454
3450	186.85	249.45
3451	186.915	249.386
3452	186.972	249.354
3453	187.033	249.346
3454	187.105	249.343
3455	187.166	249.311
3456	187.224	249.307
3458	187.365	249.304
3459	187.43	249.304
3461	187.55	249.3
3462	187.614	249.13
3463	187.674	249.129
3465	187.805	249.125
3467	187.93	249.125
3470	188.124	249.124
3471	188.188	249.123
3472	188.25	249.122
3473	188.312	248.931
3474	188.37	248.916
3479	188.687	248.913
3480	188.76	248.913
3481	188.821	248.913
3482	188.889	248.872
3483	188.952	248.859
3486	189.143	248.827
3488	189.274	248.827
3489	189.347	248.81
3490	189.406	248.789
3491	189.47	248.786
3492	189.533	248.781
3493	189.591	248.778
3494	189.651	248.775
3496	189.773	248.713
3497	189.844	248.673
3498	189.913	248.668
3500	190.048	248.668
3501	190.11	248.659
3504	190.32	248.658
3505	190.38	248.657
3507	190.516	248.657
3509	190.639	248.624
3510	190.713	248.455
3511	190.773	248.455
3513	190.907	248.352
3514	190.963	248.352
3515	191.023	248.345
3517	191.152	248.337
3518	191.217	248.259
3519	191.283	248.256
3520	191.348	247.711
3521	191.415	247.705
3522	191.478	247.687
3524	191.61	247.672
3526	191.732	247.67
3528	191.861	247.368
3529	191.928	247.368
3531	192.057	247.332
3533	192.187	247.331
3535	192.306	247.331
3537	192.439	247.326
3538	192.502	247.324
3539	192.56	247.322
3541	192.687	247.32
3544	192.869	247.304
3545	192.928	247.196
3546	192.991	247.189
3548	193.11	247.157
3549	193.176	247.143
3550	193.237	247.142
3552	193.377	247.138
3553	193.437	247.085
3554	193.503	247.042
3555	193.563	247.041
3559	193.812	247.033
3562	193.995	246.319
3564	194.116	246.304
3565	194.178	246.303
3566	194.245	246.303
3567	194.311	246.301
3572	194.626	246.287
3573	194.684	246.282
3575	194.818	246.279
3577	194.952	246.277
3578	195.017	246.26
3579	195.078	246.252
3580	195.138	246.248
3583	195.32	246.243
3584	195.382	246.24
3586	195.518	246.239
3587	195.579	246.215
3588	195.647	246.145
3589	195.727	246.142
3590	195.795	246.063
3591	195.863	246.061
3592	195.92	246.06
3597	196.252	245.66
3599	196.374	245.659
3602	196.557	245.652
3605	196.746	245.646
3606	196.812	245.641
3610	197.088	245.634
3612	197.216	245.634
3615	197.421	245.633
3616	197.484	245.615
3618	197.61	245.608
3623	197.938	245.606
3625	198.075	245.502
3626	198.135	245.312
3627	198.198	245.312
3628	198.268	245.31
3629	198.336	245.31
3630	198.404	245.255
3632	198.541	245.153
3633	198.608	245.004
3635	198.74	244.988
3638	198.927	244.986
3639	198.991	244.981
3642	199.184	244.976
3646	199.445	244.938
3647	199.517	244.267
3648	199.58	244.161
3649	199.646	244.155
3650	199.709	244.152
3651	199.772	244.078
3652	199.841	244.012
3653	199.907	243.99
3654	199.97	243.99
3655	200.031	243.975
3657	200.161	243.971
3661	200.437	243.969
3662	200.511	243.964
3664	200.639	243.949
3666	200.768	243.917
3668	200.891	243.909
3669	200.958	243.872
3671	201.085	243.421
3675	201.354	243.421
3676	201.416	243.369
3678	201.544	243.353
3679	201.615	243.349
3680	201.678	243.305
3681	201.741	243.283
3683	201.868	243.282
3686	202.154	243.281
3687	202.217	243.269
3689	202.343	243.265
3691	202.473	243.264
3692	202.537	243.26
3695	202.734	243.202
3698	202.946	243.157
3700	203.076	242.808
3702	203.21	242.788
3704	203.34	241.182
3707	203.538	241.175
3708	203.601	241.17
3709	203.665	241.151
3710	203.737	240.927
3714	203.998	240.919
3715	204.056	240.732
3717	204.187	240.73
3719	204.306	240.656
3720	204.373	240.533
3722	204.506	240.525
3724	204.635	240.404
3725	204.706	240.399
3728	204.902	240.398
3736	205.417	240.372
3737	205.485	240.37
3739	205.621	239.541
3740	205.683	239.533
3741	205.751	239.517
3743	205.884	239.516
3744	205.945	239.513
3745	206.008	239.494
3747	206.136	239.477
3749	206.259	239.474
3750	206.322	239.402
3751	206.382	239.402
3752	206.447	239.373
3753	206.505	239.055
3755	206.635	239.054
3756	206.703	239.051
3758	206.839	239.051
3760	206.972	239.044
3762	207.094	239.018
3763	207.155	238.743
3764	207.227	238.725
3765	207.288	238.711
3766	207.351	238.71
3767	207.419	238.71
3768	207.488	238.709
3769	207.549	238.437
3773	207.811	238.427
3774	207.87	238.382
3775	207.939	238.381
3776	207.998	238.377
3778	208.131	238.333
3779	208.197	238.329
3781	208.322	238.328
3782	208.384	238.323
3783	208.451	238.304
3784	208.517	238.298
3785	208.59	238.221
3787	208.726	238.22
3789	208.857	238.209
3790	208.925	238.206
3791	208.996	238.169
3792	209.068	238.157
3793	209.139	238.145
3794	209.2	238.142
3795	209.262	238.137
3796	209.323	238.005
3797	209.387	238.004
3798	209.447	238
3801	209.641	237.967
3802	209.712	237.897
3803	209.776	237.896
3804	209.847	237.892
3805	209.909	237.891
3806	209.985	237.89
3808	210.111	237.889
3809	210.174	237.844
3810	210.234	237.826
3811	210.297	237.825
3813	210.426	237.672
3814	210.488	237.666
3817	210.679	237.59
3818	210.755	237.586
3819	210.827	237.586
3823	211.083	237.585
3826	211.278	237.572
3829	211.479	237.558
3830	211.548	237.517
3831	211.622	237.517
3832	211.686	237.491
3833	211.748	237.483
3834	211.813	237.482
3835	211.91	237.474
3836	211.973	237.415
3837	212.032	237.392
3839	212.169	237.389
3841	212.302	237.386
3842	212.367	237.35
3844	212.492	237.348
3846	212.617	237.348
3849	212.818	237.316
3850	212.887	237.188
3852	213.007	237.188
3853	213.08	237.111
3858	213.393	237.026
3859	213.454	237.019
3860	213.519	236.643
3864	213.77	236.626
3865	213.832	236.625
3867	213.955	236.581
3868	214.019	236.305
3869	214.078	236.304
3870	214.14	236.304
3871	214.208	236.29
3875	214.474	236.284
3879	214.725	236.283
3881	214.854	236.281
3883	214.979	236.281
3884	215.051	236.271
3886	215.18	236.246
3890	215.451	236.243
3891	215.516	236.24
3892	215.577	236.234
3893	215.648	236.114
3894	215.711	236.085
3895	215.772	236.085
3896	215.837	234.546
3897	215.901	234.505
3899	216.044	234.504
3901	216.194	234.504
3902	216.294	234.428
3905	216.5	234.428
3906	216.577	234.428
3907	216.639	234.428
3908	216.699	234.427
3909	216.761	234.427
3910	216.833	234.413
3912	216.951	234.411
3914	217.068	234.393
3915	217.14	234.387
3917	217.255	234.387
3918	217.316	234.381
3919	217.383	234.37
3923	217.641	234.368
3924	217.706	234.367
3925	217.769	234.268
3926	217.832	234.262
3927	217.913	234.247
3928	217.974	234.202
3930	218.094	234.199
3931	218.168	234.198
3935	218.422	234.188
3936	218.482	234.185
3937	218.551	234.131
3939	218.699	234.129
3950	219.452	234.124
3951	219.515	234.09
3952	219.575	234.09
3956	219.846	234.057
3957	219.916	234.011
3958	219.975	234
3960	220.092	233.946
3961	220.165	233.942
3962	220.226	233.925
3963	220.291	233.924
3965	220.42	233.885
3966	220.487	233.763
3967	220.546	233.762
3968	220.608	233.76
3970	220.736	233.725
3972	220.862	233.702
3973	220.935	233.61
3975	221.058	233.604
3979	221.329	233.588
3986	221.796	233.563
3987	221.859	233.019
3989	221.994	233.016
3990	222.069	232.982
3991	222.137	232.932
3992	222.206	232.869
3993	222.268	232.1
3994	222.326	232.097
3995	222.388	232.086
3996	222.464	232.085
3998	222.581	232.083
4000	222.726	232.083
4001	222.792	232.082
4002	222.85	232.075
4004	223.004	232.073
4006	223.127	232.05
4009	223.329	232.017
4011	223.459	231.981
4012	223.519	231.98
4015	223.721	231.98
4016	223.786	231.971
4017	223.851	231.916
4019	224.005	231.913
4020	224.067	231.86
4021	224.13	231.813
4023	224.265	231.812
4027	224.526	231.802
4028	224.587	231.799
4031	224.794	231.782
4035	225.048	231.692
4036	225.109	231.658
4038	225.237	231.637
4040	225.361	231.465
4041	225.441	231.408
4042	225.504	231.405
4044	225.635	230.217
4045	225.739	230.1
4047	225.893	230.1
4050	226.099	230.024
4052	226.227	230.017
4053	226.298	230.013
4054	226.362	229.997
4057	226.565	229.996
4059	226.698	229.93
4060	226.768	228.539
4061	226.893	228.539
4062	227.002	228.53
4068	227.389	228.529
4074	227.79	228.527
4075	227.863	228.512
4076	227.927	228.509
4077	228.001	228.509
4078	228.059	228.503
4079	228.133	227.662
4081	228.283	227.651
4082	228.345	227.647
4084	228.478	227.646
4085	228.54	227.645
4086	228.6	227.643
4087	228.658	227.633
4088	228.743	227.614
4089	228.805	227.612
4090	228.864	227.555
4091	228.927	227.549
4092	228.999	227.524
4093	229.063	227.494
4094	229.126	227.493
4095	229.187	227.493
4096	229.262	227.491
4097	229.321	227.491
4099	229.443	227.489
4102	229.641	227.423
4103	229.706	227.255
4104	229.784	227.24
4106	229.914	227.239
4107	229.983	227.239
4108	230.042	227.216
4109	230.102	227.027
4115	230.489	227.027
4116	230.564	227.024
4118	230.68	227.007
4119	230.746	227.002
4121	230.873	227.001
4122	230.93	226.978
4123	230.999	226.967
4124	231.063	226.962
4126	231.203	226.89
4129	231.398	226.886
4130	231.456	226.883
4131	231.526	226.855
4132	231.592	226.845
4133	231.659	226.837
4134	231.735	226.836
4135	231.799	226.816
4136	231.862	226.755
4137	231.922	226.751
4138	231.99	226.748
4139	232.068	226.748
4140	232.127	226.735
4141	232.19	226.725
4142	232.268	226.401
4143	232.338	226.4
4144	232.409	226.398
4145	232.478	226.397
4146	232.549	226.396
4148	232.675	226.382
4149	232.742	226.369
4150	232.803	226.368
4151	232.864	226.368
4152	232.934	226.366
4153	233.006	226.326
4154	233.076	226.317
4156	233.204	226.31
4158	233.334	226.305
4161	233.528	226.305
4162	233.588	226.303
4163	233.649	226.303
4166	233.835	226.274
4168	233.962	226.274
4169	234.033	226.261
4170	234.09	226.244
4172	234.219	226.241
4173	234.295	226.239
4174	234.36	226.238
4176	234.501	226.196
4177	234.561	226.192
4179	234.69	226.189
4181	234.828	226.185
4184	235.015	226.185
4186	235.138	226.184
4189	235.33	226.162
4190	235.39	226.041
4191	235.46	225.972
4193	235.589	225.961
4197	235.846	225.95
4198	235.905	225.93
4199	235.967	225.929
4200	236.033	225.659
4201	236.1	225.656
4204	236.293	225.644
4206	236.421	225.644
4208	236.606	225.43
4209	236.682	225.429
4210	236.742	225.424
4211	236.806	225.415
4213	236.946	225.415
4215	237.1	225.414
4221	237.536	225.413
4222	237.601	225.408
4224	237.789	225.371
4225	237.864	225.357
4226	237.936	225.355
4229	238.143	225.354
4231	238.27	225.352
4232	238.335	225.346
4233	238.403	225.278
4234	238.47	225.261
4236	238.607	224.83
4239	238.834	224.829
4244	239.172	224.826
4246	239.308	224.826
4247	239.379	224.826
4248	239.447	224.817
4250	239.583	224.811
4252	239.726	224.8
4254	239.883	224.777
4255	239.957	224.768
4257	240.101	224.708
4258	240.17	224.7
4259	240.244	224.688
4260	240.308	224.684
4262	240.452	224.676
4263	240.516	224.675
4264	240.577	224.675
4266	240.737	224.672
4267	240.869	224.655
4269	241.066	224.649
4271	241.205	224.649
4275	241.465	224.648
4277	241.599	224.59
4279	241.77	224.59
4282	241.98	224.59
4285	242.185	224.589
4290	242.518	224.586
4292	242.658	224.586
4297	243.001	224.557
4298	243.068	224.553
4299	243.146	224.484
4301	243.292	224.482
4303	243.439	224.482
4306	243.654	224.38
4307	243.727	224.379
4310	243.927	224.345
4311	243.991	224.337
4313	244.129	224.265
4315	244.262	224.258
4317	244.399	224.25
4318	244.463	224.248
4319	244.535	224.248
4322	244.734	224.245
4326	245.02	224.216
4327	245.093	223.769
4328	245.156	223.656
4329	245.225	223.654
4330	245.343	223.623
4331	245.445	223.589
4332	245.509	223.539
4334	245.644	223.538
4337	245.859	223.53
4338	245.921	223.53
4340	246.09	223.38
4341	246.206	223.38
4344	246.41	223.373
4346	246.536	223.37
4347	246.603	223.37
4349	246.739	223.353
4352	246.953	223.349
4354	247.086	223.318
4355	247.148	223.316
4356	247.211	223.286
4357	247.277	223.285
4359	247.419	223.281
4360	247.486	223.243
4361	247.553	223.239
4363	247.692	223.238
4375	248.51	223.164
4376	248.572	223.14
4378	248.709	223.124
4380	248.855	222.994
4382	248.999	222.991
4384	249.133	222.02
4386	249.268	222.02
4387	249.327	222.018
4389	249.461	221.773
4390	249.529	221.597
4393	249.753	221.595
4397	250.018	221.589
4399	250.168	221.541
4400	250.237	221.387
4401	250.297	221.369
4402	250.36	221.351
4405	250.558	221.326
4408	250.77	221.326
4410	250.909	221.311
4416	251.312	221.281
4418	251.451	221.278
4419	251.515	221.201
4421	251.649	221.188
4422	251.725	221.183
4423	251.789	221.182
4424	251.858	221.182
4425	251.922	221.179
4426	251.997	221.179
4427	252.068	221.171
4429	252.201	221.17
4430	252.273	221.136
4431	252.337	221.134
4432	252.402	221.1
4436	252.675	221.099
4437	252.738	221.095
4438	252.809	221.095
4439	252.874	221.093
4442	253.076	221.068
4443	253.148	220.941
4444	253.219	220.936
4445	253.282	220.915
4446	253.365	220.915
4448	253.5	220.827
4449	253.566	220.665
4451	253.697	220.509
4454	253.908	220.494
4455	253.976	220.494
4456	254.056	220.493
4459	254.253	220.493
4460	254.335	220.493
4461	254.4	220.492
4463	254.544	220.478
4466	254.744	220.46
4468	254.902	220.46
4469	254.971	220.455
4471	255.118	220.445
4472	255.186	220.443
4473	255.249	220.435
4474	255.336	220.434
4475	255.404	220.422
4476	255.467	220.421
4477	255.529	220.42
4478	255.602	220.419
4480	255.731	220.411
4481	255.794	220.406
4482	255.861	219.639
4483	255.929	219.638
4485	256.058	219.638
4486	256.123	219.636
4487	256.187	219.635
4489	256.312	219.622
4490	256.386	219.62
4491	256.451	219.619
4492	256.512	219.619
4493	256.575	219.469
4494	256.638	219.464
4496	256.773	219.445
4497	256.844	219.346
4498	256.912	219.345
4499	256.989	219.344
4500	257.054	219.344
4502	257.178	219.333
4503	257.251	219.332
4504	257.326	219.331
4506	257.452	219.315
4509	257.673	219.305
4510	257.755	219.295
4514	258.045	219.294
4516	258.178	219.248
4517	258.245	219.185
4519	258.375	219.185
4529	259.062	219.165
4530	259.133	219.07
4531	259.194	219.069
4532	259.276	219.068
4533	259.341	219.027
4534	259.404	219.025
4536	259.537	219.02
4537	259.602	219.003
4538	259.67	218.966
4539	259.741	218.964
4540	259.808	218.669
4541	259.876	218.656
4543	260.009	218.655
4544	260.077	218.635
4548	260.343	218.442
4549	260.414	218.441
4550	260.484	218.433
4551	260.562	218.422
4555	260.84	218.419
4558	261.058	218.407
4559	261.126	218.407
4561	261.261	218.405
4563	261.408	218.403
4564	261.479	218.364
4565	261.543	218.252
4566	261.603	218.247
4568	261.738	218.235
4569	261.799	218.231
4571	261.935	218.229
4572	262.001	218.225
4573	262.07	218.17
4574	262.144	218.157
4576	262.278	218.135
4578	262.418	218.13
4584	262.825	218.124
4586	262.967	218.124
4587	263.039	218.123
4589	263.188	218.123
4590	263.268	218.116
4592	263.412	218.104
4595	263.626	218.1
4597	263.786	218.095
4598	263.859	218.09
4600	263.992	218.087
4601	264.054	218.086
4604	264.284	218.085
4605	264.354	218.029
4606	264.424	218.027
4607	264.506	218.017
4609	264.645	218.009
4610	264.715	218.008
4611	264.779	218.008
4612	264.856	218.007
4615	265.045	218.007
4617	265.176	217.981
4619	265.313	217.98
4620	265.384	217.979
4623	265.594	217.979
4626	265.81	217.961
4628	265.939	217.961
4630	266.078	217.958
4631	266.145	217.845
4637	266.54	217.806
4638	266.601	217.748
4639	266.671	217.728
4641	266.85	217.728
4645	267.14	217.676
4646	267.208	217.589
4647	267.282	217.589
4649	267.422	217.588
4650	267.505	217.562
4651	267.57	217.558
4653	267.706	217.503
4654	267.778	217.496
4655	267.851	217.491
4657	267.986	217.483
4659	268.125	217.479
4666	268.62	217.439
4667	268.685	217.043
4671	268.971	217.01
4672	269.038	216.968
4674	269.172	216.967
4682	269.76	216.967
4684	269.908	216.957
4686	270.052	216.943
4687	270.126	216.94
4690	270.34	216.94
4691	270.411	216.939
4692	270.474	216.932
4696	270.779	216.923
4697	270.842	216.918
4699	270.993	216.915
4700	271.063	216.904
4703	271.262	216.903
4707	271.528	216.901
4709	271.668	216.894
4710	271.743	216.894
4713	271.958	216.888
4715	272.098	216.84
4716	272.164	216.806
4718	272.319	216.796
4720	272.451	216.558
4724	272.713	215.776
4726	272.923	215.771
4729	273.111	214.979
4730	273.174	214.953
4733	273.377	214.953
4734	273.438	214.946
4739	273.766	214.924
4740	273.826	214.811
4741	273.89	214.735
4742	273.962	214.727
4750	274.496	214.717
4752	274.626	214.715
4755	274.825	214.712
4756	274.887	214.677
4758	275.008	214.672
4761	275.2	214.659
4762	275.267	214.659
4765	275.461	214.649
4766	275.523	214.649
4767	275.594	214.643
4768	275.656	214.639
4769	275.725	214.638
4770	275.796	214.608
4772	275.923	214.595
4775	276.12	214.594
4776	276.191	214.594
4777	276.26	214.58
4778	276.329	214.58
4780	276.462	214.465
4782	276.587	214.452
4783	276.648	214.34
4784	276.71	214.326
4785	276.777	214.318
4788	276.975	214.296
4789	277.036	214.171
4791	277.173	214.171
4794	277.378	214.17
4795	277.441	214.169
4796	277.519	214.166
4799	277.716	214.166
4800	277.776	214.157
4802	277.907	214.15
4803	277.973	214.134
4806	278.157	214.13
4807	278.221	214.13
4809	278.353	214.121
4810	278.412	214.119
4812	278.543	214.115
4813	278.607	214.103
4814	278.676	214.102
4815	278.761	214.098
4816	278.869	214.098
4817	278.928	214.096
4818	278.991	214.094
4820	279.121	214.08
4821	279.183	214.076
4822	279.24	214.073
4823	279.308	214.073
4825	279.457	214.073
4826	279.526	214.072
4830	279.8	214.07
4832	279.932	214.07
4833	280.002	214.011
4834	280.076	214.003
4836	280.218	213.819
4837	280.285	213.78
4838	280.344	213.78
4846	280.875	213.77
4849	281.073	213.761
4850	281.133	213.747
4852	281.267	213.744
4853	281.336	213.743
4854	281.396	213.741
4855	281.458	213.738
4856	281.523	213.711
4857	281.586	213.685
4859	281.712	213.684
4861	281.852	213.684
4865	282.112	213.681
4866	282.173	213.68
4869	282.363	213.667
4870	282.432	213.628
4872	282.561	213.626
4873	282.63	213.512
4877	282.892	213.491
4878	282.962	213.465
4879	283.039	213.464
4880	283.109	213.236
4883	283.31	213.235
4884	283.374	213.235
4888	283.645	213.066
4889	283.707	213.065
4890	283.771	213.059
4891	283.835	213.037
4893	283.96	213.036
4895	284.089	213.034
4898	284.284	213.031
4901	284.467	213.031
4903	284.603	213.03
4904	284.673	213.003
4906	284.803	213.002
4908	284.935	212.996
4909	285.012	212.99
4910	285.076	212.986
4912	285.216	212.98
4913	285.28	212.935
4916	285.475	212.931
4917	285.548	212.925
4922	285.872	212.882
4924	285.999	212.876
4926	286.134	212.876
4927	286.198	212.876
4930	286.402	212.873
4931	286.463	212.873
4932	286.534	212.866
4935	286.737	212.865
4937	286.874	212.855
4938	286.943	212.849
4940	287.078	212.848
4944	287.335	212.847
4946	287.461	212.847
4947	287.529	212.837
4949	287.662	212.835
4951	287.79	212.834
4952	287.857	212.833
4957	288.165	212.819
4959	288.292	212.819
4963	288.538	212.819
4970	289.001	212.817
4978	289.522	212.63
4979	289.59	212.588
4980	289.659	212.579
4984	289.915	212.579
4986	290.045	212.497
4987	290.112	212.497
4988	290.184	212.496
4989	290.245	212.496
4990	290.31	212.469
4992	290.455	212.464
4993	290.529	212.421
4995	290.662	212.417
4997	290.787	212.413
5000	290.988	212.413
# FIN	290.988	212.413

