# target=instancias/bach.png T=340 iters=5000 K=32 seed=auto
iter	segundos	MSE
0	0.0021357	14348.6
1	0.0264854	14214.4
2	0.0509297	14180.6
3	0.0754978	14109
4	0.0999728	14012.8
5	0.124474	13998
6	0.148858	13979.7
7	0.173315	13891.7
8	0.198042	13891.3
9	0.222934	13862.6
10	0.248177	13860.5
11	0.273081	13858.6
12	0.29804	13829.9
13	0.32231	13819.3
14	0.34698	13806.1
15	0.372072	13739.5
16	0.39669	13717.6
17	0.421455	13697.1
18	0.446561	13669.8
19	0.471573	13651.7
20	0.496922	13614.6
21	0.521844	13596.1
22	0.546746	13502.7
23	0.571512	13444.2
24	0.59654	13430
25	0.622293	13414.1
26	0.647192	13402.1
28	0.697951	13278.5
29	0.722994	13272.6
30	0.748173	13268.9
31	0.773396	13268.5
32	0.799324	13264.1
33	0.825191	13179.5
34	0.850446	13151.7
35	0.875697	13148.7
36	0.900707	13131
37	0.925875	13051.3
38	0.950899	13051.3
39	0.976864	13040.1
40	1.00212	12986
41	1.028	12985.9
42	1.05342	12952.2
43	1.07893	12932.8
44	1.10436	12931.3
45	1.12975	12884.9
46	1.15529	12884.9
47	1.18102	12884
48	1.20723	12692.1
49	1.23287	12609.9
50	1.25866	12509.1
51	1.28434	12474.7
52	1.31047	12437.5
53	1.33778	12387.2
54	1.36491	12352.8
55	1.39176	12325.7
56	1.4181	12296.8
57	1.44446	12240.3
58	1.47044	12200.8
59	1.49652	12175.5
60	1.52263	12123.5
61	1.54892	12102
62	1.5755	12061
63	1.60154	12042.7
64	1.62768	12035.9
65	1.65466	11929.4
66	1.68108	11929.2
67	1.70787	11926.7
68	1.73426	11863.8
69	1.76118	11850.5
70	1.78815	11850.5
71	1.81437	11830.9
72	1.84103	11820.7
73	1.86748	11819.4
74	1.89447	11790.6
75	1.92143	11789.9
76	1.94805	11761.5
77	1.97429	11735.6
78	2.00049	11735.6
79	2.02679	11734.6
80	2.05301	11666.1
81	2.07919	11602.9
82	2.10575	11596.1
83	2.13281	11593.9
84	2.1645	11580.5
85	2.19342	11548.5
86	2.22042	11514.4
87	2.24705	11511.4
88	2.27459	11457.6
89	2.30295	11411.3
90	2.33038	11406.5
91	2.35738	11360.4
92	2.38409	11318.1
93	2.41099	11317.7
94	2.43792	11303.4
95	2.46476	11249.4
96	2.4922	11248.6
97	2.51982	11216.4
98	2.54712	11180.7
99	2.57435	11107.7
100	2.60189	11106.1
101	2.62983	11106.1
102	2.65702	11105
103	2.6839	11075.5
104	2.71096	11042.1
105	2.73808	11034.9
106	2.76521	11033.1
107	2.79291	11007.5
108	2.81998	11006.1
109	2.84713	10999.4
110	2.87456	10986.6
111	2.90206	10907.8
112	2.9294	10903.4
113	2.95679	10890.2
114	2.9846	10846.9
115	3.01201	10818.8
116	3.03946	10817.2
117	3.06674	10816.7
118	3.09419	10791.3
119	3.12181	10788.6
120	3.14919	10766
121	3.1767	10717.4
122	3.20523	10716.7
123	3.23322	10701.3
124	3.26146	10700.7
125	3.28966	10700.6
126	3.31719	10636.6
127	3.34475	10631.1
128	3.37263	10624.9
129	3.40054	10558.5
130	3.42818	10543.2
131	3.45581	10543.2
132	3.48374	10531.3
133	3.51203	10529.2
134	3.54171	10527.9
135	3.5708	10386.6
136	3.59875	10386
137	3.62664	10365.8
138	3.65514	10359.4
139	3.68343	10325.5
140	3.71146	10286.3
141	3.73934	10284.5
142	3.76734	10264.8
143	3.79556	10249
144	3.82371	10240
145	3.85177	10233.5
146	3.87965	10168
147	3.90819	10145.3
148	3.93625	10142.4
149	3.96444	10142.4
150	3.99247	10069.3
151	4.02073	10063.1
152	4.04874	10061
153	4.07682	10043.9
154	4.10505	9986
155	4.13356	9982.38
156	4.1616	9928.35
157	4.19035	9880.5
158	4.21858	9877.44
159	4.24669	9813
160	4.27478	9798.53
161	4.30316	9766.3
162	4.33163	9658.49
163	4.36015	9647.63
164	4.38881	9640.74
165	4.41751	9621.42
166	4.44596	9611.16
167	4.47469	9610.05
168	4.50346	9570.99
169	4.53191	9543.39
170	4.56055	9536.95
171	4.5892	9536.15
172	4.61786	9533.73
173	4.64685	9501.76
174	4.6763	9399.72
175	4.70527	9395.51
176	4.73406	9312.34
177	4.76278	9248.72
178	4.79137	9248.61
179	4.82024	9223.9
180	4.84888	9223.37
181	4.87757	9222.01
182	4.90642	9213.2
183	4.93536	9213.09
184	4.96417	9211.44
185	4.99328	9129.25
186	5.02215	9101.01
187	5.05099	9089.5
188	5.08003	8991.33
189	5.10914	8974.18
190	5.13823	8969.61
191	5.16757	8874.35
192	5.19651	8873.38
193	5.2255	8828.98
194	5.2547	8828.88
195	5.28365	8826.32
196	5.31281	8811.9
197	5.34181	8803.43
198	5.37102	8801.93
199	5.40071	8794.45
200	5.42991	8768.35
201	5.47357	8671.17
202	5.50907	8643.81
203	5.54305	8625.68
204	5.57792	8605.62
205	5.60744	8565.89
206	5.63746	8564.81
207	5.66747	8555.27
208	5.69679	8537.55
209	5.72752	8529.55
210	5.75815	8514.53
211	5.78744	8297.79
212	5.8171	8296.64
213	5.84675	8283.3
214	5.87646	8244.35
215	5.90649	8242.53
216	5.93596	8181.61
217	5.96546	8158.2
218	5.99517	8145.98
219	6.02463	8137.95
220	6.05471	8086.56
221	6.0844	8072.01
222	6.11409	8054.87
223	6.144	7982.51
224	6.17372	7982.12
225	6.20351	7981.8
226	6.23319	7969.31
227	6.26297	7957.19
228	6.29277	7919.22
229	6.32278	7912.4
230	6.35256	7822.45
231	6.38258	7822.45
232	6.41282	7822.34
233	6.44369	7807.77
234	6.47341	7787.01
235	6.50335	7734.03
236	6.53315	7732.22
237	6.56295	7557.07
238	6.59284	7548.65
239	6.6228	7543.81
240	6.65278	7515.39
241	6.68278	7514.64
242	6.71292	7511.52
243	6.74297	7506.23
244	6.77319	7457.49
245	6.80319	7437.86
246	6.83336	7435.87
247	6.86333	7384.73
248	6.89349	7320.76
249	6.92401	7318.91
250	6.95437	7314.85
251	6.98431	7314.39
252	7.01453	7262.11
253	7.04481	7261.92
254	7.07509	7195.64
255	7.10528	7193.83
256	7.13572	7181.92
257	7.1661	7176.32
258	7.1964	7145.04
259	7.22682	7135.8
260	7.25704	7135.69
261	7.28769	7111.91
262	7.31792	7109.96
263	7.34827	7104.87
264	7.37887	7102.57
265	7.4096	7101.81
266	7.44039	7094.77
267	7.47095	7094.38
268	7.50155	7070.45
269	7.53206	7061.03
270	7.56248	7060.98
271	7.59299	7012.12
272	7.62382	7012.11
273	7.65447	7009.15
274	7.68515	6968.02
275	7.71596	6907.81
276	7.74751	6902.63
277	7.77855	6900.44
278	7.80937	6872.33
279	7.8404	6867.86
280	7.87151	6829.45
281	7.90368	6829.45
282	7.93644	6821.27
283	7.96734	6797.42
284	7.99843	6794.67
285	8.02907	6764.07
286	8.06013	6762.11
287	8.09084	6731.64
288	8.12141	6729.03
289	8.15224	6724.28
290	8.18309	6721.85
291	8.21356	6720.78
292	8.24391	6716.99
293	8.27419	6715.38
294	8.30459	6708.53
295	8.3349	6687.97
296	8.36569	6676.65
297	8.3968	6675.47
298	8.42801	6651.64
299	8.45886	6651.1
300	8.48916	6622.6
301	8.5197	6588.96
302	8.55121	6549.81
303	8.58248	6488.12
304	8.61354	6459.62
305	8.64451	6457.31
306	8.67578	6435.95
307	8.70681	6435.45
308	8.73784	6434.54
309	8.76895	6408.29
310	8.79999	6406.94
311	8.83137	6406.91
312	8.86295	6406.91
313	8.89499	6406.81
314	8.92608	6405.57
315	8.95727	6324.77
316	8.98833	6321.64
317	9.01944	6300.56
318	9.05068	6297.62
319	9.08177	6296.33
320	9.11297	6295.69
321	9.14431	6294.04
322	9.17563	6293.87
323	9.20782	6289.95
324	9.23871	6253.76
325	9.26965	6206.14
326	9.30079	6176.11
327	9.33213	6173.84
328	9.36355	6153.23
329	9.39491	6142.58
330	9.42708	6123.06
331	9.45859	6119.39
332	9.48988	6119.32
333	9.5216	6110.57
334	9.55305	6078.96
335	9.58464	6050.76
336	9.6163	6047.93
337	9.6477	6047.78
338	9.6793	6047.45
339	9.71083	6034.37
340	9.74264	6026.06
341	9.77443	5969.56
342	9.80585	5909.87
343	9.83733	5834.96
344	9.86919	5812.03
345	9.90117	5796.34
346	9.93242	5776.16
347	9.96367	5756.17
348	9.99535	5756.17
349	10.0275	5719.99
350	10.0588	5717.91
351	10.0927	5717.73
352	10.1262	5709.06
353	10.1592	5708.59
354	10.1912	5667.59
355	10.223	5608.89
356	10.2551	5602.69
358	10.3185	5595.33
359	10.351	5575.58
360	10.3833	5559.5
361	10.4154	5555.61
362	10.4478	5517.71
363	10.4793	5509.44
364	10.5111	5505.94
365	10.5433	5499.15
366	10.5753	5491.37
368	10.6395	5472.51
369	10.6721	5471.7
370	10.7044	5463.07
371	10.7362	5463.04
372	10.7682	5460.56
373	10.8002	5426.88
374	10.8323	5423.02
375	10.8647	5417.01
376	10.8971	5410.04
377	10.9294	5396.25
378	10.9616	5396.2
380	11.0264	5390.21
381	11.0582	5389.85
382	11.0906	5373.48
383	11.1228	5367.55
384	11.1545	5366.56
385	11.1865	5364.51
386	11.2182	5364.42
387	11.25	5364
388	11.2819	5283.03
389	11.314	5250.59
390	11.3463	5230
391	11.3787	5229.43
392	11.4114	5205.58
393	11.4442	5202.34
394	11.4762	5174.63
395	11.5081	5157.29
396	11.5401	5140.39
397	11.5725	5129.08
398	11.6055	5127.08
400	11.6703	5108.23
401	11.7027	5107.43
402	11.7351	5106.95
403	11.7674	5106.26
404	11.7994	5105.66
405	11.8317	4988.67
406	11.8641	4988.23
407	11.8982	4986.98
408	11.9329	4979.88
409	11.9661	4979.18
410	11.9996	4978.96
411	12.0331	4967.53
412	12.0659	4962.21
413	12.0985	4960.45
414	12.1309	4945.53
415	12.1635	4945.25
416	12.1959	4910.77
417	12.23	4909.74
418	12.2633	4909.74
419	12.2974	4909.59
420	12.3307	4844.15
421	12.3637	4771.54
422	12.3968	4761.95
423	12.4301	4760.18
424	12.4633	4759.55
425	12.4967	4746.59
426	12.5298	4731.33
427	12.5634	4729.71
428	12.5968	4714.04
429	12.6295	4710.2
430	12.6622	4709.82
431	12.6953	4690.95
432	12.7287	4687.33
433	12.7621	4687.28
434	12.7954	4679.73
435	12.8289	4674.22
436	12.8623	4672.97
437	12.8957	4647.98
438	12.9293	4641.17
439	12.9627	4607.81
440	12.9962	4607.17
441	13.0308	4607.15
442	13.0649	4590.78
443	13.098	4581.83
444	13.1314	4567.91
445	13.1648	4563.37
446	13.1981	4562.55
447	13.2315	4556.06
448	13.2654	4554.43
449	13.2989	4552.81
450	13.3326	4550.46
451	13.3662	4533
452	13.3997	4507.55
453	13.4336	4506.5
454	13.4672	4471.66
455	13.5013	4443.07
456	13.5356	4438.38
457	13.5696	4435.72
458	13.6035	4429.72
459	13.6369	4428.31
460	13.67	4427.76
461	13.7033	4346.75
462	13.7366	4342.99
463	13.77	4342.26
464	13.8034	4310.15
465	13.8368	4310.14
466	13.8699	4309.66
467	13.903	4307.57
468	13.9365	4302.84
469	13.9697	4299.11
470	14.0039	4287.74
471	14.0385	4287.72
472	14.073	4255.84
473	14.1076	4253.81
474	14.1419	4253.29
475	14.1756	4236.08
476	14.2096	4230.56
477	14.2434	4220.3
478	14.277	4219.54
479	14.3108	4210
480	14.3447	4204.29
481	14.3788	4204.28
482	14.4128	4204.22
483	14.4466	4171.07
484	14.4808	4171.06
485	14.5168	4170.73
486	14.552	4120.91
487	14.586	4119.49
488	14.6202	4118.29
489	14.6545	4117.85
490	14.6889	4093.58
491	14.7226	4093.41
492	14.7565	4092.82
493	14.7907	4091.91
494	14.8251	4040.55
495	14.8591	4032.14
496	14.8932	4024.09
497	14.9275	3972.13
498	14.9617	3969.78
499	14.9957	3968.73
500	15.0298	3966.58
501	15.064	3963.17
502	15.098	3944.59
503	15.1321	3943.57
504	15.1664	3938.65
505	15.2007	3921.01
506	15.235	3920.34
507	15.2696	3920.15
508	15.3045	3917.4
509	15.3386	3916.33
510	15.373	3915.13
511	15.4074	3913.86
512	15.4418	3912.59
513	15.4767	3907.78
514	15.5113	3813.08
515	15.5459	3809.72
516	15.5803	3798.66
517	15.6147	3798.05
518	15.6495	3797.81
519	15.6838	3790.42
520	15.7182	3789.12
521	15.7526	3789.09
522	15.7868	3788.72
523	15.8213	3788.35
524	15.8558	3785.5
525	15.8901	3772.3
526	15.9247	3769.7
527	15.9597	3768.73
528	15.9948	3712.82
529	16.0296	3704.27
530	16.0643	3703.64
531	16.0991	3679.38
532	16.134	3668.59
533	16.1688	3651.4
534	16.2032	3650.75
535	16.2381	3649.61
536	16.2728	3647.44
537	16.3075	3641.41
538	16.342	3640.92
539	16.3765	3638.98
540	16.4113	3633.48
541	16.4465	3617.75
542	16.4815	3612.67
543	16.5166	3612.51
544	16.5515	3583.08
545	16.5872	3562.09
546	16.6226	3561.65
547	16.6581	3558.94
548	16.6963	3546.4
549	16.7359	3541.49
550	16.7717	3533.7
551	16.8074	3492.39
552	16.8429	3492.38
553	16.8786	3492.37
554	16.914	3453.22
555	16.9494	3448.22
556	16.9847	3349.61
557	17.0199	3315.51
558	17.0553	3309.62
559	17.0903	3309.27
560	17.1265	3270.22
561	17.1619	3263.67
562	17.1979	3263.44
563	17.2338	3254.19
564	17.2694	3254.1
565	17.3049	3253.77
566	17.3405	3239.39
567	17.3766	3217.44
568	17.4118	3206.28
569	17.4478	3206.1
570	17.4836	3140.22
571	17.5197	3138.72
572	17.556	3137.85
573	17.5924	3136.79
574	17.6284	3136.03
575	17.6647	3077.74
576	17.7005	3077.58
577	17.7364	3041.41
578	17.7724	3040.22
579	17.8081	3040.21
580	17.844	3036.91
581	17.8803	3036.34
582	17.9165	3031.68
583	17.9532	3029.45
584	17.9898	3026.83
585	18.0265	3026.82
586	18.0627	3025.86
587	18.0987	3016.48
588	18.1351	3006.99
589	18.1712	3001.88
590	18.2074	2999.03
591	18.2432	2997.38
592	18.2791	2984.38
593	18.3154	2983.76
594	18.352	2983.3
595	18.3893	2981.96
596	18.4262	2971.74
597	18.4627	2970.94
598	18.4988	2965.49
599	18.5349	2965.46
600	18.5709	2965.21
601	18.6078	2960.24
602	18.6441	2958.52
603	18.6805	2957.28
604	18.7172	2956.9
605	18.7532	2956.67
606	18.7896	2956.31
607	18.8257	2956.29
608	18.8628	2954.35
609	18.9005	2954.35
610	18.9388	2952.08
611	18.9757	2951.61
612	19.0125	2951.46
613	19.0495	2950.53
614	19.0864	2945.65
615	19.1328	2921.82
616	19.1702	2921.29
617	19.2072	2920.58
618	19.2441	2915.68
619	19.281	2911.14
620	19.3181	2891.28
621	19.355	2891.26
622	19.3915	2887.18
623	19.4281	2884.88
624	19.4647	2883.04
625	19.5017	2880.59
626	19.5388	2871.41
627	19.5756	2865.74
628	19.6128	2857.97
629	19.6504	2857.87
630	19.6881	2855.65
631	19.7245	2852.75
632	19.7621	2851.62
633	19.7992	2851.6
634	19.8363	2841.02
635	19.8734	2840.26
636	19.9104	2826.9
637	19.9469	2826.87
638	19.9842	2826.15
639	20.021	2826.06
640	20.0582	2824.17
641	20.0951	2813.91
642	20.133	2802.59
643	20.1701	2800.9
644	20.2082	2786.25
645	20.246	2785.71
646	20.2833	2784.91
647	20.3208	2784.53
648	20.3579	2784.29
649	20.3951	2778.48
650	20.4319	2778.11
651	20.4691	2778.09
652	20.507	2778.01
653	20.5443	2777.46
654	20.5829	2776.45
655	20.6208	2772.27
656	20.6586	2772.18
657	20.6964	2769.42
658	20.7338	2768.03
659	20.7714	2766.95
660	20.8086	2766.78
661	20.8458	2759.9
662	20.8832	2756.63
663	20.9206	2750.45
664	20.958	2742.67
665	20.9957	2742
666	21.0332	2742
667	21.0708	2740.66
668	21.1114	2737.57
669	21.1507	2737.41
670	21.189	2730.16
671	21.2272	2727.66
672	21.2654	2727.45
673	21.3036	2727.4
674	21.342	2708.82
675	21.3802	2700.64
676	21.4181	2693.31
677	21.4555	2693.3
678	21.4934	2692.32
679	21.5311	2691.43
680	21.5689	2687.06
681	21.6063	2685.63
682	21.6438	2676.36
683	21.6817	2668.08
684	21.7198	2650.61
685	21.7577	2635.51
686	21.7961	2634.27
687	21.8341	2634.25
688	21.8725	2634.17
689	21.9107	2586.94
690	21.9485	2586.3
691	21.9873	2586.27
692	22.0255	2586.17
693	22.064	2585.51
694	22.1023	2578.54
695	22.1402	2556.13
696	22.1783	2553.73
697	22.2163	2551.58
698	22.2544	2549.13
699	22.2923	2548.56
700	22.3308	2547.63
701	22.3694	2545.51
702	22.4078	2542.52
703	22.4463	2541.41
704	22.485	2539.87
705	22.5244	2539.4
706	22.5621	2538.24
707	22.6003	2538.22
708	22.6381	2537.02
709	22.6763	2535.9
710	22.7147	2529.32
711	22.7527	2529.31
712	22.7907	2528.98
713	22.8293	2524.82
714	22.8675	2524.71
715	22.9058	2522.03
716	22.9441	2513.48
717	22.9824	2492.57
718	23.0207	2492.54
719	23.0593	2489.52
720	23.0974	2486.68
721	23.1364	2486.44
722	23.1752	2482.75
723	23.2147	2479.77
724	23.2536	2479.55
725	23.2938	2478.03
726	23.335	2478.03
727	23.3744	2477.38
728	23.4133	2456.35
729	23.4524	2450.32
730	23.4915	2439.94
731	23.5307	2439.82
732	23.5698	2435.77
733	23.6089	2435.14
734	23.6479	2433.13
735	23.6865	2430.83
736	23.7255	2429.87
737	23.7643	2429.48
738	23.8034	2429.28
739	23.842	2428.87
740	23.8809	2428.82
741	23.9196	2426.25
742	23.9591	2422.7
743	23.9978	2421.91
744	24.0366	2421.9
745	24.0762	2383.63
746	24.1149	2383.24
747	24.1548	2382.65
748	24.1944	2379.65
749	24.2325	2378.7
750	24.2707	2378.7
751	24.3083	2378.64
752	24.3462	2366.54
753	24.3839	2366.25
754	24.422	2340.93
755	24.4601	2340.91
756	24.498	2340.21
757	24.5354	2339.26
758	24.5734	2339.22
759	24.6113	2339.19
760	24.6488	2334.99
761	24.6859	2333.72
762	24.7235	2330.16
763	24.7632	2329.43
764	24.8116	2328.45
765	24.851	2328.24
766	24.889	2325.61
767	24.928	2325.56
768	24.9669	2325.13
769	25.0057	2323.97
770	25.0438	2323.34
771	25.082	2321.68
772	25.1199	2320.19
773	25.1577	2319.89
774	25.1962	2318.91
775	25.2346	2301.49
776	25.2732	2300.61
777	25.3114	2291.62
778	25.3499	2290.91
779	25.3877	2280.98
780	25.4258	2280.71
781	25.4691	2280.71
782	25.5103	2280.24
783	25.5489	2278.75
784	25.5883	2277.53
785	25.627	2276.63
786	25.6658	2276.12
787	25.7046	2274.71
788	25.7436	2274.42
789	25.7825	2273
790	25.8216	2272.92
791	25.8602	2270.3
792	25.8988	2269.07
793	25.9378	2268.45
794	25.9765	2238.81
795	26.0152	2236.69
796	26.0542	2235.98
797	26.0927	2235.96
798	26.1311	2234.84
799	26.1704	2234.72
800	26.2103	2230.9
801	26.2498	2188.4
802	26.2886	2188.16
803	26.3271	2187.67
804	26.3654	2160.36
805	26.4041	2159.2
806	26.4429	2158.93
807	26.4818	2158.74
808	26.5202	2153.66
809	26.559	2151.99
810	26.5977	2150.03
811	26.6369	2149.95
812	26.6759	2137.77
813	26.7152	2137.59
814	26.7543	2136.77
815	26.7938	2135.74
816	26.8328	2135.56
817	26.8716	2135.48
818	26.9107	2135.46
819	26.95	2132.48
820	26.9893	2130.38
821	27.0289	2130.36
822	27.0683	2129.7
823	27.1074	2114.91
824	27.1469	2114.88
825	27.1864	2114.55
826	27.2259	2114.13
827	27.2656	2113
828	27.3052	2110.28
829	27.3447	2110.05
830	27.3843	2107.3
831	27.4239	2107.26
832	27.4634	2107.13
833	27.5023	2106.03
834	27.5427	2104.31
835	27.5836	2100.68
836	27.6249	2098.63
837	27.665	2086.01
838	27.7048	2085.95
839	27.7442	2085.33
840	27.7844	2084.83
841	27.8247	2084.69
842	27.8647	2083.79
843	27.9037	2082.98
844	27.9433	2080.85
845	27.983	2067.88
846	28.023	2067.06
847	28.0621	2066.81
848	28.1024	2066.42
849	28.1419	2062.98
850	28.1812	2062.97
851	28.2207	2062.31
852	28.2599	2061.76
853	28.2994	2060.26
854	28.3388	2057.2
855	28.3786	2057.1
856	28.418	2056.56
857	28.4576	2053.22
858	28.4972	2053.07
859	28.537	2046.81
860	28.5768	2046.16
861	28.6169	2045.52
862	28.6569	2045.49
863	28.6974	2045.39
864	28.737	2044.4
865	28.7768	2037.71
866	28.8168	2036.93
867	28.8568	2036.66
868	28.8963	2020.95
869	28.9362	2009.6
870	28.9759	2009.02
871	29.0157	2007.65
872	29.0555	2005.31
873	29.0952	2004.62
874	29.1355	2002.11
875	29.176	2002.02
876	29.2165	2001.14
877	29.2571	1995.7
878	29.2974	1995.22
879	29.3378	1995.05
880	29.3781	1991.72
881	29.4188	1990.74
882	29.4601	1987.7
883	29.501	1987.57
884	29.5416	1987.42
885	29.5822	1986.68
886	29.623	1985.99
887	29.6635	1982.8
888	29.7046	1982.42
889	29.7503	1978.08
890	29.7934	1975.11
891	29.834	1973.28
892	29.875	1973.27
893	29.9159	1973.25
894	29.9568	1973.17
895	29.9976	1972.11
896	30.0378	1947.44
897	30.0781	1946.16
898	30.119	1937.76
899	30.1593	1937.57
900	30.2002	1881.96
901	30.2413	1880.57
902	30.2825	1879.77
903	30.323	1879.72
904	30.3636	1879.56
905	30.4039	1879.41
906	30.4444	1879
907	30.4848	1852.39
908	30.526	1851.86
909	30.5669	1851.85
910	30.6079	1837.52
911	30.6491	1837.42
912	30.6906	1837.24
913	30.7318	1834.65
914	30.7731	1833.09
915	30.8137	1831.48
916	30.8545	1831.44
917	30.8948	1740.31
918	30.9353	1739.95
919	30.9758	1739.78
920	31.0166	1739.44
921	31.0572	1739.05
922	31.0986	1734.1
923	31.1398	1732.41
924	31.181	1732.03
925	31.222	1731.96
926	31.2629	1731.67
927	31.3035	1731.65
928	31.3445	1730.88
929	31.385	1729.68
930	31.4266	1728.9
931	31.4672	1728.86
933	31.5483	1728.25
934	31.589	1728.07
935	31.6299	1728
936	31.6705	1721.01
937	31.7115	1715.45
938	31.7525	1714.73
939	31.7938	1714.68
940	31.8352	1714.47
941	31.8772	1714.21
942	31.9202	1713.54
943	31.9617	1712.74
944	32.0034	1712.74
945	32.0452	1712.64
946	32.0872	1712.4
947	32.1298	1712.3
948	32.1715	1711.5
949	32.213	1710.51
950	32.2551	1710.5
951	32.2963	1707.61
952	32.3374	1706.76
953	32.3789	1706.7
954	32.4209	1706.19
955	32.462	1676.27
956	32.5036	1675.98
957	32.5448	1675.53
958	32.5861	1674.69
959	32.6275	1672.34
960	32.6691	1664.62
961	32.7106	1664.61
962	32.7523	1662.34
963	32.7941	1661.92
964	32.8358	1659.15
965	32.8777	1658.6
966	32.9192	1658.37
967	32.9612	1656.4
968	33.0024	1653.81
970	33.0857	1646.15
971	33.1283	1645.99
972	33.1696	1645.67
973	33.2117	1645.66
975	33.2959	1645.04
976	33.3378	1644.96
977	33.3795	1644.91
978	33.4214	1644.69
979	33.4632	1644.68
980	33.5048	1644.56
981	33.5462	1642.07
982	33.5879	1639.52
983	33.6291	1639.17
984	33.6704	1635.52
985	33.7121	1635.5
986	33.7536	1635.09
987	33.7951	1635.06
988	33.8372	1634.71
989	33.8793	1619.55
990	33.9216	1619.39
991	33.9631	1619.36
992	34.0044	1619.07
993	34.0502	1618.59
994	34.0938	1618.48
995	34.1357	1618.17
996	34.1779	1617.99
997	34.2199	1617.87
998	34.2627	1616.94
999	34.3054	1615.91
1000	34.348	1615.28
1001	34.3895	1614.83
1002	34.431	1612.11
1003	34.4728	1611.14
1004	34.5144	1599.77
1005	34.5562	1599.73
1006	34.5983	1599.73
1007	34.6404	1599.55
1008	34.6825	1599.21
1009	34.7245	1598.99
1010	34.7668	1597.65
1011	34.809	1593.38
1012	34.8514	1593.38
1013	34.8943	1593.25
1014	34.9365	1584.63
1015	34.9835	1584.01
1017	35.0927	1584
1018	35.1372	1581.17
1019	35.1809	1581.1
1020	35.2232	1578.37
1021	35.2662	1575.8
1022	35.3101	1575.75
1023	35.3539	1575.47
1024	35.3965	1571.61
1025	35.4391	1557.77
1026	35.4813	1557.67
1027	35.5248	1557.42
1028	35.568	1557.42
1029	35.6105	1498.63
1030	35.6532	1496.78
1031	35.6954	1496.77
1032	35.7379	1496.63
1033	35.7805	1496.6
1034	35.8236	1493.57
1035	35.8661	1485.6
1036	35.9082	1483.81
1037	35.9499	1483.57
1038	35.9919	1483.19
1039	36.0338	1482.86
1040	36.0762	1482.09
1041	36.1183	1480.18
1042	36.1605	1476.5
1043	36.2033	1476.44
1044	36.2471	1476.11
1045	36.2906	1475.67
1046	36.3338	1475.18
1047	36.377	1475.11
1048	36.42	1475.06
1049	36.4631	1474.46
1050	36.5058	1474.12
1051	36.5491	1474.11
1052	36.5917	1473.98
1053	36.6337	1470.39
1054	36.6762	1469.84
1055	36.719	1468.41
1056	36.762	1466.29
1057	36.8051	1460.78
1058	36.8483	1460.68
1059	36.8909	1460.5
1060	36.9334	1460.43
1061	36.9759	1460.39
1062	37.0184	1460.09
1063	37.0607	1459.92
1064	37.104	1459.87
1065	37.1465	1459.01
1067	37.2329	1458.69
1068	37.2761	1433.38
1069	37.3187	1433.24
1070	37.3611	1432.03
1071	37.4036	1431.84
1072	37.446	1431.76
1073	37.4886	1431.56
1074	37.5311	1431.08
1075	37.574	1430.89
1076	37.6166	1430.34
1077	37.6601	1429.98
1078	37.7035	1429.83
1079	37.7461	1429.75
1080	37.789	1429.75
1081	37.8321	1429.27
1082	37.8752	1429.2
1083	37.9183	1428.34
1084	37.9611	1428.31
1085	38.0042	1425.44
1086	38.0469	1425.18
1087	38.0954	1425.14
1088	38.1529	1423.58
1089	38.1965	1423.25
1090	38.2403	1423.25
1091	38.2839	1423.05
1092	38.3272	1408.37
1093	38.3712	1407.75
1094	38.418	1370.2
1095	38.4646	1370.18
1096	38.5085	1369.05
1097	38.5526	1368.75
1098	38.5965	1368.75
1099	38.6405	1368.75
1100	38.6846	1367.02
1101	38.7283	1366.49
1102	38.7854	1365.76
1103	38.8327	1365.65
1104	38.8772	1365.52
1105	38.9217	1365.43
1106	38.9665	1365.3
1108	39.0529	1365.03
1109	39.0967	1364.23
1110	39.1408	1363.81
1111	39.1843	1362.79
1112	39.2285	1361.99
1113	39.2725	1361.74
1115	39.3883	1361.44
1116	39.4672	1361.14
1117	39.5194	1360.8
1118	39.5657	1359
1119	39.6118	1358.04
1120	39.6563	1357.96
1121	39.7018	1357.96
1122	39.7475	1357.5
1123	39.7921	1357.38
1124	39.8367	1357.19
1125	39.8813	1357.06
1126	39.9256	1356.76
1127	39.9698	1355.54
1128	40.0147	1355.53
1129	40.0596	1355.37
1130	40.1039	1355.27
1131	40.1512	1355.18
1132	40.196	1354.93
1133	40.2421	1354.58
1134	40.2866	1344.82
1135	40.3313	1343.4
1136	40.3755	1342.08
1137	40.4199	1342.06
1138	40.466	1341.97
1139	40.5107	1341.92
1140	40.5568	1341.83
1141	40.6042	1304.02
1142	40.6503	1304
1143	40.6947	1303.13
1144	40.7396	1247.88
1145	40.7847	1247.68
1146	40.83	1247.65
1147	40.8747	1247.6
1148	40.9195	1247.31
1149	40.9642	1247.19
1150	41.0096	1247.1
1151	41.0546	1247.06
1152	41.099	1246.35
1153	41.1442	1246.18
1154	41.1893	1245.99
1155	41.234	1226.78
1156	41.2786	1226.64
1157	41.3232	1226.58
1158	41.3691	1226.57
1159	41.4148	1225.72
1160	41.4596	1225.41
1161	41.506	1225.33
1162	41.5519	1225.1
1163	41.5964	1212.96
1164	41.6412	1211.88
1165	41.6858	1211.6
1166	41.7325	1211.57
1167	41.7863	1211.37
1168	41.8315	1211.33
1169	41.8777	1211.32
1170	41.9233	1207.68
1171	41.9679	1207.65
1172	42.0127	1207.51
1173	42.0575	1207.4
1175	42.146	1206.99
1176	42.1905	1195
1177	42.2349	1164.4
1178	42.2793	1164.35
1179	42.3235	1164.29
1180	42.368	1164.14
1181	42.4121	1164.02
1182	42.4561	1161.27
1183	42.5009	1161.17
1184	42.5458	1160.97
1185	42.5914	1160.73
1186	42.6362	1160.72
1187	42.6805	1160.48
1188	42.7245	1159.86
1189	42.7712	1158.82
1190	42.8197	1158.81
1191	42.8649	1158.72
1192	42.91	1158.66
1193	42.9557	1156.38
1194	43.0008	1155.19
1195	43.0455	1155.17
1196	43.0903	1155.11
1197	43.1356	1153.81
1198	43.1805	1153.72
1199	43.2258	1153.21
1200	43.2704	1152.93
1201	43.3147	1152.9
1202	43.3593	1152.11
1203	43.4045	1152.08
1204	43.4498	1151.33
1205	43.4955	1147.67
1206	43.5407	1147.32
1207	43.5861	1146.78
1208	43.631	1137.99
1209	43.6772	1135.67
1210	43.7225	1135.64
1211	43.7675	1135.48
1212	43.8125	1135.44
1213	43.8572	1134.79
1214	43.9023	1134.34
1215	43.9481	1134.33
1216	43.9939	1134.19
1217	44.0389	1133.3
1218	44.0845	1133.22
1219	44.1294	1133.18
1220	44.1755	1133.14
1221	44.2205	1132.4
1222	44.2668	1129.43
1223	44.3132	1129.42
1224	44.3585	1129.37
1225	44.4035	1129.03
1226	44.4487	1129.01
1227	44.4942	1122.57
1228	44.54	1122.32
1229	44.5858	1117.2
1230	44.6314	1116.33
1231	44.6771	1115.42
1232	44.7224	1115.39
1233	44.7676	1115.22
1234	44.8126	1115.16
1235	44.8574	1114.93
1236	44.9028	1100.79
1237	44.948	1100.08
1238	44.9969	1085.42
1239	45.0452	1085.37
1240	45.0911	1076.16
1241	45.1376	1075.84
1242	45.1835	1074.03
1243	45.2298	1074.03
1244	45.2757	1073.97
1246	45.3677	1073.34
1247	45.4136	1067.58
1248	45.4587	1067.33
1249	45.5038	1067.31
1250	45.5491	1066.76
1251	45.5949	1065.81
1252	45.642	1065.81
1253	45.6879	1065.41
1254	45.7336	1064.69
1255	45.7791	1064.66
1256	45.8243	1064.63
1257	45.8695	983.406
1258	45.9148	983.071
1259	45.961	982.428
1260	46.0062	982.391
1261	46.0521	982.378
1262	46.0979	979.561
1263	46.1438	979.411
1264	46.1894	979.179
1265	46.2351	979.148
1266	46.2818	978.95
1267	46.3277	978.745
1268	46.3733	978.721
1269	46.4192	977.863
1270	46.4647	977.824
1271	46.5097	977.65
1272	46.5551	977.63
1273	46.6	977.588
1274	46.6457	977.551
1276	46.7364	970.919
1277	46.7821	968.691
1278	46.8277	968.238
1279	46.8737	968.121
1280	46.9192	967.994
1282	47.0104	967.757
1284	47.1015	967.676
1285	47.1473	967.62
1286	47.1993	967.62
1287	47.2469	967.589
1288	47.293	967.539
1289	47.3392	967.268
1290	47.3846	967.267
1291	47.4303	966.262
1292	47.4762	966.25
1293	47.5218	965.918
1294	47.567	965.899
1295	47.6123	965.581
1296	47.6586	965.23
1297	47.7043	965.2
1298	47.7506	965.19
1299	47.7976	965.128
1300	47.8447	956.051
1301	47.8906	956.05
1302	47.9365	954.313
1303	47.9826	953.996
1304	48.029	953.858
1305	48.0766	953.593
1306	48.1233	953.549
1307	48.1698	953.219
1308	48.2163	951.535
1309	48.2645	951.487
1310	48.3105	948.771
1311	48.3564	948.736
1312	48.4031	948.66
1313	48.4496	948.413
1314	48.4958	948.225
1315	48.5422	947.802
1316	48.5892	947.641
1317	48.6357	947.586
1318	48.6823	945.685
1319	48.7288	945.547
1320	48.7753	945.363
1321	48.8221	943.832
1322	48.868	943.58
1323	48.9141	943.538
1324	48.9601	942.677
1326	49.0523	942.378
1327	49.0989	942.355
1328	49.1456	942.306
1329	49.1922	934.55
1330	49.2389	934.529
1331	49.2855	934.48
1332	49.3324	934.348
1333	49.382	934.221
1335	49.4788	934.034
1336	49.5263	933.752
1337	49.5738	933.398
1338	49.6206	932.206
1339	49.6682	931.541
1340	49.7159	931.48
1341	49.7632	930.275
1342	49.8103	930.168
1344	49.9041	916.244
1345	49.9505	916.176
1346	49.997	916.166
1347	50.0438	916.096
1349	50.1371	916.072
1350	50.1845	914.146
1352	50.2791	914.145
1353	50.3271	914.138
1354	50.3741	905.17
1355	50.4207	905.15
1356	50.4676	904.966
1357	50.514	904.741
1358	50.5608	900.505
1359	50.6075	900.398
1360	50.6548	896.315
1361	50.7023	896.091
1362	50.7497	894.902
1363	50.7965	894.726
1364	50.8435	894.636
1365	50.8903	887.65
1366	50.9375	887.474
1367	50.9844	887.393
1368	51.032	887.392
1369	51.0801	860.531
1370	51.1266	859.826
1371	51.1741	859.803
1372	51.2221	859.803
1373	51.2696	859.593
1374	51.3172	859.587
1375	51.3652	857.85
1376	51.4129	857.131
1378	51.5078	857.082
1379	51.5555	857.049
1380	51.6051	856.747
1381	51.6527	855.171
1382	51.7004	853.622
1383	51.7482	853.578
1384	51.7957	853.393
1385	51.8432	853.292
1386	51.8905	853.02
1387	51.9379	852.953
1388	51.9873	852.916
1389	52.0351	852.876
1390	52.0826	852.572
1391	52.1302	852.554
1392	52.178	852.488
1393	52.2256	850.511
1394	52.2732	850.447
1395	52.3207	850.239
1396	52.3686	847.655
1397	52.4162	846.887
1398	52.4638	846.84
1399	52.5119	846.066
1401	52.6067	846.017
1402	52.6533	845.768
1403	52.7007	845.701
1404	52.7474	845.689
1405	52.7944	845.674
1407	52.8882	845.559
1408	52.9355	818.186
1409	52.9837	818.047
1410	53.0311	817.983
1411	53.0779	817.95
1412	53.1253	817.914
1413	53.173	817.733
1414	53.2206	817.227
1415	53.2683	817.215
1416	53.3156	817.195
1417	53.3632	817.146
1418	53.4109	817.053
1419	53.4583	816.564
1420	53.5054	816.563
1421	53.5525	816.135
1422	53.6	815.377
1423	53.6468	814.937
1424	53.6941	814.911
1425	53.7412	813.668
1426	53.7935	813.479
1427	53.8431	813.164
1428	53.8904	812.78
1429	53.938	812.542
1430	53.9855	812.54
1431	54.033	812.509
1432	54.0805	793.237
1433	54.128	792.886
1434	54.1749	792.582
1435	54.2223	792.509
1436	54.2703	791.037
1437	54.3174	791.001
1438	54.3653	791
1439	54.4128	790.999
1440	54.46	788.73
1441	54.5074	788.667
1442	54.5556	788.291
1443	54.604	788.248
1444	54.651	788.199
1446	54.7454	788.171
1448	54.8434	788.163
1449	54.8922	787.504
1450	54.9406	782.916
1451	54.9875	782.877
1452	55.0356	782.803
1453	55.0836	782.347
1454	55.1316	782.195
1455	55.1795	781.632
1456	55.2275	781.613
1457	55.2751	781.437
1458	55.323	779.188
1459	55.371	778.835
1460	55.4191	778.819
1461	55.4668	778.819
1462	55.514	778.396
1463	55.5609	778.386
1464	55.6082	777.891
1465	55.6558	777.824
1466	55.7036	777.475
1467	55.7522	776.578
1468	55.8001	776.574
1469	55.8477	776.567
1470	55.8951	776.393
1471	55.9439	776.382
1473	56.0413	775.747
1474	56.0891	761.618
1475	56.1376	759.723
1476	56.1847	759.646
1477	56.2313	759.627
1478	56.2771	759.596
1479	56.3233	759.55
1480	56.369	759.525
1481	56.4151	750.773
1482	56.4613	750.762
1483	56.507	750.751
1484	56.5552	749.581
1485	56.6027	749.524
1486	56.6488	749.458
1487	56.6948	749.417
1488	56.7409	748.954
1489	56.787	748.386
1490	56.8335	742.721
1491	56.8796	742.695
1492	56.9269	741.031
1493	56.9733	740.686
1494	57.0206	740.347
1495	57.0673	739.875
1496	57.1146	739.712
1497	57.1623	739.675
1498	57.2096	739.633
1499	57.2573	739.588
1500	57.3045	738.751
1501	57.3514	738.73
1502	57.3985	738.722
1503	57.4468	736.99
1504	57.4942	736.967
1505	57.541	736.885
1506	57.5877	736.864
1507	57.6346	735.01
1508	57.6821	735.009
1509	57.7294	735.007
1510	57.7761	732.828
1511	57.8229	732.712
1512	57.8743	732.619
1513	57.9228	732.607
1514	58.0148	732.058
1515	58.0875	731.668
1516	58.1415	718.863
1517	58.1897	677.875
1518	58.237	677.761
1519	58.2839	677.753
1520	58.3309	677.435
1521	58.3787	677.392
1522	58.427	677.276
1523	58.4758	677.23
1524	58.5275	677.196
1525	58.5829	676.823
1527	58.6814	676.82
1528	58.7299	676.392
1529	58.7785	676.355
1531	58.8754	676.326
1532	58.9242	676.262
1533	58.973	676.065
1534	59.0214	675.591
1535	59.0696	675.59
1536	59.1181	675.432
1537	59.1654	675.356
1538	59.2126	675.341
1539	59.2601	672.299
1540	59.3078	672.181
1541	59.3548	671.984
1542	59.4037	671.209
1543	59.4509	671.135
1544	59.4986	670.762
1545	59.5467	665.201
1546	59.5951	665.189
1547	59.6426	665.007
1548	59.6909	654.602
1549	59.7397	650.587
1550	59.7895	650.56
1551	59.8383	650.208
1552	59.8857	650.178
1553	59.9341	649.547
1554	59.9818	649.525
1555	60.0309	649.503
1556	60.0793	649.395
1557	60.1277	648.312
1558	60.1755	648.227
1559	60.2251	648.194
1561	60.3218	647.97
1562	60.3695	647.451
1563	60.4172	647.441
1564	60.4646	647.294
1565	60.5148	647.294
1566	60.5628	647.27
1567	60.6112	645.556
1568	60.66	645.537
1569	60.7086	640.796
1570	60.757	640.392
1571	60.8048	640.238
1572	60.8547	639.662
1573	60.9038	639.639
1574	60.9533	639.636
1575	61.003	639.591
1576	61.0523	633.624
1577	61.1007	633.522
1578	61.1494	632.51
1580	61.2495	628.388
1583	61.3967	628.381
1584	61.4472	628.353
1585	61.4967	628.308
1586	61.5462	627.599
1587	61.5949	618.67
1588	61.6434	618.648
1589	61.6919	618.647
1590	61.741	618.137
1591	61.7895	617.926
1593	61.8875	617.653
1594	61.9359	617.01
1595	61.984	617.003
1597	62.0807	615.67
1598	62.1291	615.408
1599	62.1776	615.215
1600	62.2268	615.171
1601	62.2758	615.16
1602	62.3248	608.916
1603	62.375	608.904
1605	62.4735	608.903
1606	62.522	608.766
1607	62.5712	607.854
1608	62.6213	607.78
1609	62.7097	607.622
1610	62.7672	607.393
1611	62.8193	607.277
1612	62.8718	606.382
1613	62.9231	606.347
1614	62.9734	606.344
1615	63.0253	606.343
1616	63.0748	606.07
1617	63.1264	599.854
1618	63.1781	599.704
1619	63.2302	599.677
1620	63.2799	599.668
1622	63.3784	599.479
1623	63.4276	599.478
1624	63.4767	599.431
1625	63.5254	599.32
1626	63.5743	599.319
1629	63.7218	599.21
1631	63.8486	599.181
1632	63.9035	599.177
1633	63.9534	598.299
1634	64.0025	598.285
1635	64.0519	598.255
1636	64.1011	598.041
1637	64.1506	598.029
1638	64.2008	598.025
1639	64.25	597.971
1640	64.3005	596.29
1641	64.3497	596.289
1642	64.3989	593.924
1643	64.448	593.794
1644	64.4971	593.275
1645	64.5476	593.274
1646	64.5973	592.938
1647	64.6471	591.851
1648	64.6969	591.163
1649	64.7465	591.008
1650	64.7967	589.242
1651	64.8464	586.912
1652	64.8956	586.886
1653	64.9449	586.88
1654	64.9949	586.703
1657	65.1435	586.678
1659	65.2427	586.467
1660	65.2923	586.449
1661	65.3423	586.306
1662	65.3927	586.29
1663	65.4425	586.28
1664	65.5469	585.577
1666	65.6704	585.526
1667	65.7204	585.505
1668	65.7704	585.467
1669	65.8211	584.042
1670	65.8711	583.841
1671	65.9208	583.82
1672	65.9718	583.81
1673	66.0223	583.801
1675	66.1231	583.778
1676	66.176	583.756
1677	66.2271	582.447
1678	66.2788	581.813
1679	66.3315	581.152
1681	66.4325	580.787
1682	66.4827	580.78
1683	66.5323	580.752
1684	66.5831	575.345
1685	66.634	575.324
1686	66.6851	575.282
1689	66.8374	575.264
1690	66.8875	575.017
1692	67.0023	575.012
1693	67.0531	575.007
1694	67.1028	573.839
1695	67.153	573.837
1696	67.2029	573.683
1697	67.2529	573.667
1699	67.3522	573.666
1700	67.402	559.152
1701	67.4536	558.986
1702	67.5039	557.644
1703	67.554	557.61
1704	67.605	556.938
1705	67.6562	556.067
1706	67.7069	555.943
1708	67.8087	555.942
1709	67.8592	509.148
1710	67.909	509.001
1711	67.9596	508.995
1712	68.0103	508.987
1713	68.0602	508.985
1714	68.1106	508.973
1715	68.1609	504.831
1716	68.2113	504.748
1718	68.3119	504.724
1719	68.3629	504.722
1720	68.4138	504.417
1721	68.4642	504.173
1723	68.5642	504.168
1724	68.6136	503.873
1725	68.6693	503.867
1727	68.7699	503.854
1728	68.8199	503.839
1729	68.8715	503.633
1730	68.9237	503.388
1731	68.9752	503.383
1732	69.0287	503.301
1733	69.0795	501.689
1734	69.1307	501.571
1735	69.1815	501.567
1736	69.2322	501.109
1737	69.2825	500.789
1738	69.3334	500.769
1739	69.3831	500.769
1740	69.4334	500.352
1741	69.4836	500.164
1742	69.534	499.561
1743	69.5851	499.402
1744	69.6358	499.398
1745	69.6884	499.397
1746	69.7401	499.396
1747	69.7911	499.375
1748	69.8414	498.268
1749	69.9128	498.253
1750	69.9756	498.251
1751	70.0266	498.215
1752	70.0777	498.211
1753	70.1275	498.022
1754	70.1778	497.772
1755	70.2277	497.725
1757	70.3294	497.702
1759	70.4294	497.527
1760	70.4799	497.517
1761	70.5298	497.449
1762	70.5809	497.349
1763	70.6308	497.092
1764	70.6811	497.088
1765	70.7322	497.053
1766	70.7831	496.891
1767	70.8337	496.814
1768	70.8844	496.608
1769	70.9354	496.426
1771	71.0381	496.421
1772	71.0903	494.363
1774	71.1917	492.866
1775	71.2422	492.855
1776	71.2935	492.855
1777	71.3446	492.834
1779	71.4453	492.83
1780	71.4954	492.757
1782	71.5958	492.215
1783	71.6488	492.202
1784	71.7003	492.194
1785	71.7503	492.114
1786	71.8001	492.095
1788	71.8996	492.091
1789	71.9489	492.071
1790	71.9984	491.417
1791	72.0484	491.413
1792	72.0994	491.38
1793	72.1499	484.054
1795	72.2518	484.019
1796	72.3029	484.016
1797	72.3536	483.65
1798	72.4051	483.004
1799	72.4564	482.983
1800	72.5077	482.976
1801	72.5578	482.975
1802	72.6081	482.969
1803	72.6581	482.967
1804	72.708	482.921
1805	72.7578	482.398
1806	72.8077	482.065
1807	72.8577	481.955
1808	72.9078	481.937
1809	72.9572	481.852
1810	73.0068	481.847
1811	73.0567	481.84
1812	73.1072	481.133
1813	73.1576	480.861
1814	73.2083	478.657
1815	73.2596	478.637
1816	73.3115	478.626
1817	73.362	478.599
1818	73.4124	478.569
1819	73.4628	478.546
1820	73.5138	478.513
1821	73.5643	448.473
1823	73.6666	448.472
1824	73.717	439.601
1825	73.7671	439.51
1826	73.8165	439.494
1827	73.8665	439.47
1828	73.9163	439.087
1830	74.0159	438.289
1831	74.066	438.239
1832	74.1165	437.912
1833	74.1664	437.727
1834	74.2176	437.523
1835	74.2678	437.387
1836	74.3182	437.273
1838	74.4188	437.214
1839	74.4696	437.191
1840	74.5198	436.722
1841	74.5697	436.711
1843	74.6703	435.38
1844	74.7204	435.371
1845	74.7705	435.175
1846	74.8219	435.173
1847	74.8728	434.976
1848	74.924	434.974
1849	74.9754	434.973
1850	75.0283	434.797
1851	75.0799	434.476
1852	75.1329	434.405
1853	75.1838	434.401
1854	75.2349	434.276
1855	75.2865	434.199
1856	75.3396	431.72
1857	75.3921	430.778
1858	75.4438	430.711
1859	75.4988	430.701
1860	75.5501	430.654
1861	75.6015	430.487
1862	75.653	430.456
1863	75.7038	430.448
1864	75.755	430.424
1865	75.8063	428.701
1866	75.8575	428.655
1867	75.909	428.642
1868	75.9606	428.422
1869	76.0121	428.165
1871	76.115	428.064
1872	76.1688	428.062
1873	76.2231	420.854
1874	76.2745	420.773
1875	76.3261	420.771
1876	76.3786	420.757
1877	76.432	420.756
1878	76.4837	420.696
1879	76.5347	418.675
1880	76.5858	418.306
1881	76.6372	418.063
1882	76.6888	417.936
1883	76.7398	417.9
1884	76.7919	417.768
1885	76.8431	417.724
1886	76.8957	417.705
1887	76.9516	416.609
1888	77.0028	414.89
1889	77.0536	414.652
1890	77.1048	414.635
1893	77.2618	414.199
1894	77.3141	413.395
1895	77.3684	413.394
1896	77.4218	413.346
1897	77.4759	412.743
1898	77.5281	412.74
1899	77.5803	412.687
1900	77.6326	412.684
1901	77.688	412.643
1902	77.7406	408.444
1904	77.8435	408.406
1905	77.8948	408.403
1906	77.9471	408.116
1907	78.0005	406.652
1908	78.0527	406.646
1909	78.1058	399.457
1910	78.1579	398.785
1911	78.2092	398.741
1913	78.3147	398.736
1914	78.3706	398.734
1915	78.4272	398.33
1916	78.4854	396.455
1917	78.5764	396.442
1918	78.6499	395.2
1920	78.7683	394.784
1921	78.8213	394.66
1923	78.926	394.659
1924	78.9786	394.646
1925	79.0314	394.617
1926	79.0851	394.241
1927	79.1391	393.835
1928	79.1931	393.105
1929	79.2453	393.1
1931	79.3503	393.072
1933	79.4567	392.862
1934	79.5083	392.415
1935	79.5603	392.407
1936	79.6122	392.39
1937	79.6641	391.632
1938	79.7165	391.591
1939	79.768	391.523
1940	79.82	391.457
1941	79.8745	391.451
1942	79.9274	391.024
1943	79.9797	391
1945	80.0843	390.994
1946	80.136	390.87
1947	80.1885	389.551
1948	80.2406	389.541
1949	80.2985	389.514
1950	80.3507	389.494
1951	80.4025	389.485
1952	80.4548	389.472
1956	80.661	389.296
1958	80.767	389.098
1960	80.8707	388.861
1962	80.9757	388.337
1964	81.0798	388.274
1965	81.1318	387.742
1966	81.1837	387.736
1967	81.2356	387.726
1969	81.3433	386.927
1971	81.4517	386.9
1972	81.5035	386.898
1973	81.5555	386.797
1975	81.6587	386.794
1977	81.7626	386.793
1978	81.8138	386.784
1979	81.8739	386.741
1980	81.9252	385.429
1981	81.9825	385.429
1982	82.035	382.551
1983	82.0901	382.547
1985	82.1957	382.528
1986	82.2477	382.428
1987	82.3001	382.287
1988	82.3533	382.221
1989	82.4061	382.208
1990	82.4584	380.668
1991	82.5108	380.657
1992	82.5637	380.585
1993	82.6178	380.578
1994	82.6692	380.547
1995	82.7209	380.177
1998	82.8801	380.157
1999	82.932	380.085
2000	82.9833	378.043
2001	83.0355	377.918
2002	83.0877	377.902
2004	83.1924	377.471
2006	83.2995	377.447
2007	83.3513	377.44
2008	83.4051	377.398
2009	83.4569	376.298
2010	83.5084	376.084
2011	83.5598	376.074
2012	83.6124	376.01
2013	83.6663	375.995
2015	83.772	375.985
2016	83.8237	375.948
2017	83.8754	375.23
2018	83.9267	374.915
2019	83.9782	374.315
2021	84.0839	373.813
2022	84.1359	373.781
2024	84.2401	372.032
2025	84.2956	371.988
2026	84.3474	371.966
2027	84.3992	371.9
2029	84.5026	371.876
2030	84.5549	371.746
2032	84.6628	371.742
2033	84.7145	371.741
2034	84.7716	370.33
2035	84.8282	370.326
2036	84.8823	370.213
2037	84.9344	370.189
2040	85.1316	359.199
2041	85.1937	359.05
2042	85.2564	359.027
2043	85.3125	359.006
2044	85.3668	358.995
2045	85.4245	358.698
2046	85.4769	358.563
2048	85.5807	358.559
2049	85.634	358.258
2050	85.6872	358.234
2052	85.7922	358.213
2053	85.8449	358.212
2054	85.8973	358.206
2055	85.9493	357.614
2056	86.0015	357.29
2058	86.1062	357.275
2059	86.1587	357.274
2060	86.2113	357.156
2061	86.2636	356.88
2062	86.3164	356.763
2063	86.3684	356.724
2064	86.4209	356.423
2065	86.4758	356.421
2066	86.5293	356.293
2067	86.5816	356.275
2068	86.6339	356.263
2069	86.6864	356.062
2070	86.7387	355.772
2071	86.7913	355.767
2072	86.8431	355.722
2073	86.8951	354.954
2074	86.9479	354.791
2075	87.0003	354.787
2076	87.0536	354.545
2077	87.1101	354.408
2078	87.163	354.391
2079	87.2158	353.936
2080	87.2689	353.93
2081	87.3215	353.788
2082	87.3749	353.727
2083	87.4265	353.655
2084	87.4789	353.653
2085	87.5311	353.645
2086	87.5868	353.645
2087	87.639	353.629
2088	87.692	353.533
2089	87.7455	353.479
2090	87.7982	353.474
2091	87.8525	353.43
2092	87.9047	353.427
2093	87.9578	353.401
2094	88.0114	353.15
2096	88.1163	353.144
2097	88.1683	353.132
2098	88.2182	353.033
2099	88.2685	352.949
2101	88.3706	352.886
2102	88.4213	352.817
2103	88.4715	352.791
2104	88.5217	352.791
2105	88.5716	352.116
2106	88.6231	352.026
2107	88.6742	351.796
2108	88.7249	351.607
2109	88.7753	351.56
2110	88.8273	351.548
2111	88.8874	351.543
2113	88.9925	351.332
2114	89.0434	351.222
2116	89.1443	351.176
2117	89.1952	351.173
2118	89.247	351.172
2119	89.2992	351.169
2120	89.3496	351.145
2121	89.4009	351.145
2122	89.4524	351.142
2123	89.503	351.135
2124	89.5543	351.135
2125	89.6051	351.056
2126	89.6557	351.052
2128	89.7602	351.047
2130	89.8609	350.826
2132	89.9618	350.816
2133	90.0132	350.759
2134	90.065	350.743
2135	90.1161	350.622
2136	90.1674	350.593
2137	90.218	350.332
2138	90.2693	350.138
2140	90.3713	350.135
2141	90.4221	350.134
2142	90.4766	350.078
2143	90.5287	350.052
2144	90.5804	350.046
2146	90.6813	350.003
2147	90.7329	349.774
2148	90.7867	349.739
2149	90.8377	349.62
2150	90.8885	349.62
2151	90.9395	349.617
2152	90.99	349.559
2153	91.0405	349.417
2154	91.0921	349.242
2155	91.1425	349.097
2156	91.1951	349.09
2157	91.2473	349.062
2158	91.2994	349.057
2159	91.3498	349
2160	91.4005	348.998
2161	91.4525	341.465
2162	91.504	341.465
2163	91.5553	341.461
2164	91.6062	329.558
2165	91.6787	328.642
2166	91.7462	328.617
2167	91.8057	328.58
2168	91.8586	328.522
2170	91.9623	328.367
2171	92.0139	328.362
2172	92.0658	328.238
2173	92.1167	328.089
2174	92.1674	327.639
2175	92.2182	327.626
2176	92.271	327.472
2178	92.3734	327.43
2179	92.4247	327.132
2180	92.4755	326.888
2181	92.5263	326.883
2183	92.6292	326.092
2184	92.6805	326.082
2185	92.732	326.08
2186	92.7832	326.079
2187	92.834	324.271
2188	92.8857	324.269
2189	92.9504	324.268
2190	93.0024	324.155
2191	93.0533	324.147
2192	93.1051	324.143
2193	93.1561	324.127
2195	93.2602	324.048
2196	93.3115	323.926
2197	93.3645	323.733
2198	93.4171	323.72
2199	93.4692	323.71
2200	93.5201	323.639
2201	93.5715	323.631
2202	93.6248	323.607
2204	93.727	323.572
2205	93.778	323.167
2206	93.8285	323.15
2207	93.8786	323.148
2208	93.9289	323.132
2209	93.9797	322.988
2211	94.0811	322.981
2212	94.1317	322.977
2213	94.1822	322.792
2214	94.2343	322.733
2215	94.2856	322.733
2216	94.3367	322.726
2217	94.3881	322.725
2218	94.4383	322.703
2219	94.4895	322.601
2220	94.5396	321.573
2221	94.5905	321.24
2222	94.6408	321.149
2223	94.6912	321.124
2224	94.7416	321.064
2225	94.793	321.024
2226	94.8442	321.02
2227	94.8956	321.004
2228	94.946	320.422
2231	95.1032	320.393
2232	95.1548	320.159
2233	95.207	319.833
2234	95.2588	319.526
2235	95.3105	319.525
2237	95.4136	318.714
2238	95.4651	318.709
2239	95.5162	318.686
2240	95.5674	318.682
2241	95.619	318.638
2242	95.6708	318.566
2243	95.7222	318.549
2244	95.7734	318.507
2245	95.824	318.507
2246	95.8743	318.272
2247	95.9248	318.154
2248	95.9754	318.141
2249	96.027	317.457
2251	96.1286	317.445
2253	96.2294	317.432
2254	96.2805	317.43
2255	96.331	317.417
2256	96.382	317.158
2258	96.4877	316.588
2260	96.5906	316.532
2261	96.6421	316.404
2263	96.7449	316.402
2266	96.8989	316.078
2267	96.9493	314.862
2269	97.0503	314.855
2271	97.152	314.853
2272	97.2028	314.845
2273	97.2596	314.653
2274	97.3137	314.328
2275	97.3669	314.325
2277	97.4703	314.162
2279	97.5732	314.125
2280	97.6243	314.094
2281	97.6756	314.082
2282	97.7264	313.68
2283	97.7778	313.592
2284	97.8293	313.586
2289	98.1262	313.48
2290	98.1922	313.475
2291	98.246	313.259
2292	98.2981	313.249
2293	98.3495	313.227
2296	98.5036	312.734
2298	98.6058	312.483
2299	98.6581	312.478
2300	98.7104	312.397
2302	98.8136	312.178
2303	98.865	312.021
2304	98.916	312.02
2305	98.9672	311.98
2306	99.018	311.97
2308	99.1199	311.969
2311	99.2746	311.967
2312	99.3279	311.964
2313	99.3798	311.94
2316	99.541	311.89
2317	99.593	311.885
2318	99.645	311.88
2319	99.6967	311.867
2320	99.7484	311.079
2321	99.7997	311.078
2322	99.8507	310.516
2323	99.9021	310.512
2325	100.004	310.483
2326	100.056	310.477
2327	100.107	309.731
2329	100.21	309.729
2330	100.262	308.114
2331	100.314	308.089
2332	100.366	307.871
2333	100.418	307.869
2334	100.47	307.821
2335	100.522	307.554
2337	100.625	307.552
2338	100.677	307.528
2339	100.73	307.515
2340	100.782	307.512
2341	100.833	307.384
2342	100.884	307.366
2344	100.987	305.899
2347	101.141	305.891
2348	101.193	305.89
2349	101.245	304.952
2350	101.297	304.852
2351	101.349	304.849
2352	101.403	304.794
2353	101.456	304.79
2354	101.507	304.783
2356	101.615	304.75
2357	101.672	304.031
2358	101.725	303.685
2359	101.777	303.302
2361	101.881	302.692
2362	101.932	302.623
2363	101.984	302.618
2364	102.035	302.384
2365	102.087	302.368
2366	102.138	302.364
2367	102.19	302.311
2368	102.243	302.261
2369	102.295	302.26
2370	102.347	301.985
2371	102.399	301.195
2372	102.452	301.194
2374	102.555	300.856
2375	102.607	300.834
2376	102.658	300.834
2377	102.71	300.788
2378	102.761	300.46
2380	102.864	300.115
2381	102.916	300.112
2382	102.967	299.976
2383	103.018	299.961
2384	103.069	299.94
2385	103.121	299.935
2386	103.172	299.905
2387	103.223	299.904
2389	103.328	288.535
2390	103.38	288.512
2392	103.483	288.511
2393	103.534	288.458
2394	103.586	288.456
2395	103.638	288.447
2396	103.691	288.037
2398	103.795	288.035
2399	103.853	288.011
2400	103.905	287.997
2401	103.958	287.872
2402	104.009	287.793
2404	104.113	287.651
2405	104.164	287.639
2407	104.268	287.631
2408	104.319	287.627
2409	104.371	287.626
2410	104.423	287.516
2411	104.475	287.515
2412	104.526	287.433
2413	104.578	285.98
2414	104.63	285.811
2415	104.681	285.799
2416	104.733	285.259
2417	104.785	285.237
2418	104.836	285.232
2419	104.887	285.195
2421	104.991	285.191
2422	105.043	285.137
2423	105.095	285.019
2424	105.147	285.016
2427	105.303	285.013
2428	105.355	285.002
2429	105.408	284.993
2430	105.464	284.991
2431	105.517	284.984
2432	105.569	284.983
2433	105.622	284.82
2434	105.674	284.332
2437	105.829	284.326
2438	105.882	284.276
2439	105.933	284.205
2440	105.988	284.201
2441	106.042	284.166
2442	106.095	283.885
2443	106.147	283.595
2444	106.2	283.595
2445	106.252	282.958
2446	106.304	282.754
2447	106.356	282.747
2448	106.408	282.692
2449	106.461	282.671
2450	106.512	282.656
2451	106.564	282.65
2452	106.617	282.272
2453	106.668	282.265
2454	106.72	282.261
2455	106.772	282.244
2456	106.824	282.204
2457	106.876	282.203
2458	106.927	282.203
2459	106.979	282.202
2460	107.032	282.2
2462	107.136	282.1
2463	107.188	282.095
2465	107.294	281.794
2466	107.346	281.794
2467	107.398	281.768
2468	107.451	281.767
2470	107.555	281.719
2472	107.66	281.712
2473	107.713	281.671
2474	107.765	281.551
2475	107.816	281.528
2476	107.869	281.52
2477	107.921	281.2
2478	107.973	281.167
2479	108.025	281.163
2480	108.077	281.129
2482	108.184	281.115
2483	108.239	281.114
2485	108.345	281.046
2486	108.399	280.552
2487	108.452	280.32
2488	108.505	280.308
2489	108.557	280.291
2490	108.609	280.284
2491	108.661	280.282
2493	108.774	280.27
2494	108.827	280.223
2495	108.881	280.19
2496	108.935	280.184
2498	109.042	280.156
2499	109.095	279.988
2500	109.149	279.807
2501	109.202	274.019
2502	109.257	274.017
2503	109.31	274.017
2504	109.366	257.237
2505	109.421	255.565
2506	109.478	255.525
2507	109.534	255.504
2508	109.589	255.471
2509	109.644	255.428
2511	109.757	255.423
2512	109.811	254.767
2513	109.865	254.686
2515	109.972	254.667
2516	110.026	254.618
2517	110.079	254.616
2518	110.133	254.607
2519	110.187	254.327
2520	110.241	254.271
2521	110.295	254.27
2523	110.406	254.072
2525	110.513	254.071
2526	110.575	254.07
2527	110.633	254.021
2528	110.692	254.02
2529	110.746	254.02
2530	110.8	253.9
2531	110.854	253.891
2532	110.907	253.89
2533	110.96	253.795
2535	111.067	253.786
2536	111.124	253.721
2537	111.178	253.694
2538	111.232	253.637
2539	111.286	253.634
2541	111.402	253.629
2542	111.456	253.602
2543	111.509	253.593
2544	111.563	253.587
2545	111.616	253.147
2546	111.669	253.145
2548	111.775	253.135
2549	111.827	253.017
2550	111.88	252.998
2551	111.934	252.996
2552	111.986	252.995
2553	112.038	252.079
2554	112.091	252.046
2555	112.143	252.046
2556	112.196	252.042
2557	112.251	252.04
2558	112.305	252.033
2559	112.361	251.337
2560	112.414	251.206
2561	112.467	251.202
2562	112.521	251.171
2563	112.575	251.166
2564	112.633	251.128
2566	112.743	251.101
2567	112.798	251.066
2568	112.851	249.583
2570	112.957	249.583
2571	113.01	249.492
2573	113.116	249.335
2574	113.169	249.33
2577	113.328	248.675
2578	113.381	248.673
2580	113.488	248.666
2582	113.594	245.845
2584	113.7	245.735
2585	113.753	245.729
2587	113.859	245.667
2588	113.912	245.665
2589	113.965	245.128
2590	114.018	245.124
2593	114.177	245.12
2594	114.23	245.118
2596	114.336	244.846
2598	114.442	244.27
2600	114.546	244.237
2601	114.599	244.224
2603	114.704	244.222
2606	114.873	244.007
2607	114.927	243.994
2609	115.035	243.993
2610	115.087	243.32
2611	115.14	243.312
2613	115.247	243.151
2614	115.3	242.943
2615	115.353	242.94
2616	115.407	242.936
2617	115.459	242.843
2618	115.512	242.817
2619	115.565	242.802
2620	115.618	242.778
2621	115.671	242.772
2622	115.725	242.333
2623	115.778	242.31
2625	115.885	242.309
2626	115.938	241.975
2627	115.991	241.908
2628	116.044	241.904
2629	116.097	241.889
2630	116.15	241.872
2631	116.203	241.004
2632	116.255	241.002
2633	116.308	240.981
2636	116.467	240.759
2638	116.573	240.742
2639	116.625	240.711
2640	116.678	240.699
2642	116.785	240.568
2643	116.838	240.567
2644	116.891	240.466
2645	116.945	240.446
2646	117.002	240.446
2651	117.268	240.433
2652	117.321	240.432
2653	117.374	240.423
2656	117.535	240.408
2658	117.641	240.407
2660	117.747	239.724
2661	117.8	239.723
2662	117.854	239.007
2663	117.906	239.006
2664	117.96	238.983
2667	118.12	238.826
2668	118.174	238.767
2669	118.228	238.765
2670	118.281	238.402
2671	118.336	238.372
2672	118.388	238.366
2674	118.495	238.356
2675	118.55	238.086
2677	118.657	238.069
2678	118.734	238.033
2680	118.855	237.829
2681	118.908	237.745
2684	119.068	237.036
2685	119.12	237.035
2686	119.172	237.026
2687	119.23	237.025
2689	119.337	236.267
2691	119.443	236.244
2692	119.497	236.03
2693	119.55	236.026
2696	119.711	236.001
2697	119.764	235.6
2698	119.818	235.327
2699	119.871	235.007
2701	119.976	234.701
2702	120.028	234.699
2703	120.081	234.69
2704	120.134	234.465
2705	120.185	234.45
2706	120.235	234.448
2708	120.337	234.433
2709	120.388	234.427
2710	120.439	233.812
2712	120.54	233.812
2713	120.591	233.811
2714	120.641	231.462
2717	120.795	231.459
2719	120.898	231.459
2720	120.95	231.041
2721	121.001	231.03
2722	121.052	231.019
2723	121.103	231.012
2724	121.155	231.01
2725	121.206	230.892
2726	121.257	230.854
2727	121.309	230.853
2728	121.363	230.851
2729	121.415	230.334
2730	121.467	230.312
2732	121.57	230.311
2733	121.622	230.118
2734	121.674	230.117
2735	121.725	230.116
2736	121.776	229.951
2738	121.878	229.949
2739	121.93	229.941
2741	122.033	229.865
2742	122.085	229.849
2743	122.136	229.848
2744	122.187	229.77
2745	122.239	229.765
2746	122.291	229.733
2747	122.342	229.702
2749	122.446	229.677
2750	122.497	229.558
2751	122.549	229.555
2752	122.6	229.45
2753	122.653	228.351
2754	122.705	228.196
2755	122.757	228.194
2756	122.809	228.055
2758	122.912	228.04
2759	122.964	228.035
2761	123.066	227.993
2762	123.117	227.952
2763	123.168	227.948
2764	123.219	227.947
2765	123.271	227.947
2766	123.324	227.942
2767	123.376	227.942
2770	123.536	227.94
2771	123.588	227.918
2772	123.64	227.913
2773	123.693	227.903
2774	123.745	227.888
2776	123.847	227.887
2777	123.899	227.887
2778	123.951	227.692
2779	124.003	227.684
2780	124.055	227.684
2781	124.107	227.658
2782	124.158	227.629
2783	124.21	227.618
2784	124.263	227.586
2785	124.315	227.294
2786	124.367	227.186
2787	124.42	227.185
2788	124.472	227.181
2789	124.524	227.177
2790	124.576	227.151
2791	124.629	227.147
2793	124.733	227.141
2794	124.784	227.109
2795	124.836	227.108
2796	124.887	227.101
2797	124.938	227.1
2799	125.041	227.095
2801	125.144	227.086
2802	125.197	226.945
2804	125.302	226.944
2805	125.355	226.876
2807	125.459	226.854
2808	125.511	226.853
2809	125.564	226.845
2810	125.619	226.464
2811	125.673	226.461
2812	125.726	226.453
2813	125.779	226.325
2815	125.883	226.323
2816	125.936	226.313
2817	125.988	226.112
2818	126.04	226.098
2819	126.093	226.092
2820	126.145	226.091
2822	126.249	226.083
2823	126.301	226.081
2824	126.355	225.928
2825	126.408	225.881
2826	126.462	225.567
2827	126.514	225.463
2828	126.567	225.456
2829	126.62	225.354
2830	126.673	225.342
2831	126.727	225.339
2832	126.779	225.302
2833	126.832	225.257
2834	126.884	225.251
2835	126.937	225.224
2837	127.041	225.069
2838	127.093	225.059
2840	127.198	224.852
2841	127.25	221.286
2843	127.354	221.285
2844	127.406	220.243
2845	127.459	219.151
2846	127.511	219.066
2847	127.564	219.041
2848	127.617	219.008
2849	127.669	218.769
2851	127.776	218.767
2852	127.83	218.367
2853	127.883	218.332
2854	127.936	218.325
2855	127.99	218.306
2856	128.043	218.232
2857	128.095	218.223
2858	128.148	218.203
2859	128.201	218.195
2860	128.254	218.187
2862	128.359	218.184
2863	128.413	218.082
2864	128.465	218.078
2865	128.519	217.386
2866	128.572	217.384
2867	128.625	216.792
2868	128.678	216.792
2869	128.73	216.791
2870	128.783	216.732
2871	128.836	216.712
2872	128.889	216.709
2873	128.942	216.644
2875	129.047	216.627
2876	129.1	216.593
2877	129.153	216.346
2878	129.205	216.323
2879	129.259	216.322
2881	129.366	216.296
2882	129.419	216.288
2884	129.525	216.269
2885	129.579	215.991
2886	129.632	215.991
2887	129.685	215.989
2888	129.738	215.988
2889	129.791	215.962
2890	129.844	215.72
2891	129.898	215.718
2892	129.955	215.716
2893	130.01	215.237
2895	130.117	215.236
2896	130.17	215.23
2898	130.277	215.207
2899	130.33	215.09
2900	130.383	214.991
2902	130.488	214.959
2903	130.541	214.925
2904	130.595	214.916
2906	130.701	214.892
2907	130.754	214.883
2908	130.809	214.605
2910	130.914	214.603
2913	131.073	214.435
2914	131.13	214.235
2916	131.236	214.201
2917	131.29	213.794
2918	131.344	213.791
2920	131.451	213.789
2922	131.558	213.023
2923	131.611	213.022
2924	131.665	213.021
2926	131.77	212.966
2928	131.875	212.965
2929	131.929	212.479
2930	131.982	212.477
2931	132.035	212.455
2934	132.201	212.454
2936	132.308	211.86
2938	132.414	211.438
2940	132.521	211.085
2941	132.574	211.046
2943	132.681	211.043
2946	132.841	210.923
2949	132.998	210.917
2951	133.104	210.911
2952	133.158	210.903
2953	133.21	210.674
2954	133.264	210.406
2955	133.317	210.403
2957	133.424	210.373
2958	133.478	210.354
2959	133.533	210.344
2960	133.586	210.341
2961	133.641	210.341
2963	133.748	210.337
2965	133.856	210.324
2966	133.909	210.312
2967	133.961	210.284
2970	134.119	210.267
2971	134.172	209.692
2972	134.225	209.669
2973	134.279	209.658
2976	134.444	209.556
2978	134.552	209.526
2979	134.605	209.525
2980	134.659	209.402
2982	134.766	209.362
2984	134.871	209.228
2986	134.977	209.225
2988	135.083	209.222
2991	135.241	209.208
2992	135.295	209.196
2993	135.349	209.194
2995	135.457	208.62
2998	135.618	208.613
3000	135.726	208.202
3001	135.78	208.198
3002	135.833	208.025
3003	135.887	208.02
3005	135.995	208.017
3007	136.102	207.136
3010	136.262	206.336
3013	136.425	206.335
3014	136.479	205.751
3015	136.537	205.5
3017	136.647	205.499
3018	136.701	205.431
3019	136.755	205.414
3021	136.865	205.3
3024	137.027	203.758
3025	137.081	203.756
3029	137.295	203.145
3031	137.403	203.135
3032	137.457	202.9
3033	137.51	202.898
3036	137.672	202.878
3037	137.725	202.565
3038	137.778	202.286
3039	137.832	202.03
3041	137.939	201.838
3045	138.152	201.818
3048	138.314	201.808
3052	138.53	201.807
3053	138.585	201.806
3054	138.64	201.689
3057	138.806	201.687
3060	138.967	201.635
3061	139.02	201.635
3062	139.074	201.629
3063	139.128	201.623
3064	139.181	201.619
3065	139.236	201.515
3066	139.289	201.514
3067	139.343	201.513
3068	139.398	201.513
3069	139.451	200.061
3070	139.505	200.048
3072	139.614	200.047
3073	139.668	200.037
3074	139.722	200.036
3075	139.776	200
3076	139.83	199.981
3078	139.938	199.963
3079	139.992	199.961
3081	140.1	199.827
3082	140.156	199.81
3084	140.265	199.732
3085	140.318	199.731
3086	140.372	199.694
3087	140.426	199.681
3088	140.48	199.681
3089	140.536	199.626
3091	140.644	199.624
3092	140.698	199.606
3094	140.806	199.497
3095	140.86	199.492
3096	140.919	199.38
3097	140.974	199.329
3098	141.029	199.325
3099	141.085	199.225
3101	141.193	199.221
3102	141.247	199.215
3103	141.301	199.209
3104	141.355	199.209
3107	141.519	199.203
3108	141.572	199.199
3110	141.681	199.198
3111	141.735	199.198
3112	141.789	199.192
3113	141.843	199.189
3114	141.897	199.148
3116	142.004	199.146
3118	142.11	199.086
3119	142.163	199.073
3120	142.217	199.072
3121	142.271	198.869
3122	142.326	198.844
3123	142.38	198.727
3124	142.436	198.722
3125	142.49	198.711
3126	142.544	198.666
3127	142.599	198.664
3128	142.653	198.663
3129	142.708	198.659
3130	142.762	198.636
3131	142.816	198.634
3132	142.87	198.432
3133	142.924	198.427
3134	142.977	198.372
3135	143.031	198.372
3137	143.146	198.37
3138	143.2	198.369
3139	143.255	198.366
3142	143.416	198.294
3143	143.47	198.282
3144	143.525	198.282
3145	143.58	198.252
3147	143.689	198.23
3148	143.743	198.227
3149	143.797	198.182
3150	143.851	197.421
3151	143.904	197.385
3152	143.957	197.359
3153	144.011	197.335
3156	144.173	197.324
3157	144.228	197.272
3158	144.282	197.264
3159	144.336	197.264
3162	144.497	197.227
3163	144.551	197.219
3166	144.717	197.102
3167	144.774	197.07
3168	144.829	197.064
3169	144.884	197.011
3170	144.939	197.011
3171	144.993	197.009
3173	145.101	197.004
3174	145.155	196.982
3176	145.261	196.974
3178	145.376	196.974
3180	145.485	196.881
3181	145.539	196.792
3182	145.593	196.791
3184	145.704	195.53
3185	145.759	194.626
3186	145.814	194.57
3187	145.868	194.549
3188	145.923	194.521
3189	145.976	194.508
3191	146.082	194.506
3193	146.193	194.427
3196	146.355	194.425
3197	146.408	194.419
3198	146.461	194.412
3199	146.515	194.327
3201	146.622	194.314
3202	146.678	194.311
3203	146.733	194.086
3204	146.788	194.085
3205	146.842	194.081
3206	146.896	194.081
3207	146.951	193.91
3208	147.005	193.909
3209	147.06	193.909
3210	147.114	193.834
3211	147.168	193.832
3212	147.222	193.764
3213	147.276	193.758
3215	147.385	193.755
3216	147.44	193.733
3217	147.494	193.704
3218	147.55	193.697
3219	147.604	193.69
3220	147.66	193.68
3221	147.714	193.676
3222	147.769	193.675
3224	147.877	193.674
3225	147.931	193.449
3227	148.038	193.446
3228	148.091	193.43
3231	148.254	193.429
3232	148.308	193.429
3233	148.362	193.256
3234	148.415	193.248
3235	148.469	193.248
3236	148.524	193.245
3237	148.578	193.243
3238	148.633	193.21
3239	148.687	193.141
3240	148.741	193.06
3243	148.903	193.05
3246	149.065	193.038
3247	149.12	193.027
3248	149.174	192.603
3249	149.228	192.586
3251	149.336	192.582
3253	149.445	192.265
3254	149.499	192.241
3257	149.663	192.096
3258	149.729	192.095
3261	149.911	192.088
3262	149.965	192.087
3267	150.235	192.086
3269	150.343	191.277
3270	150.397	191.277
3273	150.56	191.267
3278	150.832	191.093
3281	150.996	191.042
3282	151.051	191.038
3283	151.105	191.037
3287	151.322	190.951
3289	151.431	190.924
3291	151.541	190.922
3292	151.595	190.711
3293	151.65	190.597
3294	151.705	190.489
3297	151.868	190.468
3299	151.975	190.465
3302	152.143	189.625
3303	152.198	189.614
3308	152.47	189.599
3309	152.524	189.594
3310	152.579	189.593
3311	152.633	189.352
3312	152.687	189.336
3313	152.742	189.335
3317	152.96	189.325
3318	153.013	189.321
3319	153.068	189.306
3320	153.122	189.305
3322	153.225	189.101
3325	153.379	189.043
3326	153.43	189.041
3331	153.686	189.032
3332	153.738	189.029
3336	153.945	189.016
3338	154.047	189.015
3339	154.098	189.011
3340	154.151	188.674
3341	154.207	188.669
3342	154.26	188.505
3343	154.312	188.503
3344	154.364	188.309
3346	154.47	188.307
3347	154.522	188.264
3350	154.677	187.799
3353	154.836	187.798
3354	154.889	187.75
3355	154.942	187.531
3356	154.994	187.355
3358	155.099	187.341
3361	155.255	187.264
3364	155.413	187.137
3366	155.518	187.131
3368	155.623	187.124
3369	155.676	186.573
3371	155.782	186.557
3372	155.834	186.48
3373	155.887	186.477
3374	155.94	186.463
3376	156.044	186.458
3377	156.095	186.262
3378	156.147	186.129
3379	156.2	185.812
3380	156.254	185.812
3381	156.308	185.701
3383	156.415	185.69
3385	156.523	185.678
3388	156.683	185.656
3390	156.79	185.275
3394	156.997	185.159
3397	157.153	185.157
3400	157.31	185.128
3401	157.362	185.126
3402	157.415	185.123
3403	157.468	185.09
3404	157.521	185.09
3405	157.573	184.898
3406	157.627	184.896
3407	157.68	184.896
3409	157.787	184.589
3410	157.84	184.578
3412	157.946	184.568
3413	157.999	184.527
3415	158.105	184.52
3416	158.157	184.52
3418	158.262	184.517
3419	158.315	184.515
3420	158.368	184.478
3421	158.423	184.421
3422	158.477	184.379
3423	158.531	184.378
3424	158.584	184.32
3425	158.637	184.32
3426	158.691	184.303
3427	158.744	184.288
3428	158.797	184.288
3429	158.85	184.237
3431	158.955	184.236
3432	159.007	184.199
3434	159.111	184.07
3435	159.164	183.966
3436	159.217	183.904
3437	159.269	183.9
3438	159.322	183.899
3439	159.375	183.887
3441	159.482	183.882
3442	159.537	183.864
3443	159.593	183.862
3445	159.699	183.86
3447	159.806	183.833
3450	159.964	183.832
3451	160.018	183.831
3452	160.072	183.831
3453	160.126	183.82
3454	160.179	183.802
3458	160.391	183.776
3459	160.445	183.738
3460	160.497	183.738
3461	160.551	183.714
3462	160.608	183.707
3463	160.662	183.479
3464	160.717	183.475
3465	160.771	183.233
3466	160.826	183.145
3467	160.88	183.143
3469	160.987	183.142
3470	161.04	183.107
3472	161.146	182.753
3474	161.253	182.749
3475	161.307	182.749
3476	161.362	182.738
3477	161.416	182.734
3478	161.47	182.733
3479	161.524	182.731
3483	161.737	182.729
3484	161.79	182.728
3485	161.843	182.71
3489	162.058	182.698
3490	162.11	182.658
3491	162.163	182.644
3492	162.217	182.623
3493	162.27	182.61
3495	162.377	182.593
3496	162.431	182.589
3497	162.485	182.585
3498	162.538	182.583
3499	162.594	182.58
3500	162.648	182.58
3502	162.758	182.578
3506	162.973	182.491
3507	163.027	182.375
3508	163.081	182.373
3509	163.134	182.362
3510	163.188	182.361
3511	163.241	182.36
3512	163.295	182.354
3514	163.401	182.345
3516	163.507	182.337
3517	163.561	182.331
3518	163.615	182.327
3520	163.723	182.273
3521	163.776	182.252
3523	163.884	182.252
3524	163.937	182.178
3525	163.99	182.098
3526	164.044	182.022
3527	164.098	181.991
3528	164.153	181.976
3531	164.318	181.967
3533	164.428	181.919
3536	164.59	181.9
3537	164.644	181.895
3540	164.806	181.86
3541	164.86	181.853
3542	164.918	181.85
3543	164.976	181.838
3545	165.084	181.836
3547	165.192	181.746
3549	165.302	181.746
3550	165.357	181.7
3551	165.412	181.696
3553	165.52	181.69
3555	165.629	181.436
3556	165.683	181.435
3559	165.845	181.431
3560	165.899	181.425
3561	165.953	181.423
3564	166.116	181.422
3565	166.17	181.186
3567	166.278	181.186
3568	166.336	181.172
3573	166.607	180.845
3576	166.77	180.841
3578	166.878	180.83
3579	166.931	180.77
3580	166.985	180.723
3583	167.15	180.715
3586	167.311	180.711
3587	167.366	180.672
3589	167.474	180.671
3590	167.529	180.671
3591	167.584	180.611
3592	167.639	180.607
3593	167.693	180.511
3594	167.746	180.501
3596	167.854	180.496
3597	167.91	180.379
3598	167.965	180.364
3602	168.181	180.363
3603	168.235	180.362
3604	168.289	180.361
3607	168.452	180.352
3608	168.506	180.352
3609	168.56	180.008
3613	168.781	179.991
3618	169.06	179.838
3621	169.225	179.826
3623	169.336	179.824
3626	169.502	179.614
3627	169.556	179.612
3629	169.665	179.565
3631	169.773	179.563
3632	169.826	179.153
3633	169.88	179.03
3634	169.933	178.866
3635	169.987	178.865
3636	170.041	178.863
3637	170.094	178.849
3638	170.148	178.562
3641	170.309	178.539
3643	170.418	178.516
3646	170.584	178.512
3647	170.639	178.504
3650	170.868	178.496
3651	170.922	178.158
3652	170.977	178.129
3653	171.033	178.106
3655	171.143	178.075
3657	171.253	178.057
3662	171.531	177.919
3664	171.64	177.827
3665	171.697	177.792
3666	171.752	177.791
3669	171.918	177.789
3671	172.027	177.773
3672	172.084	177.771
3678	172.414	177.771
3679	172.469	177.761
3680	172.524	177.523
3681	172.579	177.508
3682	172.635	177.383
3683	172.69	177.382
3684	172.746	177.327
3685	172.8	177.324
3686	172.855	177.322
3688	172.964	177.315
3690	173.073	176.981
3695	173.348	176.467
3696	173.402	176.373
3697	173.456	176.371
3699	173.567	176.319
3700	173.622	176.313
3701	173.677	176.26
3704	173.843	176.043
3705	173.899	176.041
3709	174.117	175.393
3712	174.281	175.347
3713	174.335	175.337
3716	174.496	175.33
3717	174.55	175.139
3718	174.604	175.126
3719	174.66	174.999
3721	174.769	174.907
3722	174.824	174.866
3723	174.88	174.856
3725	174.989	174.831
3728	175.153	174.196
3730	175.263	173.951
3732	175.374	173.951
3734	175.483	173.862
3736	175.594	173.855
3741	175.869	173.853
3743	175.981	173.848
3744	176.035	173.846
3745	176.09	173.685
3746	176.145	173.681
3747	176.199	173.68
3749	176.31	173.542
3750	176.364	173.536
3752	176.476	173.533
3753	176.532	173.464
3754	176.587	173.463
3755	176.642	173.462
3756	176.697	173.304
3758	176.808	173.303
3759	176.862	173.302
3760	176.917	173.21
3761	176.971	173.066
3762	177.026	173.056
3763	177.081	173.051
3764	177.136	172.97
3765	177.192	172.968
3767	177.301	172.95
3772	177.574	172.911
3774	177.686	172.784
3775	177.742	172.784
3776	177.796	172.712
3778	177.906	172.711
3780	178.016	172.685
3781	178.071	172.676
3782	178.128	172.675
3783	178.183	172.671
3784	178.239	172.671
3786	178.349	172.669
3788	178.457	172.669
3790	178.567	172.668
3791	178.63	172.667
3792	178.692	172.665
3793	178.749	172.657
3794	178.804	172.634
3796	178.915	172.627
3798	179.025	172.386
3799	179.145	172.354
3800	179.21	172.354
3801	179.265	172.35
3802	179.321	172.34
3803	179.376	172.333
3804	179.432	172.332
3805	179.488	171.697
3806	179.544	171.668
3807	179.599	171.667
3809	179.711	171.666
3810	179.767	171.645
3811	179.843	171.643
3816	180.17	171.638
3817	180.226	171.632
3818	180.282	171.632
3819	180.34	171.629
3821	180.468	171.625
3823	180.579	171.618
3825	180.69	171.6
3826	180.745	171.599
3827	180.8	171.592
3829	180.908	171.592
3832	181.073	171.59
3835	181.242	171.575
3836	181.297	171.574
3839	181.462	171.571
3840	181.517	171.529
3841	181.572	171.529
3842	181.628	171.527
3843	181.685	171.527
3847	181.907	171.251
3848	181.963	171.245
3849	182.019	171.231
3851	182.13	171.229
3852	182.187	171.214
3854	182.299	171.203
3856	182.409	171.2
3857	182.465	171.198
3858	182.521	171.178
3859	182.576	171.147
3860	182.632	171.146
3861	182.687	171.1
3863	182.799	171.099
3864	182.854	169.314
3865	182.91	169.239
3867	183.02	169.226
3868	183.076	169.209
3872	183.298	169.187
3873	183.355	169.137
3876	183.524	168.858
3877	183.579	168.856
3878	183.636	168.837
3879	183.691	168.829
3880	183.747	168.805
3881	183.802	168.804
3882	183.857	168.8
3883	183.913	168.791
3884	183.969	168.79
3885	184.024	168.787
3886	184.079	168.786
3887	184.134	168.681
3888	184.19	168.681
3889	184.246	168.68
3890	184.301	168.643
3892	184.411	168.573
3895	184.579	168.531
3896	184.237	168.507
3897	184.292	168.437
3898	184.349	168.423
3899	184.404	168.419
3901	184.516	168.412
3902	184.572	168.242
3904	184.683	168.23
3905	184.739	168.035
3908	184.905	168.025
3909	184.962	168.024
3913	185.188	167.834
3915	185.302	167.833
3916	185.357	167.832
3918	185.468	167.83
3919	185.523	167.78
3920	185.579	167.74
3922	185.689	167.732
3923	185.745	167.727
3924	185.802	167.705
3926	185.912	167.248
3927	185.968	167.193
3928	186.023	167.189
3930	186.143	167.188
3931	186.219	167.019
3932	186.275	167
3933	186.331	166.934
3934	186.386	166.907
3935	186.444	166.907
3937	186.562	166.236
3943	186.897	166.23
3944	186.955	166.218
3949	187.237	166
3950	187.293	166
3951	187.348	165.996
3953	187.46	165.991
3954	187.516	165.99
3958	187.741	165.898
3960	187.853	165.888
3963	188.02	165.886
3966	188.185	165.81
3967	188.241	165.807
3968	188.296	165.804
3969	188.351	165.8
3971	188.461	165.799
3972	188.517	165.676
3973	188.573	165.616
3974	188.627	165.521
3976	188.739	165.268
3977	188.795	165.254
3978	188.85	165.24
3979	188.906	165.238
3980	188.962	165.227
3981	189.018	165.219
3983	189.132	165.217
3990	189.521	165.21
3991	189.576	165.207
3992	189.632	165.2
3993	189.687	165.193
3994	189.744	165.189
3995	189.799	165.188
3996	189.854	165.182
3998	189.964	165.176
4000	190.074	165.094
4001	190.128	165.093
4002	190.183	164.733
4003	190.238	164.732
4004	190.293	164.65
4005	190.348	164.608
4006	190.404	164.606
4009	190.568	164.594
4011	190.679	164.591
4012	190.734	164.585
4017	191.012	164.584
4018	191.068	164.582
4019	191.123	164.572
4020	191.178	164.454
4021	191.233	164.424
4022	191.288	164.336
4023	191.343	164.334
4024	191.399	164.295
4025	191.455	164.279
4026	191.51	164.277
4027	191.567	164.252
4028	191.622	164.194
4030	191.732	164.043
4031	191.788	163.839
4035	192.005	163.437
4037	192.114	163.435
4041	192.334	163.4
4044	192.499	163.204
4045	192.555	163.203
4049	192.776	162.403
4052	192.941	162.367
4054	193.052	162.367
4056	193.166	162.32
4057	193.221	162.13
4058	193.277	162.07
4059	193.332	161.975
4060	193.387	161.966
4061	193.443	161.914
4062	193.498	161.883
4063	193.553	161.875
4068	193.828	161.791
4070	193.939	161.697
4076	194.269	161.691
4079	194.436	161.684
4081	194.546	161.684
4082	194.601	161.673
4084	194.712	161.672
4085	194.767	161.487
4086	194.823	161.486
4087	194.878	161.486
4090	195.04	161.431
4092	195.152	161.427
4093	195.207	161.399
4094	195.262	161.397
4095	195.32	161.396
4096	195.38	161.362
4098	195.491	161.362
4099	195.547	161.361
4100	195.603	161.346
4101	195.659	161.338
4102	195.716	161.323
4103	195.771	161.32
4104	195.826	161.279
4105	195.881	161.279
4107	195.993	161.256
4108	196.048	161.255
4109	196.104	161.18
4110	196.159	161.178
4112	196.269	161.15
4114	196.377	161.054
4116	196.487	160.954
4117	196.543	160.944
4119	196.653	160.94
4120	196.708	160.882
4121	196.764	160.874
4122	196.819	160.871
4123	196.875	160.869
4126	197.041	160.868
4128	197.151	160.868
4129	197.207	160.862
4130	197.262	160.854
4131	197.317	160.853
4134	197.48	160.839
4135	197.54	160.827
4136	197.599	160.826
4137	197.654	160.824
4138	197.709	160.767
4139	197.765	160.757
4140	197.819	160.757
4141	197.875	160.704
4142	197.93	160.702
4143	197.984	160.688
4144	198.039	160.687
4145	198.093	160.632
4146	198.149	160.375
4147	198.204	160.371
4148	198.259	160.336
4149	198.314	160.336
4150	198.369	160.317
4151	198.424	160.314
4154	198.588	160.307
4157	198.755	160.307
4159	198.866	160.306
4161	198.977	160.296
4162	199.034	160.277
4163	199.089	160.27
4164	199.145	160.27
4165	199.199	160.254
4166	199.254	160.251
4167	199.31	160.202
4171	199.534	160.202
4175	199.761	160.202
4178	199.928	160.197
4180	200.038	160.192
4181	200.094	160.192
4182	200.15	160.189
4184	200.259	160.122
4186	200.368	160.07
4187	200.424	160.026
4188	200.479	160.021
4189	200.534	159.969
4190	200.588	159.963
4191	200.644	159.962
4192	200.699	159.93
4193	200.753	159.928
4197	200.971	159.926
4198	201.026	159.924
4200	201.135	159.923
4201	201.19	159.862
4202	201.246	159.861
4203	201.301	159.861
4205	201.412	159.824
4207	201.522	159.813
4208	201.577	159.797
4211	201.741	159.796
4212	201.799	159.785
4213	201.854	159.738
4214	201.91	159.733
4216	202.022	159.682
4217	202.078	159.68
4219	202.19	159.671
4220	202.245	159.599
4221	202.3	159.597
4222	202.354	159.595
4223	202.409	159.575
4224	202.463	159.574
4225	202.519	159.574
4226	202.573	159.573
4227	202.629	159.494
4230	202.794	159.464
4231	202.848	159.464
4232	202.904	159.317
4233	202.96	159.314
4235	203.071	159.278
4236	203.127	159.253
4238	203.238	159.251
4241	203.403	159.247
4242	203.459	158.759
4243	203.514	158.758
4244	203.569	158.757
4245	203.626	158.646
4246	203.68	158.645
4247	203.735	158.645
4248	203.791	158.643
4253	204.065	158.637
4255	204.183	158.636
4258	204.349	158.634
4259	204.406	158.598
4260	204.462	158.566
4262	204.573	158.566
4263	204.631	158.561
4264	204.696	158.541
4267	204.864	158.522
4269	204.975	158.498
4270	205.031	158.497
4271	205.086	158.479
4273	205.196	158.429
4274	205.25	158.414
4275	205.305	158.413
4277	205.414	158.389
4280	205.578	158.388
4282	205.689	158.302
4284	205.8	158.299
4288	206.022	158.294
4289	206.077	158.137
4290	206.132	158.121
4291	206.187	157.702
4293	206.298	157.701
4294	206.354	157.699
4296	206.466	157.69
4298	206.578	157.599
4300	206.689	157.589
4301	206.745	157.561
4303	206.855	157.56
4305	206.966	157.553
4306	207.022	157.488
4308	207.132	157.487
4311	207.297	157.486
4312	207.354	157.442
4314	207.465	157.368
4316	207.576	157.288
4318	207.688	157.287
4319	207.743	157.286
4321	207.853	157.231
4327	208.182	157.226
4329	208.291	157.189
4333	208.509	157.182
4334	208.566	157.181
4336	208.679	157.159
4338	208.79	157.15
4339	208.845	157.149
4342	209.009	156.891
4344	209.121	156.89
4345	209.176	156.853
4346	209.232	156.853
4352	209.562	156.852
4353	209.617	156.852
4358	209.894	156.852
4360	210.005	156.796
4362	210.117	156.732
4363	210.172	156.731
4364	210.228	156.701
4365	210.284	156.701
4366	210.339	156.699
4368	210.45	156.657
4370	210.561	156.496
4373	210.728	156.494
4374	210.788	156.446
4375	210.844	156.125
4376	210.899	156.122
4379	211.066	156.104
4381	211.178	156.074
4384	211.343	156.057
4385	211.397	156.057
4388	211.564	156.05
4389	211.619	155.667
4390	211.674	155.655
4392	211.783	155.614
4394	211.893	155.607
4397	212.059	155.448
4399	212.17	155.39
4401	212.282	155.351
4402	212.337	155.114
4403	212.392	155.109
4408	212.671	155.108
4410	212.853	155.048
4412	212.966	155.047
4419	213.357	155.044
4424	213.631	155.044
4425	213.687	154.988
4426	213.742	154.984
4427	213.797	154.983
4428	213.853	154.983
4430	213.962	154.975
4432	214.072	154.972
4433	214.128	154.963
4434	214.183	154.962
4435	214.239	154.962
4436	214.295	154.954
4439	214.46	154.953
4440	214.515	154.947
4441	214.574	154.931
4442	214.629	154.901
4443	214.685	154.895
4444	214.74	154.868
4445	214.795	154.866
4446	214.851	154.85
4447	214.907	154.831
4450	215.072	154.821
4452	215.186	154.816
4454	215.301	154.724
4455	215.357	154.721
4456	215.412	154.716
4459	215.576	154.71
4461	215.687	154.695
4462	215.744	154.695
4463	215.799	154.694
4464	215.855	154.691
4466	215.967	154.691
4467	216.024	154.664
4468	216.078	154.663
4470	216.188	154.661
4471	216.244	154.659
4473	216.353	154.56
4474	216.408	154.535
4476	216.518	154.534
4477	216.574	154.531
4478	216.63	154.481
4480	216.742	154.48
4481	216.797	154.229
4482	216.854	154.228
4483	216.909	154.184
4484	216.966	154.182
4486	217.077	154.102
4487	217.132	154.1
4488	217.189	154.099
4490	217.295	154.084
4491	217.349	154.079
4492	217.404	154.032
4493	217.457	154.009
4494	217.511	154.007
4496	217.617	153.999
4497	217.669	153.994
4498	217.722	153.993
4499	217.774	153.992
4500	217.827	153.889
4501	217.881	153.884
4505	218.093	153.872
4506	218.146	153.868
4507	218.2	153.867
4508	218.252	153.865
4509	218.306	153.865
4511	218.411	153.856
4513	218.518	153.853
4515	218.625	153.851
4516	218.68	153.85
4519	218.845	153.849
4520	218.899	153.847
4525	219.165	153.788
4527	219.273	153.761
4529	219.38	153.742
4531	219.493	153.742
4534	219.655	153.731
4536	219.762	153.73
4541	220.03	153.678
4543	220.135	153.678
4545	220.244	153.591
4547	220.351	153.515
4548	220.405	153.502
4549	220.458	153.501
4552	220.618	153.444
4553	220.672	153.405
4554	220.726	153.104
4556	220.834	153.046
4557	220.887	153.045
4558	220.94	153.032
4560	221.047	153.01
4561	221.1	153.009
4563	221.21	152.996
4564	221.264	152.996
4565	221.318	152.994
4566	221.372	152.994
4567	221.427	152.944
4568	221.481	152.944
4570	221.593	152.912
4571	221.649	152.911
4572	221.703	152.876
4573	221.758	152.861
4575	221.865	152.845
4576	221.918	152.844
4578	222.025	152.838
4580	222.132	152.837
4583	222.296	152.837
4584	222.35	152.836
4585	222.404	152.779
4587	222.513	152.778
4592	222.78	152.778
4593	222.833	152.711
4594	222.887	152.709
4595	222.94	152.709
4596	222.995	152.708
4597	223.049	152.707
4598	223.104	152.705
4599	223.159	152.671
4600	223.213	152.65
4602	223.322	152.647
4603	223.375	152.647
4608	223.644	152.582
4609	223.698	152.555
4610	223.755	152.554
4612	223.867	152.552
4613	223.921	152.499
4614	223.976	152.496
4615	224.031	152.496
4616	224.085	152.494
4617	224.139	152.49
4620	224.302	152.487
4621	224.361	152.487
4622	224.415	152.439
4624	224.525	152.432
4629	224.794	152.347
4630	224.848	152.344
4631	224.902	152.344
4633	225.012	152.344
4634	225.066	152.344
4635	225.12	152.34
4636	225.175	152.319
4638	225.282	152.252
4640	225.392	152.25
4642	225.501	152.237
4644	225.61	152.237
4646	225.719	152.205
4648	225.828	152.205
4649	225.883	152.199
4651	225.994	152.198
4654	226.159	152.158
4656	226.27	152.109
4657	226.327	152.094
4658	226.382	152.087
4660	226.491	152.086
4661	226.546	152.06
4663	226.655	152.057
4665	226.765	152.054
4666	226.82	152.049
4667	226.875	152.046
4668	226.931	152.045
4673	227.207	152.045
4674	227.262	152.04
4676	227.373	152.032
4677	227.429	152.02
4679	227.539	152.02
4681	227.649	152.018
4682	227.703	151.826
4683	227.757	151.825
4684	227.811	151.823
4685	227.866	151.818
4686	227.922	151.818
4691	228.201	151.818
4692	228.256	151.816
4697	228.529	151.814
4700	228.694	151.799
4701	228.748	151.789
4702	228.802	151.769
4703	228.856	151.762
4704	228.91	151.744
4706	229.02	151.744
4713	229.4	151.744
4715	229.514	151.476
4716	229.57	151.46
4721	229.844	151.434
4727	230.17	151.432
4728	230.225	151.424
4729	230.283	150.954
4730	230.34	150.951
4731	230.396	150.95
4732	230.452	150.899
4736	230.672	150.891
4737	230.727	150.778
4739	230.836	150.756
4740	230.891	150.752
4741	230.946	150.34
4742	231.001	150.315
4743	231.056	150.308
4748	231.333	150.284
4749	231.388	150.283
4750	231.444	150.274
4756	231.776	150.269
4760	231.999	150.24
4762	232.11	150.235
4764	232.221	150.234
4765	232.277	150.198
4766	232.333	150.194
4767	232.389	150.193
4768	232.444	150.192
4770	232.559	150.187
4772	232.671	150.185
4773	232.726	150.178
4774	232.783	150.178
4775	232.838	150.177
4776	232.893	150.174
4779	233.058	150.173
4780	233.113	150.158
4782	233.222	150.123
4783	233.276	150.122
4784	233.331	150.08
4785	233.386	150.079
4786	233.442	149.94
4787	233.498	149.92
4788	233.553	149.919
4790	233.662	149.877
4791	233.717	149.877
4793	233.83	149.543
4794	233.886	149.482
4795	233.941	149.482
4796	233.996	149.392
4797	234.05	149.391
4799	234.159	149.387
4801	234.268	149.378
4803	234.377	149.371
4804	234.432	149.366
4806	234.542	149.364
4807	234.597	149.363
4808	234.653	149.363
4809	234.71	149.363
4811	234.821	149.362
4813	234.932	149.359
4814	234.987	149.349
4817	235.151	149.349
4818	235.206	149.313
4820	235.317	149.31
4821	235.372	149.241
4822	235.427	149.237
4823	235.483	149.197
4824	235.538	149.196
4825	235.593	149.154
4826	235.649	149.108
4828	235.761	149.104
4829	235.817	149.103
4830	235.873	149.096
4833	236.039	149.096
4834	236.093	149.09
4837	236.261	149.09
4839	236.371	149.089
4842	236.535	149.088
4843	236.59	149.086
4845	236.701	149.075
4846	236.756	149.075
4849	236.927	149.067
4851	237.039	149.058
4853	237.149	149.051
4854	237.204	149.049
4856	237.315	149.049
4859	237.483	149.048
4862	237.651	149.047
4863	237.707	149.047
4864	237.761	149.042
4865	237.816	149.041
4867	237.925	149.023
4868	237.98	149.018
4869	238.034	149.016
4870	238.09	149.015
4874	238.308	149.006
4877	238.472	149.005
4881	238.692	149.001
4882	238.749	148.999
4883	238.805	148.999
4885	238.917	148.931
4887	239.028	148.875
4888	239.086	148.865
4889	239.141	148.854
4892	239.309	148.777
4893	239.364	148.749
4894	239.419	148.559
4896	239.529	148.538
4897	239.585	148.537
4898	239.64	148.535
4900	239.751	148.517
4902	239.861	148.516
4903	239.917	148.489
4904	239.972	148.488
4907	240.139	148.411
4912	240.417	148.405
4913	240.473	148.401
4915	240.585	148.388
4916	240.64	148.387
4918	240.751	148.382
4919	240.807	148.382
4920	240.863	148.364
4921	240.919	148.363
4923	241.03	148.36
4925	241.14	148.35
4927	241.255	148.35
4932	241.535	148.349
4933	241.591	148.344
4935	241.701	148.344
4936	241.757	148.344
4938	241.867	148.342
4939	241.923	148.291
4940	241.979	148.277
4942	242.09	148.277
4943	242.145	148.274
4946	242.31	148.271
4947	242.365	148.235
4948	242.42	148.227
4950	242.532	148.227
4953	242.699	148.189
4954	242.755	148.064
4955	242.811	148.062
4962	243.197	148.03
4968	243.534	148.027
4969	243.591	147.947
4971	243.703	147.819
4973	243.814	147.818
4976	243.98	147.807
4978	244.091	147.751
4980	244.203	147.576
4981	244.258	147.576
4983	244.37	147.575
4986	244.538	147.549
4988	244.651	147.549
4994	244.984	147.529
4996	245.094	147.49
5000	245.314	147.49
# FIN	245.314	147.49

