# target=instancias/dali.png T=340 iters=5000 K=32 seed=auto
iter	segundos	MSE
0	0.0052259	7227.43
1	0.0501668	7216.81
2	0.0893876	7204.67
3	0.127494	7183.55
4	0.163878	7122.26
5	0.194546	7120.01
6	0.222811	7119.76
7	0.25168	7097.34
8	0.283789	7029.89
9	0.312652	7029.84
10	0.34257	7007.39
11	0.37377	6989.78
12	0.402454	6966.31
13	0.433351	6950.21
14	0.464617	6904.41
15	0.494061	6881.28
16	0.525788	6881.18
17	0.559637	6873.16
18	0.592396	6865.57
19	0.629814	6865.3
20	0.670328	6818.47
21	0.703886	6818.31
22	0.737355	6816.39
23	0.771839	6815.77
24	0.805137	6808.48
25	0.83496	6798.37
26	0.868642	6797.87
27	0.901219	6794.69
28	0.930137	6792.61
29	0.960026	6792.28
30	0.993845	6765.04
31	1.02259	6727.08
32	1.05493	6723.55
33	1.08728	6723.51
34	1.1239	6636.36
35	1.15883	6636.33
36	1.19189	6635.74
37	1.2253	6631.52
38	1.25836	6598.16
39	1.29445	6598.15
40	1.32777	6509.17
41	1.35935	6497.43
42	1.41802	6448.91
43	1.48805	6447.98
44	1.52128	6406.99
45	1.55619	6377.17
46	1.59056	6365.85
47	1.6256	6319.47
48	1.65725	6311.54
49	1.69309	6308.26
50	1.72422	6308.07
51	1.75481	6307.29
52	1.78849	6300.03
53	1.8216	6298.95
54	1.85131	6289.45
55	1.88217	6287.69
56	1.91774	6217.47
57	1.94946	6207.88
58	1.98382	6194.06
59	2.01893	6190.31
60	2.0499	6175.94
61	2.08001	6175.76
62	2.11524	6110.64
63	2.14692	6110.61
64	2.17924	6110.39
65	2.21202	6108.24
66	2.2424	6079.33
67	2.2731	6064.02
68	2.30842	6063.98
69	2.33843	6063.37
70	2.37315	6062.68
71	2.40771	6044.39
72	2.43809	6028.93
73	2.47385	5996.28
74	2.51007	5995.98
75	2.54381	5990.54
76	2.57981	5973.76
77	2.61323	5972.58
78	2.64436	5952.34
79	2.67816	5938.17
80	2.7113	5935.92
81	2.74348	5928.48
82	2.77718	5884.85
83	2.80952	5883.26
84	2.84121	5869.76
85	2.8758	5858.77
86	2.90759	5857.57
87	2.94267	5844.05
88	2.97593	5842.88
89	3.00714	5842.47
90	3.03967	5841.37
91	3.07177	5838.07
92	3.10405	5832.26
93	3.1394	5796.7
94	3.17252	5795.52
95	3.20291	5779.46
96	3.23475	5743.04
97	3.26861	5742.84
98	3.30167	5735.34
99	3.33507	5727.51
100	3.36916	5722.08
101	3.39984	5711.53
102	3.4306	5711.42
103	3.4661	5711.41
104	3.49675	5691.96
105	3.52926	5691.54
106	3.56353	5687.86
107	3.59526	5674.56
108	3.62679	5674.52
109	3.66176	5657.51
110	3.69341	5656.9
111	3.72394	5652.76
112	3.75827	5647.99
113	3.79357	5545.4
114	3.82542	5412.13
115	3.86082	5389.94
116	3.89264	5377.99
117	3.92545	5359.11
118	3.95913	5359.09
119	3.9937	5351.54
120	4.02539	5334.4
121	4.05845	5333.12
122	4.08997	5332.34
123	4.12092	5332.11
124	4.1567	5330.28
125	4.1891	5311.28
126	4.21988	5309.66
127	4.25412	5303.45
128	4.29033	5273.05
129	4.32142	5270.09
130	4.35421	5252.79
131	4.38901	5252.78
132	4.4195	5250.61
133	4.45171	5210.85
134	4.48259	5205.46
135	4.51481	5194.37
136	4.55071	5193.41
137	4.58507	5175.44
138	4.61744	5174.98
139	4.64804	5173.16
140	4.6796	5173.15
141	4.71546	5167.56
142	4.74978	5156.46
143	4.78335	5135.76
144	4.81537	5135.17
145	4.85392	5099.22
146	4.89673	5057.54
147	4.93542	5054.73
148	4.96911	5052.13
149	5.00727	5039.24
150	5.04218	5037.4
151	5.07585	5036.31
152	5.11345	5035.72
153	5.1448	5005.81
154	5.18646	5003.14
155	5.23484	4999.37
156	5.27113	4964.57
157	5.30439	4949.33
158	5.34513	4948.11
159	5.3838	4861.25
160	5.42717	4859.15
161	5.47062	4853.62
162	5.50954	4852.61
163	5.54583	4852.6
164	5.5809	4850.97
165	5.61964	4801.28
166	5.65355	4794.89
167	5.69024	4793.98
168	5.72652	4778.11
169	5.75761	4778.01
170	5.79217	4774.45
171	5.82853	4773.83
172	5.86181	4767.13
173	5.89487	4761.3
174	5.92969	4754.58
175	5.96261	4753.08
176	5.99956	4749.78
177	6.03237	4744.31
178	6.07258	4735.64
179	6.10516	4720.53
180	6.1395	4714.26
181	6.17596	4706.85
182	6.20954	4687.73
183	6.24385	4658.71
184	6.27852	4641.37
185	6.30982	4621.91
186	6.34321	4621.62
187	6.3837	4621.56
188	6.41487	4621.42
189	6.4501	4620.48
190	6.48201	4620.2
191	6.51438	4620.08
192	6.54916	4618.91
193	6.58047	4615.05
194	6.61247	4599.23
195	6.64526	4599.22
196	6.68108	4596.76
197	6.715	4595.95
198	6.7468	4591.47
199	6.78233	4581.01
201	6.84713	4530.38
202	6.88139	4528.79
203	6.91395	4522.63
204	6.94715	4520.99
205	6.98269	4492.94
206	7.01568	4476.31
207	7.04855	4476.25
208	7.08606	4471.25
209	7.11809	4469.95
210	7.1528	4429.65
211	7.18596	4413.18
212	7.21785	4409.79
213	7.25319	4408.96
214	7.29213	4385.09
215	7.32672	4377.97
217	7.39769	4377.69
218	7.42997	4366.29
219	7.46309	4364.57
220	7.49702	4358.83
221	7.52902	4322.63
222	7.56494	4317.74
223	7.59758	4317.09
225	7.66417	4299.72
226	7.69831	4299.68
227	7.73268	4298.5
228	7.76569	4298.13
229	7.80302	4295.95
230	7.83655	4251.54
231	7.87192	4232.35
232	7.905	4232.22
233	7.93758	4226.62
234	7.97408	4226.6
235	8.00671	4224.87
236	8.03995	4213.67
237	8.07497	4207.45
238	8.10847	4206.96
239	8.14116	4198.95
240	8.17786	4188.18
241	8.21029	4185.51
242	8.24386	4184.12
243	8.27791	4184.11
244	8.31054	4180.86
245	8.34629	4169.07
246	8.37982	4167.71
247	8.41251	4164.94
248	8.44808	4164.51
249	8.48322	4161.82
250	8.51563	4161.09
251	8.55055	4132.98
252	8.58621	4132.88
253	8.61883	4132.56
254	8.65262	4118.78
255	8.68806	4118.18
256	8.72062	4118.02
257	8.75729	4111
258	8.79028	4109.11
259	8.82609	4108.89
260	8.8604	4105.71
261	8.89276	4105.13
262	8.92686	4100.37
263	8.96348	4099.7
264	8.99533	4096.86
265	9.03027	4084.99
266	9.06652	4084.72
267	9.09936	4077.45
268	9.13195	4076.62
269	9.16764	4069.75
270	9.19988	3992.64
271	9.23236	3983.68
272	9.26934	3982.9
273	9.30375	3972.02
274	9.33666	3971.6
275	9.37286	3970.99
276	9.40528	3964.21
277	9.44146	3962.69
278	9.47499	3961.36
279	9.51151	3961.26
280	9.54495	3959.7
281	9.58109	3957.45
282	9.61718	3950.58
283	9.65217	3927
284	9.69209	3926.9
285	9.73072	3921.76
286	9.76593	3906.76
287	9.79929	3901.17
288	9.84111	3901.15
289	9.87877	3900.52
290	9.91313	3899.56
291	9.94577	3898.21
292	9.98083	3896.12
293	10.0136	3888.1
294	10.0506	3887.6
295	10.0841	3887.57
296	10.1167	3887.1
297	10.1514	3828.78
298	10.1871	3790.54
299	10.2212	3780.72
300	10.2546	3765.26
301	10.2907	3763.21
302	10.3238	3727.9
303	10.3591	3718.17
304	10.3915	3711.66
305	10.4249	3710.77
306	10.4599	3673.2
307	10.4928	3673.19
308	10.5288	3672.29
309	10.5624	3663.53
310	10.5977	3645.25
311	10.6339	3644.1
312	10.6669	3641.62
313	10.7025	3639.13
314	10.7377	3636.31
315	10.7726	3635.26
316	10.8064	3627.48
317	10.8394	3622.7
318	10.8745	3609.55
319	10.9101	3600.76
320	10.9433	3600.75
321	10.98	3596.04
322	11.0132	3579.71
323	11.0468	3554.6
324	11.0833	3552.1
325	11.1162	3550.5
326	11.152	3546.59
327	11.1891	3545.34
328	11.2277	3545.27
329	11.2615	3543.87
330	11.2981	3510.29
331	11.3356	3494.72
332	11.3698	3492.52
333	11.4048	3487.14
334	11.443	3478.78
335	11.48	3473.55
336	11.5134	3428.27
337	11.551	3427.09
338	11.5876	3422.87
339	11.6215	3422.24
340	11.6592	3421.53
341	11.6965	3414.85
342	11.7299	3414.72
343	11.7659	3408.58
344	11.8046	3348.96
345	11.8415	3348.36
346	11.8763	3347.78
347	11.9109	3338.34
348	11.9472	3328.07
349	11.9808	3327.53
350	12.0199	3318.6
351	12.0544	3318.03
352	12.0923	3269.71
353	12.127	3269.57
354	12.1629	3234.75
355	12.1986	3219.92
356	12.2331	3219.88
357	12.2706	3219.14
358	12.3063	3209.48
359	12.3731	3209.38
360	12.4169	3208.67
361	12.4517	3208.62
362	12.491	3207.56
363	12.5283	3205.47
364	12.5628	3194.73
365	12.6002	3191.25
366	12.6367	3189.71
367	12.6741	3183.5
368	12.7106	3180.12
369	12.7454	3180.07
370	12.787	3179.17
371	12.8286	3178.05
372	12.8635	3177.91
373	12.9007	3177.67
374	12.9372	3174.01
375	12.9722	3173.76
376	13.0117	3173.73
377	13.0455	3170.82
378	13.0821	3161.77
379	13.1202	3161.74
380	13.1591	3157.93
381	13.1962	3146.28
382	13.2296	3139.65
383	13.2665	3139.45
384	13.3054	3114.53
385	13.3401	3114.15
386	13.3762	3105.57
387	13.4151	3083.81
388	13.4502	3079.53
389	13.4874	3078.76
390	13.5222	3078.2
391	13.559	3074.6
392	13.6021	3073.52
393	13.6486	3070.33
394	13.7077	3070.31
395	13.7651	3068.36
396	13.8147	3031.74
397	13.8812	3026.25
398	13.9428	3025.97
399	13.9968	3025.64
400	14.0389	3016.09
401	14.0772	3016.04
402	14.1161	2979.87
403	14.1587	2979.87
404	14.2064	2979.09
405	14.247	2977.74
406	14.2855	2953.93
407	14.3245	2949.33
408	14.3608	2949.31
409	14.402	2949.15
410	14.4388	2947.94
411	14.4763	2945.38
412	14.5119	2928.79
413	14.5499	2878.85
414	14.5844	2878.82
415	14.622	2875.95
416	14.6598	2874.62
417	14.6955	2874.52
418	14.7348	2857.36
419	14.7723	2848.54
420	14.8095	2848.27
421	14.8511	2846.93
422	14.8966	2822.09
423	14.9418	2821.21
424	14.9921	2818.77
425	15.046	2816.48
426	15.098	2816.31
427	15.1419	2814.9
428	15.181	2813.31
429	15.2209	2813.13
430	15.2623	2812.73
431	15.3007	2812.51
432	15.3384	2801.7
433	15.3796	2789.65
434	15.415	2787.41
435	15.4533	2781.47
436	15.4889	2779.34
437	15.5261	2779.09
438	15.5631	2776.75
439	15.5979	2765.34
440	15.6352	2764.85
441	15.6738	2760.15
442	15.7105	2759.92
443	15.7481	2759.87
444	15.7881	2739.58
445	15.8275	2738.99
446	15.865	2734.83
447	15.904	2734.35
448	15.9389	2734.14
449	15.9779	2714.99
450	16.0166	2714.35
451	16.0529	2712.64
452	16.0887	2712.49
453	16.1294	2694.52
454	16.1698	2644.82
455	16.2097	2644.04
456	16.2473	2641.3
457	16.2826	2639.31
458	16.3228	2639.28
459	16.3589	2639.07
460	16.3981	2630.82
461	16.4357	2628.47
462	16.4715	2628.06
463	16.5127	2628.05
464	16.5529	2627.88
465	16.589	2619.13
466	16.6269	2618.86
467	16.6654	2615.6
468	16.7019	2608.74
469	16.7402	2608.1
470	16.7835	2600.79
471	16.8276	2600.75
472	16.8661	2599.75
473	16.9031	2572.97
474	16.9394	2572.1
475	16.9796	2571.08
476	17.016	2570.72
477	17.0533	2559.88
478	17.093	2559.21
479	17.1332	2558.61
480	17.17	2558.56
481	17.2063	2555.67
482	17.246	2551.06
483	17.2825	2550.4
484	17.3214	2550.32
485	14.8875	2522.37
486	14.9243	2521.34
487	14.9626	2521.33
488	14.999	2518.48
489	15.0387	2517.09
490	15.0752	2517.06
491	15.113	2515.17
492	15.152	2515.03
493	15.1919	2513.89
494	15.2356	2513.71
495	15.271	2511.66
496	15.309	2495.41
497	15.3508	2483.05
498	15.3872	2479.77
499	15.4291	2477.43
500	15.476	2477.14
501	15.5158	2476.77
502	15.556	2476.74
503	15.5974	2476.73
504	15.6347	2476.32
505	15.6763	2449.79
506	15.7166	2448.48
507	15.7539	2448.45
508	15.7933	2442.24
509	15.8299	2442.24
510	15.8695	2436.62
511	15.9265	2436.61
512	15.9657	2428.07
513	16.005	2423.11
514	16.042	2409.55
515	16.0801	2409.14
516	16.1208	2408.99
517	16.1573	2402.89
518	16.1968	2401.58
519	16.2345	2399.34
520	16.2717	2395.07
521	16.3126	2392.09
522	16.3507	2389.85
523	16.392	2375.66
524	16.4311	2373.82
525	16.4707	2372.78
526	16.5168	2372.49
527	16.5548	2372.39
528	16.5946	2372.08
529	16.6336	2368.56
530	16.6764	2368.45
531	16.7207	2368.38
532	16.7585	2367.23
533	16.8031	2365.1
534	16.8406	2364.99
535	16.8815	2364.76
536	16.9231	2364.35
537	16.9639	2363.88
538	17.0184	2359.76
539	17.0672	2358.76
541	17.1635	2338.78
542	17.205	2338.41
543	17.2416	2336.16
544	17.2819	2335.99
545	17.3396	2314.68
546	17.3823	2306.43
547	17.4188	2306.1
548	17.4603	2302.73
549	17.4979	2302.03
550	17.5361	2300.8
551	17.5765	2293.22
552	17.614	2286.55
553	17.6549	2285.77
554	17.6942	2275.82
555	17.7318	2270.82
556	17.7742	2270.27
557	17.8136	2268.31
558	17.8569	2268
559	17.8977	2266.78
560	17.9354	2265.76
561	17.9758	2259.32
562	18.0134	2258.26
563	18.0525	2257.81
564	18.0927	2257.81
565	18.13	2256.5
566	18.1748	2256.5
567	18.2145	2255.58
568	18.2576	2255.07
569	18.2976	2252.94
570	18.3369	2227.27
571	18.3817	2208.92
572	18.42	2208.74
573	18.4605	2206.19
574	18.4995	2206.07
575	18.5414	2205.61
576	18.5804	2197.81
577	18.6184	2196.66
578	18.6587	2196.31
579	18.7001	2190.69
580	18.7388	2189.36
581	18.7797	2186.67
582	18.8179	2185.25
583	18.8586	2185.24
584	18.8992	2184.48
585	18.9372	2178.68
586	18.9801	2178.31
587	19.0189	2177.97
588	19.0652	2177.24
589	19.1092	2176.85
590	19.1482	2176.7
591	19.1877	2175.98
592	19.226	2175.81
594	19.3049	2162.03
595	19.3424	2162
596	19.392	2161.73
597	19.4321	2160.64
598	19.4724	2159.94
599	19.516	2159.9
600	19.5554	2158.25
601	19.595	2158.06
602	19.6333	2153.73
603	19.675	2153.66
604	19.7149	2149.34
605	19.7542	2147.52
606	19.7934	2146.79
607	19.8341	2145.92
608	19.8755	2143.3
610	19.9563	2140.93
611	19.9969	2125.31
612	20.0382	2125.2
613	20.0801	2123.96
614	20.1229	2123.43
615	20.1677	2123.12
616	20.2093	2121.95
617	20.2499	2121.88
618	20.2913	2121.16
619	20.3303	2121.13
620	20.3718	2120.28
621	20.4129	2119.85
622	20.455	2114.7
623	20.4952	2112.09
624	20.5374	2112.07
625	20.5785	2109.08
626	20.6179	2108.46
627	20.6575	2107.17
628	20.698	2100.78
629	20.7403	2100.06
630	20.7849	2099.35
631	20.8254	2098.41
632	20.8669	2097.75
633	20.9106	2092.04
634	20.952	2091.28
635	20.9896	2091.26
636	21.0399	2091.03
637	21.0877	2079.03
638	21.1286	2069.36
639	21.1701	2067.26
640	21.2114	2065.6
641	21.2506	2058.66
642	21.2947	2057.36
643	21.3345	2056.25
644	21.3752	2054.01
645	21.4293	2053.79
646	21.4741	2039.7
647	21.5163	2039.66
648	21.5572	2037.94
649	21.6008	2036.75
650	21.6451	2036.09
651	21.685	2036.05
652	21.7339	2034.58
653	21.7743	2034.33
654	21.8127	2033.42
655	21.8538	2032
656	21.894	2030.18
657	21.9366	2024.61
658	21.9793	2024.04
659	22.0203	2023.44
660	22.0638	2023.43
661	22.1036	2022.62
662	22.1418	1990.14
663	22.1835	1986.98
664	22.2257	1986.63
665	22.2637	1985.46
666	22.3014	1983.75
667	22.3432	1980.07
668	22.3875	1979.77
669	22.4259	1979.28
670	22.4663	1960.85
671	22.5079	1958.61
672	22.5469	1957.9
673	22.5858	1953.43
674	22.6291	1945.05
675	22.6682	1942.01
676	22.7107	1914.84
677	22.7515	1914.82
678	22.7904	1913.83
679	22.8333	1913.21
680	22.8728	1911.8
681	22.9128	1908.54
682	22.9531	1908.35
683	22.993	1907.76
684	23.0429	1883.87
685	23.0806	1883.85
686	23.1214	1883.78
687	23.1607	1883.48
688	23.1997	1881.76
689	23.2415	1881.74
690	23.2801	1878.21
691	23.3243	1878.17
692	23.37	1875.92
693	23.4117	1875.53
694	23.4511	1874.05
695	23.4915	1870.49
696	23.5299	1869.79
697	23.5733	1867.98
698	23.6129	1864.69
699	23.6551	1864.64
700	23.6946	1864.32
701	23.7381	1863.81
702	23.7765	1863.43
703	23.8205	1861.77
704	23.8706	1856.18
705	23.9093	1855.67
706	23.9509	1855.42
707	23.9915	1854.94
708	24.0333	1854.12
709	24.0712	1854.1
710	24.1144	1853.84
711	24.1566	1848.02
712	24.196	1845.24
713	24.2371	1844.83
714	24.2797	1844.34
715	24.3221	1844.13
716	24.3642	1844.02
717	24.4031	1843.49
718	24.4462	1842.91
719	24.4869	1842.88
720	24.5249	1842.67
721	24.5684	1815.07
722	24.6065	1808.13
723	24.6477	1807.98
724	24.6903	1806.92
725	24.7296	1806.24
726	24.772	1805.59
727	24.8106	1804.81
728	24.8522	1803.76
729	24.8923	1803.18
730	24.9325	1801.21
731	24.9724	1799.39
732	25.0115	1799.16
733	25.0526	1792.68
734	25.0916	1792.47
735	25.1336	1791.59
736	25.1745	1787.17
737	25.2164	1776
738	25.2603	1775.68
739	25.2988	1775.37
740	25.339	1775.37
741	25.3825	1775.25
742	25.4233	1759.71
743	25.4643	1759.7
744	25.5041	1759.68
745	25.5463	1758.44
746	25.5847	1757.05
747	25.6237	1756.58
748	25.6672	1756.55
749	25.7084	1756.43
750	25.7511	1756
751	25.7902	1755.59
752	25.8326	1755.3
753	25.8712	1744.42
754	25.9134	1744.41
755	25.9632	1743.96
756	26.0062	1743.41
757	26.0546	1743.33
758	26.0962	1741.55
759	26.1435	1741.32
760	26.1884	1741.19
761	26.2327	1741.1
762	26.2764	1740.89
763	26.3162	1740.29
764	26.3577	1739.75
765	26.399	1739.33
766	26.4396	1739.32
767	26.4822	1738.72
768	26.523	1737.8
769	26.5657	1737.62
770	26.606	1737.3
771	26.649	1736.78
772	26.6878	1729.76
773	26.7323	1726.3
774	26.7745	1724.96
775	26.8143	1722.26
776	26.8569	1722.2
777	26.8976	1722.12
778	26.9393	1721.65
779	26.978	1717.14
780	27.0244	1713.68
781	27.0638	1711.96
782	27.1053	1711.84
783	27.1471	1711.74
784	27.188	1703.81
785	27.2286	1703.62
786	27.2689	1699.77
787	27.3125	1699.47
788	27.3573	1698.88
789	27.3991	1687.44
790	27.4393	1687.21
791	27.4832	1687.06
792	27.5225	1687.05
793	27.5693	1684.45
794	27.6091	1637.79
795	27.6483	1637.05
796	27.6926	1633
797	27.7365	1632.42
798	27.7794	1632.41
799	27.8199	1632.4
800	27.8629	1623.4
801	27.9023	1622.01
802	27.9467	1621.11
803	27.9869	1620.99
804	28.031	1620.71
805	28.0712	1618.17
806	28.115	1617.46
807	28.1557	1615.39
808	28.2016	1615.05
809	28.2455	1614.85
810	28.2857	1594
811	28.3271	1594
812	28.3696	1593.56
813	28.4105	1583.46
814	28.4527	1582.73
815	28.4922	1581.72
816	28.5345	1581.58
817	28.5788	1574.11
818	28.6238	1573.81
819	28.6658	1573.45
820	28.7076	1573.41
821	28.7509	1570.54
822	28.794	1570.41
823	28.8346	1570.31
824	28.8818	1570.31
825	28.9236	1570.11
826	28.9671	1569.94
827	29.0129	1569.86
828	29.053	1569.79
829	29.0947	1569.77
830	29.1368	1569.41
831	29.1781	1567.45
832	29.2193	1567.25
833	29.263	1566.58
834	29.3027	1566.35
835	29.345	1564.79
836	29.3871	1563.93
837	29.4339	1562.18
838	29.4746	1562.05
839	29.5185	1558.55
840	29.5612	1558.5
841	29.6036	1558.04
843	29.7312	1558.04
844	29.7737	1557.81
845	29.8205	1550.35
846	29.867	1549.6
847	29.914	1548.21
848	29.958	1547.82
849	29.999	1547.82
850	30.0415	1547.56
851	30.0831	1547.49
852	30.1301	1539.61
853	30.1726	1538.08
854	30.2149	1536.27
855	30.2569	1535.83
856	30.3009	1535.28
857	30.3427	1531.37
858	30.3868	1530.88
859	30.427	1527.41
860	30.474	1524.79
861	30.5137	1523.37
862	30.5566	1523.29
863	30.5971	1520.91
864	30.6407	1520.08
865	30.6818	1517.4
866	30.7261	1517.13
867	30.7674	1517.07
868	30.8081	1517.04
869	30.8558	1516.4
871	30.9489	1516.16
872	31.0011	1514.51
873	31.0408	1511.98
874	31.0849	1510.64
875	31.1257	1510.57
876	31.1696	1510.03
877	31.2162	1509.86
878	31.2569	1509.52
879	31.2996	1508.72
880	31.3424	1508.72
881	31.3861	1498.51
882	31.4293	1497.89
883	31.478	1497.39
884	31.5269	1497.25
885	31.5676	1492.07
886	31.6171	1491.96
887	31.6582	1491.76
888	31.7061	1491.26
889	31.7508	1490.74
890	31.7926	1479.78
891	31.8351	1479.37
892	31.8779	1472.63
893	31.9226	1472.28
894	31.965	1471.95
895	32.0072	1470.32
896	32.052	1469.99
897	32.0938	1469.73
898	32.1379	1464.37
899	32.1923	1462.84
900	32.2451	1462.7
901	32.2989	1450.57
902	32.3398	1449.02
903	32.3873	1448.64
905	32.4738	1446.48
906	32.5178	1446.47
907	32.5588	1446.06
908	32.6031	1445.72
909	32.6446	1445.39
910	32.6896	1442.28
911	32.7337	1434.36
912	32.7854	1433.93
913	32.8261	1431.28
914	32.8738	1431.27
915	32.9182	1430.79
916	32.9609	1421.48
917	33.0049	1415.32
918	33.045	1412.88
919	33.0901	1410.6
920	33.1343	1408.6
921	33.1845	1408.28
922	33.2247	1407.72
923	33.2696	1407.7
924	33.3165	1405.74
925	33.3615	1404.49
926	33.406	1404.25
927	33.4504	1403.95
928	33.4928	1403.52
929	33.5362	1402.88
930	33.5793	1401.43
931	33.6226	1400.08
932	33.6624	1399.94
934	33.7995	1393.46
935	33.8578	1393.3
936	33.9015	1393.11
937	33.9447	1391.3
938	33.9859	1390.42
939	34.0295	1389.55
940	34.0702	1388.64
941	34.1156	1387.94
942	34.1604	1387.86
943	34.2077	1387.79
944	34.2591	1382.66
945	34.3016	1381.53
946	34.3471	1381.07
947	34.391	1380.98
948	34.4351	1380.96
950	34.5222	1380.23
951	34.5661	1371.3
952	34.6109	1371.17
953	34.6546	1370.64
954	34.6965	1369.76
955	34.7436	1369.71
956	34.7856	1368.44
957	34.8316	1368.11
958	34.8762	1366.42
960	34.9706	1366.11
961	35.0117	1364.92
963	35.1046	1364.16
965	35.1896	1363.7
966	35.2308	1363.33
967	35.2782	1362.68
968	35.3206	1358.51
969	35.3627	1357.97
970	35.4063	1357.11
971	35.4471	1356.73
972	35.4929	1356.63
973	35.5339	1354.77
974	35.5798	1354.54
975	35.622	1354.4
976	35.6683	1353.85
977	35.7114	1348.62
978	35.7615	1336.16
979	35.8047	1335.33
980	35.8516	1334.41
981	35.894	1333.45
982	35.939	1333.21
983	35.9807	1332.09
984	36.0285	1329.58
985	36.0711	1329.28
986	36.1169	1318.12
987	36.159	1318.05
988	36.2043	1317.94
989	36.2465	1317.52
990	36.2911	1317.5
991	36.3323	1317.46
992	36.3776	1314.71
993	36.4186	1312.7
994	36.4654	1312.54
995	36.5103	1311.05
996	36.5694	1310.27
997	36.6216	1304.76
998	36.6686	1301.8
999	36.7128	1300.72
1000	36.7583	1300.72
1001	36.8041	1300.46
1002	36.8456	1292.67
1003	36.8914	1291.63
1004	36.938	1290.88
1005	36.9804	1290.78
1006	37.0306	1288.84
1007	37.0741	1287.02
1008	37.12	1286.71
1009	37.1673	1286.57
1010	37.2119	1285.82
1011	37.2556	1285.75
1012	37.3001	1285.02
1013	37.3438	1283.74
1014	37.3907	1277.72
1015	37.4323	1276.1
1016	37.4827	1275.64
1017	37.5236	1275.58
1018	37.5712	1272.49
1019	37.6133	1272.33
1020	37.6609	1271.74
1021	37.7024	1270.79
1022	37.7452	1270.75
1023	37.7908	1270.64
1024	37.8327	1267.4
1025	37.8802	1267.4
1026	37.9206	1267.39
1027	37.9673	1267.28
1028	38.0107	1266.58
1029	38.0538	1265.93
1030	38.1039	1262.31
1031	38.1481	1262.2
1032	38.1922	1259.4
1033	38.2349	1259.2
1034	38.2822	1258.28
1035	38.3304	1255.44
1036	38.3735	1255.23
1037	38.4188	1254.9
1038	38.4604	1253.4
1039	38.509	1253.35
1040	38.5503	1253.32
1041	38.612	1253.2
1042	38.6689	1252.92
1043	38.7195	1252.19
1044	38.7667	1251.89
1045	38.82	1251.33
1046	38.8672	1251.12
1047	38.9389	1250.87
1048	39.0126	1248.6
1049	39.0544	1248.59
1050	39.0997	1248.55
1051	39.1452	1248.19
1052	39.1925	1248.02
1053	39.2384	1247.99
1054	39.2817	1247.64
1055	39.3302	1247.4
1056	39.3722	1246.18
1057	39.4177	1245.49
1058	39.4678	1245.02
1059	39.5101	1245
1060	39.5579	1244.61
1061	39.6044	1225.05
1062	39.6486	1224.47
1063	39.6956	1224.46
1064	39.738	1223.19
1065	39.7859	1222.76
1066	39.8323	1222.33
1067	39.877	1222.25
1068	39.9276	1221.63
1069	39.9755	1221.37
1070	40.0209	1220.95
1071	40.0689	1220.56
1072	40.114	1220.52
1073	40.1605	1214.45
1074	40.2042	1214.11
1075	40.2512	1214.09
1076	40.2951	1212.65
1077	40.3424	1206.52
1078	40.3863	1206.52
1079	40.432	1206.3
1080	40.4922	1205.41
1081	40.5421	1205.32
1082	40.6106	1202.21
1083	40.7214	1202.2
1084	40.8064	1202.17
1085	40.9022	1200.66
1086	40.9745	1200.18
1087	41.0372	1199.57
1088	41.0839	1199.57
1089	41.128	1199.46
1090	41.1709	1199.24
1091	41.2188	1199.12
1092	41.262	1198.99
1093	41.3096	1179.73
1094	41.3518	1179.69
1095	41.4007	1179.68
1096	41.4442	1179.36
1097	41.491	1179.3
1098	41.5371	1179.19
1099	41.5814	1178.83
1100	41.6265	1178.65
1101	41.6732	1178.58
1102	41.7192	1178.57
1103	41.7681	1178.03
1104	41.8133	1177.86
1105	41.8563	1177.84
1106	41.901	1177.84
1107	41.9458	1177.14
1108	41.996	1176.81
1109	42.0395	1176.53
1110	42.088	1176.45
1111	42.1344	1176.24
1112	42.2008	1174.83
1113	42.2571	1172.95
1114	42.3115	1172.03
1115	42.3561	1171.71
1116	42.4	1171.59
1117	42.4459	1171.58
1118	42.4918	1171.15
1119	42.5406	1168.9
1120	42.5854	1167.95
1121	42.6307	1166.69
1122	42.675	1166.18
1123	42.7215	1166.1
1124	42.763	1166.05
1125	42.8088	1166.01
1126	42.8517	1159.55
1127	42.8941	1159.18
1128	42.9388	1158.1
1129	42.9913	1151.82
1130	43.0441	1151.73
1131	43.0873	1151.73
1132	43.1337	1151.52
1133	43.176	1147.81
1134	43.2254	1089.86
1135	43.2677	1089.76
1136	43.3129	1087.32
1137	43.3609	1087
1138	43.4058	1086.96
1139	43.4501	1086.77
1140	43.4965	1086.61
1141	43.5422	1086.05
1142	43.5865	1085.1
1143	43.6337	1084.83
1144	43.6786	1084.77
1145	43.7233	1082.07
1146	43.7705	1082.02
1147	43.8175	1081.55
1148	43.8621	1077.82
1149	43.9078	1077.78
1150	43.9557	1068.08
1151	43.9989	1068.08
1152	44.0468	1068.02
1153	44.091	1064.94
1154	44.1407	1064.67
1155	44.1862	1063.84
1156	44.2304	1063.45
1157	44.2782	1062.41
1158	44.3253	1062.34
1159	44.3717	1062.28
1160	44.42	1062.28
1161	44.4649	1059.11
1162	44.5115	1059.1
1163	44.5661	1059.05
1164	44.6119	1059.05
1165	44.6546	1058.86
1166	44.7026	1058.72
1167	44.7454	1058.72
1168	44.792	1058.71
1169	44.8352	1058.7
1170	44.8824	1058.67
1171	44.9579	1058.02
1172	45.0023	1058
1173	45.0504	1057.68
1174	45.0956	1057.56
1175	45.1412	1057.04
1177	45.2364	1056.7
1178	45.2877	1056.62
1179	45.3315	1056.34
1180	45.3781	1056.32
1181	45.4315	1056.03
1182	45.4807	1056.03
1183	45.5245	1056.02
1185	45.649	1054.26
1186	45.6947	1054.13
1187	45.7411	1053.82
1188	45.788	1053.61
1189	45.8344	1053.52
1190	45.8794	1053.41
1191	45.9241	1052.86
1192	45.9686	1052.48
1193	46.0204	1051.75
1194	46.0647	1049.35
1195	46.1142	1049.12
1196	46.1564	1047.43
1197	46.2052	1045.09
1198	46.2478	1045.02
1199	46.2974	1043.66
1200	46.3435	1042.92
1201	46.3889	1042.64
1202	46.4383	1042.6
1203	46.4859	1042.53
1204	46.5294	1039.92
1205	46.5758	1039.25
1206	46.6194	1039.15
1207	46.6671	1039.11
1208	46.7116	1039.1
1209	46.7591	1038.93
1210	46.8041	1038.9
1211	46.8513	1037.48
1212	46.8938	1036.93
1213	46.9427	1035.19
1214	46.9926	1034.91
1215	47.0388	1034.81
1216	47.082	1034.65
1217	44.641	1034.58
1218	44.686	1033.77
1219	44.7284	1033.69
1221	44.8164	1031.57
1222	44.8633	1031.46
1223	44.9094	1031.25
1224	44.9565	1031.12
1225	45.0008	1028.91
1226	45.0471	1028.62
1227	45.0935	1028.28
1228	45.1394	1027.32
1229	45.185	1026.65
1230	45.2325	1026.04
1231	45.2755	1025.87
1232	45.3232	1024.69
1233	45.3673	1024.4
1234	45.4127	1023.31
1235	45.4588	1023.07
1236	45.511	1022.86
1237	45.5562	1022.83
1238	45.6048	1022.4
1239	45.6509	1021.54
1240	45.6952	1021.34
1241	45.7457	1018.78
1242	45.7983	1018.15
1243	45.8457	1017.89
1244	45.8913	1017.88
1245	45.9361	1017.35
1246	45.9806	1017.33
1247	46.027	1016.86
1248	46.0725	1016.63
1249	46.1157	1016.28
1250	46.1624	1014.59
1251	46.207	1013.84
1252	46.2527	1013.83
1253	46.2978	1013.51
1254	46.344	1013.46
1255	46.3905	1012.99
1256	46.4346	1007.93
1257	46.4817	1007.13
1258	46.5274	1006.87
1259	46.574	1005.48
1260	46.6195	1005.33
1261	46.6626	1005.09
1262	46.7145	1004.82
1263	46.7595	1004.81
1264	46.8053	1004.56
1265	46.855	1003.04
1266	46.898	1002.85
1267	46.9473	1002.82
1268	46.9952	1002.72
1269	47.0402	1001.83
1270	47.0837	1001.4
1271	47.1305	1000.96
1272	47.1762	1000.89
1273	47.2223	1000.41
1274	47.2697	999.043
1275	47.3169	998.969
1276	47.3641	998.93
1277	47.4081	998.222
1278	47.4553	997.7
1279	47.5026	997.408
1280	47.546	997.107
1281	47.5913	996.606
1282	47.6356	996.574
1283	47.6891	996.554
1284	47.7327	992.271
1285	47.7825	991.747
1286	47.8282	991.644
1287	47.8732	991.637
1288	47.9219	991.633
1289	47.9686	991.596
1290	48.0153	991.099
1291	48.0673	990.007
1292	48.113	989.571
1293	48.157	988.6
1294	48.214	987.262
1295	48.2563	986.616
1296	48.304	985.456
1297	48.3482	985.208
1298	48.3968	984.773
1299	48.4409	984.729
1300	48.4848	984.612
1301	48.5356	984.501
1302	48.5786	984.416
1303	48.6272	984.406
1305	48.7157	984.284
1306	48.7615	983.344
1307	48.807	983.087
1308	48.8506	982.863
1309	48.8975	982.656
1310	48.9445	982.565
1311	48.9903	982.524
1312	49.0415	982.413
1313	49.0898	980.015
1314	49.1338	979.549
1315	49.1804	979.387
1316	49.226	979.348
1317	49.271	977.268
1318	49.3191	976.023
1319	49.3631	975.477
1320	49.4087	975.162
1321	49.4527	974.858
1322	49.4987	974.197
1323	49.5451	972.924
1324	49.5884	970.974
1325	49.6371	970.968
1326	49.6818	968.103
1327	49.7294	968.06
1328	49.7788	965.836
1329	49.8307	965.394
1330	49.8754	965.332
1331	49.9227	965.314
1332	49.9685	963.342
1333	50.0151	962.845
1334	50.0703	962.462
1336	50.1625	961.469
1337	50.2072	959.075
1338	50.2534	959.03
1339	50.296	958.397
1340	50.3483	958.395
1341	50.3921	957.438
1342	50.4383	955.114
1343	50.4814	951.212
1346	50.6173	949.417
1347	50.6631	946.57
1348	50.7075	946.31
1349	50.7572	945.938
1350	50.8003	945.646
1351	50.8492	945.625
1352	50.8981	944.976
1353	50.9427	944.554
1354	50.993	942.076
1355	51.0373	938.731
1356	51.0838	938.721
1357	51.127	938.679
1358	51.1737	938.441
1359	51.2212	938.326
1360	51.2678	938.035
1361	51.318	937.775
1362	51.3625	937.767
1363	51.4096	937.686
1364	51.4551	937.486
1365	51.502	937.478
1366	51.5466	937.441
1367	51.5922	937.376
1368	51.6367	936.572
1369	51.6848	935.852
1370	51.7318	935.277
1371	51.7806	935.27
1372	51.8249	935.056
1374	51.9188	935.031
1375	51.9639	934.979
1376	52.0114	934.897
1377	52.0571	934.578
1378	52.1036	934.041
1379	52.1489	934.013
1380	52.1977	933.33
1381	52.2427	932.809
1382	52.2929	932.71
1383	52.3375	932.399
1384	52.3889	932.231
1385	52.4404	931.88
1386	52.4874	931.671
1387	52.5319	930.744
1388	52.581	930.533
1389	52.6303	930.513
1390	52.6742	930.511
1391	52.722	930.302
1392	52.7682	930.159
1393	52.8155	930.05
1394	52.8599	929.934
1395	52.9101	929.88
1396	52.9549	929.403
1397	53.0053	929.235
1398	53.0525	929.039
1399	53.0992	929.037
1400	53.1449	929.014
1401	53.1931	925.576
1402	53.2402	925.533
1403	53.2846	925.518
1404	53.3327	924.229
1405	53.3771	923.912
1406	53.4252	923.678
1407	53.4701	923.468
1408	53.5217	923.137
1409	53.5668	922.968
1410	53.6129	922.878
1411	53.6616	922.587
1412	53.7084	922.57
1413	53.7583	919.698
1414	53.8029	919.623
1415	53.8478	919.578
1416	53.8998	918.519
1417	53.9475	916.914
1419	54.0408	916.666
1420	54.0851	916.482
1421	54.1334	916.414
1422	54.1782	912.968
1423	54.2265	912.946
1424	54.2714	912.943
1425	54.3212	912.505
1426	54.3686	912.479
1427	54.4208	912.405
1428	54.4712	912.395
1429	54.5193	912.31
1430	54.5702	912.244
1431	54.6164	912.192
1432	54.664	912.109
1433	54.7111	910.624
1434	54.7577	910.621
1435	54.8056	910.62
1436	54.8576	910.583
1437	54.9028	910.581
1438	54.956	910.49
1439	54.9999	910.389
1440	55.0485	910.373
1441	55.0944	910.334
1442	55.1466	910.333
1443	55.1921	910.077
1444	55.2409	909.959
1445	55.2861	909.772
1446	55.3323	909.771
1447	55.38	909.323
1448	55.4244	909.28
1449	55.4727	909.061
1450	55.5204	909.051
1451	55.5656	908.943
1452	55.6159	908.045
1454	55.7076	907.216
1455	55.7566	906.422
1456	55.8006	906.41
1457	55.8501	906.402
1458	55.8962	906.02
1459	55.9445	905.06
1460	55.9906	903.259
1461	56.0374	902.816
1462	56.0847	902.269
1463	56.1303	901.913
1464	56.1782	901.871
1465	56.2233	901.864
1466	56.2752	898.573
1467	56.3211	898.526
1468	56.3685	898.299
1469	56.4142	896.841
1470	56.4632	896.733
1471	56.5063	896.732
1472	56.5569	896.663
1473	56.6024	895.967
1474	56.6506	894.292
1475	56.6971	894.176
1476	56.746	891.827
1477	56.7907	891.501
1478	56.8385	891.475
1479	56.8853	891.456
1480	56.9345	891.352
1481	56.9806	889.907
1482	57.0307	889.33
1483	57.0754	889.215
1484	57.1228	889.177
1485	57.1725	887.418
1486	57.2238	887.346
1487	57.2691	887.02
1488	57.3161	885.879
1489	57.363	885.855
1490	57.4187	879.372
1491	57.4637	879.371
1492	57.5166	879.101
1493	57.5699	878.037
1494	57.6144	877.792
1495	57.6616	877.375
1496	57.7079	877.058
1497	57.7537	876.426
1498	57.8013	876.357
1499	57.8492	876.357
1500	57.8944	876.347
1501	57.9453	872.234
1502	57.9904	872.232
1503	58.0391	872.206
1504	58.0853	872.205
1505	58.1321	872.089
1506	58.1805	871.926
1507	58.2273	871.903
1508	58.2735	871.894
1509	58.3211	871.821
1511	58.4161	871.527
1513	58.5103	870.179
1514	58.5572	870.017
1515	58.6025	869.285
1516	58.655	869.268
1517	58.7086	868.802
1518	58.8279	868.748
1519	58.8764	868.723
1520	58.9253	868.71
1521	58.9715	868.364
1522	59.0196	868.346
1523	59.0716	868.343
1524	59.116	868.333
1525	59.1621	866.601
1526	59.2115	866.415
1527	59.2616	865.968
1528	59.3046	865.847
1529	59.3546	865.792
1530	59.4157	865.448
1531	59.4657	865.106
1532	59.5158	863.851
1533	59.5623	863.4
1534	59.6146	862.319
1535	59.665	862.272
1536	59.7106	862.234
1537	59.7591	858.729
1538	59.807	858.487
1539	59.8558	857.421
1540	59.904	857.111
1541	59.9547	857.063
1542	60.0003	857.062
1543	60.0498	856.794
1544	60.0973	855.945
1545	60.1441	855.415
1546	60.2018	855.322
1547	60.249	855.276
1548	60.3001	855.241
1549	60.3461	854.943
1550	60.394	854.772
1551	60.4388	854.743
1552	60.4903	854.448
1553	60.5363	849.433
1554	60.5857	849.427
1555	60.6322	849.391
1556	60.6804	848.984
1557	60.7276	848.703
1558	60.774	848.099
1559	60.8224	848.072
1561	60.9156	846.568
1563	61.0092	846.419
1564	61.0601	845.988
1565	61.1075	843.569
1566	61.1574	843.275
1567	61.2062	843.176
1568	61.2522	843.014
1569	61.2999	842.329
1570	61.349	842.003
1571	61.3981	841.549
1572	61.4456	841.255
1573	61.4961	840.92
1575	61.5898	840.802
1576	61.64	840.659
1577	61.6867	840.621
1579	61.7804	839.855
1580	61.8288	839.713
1581	61.8753	838.931
1582	61.9232	838.821
1583	61.9766	838.743
1585	62.0698	837.98
1586	62.1192	837.978
1587	62.1637	837.673
1588	62.2102	837.201
1589	62.2608	836.951
1590	62.3063	836.311
1591	62.3542	835.609
1592	62.4013	835.568
1593	62.4472	834.766
1594	62.4996	834.491
1595	62.544	834.096
1596	62.5936	826.541
1597	62.6418	825.961
1598	62.6923	825.899
1599	62.7364	825.053
1600	62.7882	824.974
1601	62.8343	824.812
1602	62.8822	824.72
1603	62.9303	824.719
1604	62.9764	824.553
1605	63.024	822.49
1606	63.0718	822.254
1607	63.1205	822.217
1608	63.1665	822.178
1609	63.2152	822.143
1610	63.261	819.914
1611	63.3122	818.904
1612	63.359	818.782
1613	63.4067	818.66
1614	63.4519	818.173
1615	63.5005	817.876
1616	63.5469	817.837
1617	63.5935	817.776
1618	63.6409	816.116
1620	63.7354	815.845
1621	63.7822	815.585
1623	63.8727	815.487
1624	63.9224	812.651
1625	63.9672	812.248
1626	64.0164	812.064
1628	64.1145	811.993
1629	64.1615	811.983
1631	64.256	811.042
1632	64.3042	810.884
1633	64.3532	810.346
1634	64.4007	809.623
1635	64.448	809.388
1636	64.4973	808.79
1637	64.5431	808.527
1638	64.5924	808.173
1640	64.6881	808.025
1641	64.734	807.893
1643	64.8293	807.892
1645	64.9242	807.847
1646	64.9728	807.71
1647	65.0244	807.642
1648	65.0699	807.547
1649	65.1176	807.498
1650	65.1702	807.478
1651	65.2176	807.432
1652	65.2663	807.392
1653	65.3137	805.146
1654	65.3609	804.839
1655	65.4082	804.786
1656	65.4578	804.723
1657	65.5035	798.829
1658	65.5525	798.127
1659	65.6025	797.942
1660	65.6489	797.624
1661	65.697	797.354
1662	65.7436	796.049
1663	65.7925	795.108
1664	65.8385	795.1
1665	65.8886	795.09
1666	65.9392	794.78
1667	65.9857	794.754
1668	66.038	794.402
1669	66.0858	794.172
1670	66.1329	794.17
1671	66.1807	794.157
1672	66.2276	792.728
1673	66.275	792.575
1674	66.3213	792.477
1675	66.371	792.421
1676	66.4218	792.359
1677	66.472	789.743
1678	66.5192	789.381
1679	66.5695	789.078
1680	66.6202	789.078
1681	66.6704	788.726
1682	66.7358	786.644
1683	66.784	786.21
1685	66.8819	786.141
1686	66.9266	784.943
1687	66.9766	784.287
1688	67.0231	783.805
1689	67.0712	783.652
1690	67.1214	783.336
1691	67.1673	783.331
1692	67.2168	782.369
1693	67.2627	782.099
1694	67.3142	780.389
1695	67.3619	777.697
1697	67.4554	777.645
1698	67.5025	777.194
1699	67.5493	777.077
1700	67.598	777.027
1701	67.6476	776.535
1702	67.6939	776.515
1703	67.744	775.758
1704	67.7908	773.878
1705	67.8393	773.802
1706	67.8851	773.79
1707	67.9341	773.753
1708	67.9798	772.28
1709	68.0279	772.245
1710	68.0744	772.05
1711	68.1234	771.503
1712	68.1697	771.501
1713	68.2201	771.374
1714	68.2665	771.311
1715	68.3128	771.25
1716	68.3623	771.133
1717	68.4126	771.107
1718	68.4584	770.986
1719	68.5092	770.908
1720	68.5574	770.8
1721	68.6044	770.474
1722	68.6554	770.373
1723	68.7016	770.199
1724	68.7513	770.053
1725	68.7966	769.836
1726	68.848	769.747
1727	68.8965	769.698
1728	68.9461	769.474
1729	68.993	769.472
1730	69.0424	769.466
1731	69.0944	769.275
1732	69.1427	769.241
1733	69.1878	769.093
1734	69.2354	769.084
1735	69.2877	769.069
1736	69.3342	768.275
1737	69.384	768.136
1738	69.436	767.864
1739	69.4836	767.717
1740	69.5338	767.558
1741	69.5803	766.67
1742	69.6304	766.662
1743	69.6769	766.65
1744	69.7225	766.416
1745	69.7734	766.194
1746	69.8194	766.056
1747	69.8692	765.879
1748	69.9215	765.606
1749	69.967	765.484
1750	70.0157	765.311
1751	70.0621	764.488
1752	70.1124	764.48
1753	70.1585	760.327
1754	70.2032	760.246
1755	70.252	760.225
1756	70.3044	760.181
1757	70.3538	758.888
1758	70.4017	758.887
1759	70.4507	758.538
1760	70.4966	758.218
1761	70.5493	758.164
1762	70.5953	751.983
1763	70.6495	751.981
1765	70.7431	751.948
1766	70.7902	751.879
1767	70.8387	751.835
1768	70.887	751.802
1769	70.9335	751.602
1770	70.9799	751.484
1771	71.0366	751.44
1772	71.0835	751.414
1773	71.1335	750.322
1774	71.1798	750.186
1775	71.2307	750.183
1776	71.2805	750.117
1777	71.3272	750.116
1778	71.3785	749.994
1779	71.4271	749.936
1780	71.4822	749.873
1782	71.5892	749.873
1783	71.6376	749.714
1785	71.7341	749.664
1786	71.7806	749.661
1787	71.8314	749.551
1788	71.8828	749.367
1789	71.9351	749.194
1790	71.9804	749.133
1791	72.0347	749.098
1792	72.0834	748.147
1793	72.1373	747.992
1794	72.196	747.579
1795	72.2469	747.392
1796	72.3015	747.38
1797	72.3494	747.373
1798	72.3981	747.123
1799	72.4487	744.951
1800	72.5009	743.632
1801	72.5515	742.963
1802	72.6	742.378
1803	72.6528	742.359
1804	72.7031	742.354
1805	72.7529	742.205
1806	72.8032	738.478
1807	72.8514	738.432
1808	72.8988	738.238
1809	72.9503	737.156
1810	72.9992	737.089
1811	73.0513	736.785
1812	73.1129	736.781
1813	73.1611	736.099
1814	73.211	735.876
1815	73.262	735.874
1816	73.3106	733.809
1817	73.3658	733.664
1818	73.4131	733.659
1819	73.4689	733.64
1820	73.5161	732.176
1821	73.5671	731.989
1822	73.6157	731.294
1823	73.6663	731.272
1824	73.7127	731.235
1825	73.7661	729.797
1826	73.8122	729.778
1827	73.8648	729.472
1828	73.9134	729.429
1829	73.9594	729.409
1830	74.0137	729.326
1831	74.0611	729.323
1832	74.1101	729.244
1833	74.1579	727.3
1834	74.2088	727.175
1835	74.2598	727.084
1836	74.3063	726.97
1837	74.3597	726.569
1838	74.4085	726.528
1839	74.46	726.521
1840	74.508	726.52
1841	74.5574	721.431
1842	74.6106	721.427
1843	74.6632	721.405
1844	74.7121	721.4
1845	74.7595	721.358
1846	74.8141	721.332
1847	74.8665	721.331
1848	74.9147	721.316
1849	74.9667	721.297
1850	75.0136	721.26
1851	75.0664	720.655
1853	75.1634	720.108
1854	75.2102	720.083
1855	75.2571	719.774
1857	75.3573	719.621
1859	75.4534	719.549
1860	75.5013	719.54
1861	75.5513	719.455
1862	75.6115	719.449
1863	75.6607	719.444
1864	75.7166	719.425
1865	75.7652	718.587
1866	75.822	718.488
1867	75.8809	718.419
1868	75.9327	718.366
1869	75.9862	718.336
1870	76.0373	718.252
1871	76.114	718.248
1872	76.1683	716.076
1873	76.2292	715.818
1874	76.2836	715.762
1875	76.3365	715.591
1876	76.3872	715.548
1877	76.4422	714.655
1878	76.4908	714.618
1879	76.5435	713.871
1880	76.5935	713.519
1881	76.6443	713.5
1882	76.6924	713.494
1883	76.7455	713.346
1884	76.7933	713.069
1885	76.843	712.64
1886	74.4164	712.606
1887	74.4727	712.538
1888	74.521	712.501
1889	74.5725	712.269
1891	74.6698	712.197
1892	74.7219	711.583
1893	74.769	708.759
1894	74.8192	708.542
1895	74.8672	708.341
1896	74.9202	708.298
1897	74.9681	708.186
1898	75.0186	707.692
1899	75.0692	707.67
1901	75.1675	706.985
1903	75.2717	706.881
1904	75.3781	706.83
1905	75.428	706.781
1906	75.4746	706.262
1907	75.5251	706.255
1908	75.5726	706.159
1909	75.6212	705.9
1910	75.6703	705.873
1911	75.7183	705.856
1912	75.7696	705.84
1913	75.8199	705.693
1914	75.8672	705.67
1915	75.9152	705.612
1916	75.9619	705.424
1917	76.0106	705.394
1918	76.0587	705.287
1919	76.1107	703.941
1920	76.1684	703.881
1921	76.2171	699.458
1923	76.3142	699.404
1924	76.3608	699.403
1925	76.4138	698.092
1926	76.4596	698.077
1927	76.5115	697.668
1928	76.5622	697.483
1929	76.6145	697.412
1930	76.6627	696.93
1931	76.7156	696.81
1932	76.7656	696.731
1934	76.8655	696.403
1935	76.9128	696.073
1936	76.9599	695.095
1937	77.0111	694.857
1938	77.0576	694.826
1939	77.1089	693.496
1940	77.1574	693.365
1941	77.2049	693.25
1942	77.2519	693.121
1943	77.3012	693.092
1944	77.3555	692.92
1945	77.4028	692.652
1947	77.5061	692.626
1948	77.5562	692.61
1949	77.6116	692.603
1950	77.6614	692.601
1951	77.7121	690.78
1952	77.7607	690.694
1953	77.8102	690.681
1954	77.8603	689.558
1955	77.9088	689.52
1956	77.9575	689.497
1959	78.1052	689.419
1960	78.1543	689.2
1961	78.2018	688.965
1963	78.2978	688.932
1964	78.3514	688.254
1965	78.3993	688.158
1968	78.5608	688.094
1971	78.7141	687.577
1972	78.7613	687.453
1973	78.8201	686.949
1974	78.8679	686.509
1975	78.9273	685.132
1976	78.9814	684.996
1977	79.0328	684.921
1978	79.0795	684.639
1980	79.18	684.494
1983	79.329	684.491
1985	79.4271	684.445
1988	79.5735	684.349
1989	79.6251	684.331
1990	79.6715	683.786
1991	79.7207	683.755
1992	79.7708	683.733
1994	79.875	683.585
1996	79.9728	683.281
1997	80.0253	683.273
1998	80.0739	683.247
1999	80.1233	683.099
2000	80.1735	683.099
2001	80.2302	682.874
2003	80.3271	682.42
2004	80.3793	682.182
2005	80.4276	681.867
2007	80.5336	681.833
2008	80.5813	681.501
2009	80.6294	681.28
2010	80.6818	681.172
2011	80.7305	681.159
2012	80.7802	680.242
2013	80.8261	680.232
2014	80.8817	680.22
2015	80.9322	680.204
2017	81.0322	677.903
2018	81.0817	677.689
2019	81.1303	677.424
2020	81.1775	677.417
2022	81.2786	677.311
2024	81.379	677.213
2026	81.4826	676.531
2027	81.5294	676.072
2028	81.5814	675.909
2029	81.63	675.858
2030	81.6761	675.752
2032	81.7784	675.291
2033	81.8245	675.132
2034	81.8753	675.073
2035	81.9311	673.019
2036	81.9951	672.998
2037	82.0425	672.918
2038	82.0921	672.879
2039	82.1394	672.868
2040	82.1896	672.678
2041	82.2384	672.386
2042	82.2876	672.377
2043	82.3389	672.369
2044	82.3861	672.286
2045	82.4368	672.167
2046	82.4833	672.154
2047	82.5339	672.135
2048	82.5814	671.962
2049	82.6296	671.934
2050	82.6797	671.878
2051	82.7267	671.863
2052	82.7764	671.86
2053	82.8251	671.757
2054	82.8782	671.688
2055	82.928	671.617
2056	82.9765	671.512
2057	83.0297	671.493
2058	83.0774	671.411
2059	83.1272	671.385
2060	83.1743	671.376
2061	83.226	671.264
2062	83.2755	671.178
2063	83.3278	671.125
2064	83.3771	670.937
2065	83.4242	670.781
2066	83.4759	670.739
2067	83.5273	670.709
2068	83.5774	670.559
2069	83.6252	670.559
2070	83.6789	670.558
2071	83.7259	670.523
2072	83.7804	670.414
2073	83.826	670.331
2074	83.8777	670.311
2075	83.9302	670.282
2076	83.9782	670.062
2077	84.0279	669.995
2078	84.0752	669.852
2079	84.1296	669.789
2080	84.179	669.785
2081	84.2257	669.649
2083	84.3255	669.64
2084	84.3778	669.588
2085	84.4251	669.522
2086	84.4757	669.465
2087	84.5219	669.323
2088	84.5709	669.084
2089	84.6182	668.928
2090	84.667	668.746
2091	84.7158	668.678
2092	84.7635	668.652
2093	84.8138	668.013
2094	84.8633	667.988
2095	84.9124	667.985
2096	84.9609	667.981
2097	85.0152	667.062
2098	85.0636	667.057
2099	85.1167	666.976
2100	85.1633	666.15
2101	85.2132	666.122
2102	85.2662	661.602
2103	85.3163	661.598
2104	85.37	661.588
2105	85.4277	661.398
2106	85.4737	661.338
2107	85.5245	661.275
2108	85.5751	661.255
2109	85.6241	661.208
2110	85.6803	661.112
2111	85.7311	661.02
2112	85.7785	661.019
2113	85.8293	660.134
2114	85.8814	660.099
2115	85.9306	660.097
2116	85.994	660.085
2117	86.057	660.082
2118	86.1127	660.026
2119	86.1737	660.022
2120	86.2241	660.003
2121	86.2785	659.999
2122	86.3276	659.999
2123	86.3807	659.959
2124	86.4277	659.953
2125	86.4784	659.707
2126	86.5262	659.706
2127	86.5763	659.6
2128	86.6249	659.423
2129	86.6734	659.238
2130	86.7229	659.236
2131	86.7693	659.199
2132	86.821	657.257
2133	86.8678	657.212
2134	86.9225	656.841
2136	87.024	656.84
2137	87.0751	656.836
2139	87.18	655.537
2140	87.2293	655.297
2141	87.2768	654.943
2142	87.3242	653.136
2143	87.3775	653.131
2144	87.4251	653.127
2145	87.4739	653.088
2146	87.5216	649.912
2147	87.5716	649.838
2148	87.6213	649.653
2149	87.6692	648.859
2150	87.7183	648.813
2151	87.7685	648.691
2152	87.8154	648.68
2153	87.8654	647.361
2154	87.9151	646.993
2155	87.9717	646.987
2156	88.0242	646.298
2157	88.0758	646.181
2158	88.1274	646.158
2159	88.1796	646.136
2160	88.2269	646.08
2161	88.2789	645.957
2162	88.3279	645.413
2163	88.3768	645.402
2164	88.4248	645.376
2165	88.4775	644.643
2166	88.5259	644.633
2167	88.5776	644.526
2168	88.6259	644.433
2169	88.6755	644.406
2170	88.7247	644.404
2171	88.7736	644.404
2172	88.8233	644.354
2173	88.8713	643.77
2174	88.9208	643.604
2175	88.9694	643.341
2176	89.0193	643.259
2177	89.0692	642.996
2178	89.1192	642.967
2179	89.1678	642.963
2180	89.2185	642.95
2181	89.2656	641.019
2182	89.3151	641.017
2183	89.3668	641.014
2184	89.4153	641.013
2185	89.463	640.906
2186	89.5121	640.717
2187	89.5636	640.712
2188	89.6114	640.622
2189	89.6602	640.613
2190	89.7102	640.52
2191	89.765	639.705
2193	89.8666	639.637
2194	89.9125	639.571
2195	89.9634	639.236
2198	90.1105	639.207
2199	90.161	639.025
2200	90.211	639.016
2201	90.2599	638.897
2202	90.3104	638.89
2203	90.3608	638.886
2205	90.4702	638.672
2206	90.5182	638.614
2207	90.573	637.934
2208	90.6229	637.866
2209	90.6753	637.791
2210	90.7225	637.438
2211	90.773	637.435
2213	90.8702	637.189
2215	90.9697	637.16
2216	91.0233	637.145
2217	91.072	635.917
2218	91.1209	635.855
2219	91.169	635.365
2220	91.2164	635.042
2221	91.2682	635.035
2222	91.3179	635.032
2223	91.3698	634.948
2224	91.4185	634.826
2225	91.4677	634.448
2226	91.5173	634.284
2227	91.5648	634.283
2228	91.6189	634.272
2229	91.6666	633.892
2231	91.7661	633.788
2232	91.822	633.578
2233	91.8718	631.81
2234	91.9234	631.751
2235	91.9689	631.664
2236	92.0174	631.497
2237	92.0648	631.396
2238	92.1203	631.045
2239	92.1723	630.902
2240	92.2222	630.901
2241	92.2756	630.734
2243	92.38	630.573
2244	92.4309	630.533
2245	92.4794	630.208
2246	92.5297	629.024
2247	92.5811	628.996
2248	92.6308	628.92
2249	92.677	628.702
2250	92.7289	628.658
2251	92.7805	628.602
2253	92.8927	628.575
2254	92.9424	628.553
2255	92.997	628.424
2256	93.0453	628.363
2257	93.0963	628.336
2259	93.203	626.796
2260	93.2561	626.703
2261	93.3152	626.365
2262	93.3656	626.276
2263	93.4141	624.245
2265	93.5178	623.761
2266	93.5704	623.728
2267	93.6208	623.237
2268	93.6699	623.046
2269	93.7182	623.046
2270	93.7698	622.62
2271	93.8176	622.478
2272	93.8682	622.467
2274	93.9644	622.408
2275	94.0158	622.209
2276	94.0616	622.111
2277	94.1116	621.992
2278	94.1646	621.973
2279	94.2111	621.757
2280	94.2589	621.676
2281	94.3075	621.587
2282	94.3576	621.491
2284	94.4615	621.463
2285	94.5116	620.262
2286	94.5622	620.245
2287	94.6116	620.236
2289	94.7119	620.206
2291	94.811	620.129
2292	94.8576	620.119
2293	94.9126	620.1
2294	94.9633	620.011
2295	95.0158	619.928
2296	95.08	619.878
2299	95.2542	619.76
2300	95.3011	619.569
2301	95.3516	619.374
2304	95.5094	617.519
2305	95.5578	617.442
2306	95.6085	617.438
2308	95.7144	617.406
2311	95.8708	617.125
2312	95.9198	617.052
2313	95.974	616.756
2314	96.022	616.427
2315	96.08	616.322
2316	96.1424	616.241
2317	96.2055	616.121
2318	96.2589	615.575
2320	96.3817	615.441
2322	96.5036	615.44
2323	96.5554	615.438
2324	96.6114	615.427
2325	96.6622	615.366
2326	96.7125	615.243
2328	96.8206	615.17
2330	96.9325	614.55
2331	96.9852	614.527
2332	97.0393	614.52
2333	97.0886	612.715
2334	97.1373	612.55
2335	97.1842	612.519
2336	97.2348	612.294
2337	97.2823	612.265
2339	97.3806	612.16
2341	97.4793	612.041
2343	97.5864	611.702
2344	97.6377	610.914
2345	97.6878	610.912
2347	97.791	610.903
2348	97.846	610.323
2349	97.8934	610.186
2350	97.9465	610.131
2351	97.994	610.128
2352	98.0431	609.618
2354	98.1415	609.604
2356	98.2411	609.512
2357	98.2899	607.869
2358	98.3415	607.694
2359	98.3914	607.527
2360	98.4423	607.522
2361	98.498	607.273
2362	98.5495	607.257
2363	98.6017	607.138
2364	98.6494	607.045
2366	98.7516	606.534
2367	98.8002	606.456
2368	98.8499	606.345
2369	98.8985	606.326
2370	98.9513	606.145
2372	99.0482	605.794
2375	99.2036	605.432
2376	99.2721	605.426
2377	99.3345	605.379
2378	99.4182	605.366
2379	99.4906	605.324
2381	99.6233	605.319
2382	99.6809	605.316
2383	99.7349	605.304
2384	99.7904	605.193
2385	99.8416	605.185
2386	99.8971	605.174
2387	99.9729	605.114
2388	100.039	605.015
2389	100.093	605.008
2390	100.156	604.98
2391	100.213	604.963
2392	100.273	604.961
2393	100.329	604.88
2394	100.381	604.214
2395	100.443	604.182
2396	100.503	604.088
2397	100.572	604.049
2398	100.642	603.974
2399	100.708	603.953
2400	100.766	603.883
2401	100.815	603.85
2402	100.867	603.773
2404	100.971	603.662
2405	101.026	603.517
2406	101.075	603.486
2407	101.125	603.482
2408	101.175	603.373
2409	101.231	603.372
2410	101.28	603.371
2411	101.333	603.363
2412	101.386	603.305
2413	101.436	603.24
2414	101.488	603.237
2415	101.543	603.2
2416	101.604	603.185
2417	101.67	603.142
2418	101.731	603.073
2419	101.785	603.057
2420	101.84	603.051
2421	101.889	602.97
2422	101.944	602.97
2423	101.995	602.967
2424	102.048	602.956
2425	102.102	602.727
2426	102.152	602.713
2427	102.206	602.579
2428	102.262	602.427
2429	102.315	602.303
2430	102.368	602.156
2431	102.428	601.88
2432	102.478	601.877
2433	102.536	601.485
2434	102.601	601.448
2435	102.658	601.447
2436	102.72	601.3
2437	102.78	600.392
2438	102.836	600.389
2439	102.888	600.305
2440	102.945	599.83
2441	102.999	599.787
2442	103.053	598.72
2443	103.103	598.709
2444	103.157	598.702
2445	103.208	598.642
2446	103.26	598.614
2447	103.307	598.608
2448	103.36	598.6
2449	103.415	598.53
2450	103.465	598.132
2451	103.521	598.089
2452	103.572	598.077
2453	103.629	597.239
2454	103.679	597.226
2455	103.758	597.223
2456	103.846	597.211
2457	103.933	597.208
2458	104.038	597.172
2459	104.161	597.117
2460	104.316	597.099
2462	104.46	597.099
2463	104.536	597.004
2464	104.615	597
2465	104.684	596.632
2466	104.776	596.63
2467	104.882	596.606
2468	104.97	596.45
2469	105.107	596.401
2470	105.188	596.385
2471	105.261	596.345
2472	105.334	595.487
2473	105.41	595.292
2474	105.521	595.12
2475	105.649	595.096
2476	105.755	595.095
2477	105.844	595.092
2478	105.928	595.064
2479	106.012	594.468
2480	106.074	594.186
2481	106.136	593.852
2482	106.208	591.046
2483	106.276	591.03
2484	106.362	591.019
2485	106.433	590.817
2486	106.535	588.254
2487	106.622	588.232
2488	104.264	588.115
2489	104.377	587.646
2490	104.463	587.591
2491	104.559	587.572
2492	104.635	587.544
2493	104.736	587.515
2494	104.849	587.227
2495	104.96	587.224
2496	105.043	587.085
2497	105.14	587.016
2498	105.202	587.014
2499	105.262	587.007
2500	105.314	586.97
2501	105.37	586.886
2502	105.434	586.699
2503	105.529	586.694
2504	105.663	586.689
2505	105.735	585.866
2506	105.795	585.855
2507	105.863	585.346
2508	105.915	585.278
2509	105.966	585.266
2510	106.022	585.256
2511	106.079	585.252
2512	106.134	585.239
2513	106.192	584.645
2514	106.246	584.539
2515	106.297	584.523
2516	106.371	584.446
2517	106.442	584.265
2518	106.509	584.24
2519	106.576	584.239
2520	106.676	584.217
2521	106.741	582.524
2522	106.804	582.522
2523	106.872	582.519
2524	106.962	582.517
2525	107.071	582.491
2526	107.147	582.33
2528	107.279	582.303
2529	107.346	582.29
2530	107.415	582.227
2531	107.49	581.897
2533	107.612	581.785
2534	107.682	581.767
2535	107.757	581.701
2538	107.93	581.674
2539	107.986	581.57
2540	108.047	581.565
2541	108.103	581.445
2542	108.162	581.444
2545	108.351	581.317
2546	108.404	581.308
2547	108.463	581.182
2548	108.516	581.144
2549	108.577	581.117
2550	108.636	580.98
2551	108.703	580.978
2552	108.801	580.233
2553	108.906	580.203
2554	109.028	580.183
2555	109.14	580.162
2556	109.265	580.117
2557	109.385	579.559
2558	109.494	579.522
2559	109.565	579.217
2560	109.623	579.015
2561	109.681	578.998
2563	109.808	578.884
2565	109.987	578.525
2566	110.059	578.485
2567	110.133	578.484
2568	110.212	578.46
2569	110.266	578.326
2571	110.388	578.289
2572	110.446	578.2
2573	110.503	576.443
2574	110.565	576.406
2575	110.623	576.397
2576	110.69	576.326
2577	110.755	576.286
2578	110.808	576.09
2579	110.859	575.932
2581	110.989	574.672
2583	111.099	574.285
2584	111.151	574.263
2585	111.207	574.234
2586	111.256	573.461
2587	111.312	573.333
2588	111.361	573.247
2589	111.416	573.064
2590	111.464	572.933
2591	111.516	572.866
2592	111.566	572.766
2593	111.616	572.73
2594	111.67	572.659
2596	111.767	572.549
2597	111.821	572.523
2599	111.922	572.066
2600	111.974	571.975
2602	112.08	571.958
2603	112.142	571.683
2605	112.253	571.266
2606	112.319	571.259
2607	112.372	571.107
2608	112.426	571.1
2609	112.477	571.068
2610	112.533	570.793
2612	112.645	570.723
2613	112.694	570.719
2614	112.755	570.463
2616	112.863	570.431
2617	112.91	570.415
2618	112.962	570.354
2619	113.011	570.29
2620	113.062	570.28
2621	113.115	570.106
2622	113.172	570.018
2623	113.221	570.012
2624	113.272	569.994
2625	113.322	569.936
2626	113.375	569.884
2627	113.428	569.874
2628	113.499	569.866
2629	113.549	569.741
2630	113.601	568.573
2631	113.654	568.365
2632	113.707	568.345
2634	113.807	568.222
2635	113.854	568.125
2636	113.903	568.054
2639	114.054	568.047
2640	114.104	567.922
2641	114.157	567.853
2644	114.311	567.692
2645	114.362	567.627
2648	114.516	567.611
2650	114.622	567.575
2651	114.682	567.309
2652	114.729	567.217
2653	114.781	566.611
2654	114.831	566.289
2655	114.88	566.183
2656	114.928	566.182
2657	114.981	566.181
2658	115.033	566.113
2660	115.134	566.017
2661	115.207	565.996
2662	115.276	565.944
2663	115.339	565.943
2664	115.388	565.916
2665	115.44	565.901
2666	115.494	565.886
2667	115.544	565.874
2669	115.648	565.831
2670	115.699	565.735
2671	115.751	565.723
2672	115.8	565.713
2674	115.906	565.658
2675	115.967	565.655
2676	116.045	565.53
2678	116.15	565.528
2680	116.247	565.498
2681	116.303	565.394
2683	116.402	565.099
2684	116.457	565.005
2685	116.506	564.999
2687	116.607	564.984
2688	116.658	564.659
2689	116.709	564.53
2690	116.758	564.525
2691	116.808	564.524
2693	116.909	564.519
2694	116.957	564.504
2695	117.01	564.495
2697	117.113	563.156
2698	117.164	563.086
2699	117.216	562.98
2701	117.317	562.849
2702	117.367	562.669
2703	117.42	562.657
2704	117.469	562.624
2705	117.521	561.743
2706	117.569	561.243
2707	117.623	561.166
2708	117.672	561.143
2709	117.722	561.138
2712	117.885	560.906
2715	118.044	560.905
2717	118.151	560.859
2721	118.369	560.847
2722	118.426	560.844
2724	118.53	560.807
2725	118.581	560.797
2726	118.64	560.785
2727	118.691	560.779
2728	118.744	560.747
2729	118.794	560.736
2730	118.851	560.722
2731	118.9	560.715
2732	118.956	560.713
2733	119.01	560.674
2734	119.059	560.647
2735	119.11	560.632
2736	119.161	560.483
2737	119.209	560.449
2738	119.26	560.357
2739	119.31	560.346
2740	119.36	560.329
2741	119.409	560.306
2742	119.463	560.227
2743	119.521	560.201
2744	119.57	560.135
2745	119.624	559.873
2746	119.679	559.835
2747	119.728	559.821
2748	119.784	559.691
2750	119.891	559.69
2751	119.941	559.648
2752	119.997	559.31
2753	120.107	559.237
2755	120.22	559.212
2756	120.27	559.2
2757	120.319	559.178
2758	120.369	559.134
2759	120.42	559.121
2760	120.471	559.114
2761	120.52	559.089
2762	120.575	559.089
2763	120.624	559.084
2764	120.676	559.064
2765	120.725	559.018
2767	120.826	558.92
2768	120.875	558.792
2769	120.923	558.745
2770	120.978	558.603
2771	121.032	558.423
2772	121.082	558.422
2773	121.134	558.225
2774	121.187	558.208
2775	121.236	558.165
2776	121.29	558.075
2777	121.341	557.427
2778	121.399	557.423
2779	121.449	557.402
2780	121.503	556.871
2781	121.553	556.851
2782	121.606	556.188
2783	121.662	556.175
2784	121.712	556.174
2785	121.766	556.134
2786	121.821	556.095
2787	121.873	556.058
2788	121.924	556.045
2789	121.975	555.987
2790	122.024	555.902
2791	122.079	555.865
2793	122.182	555.355
2794	122.234	555.348
2795	122.282	555.345
2796	122.335	555.33
2798	122.435	555.234
2799	122.487	555.228
2800	122.54	555.221
2801	122.593	555.22
2802	122.641	555.219
2803	122.694	555.184
2804	122.743	555.181
2805	122.798	555.166
2806	122.854	555.166
2807	122.902	555.146
2808	122.955	555.134
2809	123.001	555.13
2810	123.054	555.127
2811	123.103	555.091
2812	123.155	554.812
2813	123.205	554.737
2814	123.255	554.567
2815	123.311	554.541
2816	123.363	554.539
2817	123.418	554.535
2819	123.52	554.433
2820	123.574	554.199
2821	123.625	553.934
2822	123.678	552.828
2823	123.725	552.804
2824	123.777	552.802
2826	123.88	550.754
2827	123.93	550.753
2828	123.984	550.68
2829	124.031	550.33
2830	124.083	550.284
2831	124.136	550.242
2832	124.192	550.233
2833	124.242	550.043
2834	124.291	549.441
2835	124.343	549.441
2836	124.391	549.408
2837	124.443	549.361
2838	124.492	549.359
2839	124.542	549.346
2840	124.59	549.282
2842	124.695	549.109
2843	124.743	549.1
2844	124.794	549.05
2845	124.842	548.551
2846	124.896	548.545
2847	124.951	548.521
2848	125.002	548.47
2849	125.059	548.46
2850	125.11	548.456
2851	125.162	548.456
2853	125.269	548.195
2854	125.324	548.11
2855	125.375	548.096
2856	125.433	548.04
2857	125.491	547.991
2858	125.546	547.952
2859	125.603	547.949
2860	125.654	547.891
2861	125.713	546.651
2863	125.827	546.649
2864	125.876	546.648
2866	125.978	546.63
2867	126.032	546.624
2868	126.085	546.614
2869	126.136	546.487
2870	126.19	546.464
2871	126.242	546.261
2873	126.341	546.175
2874	126.391	546.156
2875	126.444	546.027
2878	126.604	546.01
2879	126.662	545.973
2880	126.711	545.972
2881	126.761	545.912
2882	126.812	545.911
2883	126.866	545.91
2885	126.973	545.866
2887	127.079	545.824
2888	127.129	545.763
2889	127.176	545.746
2890	127.228	545.587
2891	127.276	545.548
2893	127.402	545.356
2894	127.459	545.33
2895	127.511	545.327
2897	127.611	544.916
2898	127.66	544.909
2899	127.712	544.594
2900	127.764	544.425
2901	127.815	544.414
2902	127.864	544.41
2905	128.016	544.152
2907	128.116	544.138
2908	128.169	544.134
2909	128.216	544.039
2911	128.319	544.013
2913	128.422	542.071
2915	128.524	542.049
2916	128.572	541.951
2917	128.625	541.92
2918	128.673	541.852
2919	128.725	541.594
2920	128.78	541.583
2921	128.829	538.425
2923	128.943	538.357
2924	129.044	538.337
2925	129.107	538.319
2926	129.157	538.17
2927	129.21	538.162
2928	129.261	538.117
2929	129.316	537.909
2930	129.365	537.855
2931	129.418	537.823
2933	129.521	537.752
2936	129.676	537.725
2937	129.725	537.704
2939	129.902	537.628
2940	130.025	537.569
2942	130.135	537.545
2943	130.184	537.297
2945	130.293	537.252
2946	130.346	537.244
2947	130.396	537.184
2948	130.452	537.171
2949	130.501	537.018
2952	130.652	536.91
2954	130.76	536.905
2955	130.813	536.731
2957	130.91	536.706
2959	131.012	536.607
2960	131.063	536.568
2961	131.112	536.516
2962	131.164	536.478
2963	131.214	536.346
2965	131.317	536.346
2966	131.369	536.276
2967	131.426	536.273
2968	131.484	536.267
2969	131.532	536.204
2971	131.634	536.13
2972	131.685	536.123
2973	131.736	535.99
2975	131.842	535.967
2976	131.894	535.957
2979	132.059	535.954
2980	132.111	535.806
2981	132.164	535.746
2982	132.219	535.738
2983	132.269	535.724
2987	132.485	535.724
2988	132.534	535.699
2990	132.635	535.693
2991	132.689	535.45
2992	132.737	535.31
2993	132.789	535.309
2994	132.839	535
2995	132.891	534.55
2998	133.037	534.376
2999	133.089	534.195
3000	133.141	534.153
3003	133.29	534.148
3005	133.395	534.133
3008	133.547	534.131
3009	133.597	534.075
3010	133.649	533.747
3012	133.749	533.739
3013	133.803	533.666
3014	133.854	533.597
3015	133.903	533.596
3016	133.957	533.449
3017	134.011	533.449
3020	134.162	533.397
3021	134.212	533.311
3023	134.316	533.141
3025	134.414	533.134
3027	134.519	533.127
3028	134.57	532.854
3029	134.623	532.742
3030	134.671	532.735
3031	134.723	532.732
3032	134.772	532.6
3033	134.822	532.488
3036	134.979	532.17
3037	135.028	530.507
3038	135.079	530.464
3039	135.131	530.414
3040	135.181	530.413
3041	135.232	530.302
3042	135.284	530.197
3043	135.334	530.082
3045	135.438	529.826
3046	135.493	529.623
3050	135.696	529.615
3054	135.9	529.533
3055	135.957	529.428
3057	136.062	529.392
3058	136.115	529.381
3061	136.27	529.327
3062	136.323	529.325
3064	133.947	529.296
3065	133.997	529.291
3067	134.099	529.289
3068	134.148	529.285
3069	134.201	529.278
3070	134.248	529.275
3073	134.399	529.253
3074	134.447	529.241
3075	134.498	529.227
3076	134.548	529.108
3077	134.602	529.074
3078	134.651	528.988
3079	134.703	528.961
3080	134.753	528.899
3081	134.804	528.884
3082	134.853	528.837
3083	134.902	528.812
3084	134.952	528.731
3085	135.007	528.447
3086	135.057	528.414
3088	135.159	528.323
3090	135.259	528.322
3092	135.359	528.262
3093	135.407	528.208
3094	135.464	528.204
3095	135.522	528.184
3096	135.573	528.129
3097	135.625	528.117
3098	135.673	528.084
3099	135.727	528.072
3100	135.775	528.068
3101	135.829	528.042
3103	135.936	528.039
3104	135.988	528.023
3105	136.036	527.983
3107	136.143	527.89
3108	136.197	527.824
3109	136.247	527.771
3110	136.296	527.671
3112	136.402	527.67
3113	136.45	527.454
3115	136.553	527.453
3116	136.605	527.373
3117	136.659	526.633
3118	136.708	526.632
3119	136.765	526.589
3120	136.816	526.284
3121	136.872	526.256
3122	136.924	525.81
3123	136.971	525.803
3124	137.024	525.802
3125	137.073	525.796
3126	137.13	525.786
3127	137.179	525.762
3128	137.234	525.754
3129	137.282	525.733
3130	137.337	525.696
3131	137.39	525.68
3132	137.45	525.673
3133	137.499	525.313
3134	137.549	525.311
3135	137.598	525.311
3136	137.654	525.297
3137	137.704	525.294
3138	137.755	525.265
3140	137.856	525.262
3141	137.91	525.255
3142	137.961	525.255
3143	138.014	525.236
3144	138.066	525.232
3145	138.121	525.221
3146	138.173	525.219
3147	138.227	525.201
3148	138.281	525.198
3150	138.389	525.195
3151	138.446	525.177
3152	138.503	524.872
3153	138.556	524.801
3154	138.606	524.682
3155	138.656	524.633
3156	138.714	524.632
3157	138.762	524.627
3159	138.861	524.41
3160	138.914	524.189
3161	138.966	524.111
3162	139.016	523.396
3163	139.07	523.359
3164	139.121	523.354
3165	139.171	523.283
3166	139.224	521.684
3167	139.275	521.667
3168	139.326	521.631
3169	139.382	521.256
3170	139.431	521.226
3171	139.482	521.193
3172	139.531	521.146
3173	139.582	520.991
3174	139.632	520.854
3175	139.679	520.854
3176	139.729	520.842
3177	139.784	520.829
3178	139.834	520.804
3180	139.934	520.773
3182	140.037	520.661
3183	140.09	520.629
3184	140.141	520.595
3185	140.191	520.504
3186	140.244	520.504
3187	140.294	520.438
3188	140.344	520.424
3189	140.397	520.421
3190	140.448	520.417
3191	140.499	520.414
3193	140.607	520.366
3194	140.657	520.312
3195	140.706	520.262
3196	140.759	520.232
3198	140.867	520.217
3199	140.916	520.216
3200	140.974	520.156
3201	141.028	519.183
3203	141.132	519.183
3204	141.181	519.182
3205	141.229	519.179
3206	141.283	519.178
3207	141.332	519.17
3208	141.384	519.162
3209	141.436	519.05
3210	141.49	518.952
3211	141.542	518.773
3213	141.653	518.74
3214	141.704	518.731
3215	141.756	518.58
3216	141.805	518.578
3218	141.905	518.564
3219	141.956	518.514
3220	142.009	518.513
3221	142.059	518.465
3222	142.112	518.462
3223	142.162	518.462
3225	142.269	518.435
3226	142.321	518.406
3227	142.371	518.349
3229	142.476	518.322
3230	142.531	518.239
3231	142.58	518.235
3233	142.682	518.176
3234	142.734	518.129
3235	142.784	518.127
3237	142.887	517.537
3238	142.942	517.522
3239	142.994	517.363
3241	143.092	517.222
3245	143.3	516.977
3246	143.352	516.973
3248	143.452	516.973
3249	143.502	516.873
3251	143.606	516.836
3252	143.66	516.825
3253	143.709	514.776
3255	143.81	514.722
3256	143.859	514.687
3258	143.958	514.599
3259	144.011	514.544
3261	144.119	513.745
3262	144.176	513.726
3263	144.225	513.698
3264	144.28	513.685
3265	144.332	513.639
3266	144.386	512.439
3267	144.437	512.436
3268	144.487	512.411
3269	144.537	512.242
3270	144.59	512.188
3271	144.641	512.163
3273	144.747	512.144
3274	144.796	512.136
3276	144.897	512.121
3277	144.947	512.104
3279	145.061	512.05
3280	145.113	511.993
3282	145.213	511.967
3283	145.264	511.741
3285	145.364	511.624
3286	145.418	511.608
3287	145.467	511.543
3288	145.518	511.541
3289	145.575	511.501
3290	145.628	511.443
3292	145.734	511.405
3293	145.789	511.378
3295	145.888	511.322
3296	145.938	511.306
3297	145.994	511.289
3298	146.067	511.264
3299	146.13	510.946
3300	146.186	510.914
3301	146.244	510.852
3302	146.296	510.827
3303	146.352	510.703
3305	146.455	510.701
3306	146.512	510.615
3308	146.617	510.583
3309	146.667	510.42
3311	146.772	510.289
3312	146.821	510.285
3313	146.874	510.21
3315	146.976	510.198
3316	147.025	510.192
3319	147.185	510.19
3320	147.237	510.081
3321	147.334	509.637
3322	147.426	509.632
3323	147.476	509.622
3324	147.528	509.613
3329	147.782	506.609
3330	147.834	505.436
3332	147.933	505.358
3333	147.991	505.332
3334	148.044	505.049
3335	148.098	505.005
3337	148.205	505.004
3338	148.253	504.84
3340	148.356	504.751
3342	148.456	504.733
3343	148.508	504.731
3345	148.608	504.724
3347	148.708	504.601
3348	148.763	504.564
3349	148.816	504.538
3350	148.869	504.531
3351	148.918	504.506
3352	148.976	504.487
3354	149.081	504.437
3356	149.181	504.338
3358	149.284	504.337
3359	149.337	504.323
3360	149.386	504.314
3361	149.437	504.29
3363	149.537	504.092
3364	149.585	503.895
3365	149.638	503.865
3367	149.738	503.851
3368	149.788	503.632
3369	149.855	503.555
3371	149.961	503.543
3373	150.065	503.536
3374	150.114	503.532
3375	150.165	503.495
3377	150.268	501.952
3378	150.319	501.905
3380	150.432	501.904
3381	150.483	501.475
3382	150.536	501.441
3383	150.585	501.373
3384	150.638	501.365
3385	150.69	501.306
3386	150.742	501.135
3390	150.944	501.109
3395	151.199	500.895
3399	151.406	500.857
3401	151.509	500.851
3402	151.564	500.843
3403	151.612	500.831
3404	151.664	500.815
3405	151.713	500.804
3406	151.764	500.796
3407	151.815	500.792
3408	151.867	500.779
3409	151.915	500.774
3410	151.968	500.722
3411	152.024	500.705
3412	152.074	500.701
3413	152.125	500.665
3414	152.174	500.662
3416	152.28	500.56
3417	152.333	500.537
3418	152.382	500.03
3419	152.434	500.015
3420	152.482	499.945
3421	152.536	499.936
3422	152.585	499.882
3423	152.639	499.853
3424	152.689	499.782
3425	152.74	499.669
3426	152.792	499.656
3428	152.895	499.584
3430	152.995	499.583
3431	153.041	499.575
3432	153.092	499.481
3433	153.142	499.401
3434	153.195	499.385
3435	153.242	499.374
3436	153.294	499.339
3437	153.347	499.329
3438	153.4	499.315
3439	153.449	499.307
3440	153.503	499.291
3441	153.558	499.233
3442	153.613	499.232
3443	153.662	499.23
3444	153.714	499.18
3445	153.764	499.144
3447	153.863	499.06
3448	153.917	499.009
3449	153.968	498.962
3450	154.02	498.885
3452	154.123	498.882
3453	154.175	498.775
3454	154.224	498.774
3455	154.28	498.77
3456	154.329	498.709
3457	154.382	498.173
3458	154.434	498.172
3460	154.535	497.965
3461	154.588	497.806
3462	154.638	497.427
3463	154.694	497.421
3464	154.742	497.42
3465	154.795	497.415
3466	154.842	497.409
3467	154.893	497.4
3468	154.942	497.392
3469	154.996	497.37
3470	155.045	497.31
3471	155.105	497.214
3472	155.159	497.207
3473	155.223	496.615
3474	155.277	496.605
3475	155.336	496.605
3476	155.387	496.544
3477	155.438	496.542
3478	155.491	496.533
3479	155.541	496.519
3480	155.591	496.517
3481	155.644	496.515
3482	155.695	496.515
3483	155.752	496.492
3484	155.808	496.485
3485	155.861	496.484
3486	155.913	496.484
3487	155.965	496.471
3488	156.019	496.445
3489	156.068	496.393
3490	156.123	496.25
3491	156.172	496.193
3492	156.23	495.965
3493	156.279	495.912
3494	156.333	495.866
3495	156.389	495.854
3496	156.447	495.853
3497	156.506	495.85
3500	156.686	495.634
3501	156.736	495.617
3502	156.789	494.837
3503	156.842	494.81
3504	156.897	494.808
3505	156.946	494.782
3506	157.001	493.391
3508	157.117	493.342
3509	157.175	493.105
3510	157.225	493.031
3511	157.281	493.025
3512	157.332	492.998
3513	157.388	492.216
3514	157.441	492.151
3515	157.492	492.15
3516	157.553	492.127
3518	157.656	492.122
3519	157.708	492.12
3520	157.758	492.108
3521	157.807	492.081
3522	157.858	491.96
3523	157.917	491.956
3524	157.968	491.924
3525	158.025	491.8
3527	158.161	491.692
3528	158.282	491.671
3529	158.336	491.664
3530	158.387	491.661
3531	158.436	491.66
3533	158.538	491.654
3534	158.584	491.593
3535	158.636	491.275
3536	158.685	491.213
3537	158.741	491.15
3538	158.795	491.149
3539	158.844	491.146
3540	158.894	491.14
3541	158.943	490.223
3543	159.045	490.219
3544	159.098	490.218
3546	159.198	490.213
3547	159.249	490.211
3548	159.301	490.206
3549	159.353	490.186
3550	159.405	490.171
3551	159.454	490.025
3553	159.554	490.02
3555	159.658	489.827
3558	159.808	489.811
3560	159.922	489.811
3562	160.026	489.81
3563	160.075	489.809
3564	160.126	489.777
3566	160.226	489.765
3567	160.28	489.705
3568	160.33	489.652
3569	160.388	489.635
3571	160.494	489.632
3573	160.604	489.571
3574	160.657	489.529
3575	160.712	489.51
3576	160.77	489.5
3577	160.819	489.213
3579	160.93	488.703
3580	160.981	488.623
3581	161.031	488.466
3583	161.134	488.41
3585	161.233	488.219
3588	161.39	488.219
3589	161.446	488.164
3591	161.554	488.142
3593	161.655	486.808
3595	161.758	486.768
3596	161.809	486.725
3598	161.938	486.656
3599	161.991	486.645
3600	162.041	486.629
3601	162.099	486.165
3602	162.154	486.138
3603	162.214	486.133
3606	162.393	485.956
3607	162.462	485.952
3608	162.519	485.935
3609	162.568	485.791
3610	162.623	485.774
3611	162.672	485.736
3612	162.723	485.727
3613	162.774	485.59
3614	162.837	485.574
3615	162.899	485.568
3617	163.003	485.56
3618	163.054	485.479
3619	163.106	485.458
3620	163.157	485.439
3621	163.209	485.421
3622	163.265	485.412
3623	163.329	485.229
3625	163.436	485.115
3626	163.488	485.114
3627	163.538	485.027
3628	163.591	485.008
3630	163.695	484.926
3632	163.803	484.83
3634	163.91	484.792
3635	163.962	484.788
3638	164.126	484.777
3639	164.176	484.499
3640	164.228	484.481
3641	164.279	484.441
3642	164.338	484.411
3643	164.39	484.384
3646	164.557	484.357
3647	164.608	484.355
3649	164.735	484.224
3651	164.861	484.203
3652	164.916	484.183
3653	164.968	484.168
3656	165.121	484.16
3659	165.288	484.159
3660	165.344	484.094
3661	165.396	483.89
3662	165.459	483.868
3663	165.512	483.86
3665	165.62	483.852
3669	165.828	483.798
3670	165.884	483.755
3671	165.936	483.734
3672	165.988	483.655
3673	166.055	483.534
3674	166.104	482.951
3675	166.161	482.902
3676	163.733	482.901
3677	163.787	482.896
3678	163.845	482.825
3680	163.948	482.737
3691	164.628	482.688
3692	164.684	482.447
3693	164.736	482.284
3694	164.789	482.233
3695	164.843	482.228
3696	164.893	482.153
3698	164.992	482.151
3699	165.043	482.142
3701	165.153	482.108
3703	165.257	481.93
3705	165.358	481.903
3707	165.467	481.883
3708	165.528	481.813
3709	165.586	481.752
3710	165.638	481.696
3711	165.691	481.695
3714	165.843	481.695
3717	165.993	479.734
3718	166.046	479.442
3719	166.103	479.431
3720	166.162	479.431
3721	166.21	479.085
3722	166.264	479.027
3724	166.365	478.994
3725	166.422	478.947
3726	166.478	478.805
3734	166.91	478.743
3735	166.961	478.704
3742	167.347	478.701
3743	167.399	478.683
3744	167.455	478.655
3745	167.506	478.655
3746	167.563	478.641
3747	167.613	478.638
3748	167.674	478.619
3749	167.731	478.617
3750	167.78	478.592
3751	167.831	478.588
3752	167.886	478.585
3753	167.942	478.563
3754	167.99	478.557
3755	168.042	478.547
3756	168.09	478.443
3757	168.147	478.423
3758	168.2	478.327
3759	168.261	478.325
3760	168.318	478.273
3761	168.377	478.27
3762	168.429	478.226
3763	168.492	478.219
3764	168.554	478.165
3765	168.608	478.101
3766	168.669	478.087
3767	168.729	478.074
3768	168.79	478.016
3769	168.844	478.013
3770	168.898	478.01
3771	168.953	478.008
3772	169.011	478.003
3773	169.061	477.942
3774	169.118	477.935
3775	169.171	477.916
3776	169.222	477.899
3777	169.274	477.894
3778	169.323	477.882
3779	169.377	477.88
3780	169.436	477.877
3781	169.484	477.831
3782	169.543	477.83
3783	169.598	477.827
3784	169.654	477.82
3785	169.709	477.777
3786	169.76	477.769
3787	169.816	477.579
3788	169.873	477.517
3789	169.926	477.478
3790	169.986	477.415
3791	170.045	477.414
3792	170.101	477.413
3793	170.16	477.353
3794	170.215	477.351
3795	170.266	477.349
3796	170.318	477.296
3797	170.367	476.917
3798	170.419	476.916
3799	170.472	476.893
3800	170.542	476.718
3801	170.596	476.677
3802	170.646	476.365
3803	170.701	476.299
3804	170.752	476.298
3805	170.806	476.282
3806	170.857	475.992
3807	170.909	475.974
3808	170.96	475.966
3809	171.026	475.939
3810	171.076	475.884
3812	171.188	475.883
3813	171.236	475.594
3814	171.291	475.57
3815	171.339	475.568
3816	171.397	475.541
3817	171.453	475.541
3819	171.553	475.489
3820	171.61	475.488
3821	171.678	475.485
3823	171.794	475.378
3825	171.901	475.377
3826	171.956	475.377
3827	172.02	475.375
3830	172.176	475.36
3831	172.226	475.341
3832	172.279	475.196
3834	172.384	475.172
3835	172.434	475.168
3836	172.494	475.167
3839	172.65	475.167
3840	172.706	475.047
3841	172.766	474.953
3842	172.818	474.405
3843	172.876	474.398
3844	172.924	474.394
3845	172.979	474.376
3846	173.031	469.585
3847	173.087	469.581
3848	173.145	469.45
3849	173.262	469.313
3850	173.329	469.225
3851	173.384	469.202
3852	173.434	469.186
3853	173.49	468.936
3854	173.547	468.882
3856	173.655	468.854
3857	173.706	468.843
3859	173.825	468.842
3860	173.883	468.833
3863	174.044	468.826
3864	174.103	468.808
3866	174.221	468.808
3867	174.272	468.794
3868	174.328	468.772
3869	174.38	468.768
3870	174.431	468.766
3871	174.487	468.764
3872	174.544	468.762
3873	174.597	468.743
3874	174.651	468.71
3875	174.7	468.704
3876	174.751	468.701
3877	174.806	468.687
3878	174.863	468.654
3879	174.914	468.653
3880	174.972	468.596
3881	175.024	467.846
3884	175.185	467.846
3886	175.286	467.842
3887	175.333	467.839
3888	175.387	467.835
3889	175.442	467.827
3891	175.553	467.68
3894	175.721	467.674
3895	175.772	467.59
3898	175.924	467.574
3900	176.033	467.573
3902	176.148	467.572
3903	176.205	467.571
3904	176.261	467.549
3907	176.429	467.521
3908	176.479	467.499
3909	176.537	467.498
3910	176.591	467.478
3911	176.641	467.477
3913	176.751	467.365
3914	176.805	467.345
3915	176.857	467.336
3917	176.962	466.854
3918	177.015	466.825
3919	177.07	466.393
3920	177.12	466.382
3921	177.188	466.352
3923	177.299	466.146
3925	177.409	465.99
3927	177.527	465.978
3928	177.577	465.953
3929	177.635	465.646
3931	177.737	465.628
3933	177.843	464.809
3934	177.893	464.752
3935	177.944	464.718
3936	177.999	464.694
3937	178.049	464.692
3938	178.102	464.662
3939	178.152	464.6
3940	178.213	464.597
3941	178.268	464.448
3943	178.405	464.436
3946	178.563	464.304
3947	178.622	464.299
3948	178.684	464.234
3949	178.743	464.09
3950	178.796	464.073
3951	178.847	463.958
3953	178.965	463.941
3955	179.09	463.822
3956	179.149	463.816
3957	179.202	463.811
3958	179.249	463.757
3959	179.301	463.606
3960	179.351	463.55
3961	179.405	463.481
3962	179.458	463.462
3963	179.515	463.312
3965	179.625	463.304
3966	179.682	463.276
3967	179.734	463.23
3970	179.896	463.135
3972	180.005	463.09
3977	180.292	463.075
3979	180.402	462.919
3980	180.454	462.897
3981	180.511	462.882
3982	180.565	462.859
3983	180.624	462.847
3984	180.685	462.689
3985	180.743	462.656
3986	180.793	462.627
3987	180.847	462.626
3988	180.903	462.619
3989	180.955	462.546
3990	181.01	462.062
3991	181.061	462.021
3992	181.121	461.975
3993	181.173	461.968
3995	181.295	461.968
3996	181.37	461.928
3997	181.428	461.879
4000	181.594	461.825
4001	181.647	460.562
4002	181.698	460.544
4006	181.935	460.539
4012	182.272	460.494
4013	182.322	460.45
4014	182.375	459.838
4015	182.43	459.794
4016	182.481	459.739
4017	182.534	459.731
4018	182.586	459.674
4020	182.695	459.634
4025	182.952	459.62
4029	183.167	459.608
4031	183.275	459.59
4032	183.333	459.532
4033	183.392	459.32
4036	183.574	459.255
4039	183.759	459.235
4040	183.811	459.234
4041	183.863	459.207
4043	183.97	459.129
4045	184.077	459.08
4047	184.201	459.019
4048	184.266	458.781
4049	184.319	458.772
4051	184.442	458.768
4053	184.571	458.756
4057	184.779	457.586
4058	184.829	457.316
4059	184.879	457.253
4061	184.983	457.109
4062	185.036	457.043
4063	185.088	456.917
4064	185.139	456.9
4066	185.238	456.382
4067	185.292	456.378
4069	185.402	456.37
4070	185.462	456.365
4071	185.527	456.362
4072	185.582	456.348
4074	185.691	456.344
4075	185.751	456.281
4078	185.913	456.276
4079	186.009	456.274
4081	186.154	456.26
4082	186.205	456.26
4083	186.257	456.253
4084	186.307	456.233
4085	186.363	456.23
4086	186.42	456.226
4087	186.472	456.221
4088	186.527	456.208
4089	186.578	456.204
4090	186.632	456.172
4091	186.683	456.164
4092	186.736	456.163
4093	186.789	456.148
4094	186.839	456.131
4095	186.891	456.119
4096	186.942	456.032
4097	186.996	456.017
4098	187.046	455.943
4099	187.097	455.94
4100	187.153	455.914
4101	187.208	455.91
4102	187.261	455.865
4103	187.314	455.858
4104	187.367	455.808
4105	187.424	455.775
4107	187.53	455.748
4108	187.579	455.698
4109	187.635	455.696
4113	187.845	455.634
4114	187.9	455.632
4115	187.959	455.626
4116	188.015	455.589
4117	188.065	455.581
4118	188.115	455.519
4119	188.177	455.513
4120	188.232	455.505
4121	188.285	455.426
4122	188.335	455.425
4123	188.385	455.423
4124	188.439	455.412
4125	188.507	455.325
4126	188.563	455.283
4127	188.617	455.178
4128	188.671	455.126
4129	188.722	455.098
4130	188.776	455.026
4131	188.826	455.025
4132	188.885	455.022
4133	188.939	454.972
4135	189.045	454.969
4136	189.1	454.924
4137	189.153	454.559
4138	189.203	454.557
4140	189.308	454.423
4141	189.361	454.415
4142	189.428	454.116
4143	189.482	454.11
4144	189.531	454.106
4145	189.587	454.096
4146	189.642	453.957
4147	189.706	453.939
4148	189.774	453.931
4149	189.827	453.91
4150	189.878	453.897
4151	189.932	453.773
4152	189.982	453.771
4153	190.042	453.57
4154	190.102	453.562
4155	190.155	453.561
4156	190.212	453.556
4157	190.265	453.554
4158	190.317	453.545
4159	190.377	453.534
4160	190.437	453.529
4161	190.496	453.528
4163	190.624	453.522
4165	190.754	453.519
4166	190.815	453.519
4169	190.983	453.358
4170	191.034	453.352
4171	191.087	453.345
4172	191.136	453.281
4173	191.188	453.28
4174	191.238	453.264
4175	191.29	453.262
4176	191.339	453.261
4180	191.546	452.866
4181	191.6	452.82
4182	191.655	452.545
4183	191.705	452.541
4184	191.758	452.533
4185	191.811	452.521
4186	191.863	451.548
4187	191.916	451.539
4188	191.964	451.493
4189	192.02	451.29
4190	192.071	451.257
4191	192.125	451.252
4192	192.177	450.934
4193	192.227	450.921
4196	192.378	450.912
4197	192.431	450.901
4198	192.487	450.896
4199	192.537	450.887
4200	192.592	450.872
4201	192.642	450.854
4202	192.694	450.793
4203	192.745	450.789
4204	192.795	450.768
4207	192.946	450.756
4208	193	450.705
4209	193.049	450.699
4210	193.1	450.699
4211	193.152	450.699
4213	193.254	450.696
4214	193.306	450.665
4215	193.361	450.661
4216	193.41	450.648
4218	193.514	450.637
4219	193.568	450.637
4220	193.619	450.616
4221	193.673	449.936
4222	193.723	449.935
4224	193.823	449.935
4225	193.874	449.934
4226	193.926	449.931
4227	193.977	449.91
4228	194.032	449.902
4229	194.083	449.899
4230	194.134	449.884
4231	194.188	449.801
4235	194.396	449.651
4237	194.5	449.637
4238	194.55	449.635
4239	194.606	449.52
4240	194.653	449.52
4242	194.755	449.517
4243	194.807	449.517
4246	194.96	449.49
4247	195.014	449.476
4249	195.118	449.47
4250	195.166	449.441
4251	195.217	449.44
4253	195.321	448.943
4254	195.373	448.929
4256	195.476	448.897
4257	195.525	448.6
4259	195.631	448.265
4260	195.686	448.263
4261	195.735	448.22
4263	195.838	448.21
4265	195.939	448.088
4267	193.56	448.084
4268	193.611	448.08
4269	193.663	447.985
4270	193.714	447.983
4271	193.765	447.967
4273	193.868	447.275
4274	193.916	447.178
4275	193.97	447.146
4276	194.02	447.142
4278	194.122	447.138
4279	194.172	447.111
4281	194.273	447.031
4282	194.327	446.936
4283	194.375	446.921
4286	194.53	446.85
4287	194.582	446.846
4288	194.632	446.835
4289	194.683	446.747
4290	194.735	446.728
4291	194.784	446.7
4293	194.886	446.697
4294	194.937	446.675
4295	194.987	446.559
4296	195.043	446.548
4297	195.091	446.545
4298	195.146	446.471
4299	195.197	446.445
4300	195.248	446.413
4302	195.346	446.393
4303	195.397	446.293
4304	195.45	446.293
4306	195.557	446.292
4307	195.613	446.257
4310	195.764	446.218
4311	195.816	446.209
4312	195.869	446.176
4315	196.087	446.166
4317	196.187	446.157
4318	196.236	446.104
4319	196.288	446.005
4321	196.388	445.994
4323	196.49	445.991
4325	196.591	445.983
4326	196.641	445.96
4327	196.696	445.96
4328	196.748	445.904
4329	196.8	445.873
4330	196.849	445.868
4331	196.9	445.857
4332	196.956	445.777
4337	197.222	445.666
4340	197.381	445.636
4341	197.438	445.611
4343	197.543	445.61
4345	197.644	445.566
4347	197.752	445.564
4349	197.855	445.536
4351	197.961	445.503
4352	198.011	445.469
4353	198.064	445.459
4354	198.115	445.347
4355	198.165	445.339
4357	198.27	445.331
4358	198.322	445.29
4360	198.422	445.25
4361	198.474	445.241
4365	198.679	445.227
4366	198.729	445.223
4369	198.892	445.221
4370	198.945	445.22
4371	198.999	445.212
4372	199.058	445.209
4373	199.109	445.074
4374	199.158	445.062
4376	199.266	445.017
4378	199.37	445.014
4379	199.422	444.93
4380	199.473	444.878
4383	199.672	444.833
4387	199.903	444.825
4388	199.967	444.707
4389	200.018	444.691
4391	200.131	444.674
4392	200.184	444.663
4394	200.301	444.659
4396	200.406	444.636
4397	200.458	443.66
4398	200.514	443.562
4400	200.621	443.562
4401	200.671	443.543
4402	200.724	443.446
4403	200.774	443.405
4406	200.934	443.318
4409	201.09	443.317
4410	201.142	443.316
4414	201.406	443.259
4415	201.459	443.196
4416	201.514	443.195
4417	201.565	443.194
4418	201.621	443.185
4419	201.671	443.185
4421	201.785	443.176
4422	201.837	443.176
4424	201.939	443.162
4425	202.026	443.145
4426	202.1	443.141
4427	202.15	443.141
4428	202.205	443.128
4429	202.259	443.127
4430	202.319	443.111
4431	202.37	443.105
4433	202.513	443.091
4434	202.564	443.081
4435	202.623	443.061
4436	202.685	443.017
4437	202.751	443.003
4438	202.812	442.942
4439	202.866	442.942
4440	202.917	442.924
4441	202.966	442.881
4442	203.034	442.651
4443	203.089	442.643
4444	203.14	442.586
4445	203.199	442.55
4446	203.262	442.546
4447	203.326	442.542
4448	203.389	442.498
4449	203.443	442.497
4452	203.604	442.377
4453	203.653	442.317
4454	203.708	442.312
4455	203.758	442.291
4456	203.812	442.27
4457	203.864	442.267
4458	203.916	442.245
4459	203.968	442.223
4460	204.019	442.218
4461	204.072	442.122
4462	204.125	442.122
4463	204.199	442.118
4464	204.261	442.109
4465	204.323	442.081
4467	204.434	441.917
4468	204.484	441.875
4469	204.544	441.841
4470	204.599	441.806
4471	204.65	441.774
4472	204.701	441.772
4473	204.751	441.697
4475	204.851	441.684
4476	204.899	441.669
4477	204.949	441.362
4480	205.098	441.225
4481	205.15	441.22
4482	205.198	441.019
4483	205.248	441.009
4484	205.298	441.007
4485	205.353	440.944
4486	205.402	440.934
4487	205.458	440.932
4488	205.508	440.93
4489	205.558	440.915
4490	205.607	440.912
4491	205.655	440.895
4492	205.706	440.894
4493	205.756	440.711
4494	205.804	440.707
4495	205.854	440.706
4496	205.927	440.699
4497	205.995	440.699
4498	206.055	440.697
4499	206.105	440.675
4500	206.153	440.648
4501	206.202	440.647
4503	206.335	440.631
4506	206.485	440.631
4507	206.538	440.63
4509	206.639	440.584
4510	206.687	440.58
4511	206.739	440.503
4512	206.789	440.434
4515	206.937	440.381
4517	207.062	440.376
4520	207.22	440.349
4521	207.269	440.321
4522	207.318	439.828
4523	207.365	439.822
4524	207.414	439.82
4525	207.464	439.804
4526	207.517	438.89
4527	207.57	438.884
4528	207.621	438.873
4529	207.672	438.837
4530	207.722	438.801
4531	207.783	438.791
4532	207.841	438.711
4537	208.149	438.707
4538	208.212	438.704
4541	208.38	438.649
4542	208.435	438.648
4543	208.49	438.646
4544	208.544	438.613
4545	208.594	438.549
4547	208.699	438.538
4548	208.752	438.411
4549	208.805	438.403
4550	208.859	438.4
4553	209.043	438.383
4554	209.095	438.358
4555	209.166	438.353
4558	209.354	438.344
4559	209.454	438.343
4560	209.531	438.314
4561	209.582	437.231
4564	209.736	437.231
4565	209.791	437.23
4566	209.846	437.23
4567	209.902	437.23
4568	209.958	437.222
4569	210.008	437.213
4570	210.059	437.201
4571	210.111	437.113
4572	210.163	437.104
4574	210.262	437.102
4576	210.36	437.1
4577	210.415	437.088
4578	210.465	437.079
4580	210.567	437.079
4581	210.62	437.078
4582	210.675	437.077
4583	210.743	437.076
4586	210.957	437.067
4588	211.057	437.053
4589	211.107	437.051
4590	211.156	437.027
4591	211.21	437.025
4592	211.259	437.014
4593	211.312	436.906
4595	211.413	436.898
4596	211.467	436.865
4597	211.518	436.61
4599	211.618	436.294
4600	211.669	436.293
4601	211.716	436.243
4603	211.817	436.239
4605	211.916	436.15
4606	211.97	436.147
4607	212.018	436.144
4608	212.068	436.138
4609	212.115	436.064
4610	212.167	436.056
4611	212.218	436.047
4613	212.317	435.566
4614	212.37	435.541
4615	212.417	435.508
4616	212.466	435.504
4617	212.515	435.503
4619	212.61	435.494
4621	212.706	435.471
4622	212.755	435.457
4623	212.803	435.395
4626	212.953	435.296
4627	213.003	435.295
4628	213.051	435.275
4629	213.1	435.18
4630	213.149	435.166
4631	213.204	435.16
4632	213.254	435.153
4635	213.404	435.105
4637	213.5	435.105
4638	213.549	435.103
4639	213.598	435.1
4640	213.649	435.083
4641	213.697	435.069
4642	213.781	435.069
4643	213.835	435.023
4645	213.937	434.815
4646	213.991	434.811
4647	214.04	434.745
4648	214.091	434.722
4649	214.141	434.708
4650	214.193	434.646
4651	214.244	434.644
4652	214.292	434.62
4655	214.468	434.613
4657	214.585	434.31
4658	214.646	434.278
4659	214.696	434.198
4661	214.795	434.19
4662	214.85	434.154
4663	214.903	434.136
4664	214.954	434.127
4665	215.005	434.112
4666	215.058	434.044
4669	215.208	434.034
4671	215.319	433.995
4672	215.369	433.965
4674	215.473	433.862
4675	215.529	433.844
4678	215.681	433.839
4680	215.812	433.808
4681	215.871	433.668
4683	216.028	433.651
4684	216.08	433.612
4685	216.133	433.489
4686	216.184	433.48
4688	216.285	433.458
4689	216.334	433.371
4690	216.384	433.309
4691	216.438	433.293
4692	216.491	433.286
4694	216.602	433.21
4695	216.655	433.208
4697	216.763	433.203
4698	216.819	433.168
4699	216.871	433.168
4700	216.93	433.128
4701	216.986	433.085
4704	217.153	433.077
4705	217.21	433.066
4706	217.263	433.061
4708	217.372	433.06
4709	217.424	432.695
4710	217.482	432.694
4712	217.597	432.693
4714	217.711	432.69
4716	217.823	432.659
4717	217.874	432.65
4718	217.951	432.649
4719	218.024	432.606
4723	218.258	432.559
4724	218.319	432.55
4726	218.435	432.536
4727	218.497	432.529
4728	218.568	432.431
4729	218.621	432.323
4732	218.785	432.3
4734	218.897	432.294
4735	218.953	432.292
4736	219.01	432.265
4737	219.065	431.572
4738	219.118	431.487
4740	219.217	431.487
4741	219.271	431.487
4745	219.527	431.458
4746	219.581	431.391
4747	219.641	431.38
4749	219.747	431.378
4750	219.807	431.367
4753	219.983	431.157
4754	220.03	431.102
4755	220.096	431.037
4756	220.152	431.037
4757	220.202	431.03
4758	220.255	431.02
4761	220.406	431.013
4763	220.509	430.995
4764	220.56	430.983
4765	220.61	430.982
4766	220.659	430.975
4767	220.71	430.973
4768	220.761	430.968
4769	220.808	430.966
4770	220.858	430.953
4771	220.908	430.952
4773	221.005	430.945
4774	221.054	430.93
4776	221.151	430.89
4777	221.198	430.878
4778	221.247	430.828
4780	221.385	430.818
4781	221.506	430.807
4782	221.63	430.791
4784	221.885	430.694
4785	221.978	430.676
4786	222.06	430.671
4787	222.184	430.666
4788	222.341	430.613
4792	222.876	430.612
4793	222.999	430.575
4794	223.126	430.568
4795	223.262	430.567
4796	223.388	430.552
4798	223.681	430.544
4799	223.837	430.533
4800	223.939	430.532
4801	224.031	430.514
4802	224.134	430.514
4803	224.238	430.51
4804	224.342	430.505
4805	224.441	430.502
4806	224.524	430.48
4807	224.606	430.431
4808	224.686	430.421
4809	224.765	430.403
4810	224.831	430.343
4812	224.988	430.343
4813	225.06	430.291
4814	225.148	430.288
4815	225.241	430.287
4816	225.318	430.278
4817	225.387	429.977
4820	225.58	429.865
4821	225.644	429.854
4822	225.712	429.635
4823	223.321	429.635
4824	223.431	429.634
4825	223.494	429.604
4826	223.559	429.595
4828	223.675	429.591
4829	223.754	429.588
4831	223.901	429.58
4832	223.973	429.578
4833	224.032	429.458
4834	224.085	429.458
4835	224.148	429.457
4836	224.211	429.455
4837	224.285	429.455
4838	224.35	429.442
4839	224.413	429.43
4840	224.478	429.423
4842	224.607	429.422
4843	224.665	429.414
4844	224.721	429.413
4845	224.778	429.406
4848	224.95	429.403
4849	225.008	429.343
4850	225.063	429.339
4851	225.125	429.326
4855	225.352	429.319
4858	225.536	429.311
4859	225.594	429.309
4860	225.657	429.288
4862	225.781	428.854
4863	225.843	428.853
4864	225.912	428.852
4865	225.966	428.844
4866	226.026	428.033
4867	226.08	427.97
4868	226.137	427.959
4870	226.248	427.931
4871	226.3	427.755
4873	226.414	427.752
4874	226.485	427.745
4876	226.59	427.744
4878	226.721	427.742
4879	226.786	427.74
4880	226.846	427.738
4882	226.973	427.725
4883	227.029	427.722
4884	227.085	427.702
4887	227.26	427.678
4889	227.372	427.672
4890	227.441	427.669
4892	227.55	427.668
4893	227.604	427.667
4894	227.664	427.646
4895	227.719	427.644
4896	227.768	427.642
4897	227.826	427.624
4898	227.886	427.623
4900	228.004	427.601
4901	228.06	427.039
4904	228.225	427.038
4905	228.282	427.028
4907	228.391	427.026
4908	228.446	427.021
4909	228.501	427.016
4910	228.558	427.003
4911	228.618	426.946
4913	228.728	426.903
4917	228.963	426.899
4918	229.019	426.894
4922	229.276	426.893
4928	229.622	426.854
4929	229.677	426.852
4930	229.737	426.84
4931	229.796	426.839
4932	229.85	426.821
4933	229.912	426.745
4934	229.965	426.741
4936	230.078	426.727
4937	230.134	426.525
4938	230.196	426.486
4939	230.255	426.297
4940	230.308	426.289
4941	230.37	426.254
4943	230.506	426.25
4945	230.616	426.171
4946	230.669	426.165
4948	230.789	426.154
4949	230.843	426.099
4951	230.959	426.09
4953	231.076	425.722
4955	231.19	425.631
4956	231.245	425.61
4962	231.689	425.495
4963	231.75	424.298
4966	231.912	424.265
4967	231.966	424.26
4968	232.023	424.248
4969	232.082	424.161
4970	232.136	424.16
4971	232.194	423.745
4974	232.484	423.737
4975	232.544	423.699
4977	232.655	423.699
4979	232.763	423.692
4980	232.818	423.662
4981	232.881	423.652
4982	232.937	423.643
4983	232.992	423.596
4985	233.107	423.576
4986	233.175	423.574
4987	233.288	423.544
4990	233.478	423.544
4992	233.586	423.53
4993	233.64	423.514
4996	233.826	423.499
4997	233.88	423.469
4998	233.955	423.435
4999	234.029	423.367
5000	234.096	423.363
# FIN	234.096	423.363

