# target=instancias/dali.png T=340 iters=5000 K=32 seed=auto
iter	segundos	MSE
0	0.00544961	7059.77
1	0.0341126	7034.02
2	0.0622329	7016.34
3	0.0893855	6966.97
4	0.117217	6952.13
5	0.144277	6895.84
6	0.171577	6895.26
7	0.198886	6817.12
8	0.226201	6781.6
9	0.253518	6780.1
10	0.281298	6775.57
11	0.30915	6772.37
12	0.33651	6756.73
13	0.363721	6732.36
14	0.391052	6732.01
15	0.418378	6717.38
16	0.445526	6677.97
17	0.473756	6668.29
18	0.501745	6651.61
19	0.529365	6651
20	0.557957	6647.98
21	0.585458	6589.06
22	0.612975	6443.04
23	0.640612	6443.04
24	0.669134	6428.37
25	0.697473	6407.86
26	0.725024	6407.72
27	0.752778	6404.23
28	0.780663	6359.78
29	0.810105	6350.28
30	0.837765	6347.95
31	0.86535	6347.54
32	0.893471	6346.26
33	0.92252	6346.07
34	0.950381	6327.24
35	0.978131	6311.55
36	1.00591	6284.79
37	1.03496	6255.02
38	1.06265	6248.01
39	1.09173	6247.96
40	1.12007	6236.24
41	1.14951	6232.84
42	1.17821	6232.79
43	1.20658	6225.2
44	1.235	6224.27
45	1.26343	6224.23
46	1.29298	6199.98
47	1.32083	6199.63
48	1.34981	6191.77
49	1.37818	6191.06
50	1.40827	6186.99
51	1.43972	6172.47
52	1.46832	6169.37
53	1.49644	6159.27
54	1.5254	6146.15
55	1.55453	6145.86
56	1.58274	6132.17
57	1.61082	6132.05
58	1.63896	6120.74
59	1.66841	6103.17
60	1.69689	6088.94
61	1.72476	6044.34
62	1.75369	6044.31
63	1.78312	6012.31
64	1.81233	6011.83
65	1.84143	6010.96
66	1.87084	6005.66
67	1.89951	5997.93
68	1.92871	5959.08
69	1.95773	5958.9
70	1.98594	5954.33
71	2.01607	5839.95
72	2.05035	5839.08
73	2.08057	5821.28
74	2.11012	5799.28
75	2.14138	5796.49
76	2.18633	5796.39
77	2.2183	5751.38
78	2.2473	5747.85
79	2.27629	5723.23
80	2.30688	5714.7
81	2.33543	5713.26
82	2.36392	5699.22
83	2.39416	5699
84	2.42368	5698.37
85	2.45375	5686.63
86	2.48318	5686.12
87	2.51272	5681.82
88	2.54287	5661.72
89	2.57127	5632.7
90	2.59981	5632.64
91	2.62971	5618.32
92	2.65939	5593.36
93	2.68812	5591.09
94	2.71778	5590.52
95	2.74719	5540.51
96	2.78215	5528.62
97	2.81096	5520.16
98	2.84006	5496.81
99	2.86899	5480.75
100	2.89797	5459.12
101	2.92706	5438.32
102	2.95695	5438.32
103	2.98601	5396.86
104	3.01509	5396.24
105	3.0453	5386.85
106	3.07454	5382.67
107	3.10433	5362.71
108	3.1333	5361.04
109	3.16245	5359.86
110	3.19244	5339.86
111	3.22198	5326.27
112	3.25146	5323.7
113	3.28147	5322.49
114	3.31142	5319.53
115	3.34094	5318.88
116	3.36992	5237.1
117	3.39929	5228.41
118	3.42889	5223.48
119	3.45843	5222.92
120	3.48765	5222.39
121	3.51677	5182.25
122	3.54646	5167.98
123	3.57593	5152.8
124	3.60555	5135.2
125	3.63476	5133.42
126	3.66498	5133.12
127	3.69584	5129.37
128	3.72614	5101
129	3.76454	5083.36
130	3.7977	5074.56
131	3.83076	5073.02
132	3.86063	4997.21
133	3.89255	4994.33
134	3.92345	4986.18
135	3.95451	4984.73
136	3.98482	4983.65
137	4.01582	4974.64
138	4.04552	4973.6
139	4.07611	4960.45
140	4.10837	4952.45
141	4.13872	4952.32
142	4.16911	4944.55
143	4.20013	4925.22
144	4.23229	4917.51
145	4.26284	4915.09
146	4.29368	4914.43
147	4.32717	4903.71
148	4.35919	4875.35
149	4.38921	4874.13
150	4.42301	4834.61
151	4.45499	4825.88
152	4.48539	4821.57
153	4.5161	4815.34
154	4.54748	4805.29
155	4.5798	4803.58
156	4.60983	4802.81
157	4.64056	4802.52
158	4.67327	4791.42
159	4.70381	4776.54
160	4.73415	4776.29
161	4.76664	4776.19
162	4.79806	4741.73
163	4.82955	4741.66
164	4.86023	4714.89
165	4.8915	4712.6
166	4.92197	4698.76
167	4.95244	4698.38
168	4.98581	4681.46
169	5.01741	4680.97
170	5.0481	4680.8
171	5.0797	4673.55
172	5.11144	4672.45
173	5.14188	4670.04
174	5.17307	4669.47
175	5.20424	4655.71
176	5.23492	4645.78
177	5.26739	4639.02
178	5.29995	4638.5
179	5.33071	4637.05
180	5.36148	4608.4
181	5.39379	4582.9
182	5.42495	4582.55
183	5.45577	4575.76
184	5.48852	4568.02
185	5.52009	4567.71
186	5.55087	4565.79
187	5.58276	4564.18
188	5.61495	4563.79
189	5.64571	4555.88
190	5.67654	4548.57
191	5.70869	4547.75
192	5.74186	4528.74
193	5.77385	4522.65
194	5.80604	4515.74
195	5.83769	4509.44
196	5.8693	4496.23
197	5.90324	4486.72
198	5.9443	4473.36
199	5.97938	4468.26
200	6.01039	4468.21
201	6.04284	4465.39
202	6.0763	4451.2
203	6.11022	4440.43
204	6.14411	4438.62
205	6.17753	4425.09
206	6.21076	4421.9
207	6.24387	4421.06
208	6.27586	4408.58
209	6.30892	4401.62
210	6.34166	4393.05
211	6.37381	4385.25
212	6.4052	4374.03
213	6.43818	4342.6
214	6.47157	4340.62
215	6.50405	4340.31
216	6.53623	4320.66
217	6.56932	4316.15
218	6.60211	4315.73
219	6.63374	4315.09
220	6.66488	4301.06
221	6.69798	4222.19
222	6.72985	4214.97
223	6.76327	4210.96
224	6.79508	4210.86
225	6.82646	4201.94
226	6.85869	4200.99
227	6.89143	4194.31
228	6.92468	4194.19
229	6.95589	4165.57
230	6.98814	4151.9
231	7.02448	4145.53
232	7.05727	4143.12
233	7.09147	4124.17
234	7.12362	4118.74
235	7.15663	4080.56
236	7.18808	4074.23
237	7.21934	4053.59
238	7.25107	4033.19
239	7.28271	4033.18
240	7.31402	4032.83
241	7.34562	4032.62
242	7.37782	4021.85
243	7.4094	4021.62
244	7.44128	4017.13
245	7.47339	3997.57
246	7.50487	3966.26
247	7.53646	3965.25
248	7.56813	3958.61
249	7.60145	3938.35
250	7.63346	3938.1
251	7.66522	3927.52
252	7.69755	3925.6
253	7.72943	3904.68
254	7.76192	3895.16
255	7.79437	3893.56
256	7.82698	3881.64
257	7.85871	3879.57
258	7.89093	3869.03
259	7.92311	3857.64
260	7.95495	3838.43
261	7.98711	3820.49
262	8.01901	3819.66
263	8.0509	3802.36
264	8.0825	3799.97
265	8.11505	3794.73
266	8.14711	3787.07
267	8.1792	3783.86
268	8.21197	3779.97
269	8.24402	3773.24
270	8.27596	3769.81
271	8.30816	3744.36
272	8.34057	3711.97
273	8.37281	3708.43
274	8.40555	3704.86
275	8.4398	3698.01
276	8.47391	3677.25
277	8.50895	3650.57
278	8.54658	3638.28
279	8.57947	3637.57
280	8.61409	3637.38
281	8.649	3628.08
282	8.68191	3627.03
283	8.71644	3619.76
284	8.74948	3619.72
285	8.78349	3619.66
286	8.81811	3619.21
287	8.85247	3618.42
288	8.88612	3618
289	8.91834	3605.35
290	8.95266	3601.93
291	8.98545	3594.93
292	9.01924	3588.26
293	9.05296	3570.92
294	9.0869	3568.76
295	9.12309	3564.84
296	9.15906	3556.14
297	9.21799	3531.44
298	9.25853	3530.92
299	9.29874	3519.19
300	9.34429	3518.45
301	9.38807	3517.97
302	9.42304	3511.99
303	9.46406	3508.66
304	9.50214	3496.97
305	9.53635	3484.43
306	9.56974	3484.01
307	9.60383	3456.7
308	9.63777	3454.36
309	9.67217	3447.55
310	9.70642	3398.62
311	9.73916	3379.11
312	9.77289	3374.92
313	9.80759	3373.29
314	9.84164	3366.84
315	9.87587	3295.02
316	9.91433	3290.4
317	9.94728	3288.01
318	9.98013	3282.06
319	10.0145	3267.23
320	10.0476	3265.33
321	10.0815	3262.51
322	10.1144	3258.88
323	10.1476	3258.82
324	10.1804	3252.74
325	10.2136	3240.04
326	10.2468	3238.45
327	10.2802	3238.17
328	10.3163	3233.11
329	10.3499	3220.85
330	10.3839	3217.63
332	10.4505	3216.93
333	10.4843	3213.09
334	10.5179	3212.52
335	10.552	3167.38
336	10.5849	3160.3
337	10.6179	3145.96
338	10.6522	3145.67
339	10.6862	3139.48
340	10.7214	3138.47
341	10.7554	3127.02
342	10.7894	3117.5
343	10.8232	3116.86
344	10.858	3109.78
345	10.8946	3083.97
346	10.9344	3083.95
347	10.9688	3076.18
348	11.0049	3069.08
349	11.0385	3068.02
350	11.0724	3066.8
351	11.1097	3048.35
352	11.1443	3047.05
353	11.1785	3043.36
354	11.2118	3042.04
355	11.2459	3039.87
356	11.2806	2946.46
357	11.3147	2939.88
358	11.3485	2930.97
359	11.3827	2930
360	11.4159	2927.07
361	11.4496	2908.11
362	11.4853	2906.74
363	11.5188	2906.21
364	11.5534	2901.32
365	11.5879	2892.86
366	11.6222	2892.72
367	11.6563	2892.19
368	11.691	2889.96
369	11.7243	2884.15
370	11.7575	2882.13
371	11.7911	2875.68
372	11.8296	2873.08
373	11.8661	2861.94
374	11.9078	2860.72
375	11.9475	2859.83
376	11.992	2809.44
377	12.0452	2805.36
378	12.08	2804.52
379	12.115	2804.27
380	12.1511	2803.86
381	12.188	2803.6
382	12.2223	2800.03
383	12.2564	2797.81
384	12.2907	2796.54
385	12.3246	2796.29
386	12.3585	2793.37
387	12.3934	2793.1
388	12.4272	2790.38
389	12.4614	2787.21
390	12.4962	2786.24
391	12.5309	2780.58
392	12.566	2780.04
393	12.6016	2777.71
394	12.638	2764.05
395	12.6725	2764.01
396	12.7065	2754.7
397	12.7437	2754.14
398	12.7793	2742.84
399	12.814	2740.99
400	12.8487	2734.76
401	12.8837	2733.2
402	12.9197	2732.98
403	12.9541	2730.88
404	12.99	2724.85
405	13.0247	2724.44
406	13.0588	2720.2
407	13.0931	2719.93
408	13.1311	2717.98
409	13.2094	2716.33
410	13.2484	2715.85
411	13.2847	2694.29
412	13.32	2692.83
413	13.3564	2677.7
414	13.3921	2674.51
415	13.4273	2670.66
416	13.4641	2670.65
417	13.4984	2668.46
418	13.5325	2664.54
419	13.5682	2623.17
420	13.6039	2621.55
421	13.6378	2620.89
422	13.6724	2610.08
423	13.7073	2609.96
424	13.7418	2609.68
425	13.7768	2596.73
426	13.8124	2596.63
427	13.8475	2593.73
428	13.8836	2591.18
429	13.9179	2585.99
430	13.9532	2585.97
431	13.9897	2578.86
432	14.0248	2569.66
433	14.0593	2568.1
434	14.0961	2567.67
435	14.1335	2560.62
436	14.1695	2555.89
437	14.2063	2552.27
438	14.2417	2550.22
439	14.2786	2547.27
440	14.3172	2543.36
441	14.3541	2532.14
442	14.4217	2532.1
443	14.5023	2526.94
444	14.5429	2526.32
445	14.5793	2524.85
446	14.6195	2518.99
447	14.6613	2509.22
448	14.707	2506.09
449	14.7513	2506.08
450	14.7953	2504.75
451	14.8386	2504.57
452	14.8759	2504.1
453	14.9129	2504
454	14.951	2495.15
455	14.9873	2494.61
456	15.0249	2450.68
457	15.0606	2448.73
458	15.0992	2447.33
459	15.1383	2446.32
460	15.1741	2445.78
461	15.2127	2444.97
462	15.2491	2437.21
463	15.2866	2436.2
464	15.3256	2434.7
465	15.363	2430.17
466	15.3992	2429.95
467	15.4376	2428.26
468	15.4746	2415.26
469	15.5114	2414.68
470	15.5489	2414.29
471	15.585	2414.11
472	15.623	2366.79
473	15.6604	2365.96
474	15.6975	2365.82
475	15.7349	2364.02
476	15.7714	2361.93
477	15.8097	2360.02
478	15.8466	2357.16
479	15.8879	2356.02
480	15.9296	2355.34
482	16.0129	2337.23
483	16.0521	2335.37
484	16.088	2331.57
485	16.1286	2327.7
486	16.1671	2327.25
487	16.2064	2325.12
488	16.2441	2315.17
489	16.2819	2313.78
490	16.3185	2312.52
491	16.3578	2311.56
492	16.3985	2311.03
493	16.4398	2310.82
494	16.4872	2309.27
496	16.5598	2308.46
497	16.6015	2308.46
498	16.6502	2304.5
499	16.6972	2299.26
500	16.7499	2297.96
501	16.788	2297.92
502	16.8269	2274.92
503	16.8637	2274.78
504	16.912	2271.56
505	16.9567	2271.35
506	16.9962	2264.62
509	17.1169	2264.18
510	17.1614	2263.94
511	17.1986	2262.06
512	17.237	2261.74
513	17.2746	2259.09
514	17.3144	2258.78
515	17.3521	2257.52
516	17.392	2257.33
517	17.4312	2255.58
518	17.4788	2255.01
519	17.5244	2252.02
520	17.5621	2241.15
521	17.6006	2217.92
522	17.6417	2216.95
524	17.731	2212.51
525	17.7704	2211.76
526	17.8297	2211.46
527	17.9046	2208.06
528	17.9514	2207.05
529	17.9914	2202.73
530	18.0401	2201.46
531	18.0944	2201.19
532	18.1373	2200.53
533	18.1848	2190.39
534	18.2368	2190.09
535	18.2791	2188.86
536	18.3274	2185.3
537	18.3699	2184.19
538	18.409	2177.52
539	18.452	2176.86
540	18.5059	2176.73
541	18.5524	2176.17
542	18.5888	2164.35
543	18.6279	2159.16
544	18.668	2155.74
545	18.7058	2154.42
546	18.7419	2154.29
547	18.779	2153.5
548	18.8187	2147.69
549	18.8548	2145.42
550	18.8977	2144.44
551	18.9356	2141.82
552	18.9742	2136.95
553	19.0131	2128.81
554	19.0507	2124.46
555	19.0891	2124.16
556	19.1267	2121.7
557	19.1647	2121.14
558	19.2009	2120.94
559	19.241	2120.58
560	19.2822	2120.15
561	19.3281	2101.33
562	19.3656	2101.13
563	19.4018	2100.85
564	19.4389	2100.63
565	19.4764	2096.04
566	19.5134	2095.11
567	19.5502	2077.97
568	19.5885	2077.93
569	19.6295	2076.7
570	19.6739	2047.5
571	19.7117	2045.23
572	19.7569	2044.84
573	19.7943	2032.23
574	19.8331	2031.01
575	19.8733	2022.37
576	19.9135	2019.78
577	19.9518	2017.66
578	19.9881	2017.44
579	20.0268	2017.43
580	20.0678	2017.35
581	20.1066	2017.08
582	20.1445	2016.32
583	20.1833	2016.14
584	20.2311	2010.59
585	20.2711	2001.6
586	20.3106	1974.85
587	20.3478	1971.14
588	20.3889	1964.63
589	20.4318	1957.98
590	20.4721	1957.24
591	20.5265	1956.56
592	20.5684	1956.53
593	20.6156	1954.37
594	20.658	1949.22
595	20.6971	1948.98
596	20.7346	1945.62
597	20.7712	1942.9
598	20.8086	1942.1
599	20.849	1941.18
600	20.886	1939.33
601	20.9286	1922.48
602	20.9688	1921.79
603	21.0099	1919.04
604	21.0624	1915.92
605	21.1055	1912.29
606	21.1428	1911.09
607	21.182	1910.64
608	21.2221	1906.6
609	21.2612	1905.85
610	21.3105	1903.25
611	21.3482	1899.68
612	21.3895	1894.49
613	21.4272	1892.54
614	21.467	1887.96
615	21.5044	1885.41
616	21.5423	1878.29
617	21.5808	1875.8
618	21.6188	1873.92
619	21.6581	1873.34
620	21.6988	1873.33
621	21.7523	1868.06
622	21.7919	1867.98
623	21.8309	1864.18
624	21.8706	1864.08
625	21.9089	1863.54
626	21.9468	1861.38
627	21.9844	1860.96
628	22.0243	1860.83
629	22.0649	1855.78
630	22.1038	1853.52
631	22.1437	1853.23
632	22.1806	1844.74
633	22.2187	1836.34
634	22.2579	1835.46
635	22.2961	1825.03
636	22.3359	1820.19
637	22.3756	1816.7
638	22.4151	1814.95
639	22.4632	1812.17
640	22.5123	1812.13
641	22.5535	1809.78
642	22.5933	1809.26
643	22.6408	1809.21
644	22.681	1803.87
645	22.7218	1802.49
646	22.7615	1798.13
647	22.8033	1790.39
648	22.8451	1789.78
649	22.8834	1787.23
650	22.9227	1784.09
651	22.9602	1782.12
653	23.0369	1781.83
654	23.0776	1778.85
655	23.1207	1757.38
656	23.1588	1755.91
657	23.1963	1755.76
658	23.2348	1754.77
659	23.2752	1752.99
660	23.3137	1752.24
661	23.3517	1750.94
662	23.3908	1750.09
663	23.4349	1748.3
664	23.4754	1744.97
665	23.5147	1743.82
666	23.5586	1742.72
667	23.6037	1742.61
668	23.6489	1741.15
669	23.689	1740.86
670	23.7288	1740.52
671	23.7676	1740.34
672	23.8073	1739.84
673	23.8472	1739.17
674	23.8888	1738.37
675	23.9377	1736.64
676	23.9783	1736.17
677	24.0164	1734.74
678	24.0542	1733.79
679	24.1003	1724.25
680	24.1423	1723.91
681	24.1826	1723.41
682	24.2224	1722.55
683	24.2621	1719.89
684	24.3016	1719.11
685	21.828	1682.01
686	21.866	1682
687	21.9101	1680.62
688	21.9496	1680.23
689	21.9898	1679.93
690	22.031	1679.77
691	22.0699	1667.71
692	22.1076	1665.41
693	22.1479	1665.2
694	22.1928	1664.97
695	22.236	1664.71
696	22.2793	1664.19
697	22.3177	1657.75
698	22.363	1653.65
699	22.4042	1653.41
700	22.4461	1652.96
701	22.4947	1650.7
702	22.5366	1650.36
703	22.5892	1649.93
704	22.6324	1647.42
705	22.6726	1636.49
706	22.7117	1636.49
707	22.7513	1636.39
708	22.793	1636.17
709	22.8329	1628.63
710	22.8843	1627.57
711	22.9247	1626.47
712	22.9661	1622.91
713	23.0076	1622
714	23.0471	1621.76
715	23.0876	1621.75
716	23.1258	1598.58
717	23.1659	1598.27
718	23.2068	1598.13
719	23.2449	1598.09
720	23.2831	1594.92
721	23.3298	1594.81
722	23.3704	1594.47
723	23.4106	1591.66
724	23.4504	1591.06
725	23.4921	1590.26
726	23.5336	1586.72
727	23.574	1586.6
728	23.6134	1576.54
729	23.6569	1576.46
730	23.7007	1575.74
731	23.7492	1575.15
732	23.7887	1575.02
733	23.8296	1574.67
734	23.8691	1574.59
735	23.9116	1573.51
736	23.9501	1566.57
737	23.9897	1566.49
738	24.0294	1559.99
739	24.0698	1559.54
740	24.1109	1555.87
741	24.1525	1555.85
742	24.1939	1555.79
743	24.2324	1552.73
744	24.2747	1548.87
745	24.3148	1548.28
746	24.3566	1547.7
747	24.3975	1544.02
748	24.4374	1542.42
749	24.4788	1540.97
750	24.5177	1539.55
751	24.556	1535.76
752	24.5966	1535.75
753	24.6461	1522.3
754	24.6847	1520.71
755	24.7247	1520.08
756	24.7654	1519.99
757	24.8066	1519.79
758	24.8469	1519.19
759	24.888	1490.16
760	24.9285	1490.15
761	24.976	1489.04
762	25.0203	1487.09
763	25.0648	1487.04
764	25.1053	1486.5
765	25.1439	1483.21
766	25.192	1483.21
767	25.2342	1482.22
768	25.2751	1481.87
769	25.3162	1479.34
770	25.3567	1479
771	25.3959	1478.36
772	25.437	1477.84
773	25.4764	1477.64
774	25.5178	1477.55
775	25.5568	1476.49
776	25.5984	1474.02
777	25.6398	1473.82
778	25.6808	1472.75
779	25.7216	1472.53
780	25.7659	1472.24
781	25.8235	1467.94
782	25.8695	1467.92
783	25.9139	1467.51
784	25.9547	1467.37
785	25.9967	1456.26
786	26.0361	1455.34
787	26.0776	1451.76
788	26.1181	1451.62
789	26.159	1451.45
790	26.2002	1447.12
791	26.24	1446.44
792	26.2795	1443.91
793	26.3212	1443.89
794	26.3634	1442.52
795	26.4054	1442.06
796	26.4474	1435.99
797	26.4968	1434.87
798	26.538	1430.98
799	26.5777	1430.47
800	26.6188	1429.15
801	26.6653	1428.97
802	26.7142	1427.73
803	26.7599	1427.55
804	26.7999	1424.6
805	26.8411	1424.37
806	26.883	1424.2
807	26.9239	1423.79
808	26.9637	1416.35
809	27.0041	1416.16
810	27.0444	1416.13
812	27.1253	1390.73
813	27.1665	1389.39
814	27.208	1388.94
815	27.2491	1388.5
816	27.2892	1386.65
817	27.3294	1384.74
818	27.375	1384.23
819	27.4262	1383.44
820	27.4712	1382.06
821	27.5173	1382.02
822	27.5604	1381.81
823	27.6034	1381.8
824	27.6452	1377.67
825	27.6867	1376.49
826	27.7281	1376.41
827	27.7679	1376.19
828	27.8074	1376.1
829	27.8505	1375.96
830	27.901	1375.89
831	27.9412	1374.67
832	27.9822	1374.42
833	28.0225	1374.17
834	28.0621	1373.8
835	28.103	1373.76
836	28.1438	1373.68
837	28.186	1373.66
838	28.2275	1372.32
839	28.2673	1371.99
840	28.3077	1368.95
841	28.35	1368.93
842	28.3981	1365.37
843	28.4412	1365.01
844	28.4822	1364.98
845	28.5235	1362.38
846	28.5652	1360.36
847	28.6109	1360.24
848	28.6625	1358.62
849	28.7125	1358.19
850	28.7542	1358.19
851	28.7945	1357.55
852	28.8343	1357.14
853	28.8755	1354.53
854	28.9181	1354.4
855	28.9603	1354.05
856	29.0013	1353.59
857	29.0443	1353.15
858	29.0849	1350.42
859	29.1261	1348.27
860	29.167	1346.34
861	29.2086	1345.02
862	29.254	1344.65
864	29.349	1344.57
865	29.3918	1344.43
866	29.438	1344.26
867	29.4807	1342.05
868	29.5228	1340.39
869	29.5643	1337.15
870	29.6079	1336.95
871	29.6575	1336.5
872	29.6991	1336.39
873	29.7405	1334.64
874	29.7842	1334.2
875	29.8269	1334.11
876	29.8679	1329
877	29.9163	1328.45
878	29.9573	1326.92
879	29.9995	1326.45
880	30.045	1323.64
881	30.0869	1323.28
882	30.1328	1321.22
884	30.2179	1317.23
885	30.263	1313.06
886	30.3044	1311.56
887	30.3451	1310.81
888	30.387	1309.52
889	30.4279	1309.05
890	30.4705	1308.72
891	30.5115	1307.49
892	30.5521	1306.3
893	30.6057	1301.56
894	30.6533	1301.27
896	30.7365	1296.91
897	30.7915	1290.13
898	30.8587	1290.1
899	30.9233	1289.8
900	30.9718	1289.45
901	31.0134	1273.75
902	31.0568	1273.55
903	31.0997	1272.93
904	31.1403	1272.69
905	31.1814	1272.49
906	31.2262	1272.33
907	31.2678	1270.3
908	31.3122	1270.03
909	31.3529	1269.24
910	31.3935	1256.72
911	31.445	1256.44
912	31.4865	1256.35
913	31.5269	1254.73
914	31.5702	1254.48
915	31.6137	1252.25
916	31.6555	1249.26
917	31.7	1247.08
918	31.7441	1246.71
920	31.8414	1246.7
921	31.8854	1242.12
922	31.9276	1242.11
923	31.9691	1242.11
924	32.0117	1238.23
925	32.06	1238.2
926	32.1039	1228.36
927	32.1495	1227.98
928	32.1927	1222.39
929	32.2355	1214.27
930	32.278	1213.81
931	32.321	1213.67
932	32.3636	1213.45
933	32.413	1211.95
934	32.4567	1210.14
935	32.5	1210.12
936	32.5453	1209.9
937	32.5872	1209.67
938	32.6301	1209.29
939	32.6784	1209.16
940	32.7196	1208.8
941	32.763	1206.23
942	32.8142	1206.11
943	32.8573	1206
944	32.8981	1204.9
945	32.9392	1202.12
946	32.9849	1200.88
947	33.0286	1200.39
948	33.0767	1195.46
949	33.1238	1195.37
950	33.1768	1191.76
951	33.2206	1189.24
952	33.265	1188.38
953	33.3148	1188.13
954	33.3593	1187.15
955	33.4026	1186.34
956	33.4455	1186.04
957	33.4908	1185.19
958	33.545	1185.01
959	33.5971	1184.99
960	33.6461	1184.99
961	33.6891	1181.65
962	33.7389	1181.61
963	33.784	1180.44
964	33.8275	1180.2
965	33.8708	1180.17
966	33.915	1179.63
967	33.9567	1177.42
968	33.9982	1177.33
969	34.0403	1175.93
970	34.0846	1174.74
972	34.1714	1172.24
973	34.2141	1168.38
974	34.2585	1167.63
975	34.3019	1165.44
976	34.3436	1164.6
977	34.3851	1164.57
978	34.4271	1163.82
979	34.4783	1163.37
980	34.5284	1163.26
981	34.5729	1163.1
982	34.6151	1162.78
983	34.6586	1162.78
984	34.7075	1153.15
985	34.768	1148.1
986	34.8102	1147.65
987	34.8539	1146.48
988	34.8957	1145.4
989	34.9444	1145.08
990	34.9877	1139.26
991	35.0398	1139.11
992	35.0916	1138.58
993	35.1404	1136.87
994	35.1829	1135.52
995	35.2302	1134.4
996	35.2726	1131.81
997	35.3133	1131.7
998	35.3567	1130.88
999	35.3993	1130.74
1000	35.4481	1130.18
1001	35.4907	1129.91
1002	35.5317	1129.88
1003	35.5766	1129.32
1004	35.6211	1122.12
1005	35.6701	1122.01
1006	35.7145	1121.46
1007	35.7622	1121.41
1008	35.8047	1120.68
1009	35.8463	1120.53
1010	35.8893	1119.99
1011	35.9329	1119.9
1012	35.9744	1119.12
1013	36.0173	1117.63
1014	36.0614	1117.58
1016	36.1453	1117.32
1017	36.1903	1115.32
1018	36.2371	1114.9
1019	36.2801	1103.89
1020	36.3319	1103.75
1021	36.3802	1102.81
1022	36.4229	1102.75
1023	36.4662	1102.32
1024	36.51	1102.21
1025	36.5565	1101.79
1026	36.6051	1101.73
1027	36.6492	1101.37
1028	36.6938	1099.75
1029	36.7434	1099.49
1030	36.7884	1099.46
1031	36.8391	1092.03
1032	36.8835	1091.9
1033	36.9287	1091.87
1034	36.9705	1091.32
1035	37.0118	1091.3
1036	37.057	1090.99
1037	37.1007	1090.92
1038	37.1424	1090.32
1039	37.187	1089.51
1040	37.2292	1089.51
1041	37.2761	1088.63
1042	37.3266	1088.63
1043	37.3689	1087.94
1044	37.4201	1086.68
1045	37.465	1086.27
1046	37.5094	1085.96
1047	37.5537	1085.76
1048	37.6093	1085.74
1049	37.6538	1084.08
1050	37.6961	1083.84
1051	37.7375	1083.57
1052	37.78	1083.19
1053	37.8217	1082.87
1054	37.869	1082.83
1055	37.9131	1082.81
1056	37.9565	1068.47
1057	38.0053	1068.37
1058	38.0497	1067.6
1059	38.0988	1067.49
1060	38.1407	1067.03
1061	38.1926	1066.87
1062	38.236	1066.86
1063	38.2778	1063.89
1064	38.3208	1063.86
1065	38.3634	1062.39
1066	38.4066	1061.15
1067	38.4501	1061.06
1068	38.4925	1056.27
1069	38.5375	1056.26
1070	38.5881	1055.72
1071	38.6337	1055.58
1072	38.6757	1055.4
1073	38.7181	1055.29
1074	38.7649	1055.28
1075	38.8192	1054.3
1076	38.8629	1051.28
1077	38.9081	1051.28
1078	38.9522	1047.6
1079	38.9986	1045.7
1080	39.0449	1043.3
1082	39.1328	1043.3
1084	39.2201	1043.06
1085	39.2682	1042.54
1086	39.3206	1042.29
1087	39.3639	1042.28
1088	39.4103	1041.77
1089	39.4542	1040.84
1090	39.5055	1039.5
1091	39.5553	1037.11
1092	39.6048	1036.76
1093	39.6498	1034.26
1094	39.6965	1033.4
1095	39.7397	1033.33
1096	39.7847	1033.28
1097	39.8352	1033.11
1098	39.8801	1032.99
1099	39.924	1011.22
1100	39.9677	1011.22
1101	40.0186	1010.82
1102	40.0608	1009.79
1103	40.1043	1009.79
1104	40.1477	1009.73
1105	40.1934	1008.97
1106	40.2376	1008.96
1107	40.2875	1008.64
1108	40.3319	1008.07
1109	40.3752	1007.02
1110	40.4299	1004.97
1111	40.4733	1003.16
1112	40.5163	1002.65
1113	40.5687	1002.59
1114	40.6204	1002.55
1115	40.6642	1001.56
1116	40.7102	1001.46
1118	40.8062	1001.13
1119	40.8529	1000.86
1120	40.9037	1000.62
1121	40.9468	999.217
1122	40.9921	999.2
1123	41.0362	998.78
1124	41.0831	997.87
1125	41.1277	997.153
1126	41.1712	992.304
1127	41.2151	992.197
1128	41.2603	991.886
1129	41.3063	991.804
1130	41.3494	991.655
1131	41.3945	991.383
1132	41.4381	991.104
1133	41.4829	991.09
1134	41.5281	989.065
1135	41.5811	988.734
1136	41.6343	987.07
1137	41.6807	986.682
1138	41.7235	986.562
1139	41.768	985.634
1140	41.815	984.736
1141	41.8616	984.7
1142	41.9066	984.57
1143	41.9514	984.562
1144	41.9963	984.062
1145	42.0412	983.492
1146	42.0859	983.375
1147	42.1284	982.642
1148	42.1787	981.712
1149	42.2303	979.942
1150	42.2749	979.924
1152	42.3688	973.234
1153	42.4133	971.805
1154	42.4721	971.801
1155	42.5316	971.786
1156	42.5871	970.915
1157	42.6315	967.757
1158	42.6762	967.108
1159	42.7211	966.637
1161	42.8116	966.585
1162	42.8556	966.464
1163	42.9022	966.415
1164	42.9477	965.326
1165	42.9998	964.282
1166	43.051	964.101
1167	43.1025	963.86
1168	43.1618	963.609
1169	43.2089	963.545
1170	43.2539	963.529
1171	43.298	963.165
1172	43.3461	962.63
1173	43.3987	962.605
1174	43.4421	962.52
1176	43.5288	962.127
1177	43.5747	962.103
1178	43.6205	961.304
1179	43.6699	961.128
1180	43.7226	960.825
1181	43.7664	960.814
1182	43.8136	959.282
1183	43.8586	959.053
1184	43.904	958.997
1185	43.947	958.855
1186	43.9916	957.746
1187	44.0373	957.598
1188	44.0853	957.586
1189	44.1293	957.369
1190	44.1735	957.366
1191	44.2191	957.029
1192	44.2649	956.813
1193	44.3127	956.46
1194	44.3583	956.298
1195	44.4097	956.177
1196	44.4589	956.162
1197	44.5086	956.006
1198	44.5591	955.866
1199	44.6091	955.52
1200	44.6552	955.45
1201	44.6991	954.929
1202	44.7433	954.926
1203	44.7886	954.725
1204	44.8329	954.708
1205	44.8776	954.655
1206	44.9228	953.757
1207	44.9675	953.455
1208	45.0133	953.343
1209	45.0587	952.288
1210	45.1022	952.054
1211	45.1464	951.975
1212	45.2002	951.838
1213	45.2434	947.708
1214	45.2887	947.683
1215	45.345	947.633
1216	45.3906	946.276
1217	45.4389	945.94
1219	45.5285	945.732
1220	45.5714	943.941
1221	45.6168	943.756
1222	45.6617	940.654
1223	45.7082	940.496
1224	45.7541	938
1225	45.7973	931.447
1226	45.8436	931.329
1227	45.8887	931.134
1228	45.9348	931.094
1229	45.9793	929.687
1230	46.0245	928.824
1231	46.0677	927.888
1232	46.1119	927.063
1233	46.1565	926.627
1234	46.2011	926.195
1237	46.3461	924.091
1238	46.3998	924.007
1239	46.4467	923.801
1240	46.5045	923.758
1241	46.5536	923.594
1242	46.6057	923.559
1243	46.6625	923.264
1244	46.7154	922.986
1245	46.7621	922.925
1246	46.8081	922.887
1247	46.8574	922.349
1248	46.9049	921.432
1249	46.9495	921.206
1250	46.9946	914.714
1251	47.0439	914.69
1252	47.0997	914.513
1253	47.1453	914.25
1254	47.1894	914.138
1255	47.2337	913.913
1256	47.2783	913.666
1257	47.3228	911.205
1258	47.3689	909.531
1259	47.4187	909.521
1260	47.4639	909.481
1261	47.5519	908.943
1262	47.6373	908.908
1263	47.6847	908.863
1264	47.7342	907.332
1265	47.7824	907.296
1266	47.8288	899.823
1267	47.8861	899.4
1268	47.9408	895.362
1269	47.9866	894.925
1270	48.031	894.565
1271	48.0831	894.462
1273	48.1814	893.415
1274	48.2272	891.491
1275	48.2727	891.449
1276	48.3181	891.314
1278	48.4111	891.17
1279	48.4588	889.172
1280	48.5076	888.775
1281	48.5539	887.834
1282	48.5999	887.769
1283	48.6466	887.484
1284	48.692	887.142
1285	48.7457	884.98
1286	48.8014	884.452
1287	48.8494	884.155
1288	48.9027	881.015
1289	48.9549	880.995
1290	49.0074	878.076
1291	49.0536	876.167
1292	49.0977	876.128
1293	49.1423	876.083
1294	49.188	873.088
1295	49.2351	872.973
1296	49.2805	872.746
1297	49.3328	872.49
1298	49.3853	872.477
1299	49.4311	872.464
1300	49.4782	872.461
1301	49.5275	870.675
1302	49.5837	870.628
1303	49.6282	870.516
1304	49.6725	870.265
1305	49.7181	870.246
1306	49.763	869.8
1307	49.8144	869.722
1308	49.8597	869.705
1309	49.905	869.58
1310	49.9512	868.365
1312	50.0465	866.609
1313	50.091	865.213
1314	50.1376	863.072
1315	50.1841	862.038
1316	50.229	861.361
1317	50.2753	861.327
1319	50.3702	861.054
1320	50.4258	860.785
1321	50.4705	860.706
1322	50.5263	859.368
1323	50.5724	859.366
1324	50.6173	858.848
1325	50.6644	858.12
1326	50.7206	857.869
1327	50.7732	856.802
1328	50.819	855.705
1329	50.8642	855.703
1330	50.9214	845.19
1331	50.9694	844.812
1332	51.0159	844.544
1333	51.0636	844.418
1334	51.1267	844.365
1335	51.1849	840.767
1336	51.2419	839.695
1337	51.3039	839.629
1338	51.3513	838.869
1339	51.4173	838.685
1340	51.466	838.526
1341	51.5113	837.063
1342	51.5561	837.062
1344	51.6478	833.685
1345	51.6941	833.555
1346	51.7404	832.485
1347	51.7866	832.29
1348	51.8314	831.597
1350	51.9265	831.518
1351	51.9762	831.129
1352	52.0226	830.79
1353	52.0696	830.726
1354	52.1148	830.576
1355	52.1589	830.547
1356	52.2061	830.441
1357	52.2549	829.946
1358	52.3036	829.839
1359	52.3618	827.824
1360	52.4098	827.745
1361	52.4631	827.688
1362	52.5104	827.45
1363	52.5545	827.121
1364	52.6009	827.046
1365	52.6479	826.867
1366	52.6942	826.853
1367	52.7399	826.632
1368	52.7844	826.33
1369	52.8319	825.355
1370	52.8766	825.32
1371	52.9233	824.693
1372	52.9721	824.605
1373	53.0297	824.602
1374	53.0738	824.536
1375	53.1208	824.521
1376	53.1743	824.389
1377	53.228	824.054
1378	53.2749	823.315
1379	53.321	823.068
1380	53.368	823.066
1381	53.4132	822.989
1382	53.4591	822.984
1383	53.5082	822.851
1384	53.5586	821.769
1385	53.6035	821.674
1386	53.6502	821.633
1387	53.6983	821.169
1388	53.745	821.135
1389	53.7902	820.798
1390	53.8353	820.752
1391	53.8884	820.743
1392	53.9326	820.445
1393	53.9796	820.394
1394	54.0263	820.392
1395	54.074	820.392
1396	54.1202	816.086
1397	54.17	816.061
1398	54.2171	814.538
1399	54.2635	814.462
1400	51.8218	814.275
1401	51.8711	814.273
1402	51.9191	814.113
1403	51.9662	812.555
1404	52.0133	812.525
1405	52.0638	811.889
1406	52.1133	811.817
1407	52.1625	811.756
1408	52.2082	809.715
1410	52.3006	809.283
1411	52.3473	808.964
1412	52.3933	808.924
1413	52.439	804.72
1414	52.4898	804.716
1415	52.5384	803.627
1416	52.5853	802.896
1417	52.6315	802.843
1418	52.6936	802.045
1419	52.7505	801.856
1420	52.8045	799.446
1421	52.8599	799.053
1422	52.9061	799.053
1423	52.9504	799.035
1424	52.997	798.102
1425	53.0441	798.074
1426	53.0896	798.051
1427	53.1366	797.471
1428	53.1858	797.421
1429	53.2356	797.061
1430	53.2821	796.586
1431	53.3299	796.146
1432	53.3796	796.089
1433	53.4279	791.836
1434	53.479	790.438
1435	53.5308	790.317
1436	53.5783	790.065
1437	53.6247	790.058
1438	53.6768	790.035
1439	53.7258	788.835
1440	53.7723	788.83
1441	53.8191	788.458
1442	53.8668	788.439
1443	53.9192	788.272
1444	53.9642	788.075
1445	54.0107	788.016
1446	54.0577	787.941
1447	54.1035	787.819
1448	54.1489	787.222
1449	54.1942	786.396
1450	54.2403	786.202
1451	54.2886	784.922
1452	54.3348	784.667
1453	54.3833	784.665
1454	54.4315	784.633
1455	54.4846	783.87
1456	54.5321	783.492
1457	54.5795	783.473
1458	54.6274	782.962
1459	54.6791	782.853
1460	54.7347	782.755
1461	54.7808	782.05
1462	54.8273	782.049
1463	54.8765	781.758
1464	54.9286	781.391
1465	54.9791	780.948
1466	55.0262	779.248
1467	55.0734	778.765
1468	55.1205	778.562
1469	55.1676	778.415
1470	55.2135	778.096
1471	55.2584	777.883
1472	55.3082	777.423
1473	55.3638	777.221
1474	55.4097	776.831
1475	55.458	776.776
1476	55.5071	775.81
1477	55.5539	775.562
1478	55.5994	775.458
1479	55.6442	775.347
1480	55.6913	774.366
1481	55.7388	774.362
1482	55.7878	774.26
1483	55.8375	774.256
1484	55.8841	773.778
1485	55.9303	773.64
1486	55.977	773.623
1487	56.0229	773.437
1488	56.0742	772.581
1489	56.1255	772.476
1491	56.2184	772.13
1492	56.2657	765.933
1493	56.3123	765.925
1495	56.4206	765.901
1497	56.5197	765.863
1498	56.5703	765.763
1499	56.6222	765.482
1500	56.6721	765.114
1501	56.7171	764.981
1503	56.81	764.782
1504	56.856	764.747
1505	56.9027	764.47
1506	56.9502	764.424
1508	57.0504	764.189
1511	57.1886	763.233
1512	57.2344	763.03
1513	57.2812	763.02
1514	57.3351	762.512
1516	57.428	762.287
1517	57.4851	762.286
1518	57.5322	762.043
1519	57.5813	762.02
1520	57.6279	761.778
1522	57.7196	761.072
1523	57.7663	760.946
1526	57.924	760.594
1527	57.9708	760.586
1528	58.0171	760.472
1529	58.0637	760.358
1530	58.1094	760.355
1531	58.1673	759.665
1532	58.2156	759.588
1533	58.2626	759.076
1535	58.3565	759.014
1536	58.4045	759.005
1537	58.4517	758.744
1538	58.4988	758.637
1539	58.5528	758.344
1540	58.6031	758.224
1541	58.651	758.019
1542	58.7019	758.013
1543	58.7509	757.896
1544	58.7986	757.86
1545	58.858	757.619
1546	58.9103	756.885
1547	58.9613	756.089
1548	59.0125	755.993
1549	59.0594	752.574
1550	59.1076	752.312
1551	59.1594	752.267
1552	59.2153	752.233
1553	59.2648	750.668
1554	59.3247	750.645
1555	59.374	750.531
1556	59.4208	748.308
1557	59.4745	748.154
1558	59.5259	747.938
1559	59.5722	747.921
1560	59.6202	747.751
1561	59.6714	747.661
1562	59.7188	746.963
1564	59.8136	746.916
1565	59.8594	744.861
1566	59.9066	744.079
1567	59.9545	743.975
1568	60.0024	743.962
1569	60.0544	742.896
1570	60.1069	741.896
1571	60.1542	740.923
1572	60.1993	740.157
1573	60.2464	739.847
1574	60.2966	739.626
1575	60.3448	739.624
1576	60.3916	739.594
1577	60.44	737.88
1578	60.4866	737.867
1579	60.5336	737.792
1580	60.5797	737.769
1581	60.6256	737.733
1583	60.7186	737.041
1584	60.7652	736.898
1585	60.8129	736.287
1586	60.8625	736.259
1587	60.9146	736.172
1588	60.9619	734.734
1589	61.0094	734.488
1590	61.0572	732.748
1591	61.1037	732.606
1592	61.1524	732.472
1593	61.2002	732.462
1594	61.2474	732.378
1595	61.2952	731.774
1597	61.4009	731.345
1598	61.4564	731.042
1599	61.5046	730.966
1600	61.5512	730.958
1601	61.6034	724.986
1603	61.706	724.904
1604	61.7531	723.016
1605	61.8037	722.975
1606	61.8546	722.752
1608	61.9495	721.882
1609	62.0053	721.016
1610	62.0544	720.751
1611	62.11	720.627
1612	62.1659	720.601
1613	62.2137	719.572
1614	62.2643	718.364
1615	62.3118	718.324
1616	62.3613	718.247
1617	62.4089	718.235
1618	62.4566	718.21
1619	62.5053	717.887
1620	62.5535	717.842
1621	62.6024	717.178
1622	62.6491	717.126
1623	62.6951	717.08
1624	62.7431	716.955
1626	62.8393	716.692
1627	62.8993	716.466
1628	62.9486	715.205
1629	62.9979	714.934
1630	63.0473	712.582
1631	63.0945	711.725
1632	63.1432	711.694
1633	63.1903	711.66
1635	63.3282	711.586
1636	63.3766	711.456
1637	63.4239	711.138
1638	63.4726	711.121
1639	63.5209	711.12
1640	63.5675	710.62
1641	63.6155	709.649
1642	63.6634	709.627
1643	63.7101	708.987
1644	63.758	708.748
1646	63.8584	708.645
1647	63.9059	708.596
1648	63.9521	708.532
1649	63.9985	708.316
1650	64.0484	706.31
1651	64.095	706.167
1652	64.1531	705.197
1653	64.2066	703.954
1654	64.2659	703.341
1655	64.3171	702.759
1656	64.3652	702.577
1657	64.4119	702.573
1658	64.4583	702.433
1659	64.5048	702.201
1660	64.5618	702.012
1661	64.6085	701.934
1662	64.6546	701.091
1663	64.7035	701.091
1664	64.7508	700.869
1665	64.7974	700.505
1666	64.8456	700.397
1667	64.8936	700.171
1668	64.9426	696.372
1669	64.9912	696.33
1670	65.0386	694.418
1671	65.0862	693.929
1672	65.1336	693.653
1673	65.1805	693.361
1675	65.2806	692.928
1676	65.3439	691.2
1677	65.3911	691.154
1678	65.4399	690.589
1679	65.4908	690.438
1680	65.5395	690.322
1681	65.5883	690.049
1684	65.7493	689.027
1686	65.8579	688.896
1687	65.9061	688.867
1688	65.9534	688.236
1691	66.096	687.603
1692	66.1474	687.382
1694	66.2448	687.366
1695	66.2931	687.36
1696	66.3499	687.276
1697	66.4078	687.159
1698	66.4564	686.377
1699	66.5041	685.06
1700	66.5514	684.984
1701	66.6	684.751
1702	66.6475	684.747
1703	66.6954	684.472
1704	66.75	684.271
1705	66.8154	683.814
1706	66.8683	683.678
1707	66.9155	683.449
1708	66.9675	683.284
1709	67.0164	682.863
1710	67.0645	682.732
1711	67.1125	680.351
1712	67.1596	680.264
1713	67.2075	680.261
1714	67.2541	680.246
1715	67.3036	680.246
1716	67.3511	680.205
1717	67.4005	679.913
1718	67.4471	679.433
1719	67.4944	679.285
1720	67.5559	679.282
1721	67.6052	679.218
1722	67.6582	679.216
1723	67.7045	679.207
1724	67.7552	678.271
1725	67.805	678.116
1726	67.8519	677.988
1727	67.9144	677.907
1728	67.9662	677.701
1729	68.0137	677.519
1730	68.0641	677.439
1731	68.1134	677.426
1732	68.1644	677.19
1733	68.2135	677.126
1735	68.3071	677.126
1736	68.3566	676.214
1737	68.4041	676.205
1738	68.4531	676.063
1739	68.5075	676.018
1740	68.5542	675.805
1741	68.6054	675.787
1742	68.6566	675.6
1743	68.7053	674.71
1744	68.7522	674.664
1745	68.805	674.082
1746	68.8531	674.055
1747	68.9009	673.997
1748	68.9485	669.203
1749	68.9975	669.196
1750	69.0449	668.892
1751	69.0918	668.49
1752	69.145	668.43
1753	69.1945	668.25
1755	69.2908	668.233
1756	69.3429	667.237
1757	69.3915	666.665
1758	69.4427	665.972
1759	69.4941	665.939
1760	69.543	664.313
1764	69.7425	664.142
1765	69.7943	664.027
1766	69.8464	664.004
1767	69.9	663.646
1768	69.9539	663.419
1769	70.014	663.293
1770	70.0733	663.258
1771	70.1253	663.19
1772	70.181	663.106
1773	70.2279	659.981
1774	70.2826	659.081
1775	70.3346	658.985
1776	70.3838	658.773
1777	70.433	658.771
1778	70.4825	658.707
1779	70.5292	657.587
1780	70.5823	657.583
1781	70.6337	657.344
1782	70.6823	657.299
1783	70.7293	657.291
1784	70.7754	657.177
1785	70.8234	657.134
1786	70.8735	657.109
1787	70.9275	657.022
1788	70.9748	656.01
1789	71.0309	655.738
1790	71.0828	654.875
1791	71.1343	654.679
1792	71.1824	654.479
1794	71.2767	654.413
1795	71.3294	653.943
1796	71.3834	653.647
1798	71.4891	653.396
1799	71.5375	653.318
1800	71.5868	653.311
1801	71.6427	652.393
1803	71.75	652.342
1804	71.8016	652.133
1805	71.8509	651.476
1806	71.8985	650.656
1807	71.9474	650.457
1808	71.9967	650.334
1809	72.0484	650.248
1810	72.0976	649.876
1811	72.1472	649.802
1812	72.1958	649.436
1813	72.2445	649.38
1814	72.2936	649.315
1815	72.3422	649.083
1816	72.392	648.382
1817	72.4489	648.272
1818	72.5017	648.196
1819	72.553	648.044
1820	72.6047	647.855
1821	72.6517	647.851
1822	72.7017	647.792
1823	72.7511	647.788
1824	72.8018	647.752
1825	72.8524	647.622
1827	72.948	647.487
1828	73.0041	647.246
1829	73.0537	647.214
1830	73.1009	647.212
1831	73.1507	647.187
1832	73.1999	643.713
1834	73.3096	643.712
1835	73.3599	643.61
1837	73.484	643.591
1838	73.5341	643.396
1839	73.5806	642.679
1840	73.6282	642.492
1841	73.6785	642.365
1842	73.7263	642.34
1843	73.7736	642.335
1844	73.8242	642.314
1845	73.8713	642.262
1846	73.919	642.226
1847	73.9787	642.225
1848	74.0399	642.141
1849	74.0914	642.086
1851	74.1884	641.652
1852	74.2366	641.564
1853	74.2856	641.56
1854	74.3439	641.541
1856	74.4603	641.258
1857	74.511	641.255
1858	74.5609	641.046
1859	74.6118	640.941
1860	74.6741	640.865
1862	74.7751	640.176
1863	74.825	640.095
1865	74.9319	640.031
1866	75.0023	639.825
1867	75.057	639.815
1869	75.1655	639.76
1870	75.2225	639.745
1871	75.2737	639.147
1873	75.3738	639.105
1874	75.4232	639.082
1875	75.4749	639.068
1876	75.5222	639.062
1877	75.5709	638.631
1878	75.6221	638.579
1879	75.6711	638.191
1880	75.7224	638.144
1881	75.7722	638.103
1882	75.8212	638.095
1883	75.8712	637.921
1884	75.9293	637.83
1885	75.9804	637.79
1886	76.036	637.241
1887	76.0953	636.134
1888	76.1435	636.042
1889	76.1915	635.548
1890	76.2451	635.256
1892	76.3459	635.237
1893	76.4024	634.442
1894	76.4526	634.209
1895	76.5044	633.752
1896	76.5529	633.459
1897	76.6052	633.101
1898	76.6566	632.71
1900	76.7536	632.612
1901	76.8037	632.551
1902	76.8546	632.314
1904	76.9578	632.299
1905	77.0078	631.624
1906	77.0579	631.35
1907	77.108	631.268
1908	77.1594	631.114
1909	77.2112	630.731
1910	77.2605	630.061
1911	77.3141	628.675
1912	77.3687	628.396
1913	77.4219	628.292
1914	77.4748	628.2
1915	77.5237	628.187
1916	77.5714	628.179
1917	77.6228	627.301
1919	77.7239	627.249
1920	77.8136	627.222
1921	77.8645	627.114
1922	77.9172	626.954
1923	77.9647	626.433
1924	78.012	626.388
1925	78.0612	626.347
1926	78.1169	625.939
1927	78.1693	625.816
1928	78.22	624.305
1929	78.2713	624.204
1930	78.3188	622.523
1931	78.3686	622.461
1933	78.4671	622.399
1934	78.5185	622.278
1935	78.5745	621.722
1937	78.6724	621.568
1939	78.782	621.565
1940	78.83	621.502
1941	78.8783	620.842
1942	78.9282	620.838
1943	78.9763	620.705
1944	79.0258	619.821
1945	79.0751	619.779
1946	79.1227	615.104
1948	79.2212	611.721
1949	79.2691	611.499
1950	79.331	611.163
1952	79.4363	610.919
1953	79.4836	610.212
1954	79.5358	609.736
1955	79.5866	609.718
1957	79.6947	609.715
1958	79.7446	609.663
1959	79.7938	608.764
1960	79.8433	608.509
1961	79.8994	608.173
1962	79.9532	608.15
1963	80.004	608.101
1964	80.0535	608.085
1965	80.1035	608.024
1966	80.1616	607.826
1967	80.2108	607.414
1968	80.2615	604.991
1969	80.3117	604.967
1970	80.3738	603.103
1971	80.4254	602.567
1972	80.4738	602.413
1973	80.5208	602.388
1974	80.5731	602.384
1975	80.6258	601.549
1977	80.7337	601.332
1978	80.784	601.322
1979	80.8333	601.321
1980	80.888	601.263
1981	80.9376	601.168
1982	80.9848	601.157
1983	81.0362	600.859
1984	81.0888	600.794
1986	81.1911	600.285
1987	81.2408	600.273
1989	81.3407	600.159
1990	81.3893	600.139
1991	81.4398	599.086
1992	81.494	597.941
1993	81.5444	597.389
1994	81.6014	596.952
1995	81.6511	595.666
1996	81.7008	595.104
1997	81.7599	595.097
1999	81.8591	595.03
2000	81.9183	594.832
2001	81.9668	594.793
2002	82.0157	594.223
2003	82.0725	594.222
2004	82.1221	594.013
2005	82.1728	593.733
2006	82.2251	593.666
2007	82.3239	593.38
2008	82.3824	591.239
2009	82.433	591.18
2010	82.4831	590.516
2011	82.5334	590.398
2012	82.585	590.215
2013	82.6324	589.66
2014	82.6837	589.647
2015	82.7404	589.271
2016	82.791	587.146
2017	82.8486	587.122
2018	82.9073	582.442
2019	82.9614	582.379
2020	83.0124	582.151
2021	83.0703	581.812
2022	83.123	581.81
2024	83.2362	581.506
2026	83.3462	581.397
2027	83.3962	581.392
2028	83.4449	580.825
2029	83.5049	580.818
2030	83.5629	580.799
2032	83.6714	580.231
2034	83.7831	580.221
2035	83.8342	580.219
2037	83.9345	580.164
2038	83.9882	579.807
2039	84.0368	578.836
2040	81.6047	578.748
2041	81.6532	578.726
2042	81.7015	578.5
2043	81.7594	578.367
2044	81.8173	578.354
2045	81.8766	578.178
2046	81.9265	578.159
2047	81.9772	577.997
2048	82.0263	577.924
2049	82.0874	577.285
2050	82.1422	577.217
2051	82.1932	576.469
2052	82.2446	576.403
2053	82.2954	576.403
2054	82.3465	576.298
2055	82.3944	576.297
2056	82.448	576.29
2057	82.501	576.194
2058	82.5494	575.872
2059	82.5973	575.715
2060	82.6453	575.713
2062	82.7451	575.712
2063	82.7942	575.711
2064	82.8443	575.126
2065	82.8962	575.096
2066	82.9454	574.962
2067	82.9968	574.949
2068	83.0459	574.943
2069	83.0936	574.731
2070	83.1514	574.647
2071	83.2089	574.644
2072	83.2695	574.271
2073	83.3215	574.181
2074	83.3723	574.178
2075	83.4212	574.178
2076	83.4706	573.751
2077	83.5189	573.682
2078	83.5744	573.046
2079	83.6434	573.041
2080	83.6915	572.899
2082	83.7964	572.315
2083	83.8453	571.778
2084	83.8944	571.749
2085	83.9513	571.323
2087	84.0586	571.294
2088	84.109	570.729
2089	84.1611	570.729
2090	84.2128	570.557
2091	84.2815	570.34
2092	84.3333	570.289
2093	84.3833	570.147
2094	84.44	570.147
2095	84.4987	570.145
2096	84.5491	569.341
2097	84.6102	568.912
2098	84.664	568.817
2099	84.7158	568.76
2100	84.7665	567.697
2101	84.8182	567.679
2103	84.9345	567.272
2104	84.9829	567.118
2105	85.0312	567.104
2106	85.0806	567.097
2107	85.1286	567.093
2108	85.1793	567.063
2109	85.2293	566.887
2110	85.2812	566.783
2111	85.3321	566.763
2112	85.381	566.747
2113	85.4326	563.875
2114	85.4823	563.292
2116	85.581	563.242
2117	85.6305	563.241
2118	85.6897	563.211
2119	85.7396	563
2121	85.8369	562.688
2122	85.8848	562.686
2123	85.9347	562.666
2124	85.9841	562.581
2125	86.0366	562.144
2126	86.0862	562.065
2127	86.1386	561.629
2128	86.1902	561.509
2129	86.2464	561.36
2130	86.2978	560.938
2131	86.3481	560.729
2132	86.4006	560.646
2133	86.4509	560.643
2134	86.5013	560.621
2135	86.5532	560.138
2136	86.6037	559.672
2137	86.6515	559.671
2138	86.7015	559.045
2139	86.7513	558.91
2140	86.7991	558.909
2141	86.8496	558.525
2142	86.9006	558.525
2144	86.9983	558.341
2145	87.053	557.843
2146	87.1024	557.747
2147	87.154	557.695
2148	87.2097	557.602
2149	87.2639	557.53
2151	87.3815	557.489
2152	87.4318	557.357
2153	87.4802	557.312
2154	87.5361	557.247
2155	87.5882	556.777
2156	87.6375	556.34
2157	87.6873	556.278
2158	87.7361	556.144
2159	87.7856	555.961
2160	87.8359	555.842
2161	87.8856	555.842
2162	87.9425	555.576
2163	87.9946	555.573
2164	88.0436	555.531
2165	88.0926	555.395
2166	88.1421	555.361
2167	88.1976	555.268
2168	88.2577	555.23
2169	88.3138	555.205
2170	88.363	555.203
2172	88.4652	554.486
2173	88.5152	554.481
2174	88.567	554.48
2175	88.6193	554.47
2176	88.6742	554.415
2178	88.7755	554.414
2179	88.8291	554.154
2180	88.8843	554.02
2181	88.9484	553.992
2182	89.0648	553.843
2183	89.1231	553.837
2184	89.1742	553.814
2185	89.2272	553.727
2186	89.2793	553.699
2187	89.3386	553.696
2188	89.3925	553.658
2190	89.499	553.657
2191	89.5494	553.541
2192	89.6042	553.398
2193	89.6535	553.396
2194	89.709	553.38
2195	89.7647	553.253
2196	89.8176	553.091
2197	89.8677	553.089
2198	89.9203	552.93
2199	89.9753	552.803
2200	90.031	552.671
2201	90.0853	552.671
2202	90.142	551.313
2203	90.1935	551.217
2205	90.2975	551.213
2206	90.3539	551.102
2207	90.4074	551.098
2209	90.516	551.005
2210	90.5732	551.002
2211	90.6244	550.752
2212	90.6759	550.74
2214	90.7805	550.722
2215	90.8293	550.716
2216	90.8907	550.711
2217	90.9394	549.741
2218	90.9953	549.696
2219	91.0504	549.69
2221	91.1685	549.594
2222	91.2188	549.586
2223	91.2723	549.531
2224	91.3313	549.522
2225	91.3841	549.4
2226	91.4357	549.204
2228	91.5499	549.106
2229	91.6012	547.057
2230	91.6526	546.899
2231	91.7088	546.766
2233	91.8151	546.146
2234	91.8668	546.116
2235	91.9162	545.612
2236	91.9642	545.437
2237	92.0155	545.178
2238	92.0669	545.066
2239	92.1177	545.013
2240	92.1731	544.719
2241	92.2246	544.694
2242	92.2887	544.654
2243	92.3483	544.611
2244	92.4055	544.389
2245	92.462	543.173
2246	92.5145	542.92
2247	92.5658	542.794
2248	92.6219	542.792
2249	92.6744	542.248
2250	92.7312	541.811
2251	92.7825	541.508
2252	92.8326	541.21
2253	92.8832	541.135
2254	92.9331	541.048
2255	92.9847	541.001
2256	93.0362	540.815
2257	93.0908	539.117
2258	93.1429	539.089
2259	93.196	538.9
2260	93.2457	538.897
2261	93.2979	538.892
2262	93.3555	538.811
2263	93.4066	538.391
2264	93.456	538.362
2265	93.5077	538.325
2266	93.5575	538.291
2267	93.6162	538.275
2268	93.672	537.753
2269	93.7297	537.368
2270	93.7868	537.109
2271	93.8407	537.104
2272	93.8972	537.086
2273	93.9476	537.042
2274	94.0044	536.995
2275	94.0554	536.925
2277	94.1707	536.91
2278	94.2204	536.852
2279	94.2711	536.836
2280	94.3197	536.823
2281	94.3792	536.316
2282	94.4309	536.307
2283	94.4846	536.126
2284	94.5385	535.187
2285	94.5896	535.187
2286	94.6431	534.212
2288	94.7508	533.39
2290	94.8619	533.362
2291	94.9127	533.347
2292	94.9637	533.33
2293	95.0153	532.628
2294	95.0683	532.624
2298	95.2648	532.607
2299	95.3163	532.247
2300	95.4295	532.067
2301	95.4991	531.619
2302	95.5607	531.595
2303	95.6177	531.57
2304	95.6699	531.314
2305	95.7191	531.276
2306	95.7697	531.2
2307	95.8195	530.936
2308	95.8746	530.155
2309	95.9325	530.144
2310	95.9817	529.017
2311	96.0353	528.493
2312	96.0856	528.458
2313	96.1378	528.425
2314	96.1917	528.349
2315	96.2472	528.326
2317	96.3557	528.196
2318	96.4096	528.183
2319	96.4633	528.181
2320	96.5133	528.18
2321	96.5636	528.057
2322	96.6151	528.053
2323	96.6662	527.831
2324	96.7253	527.798
2326	96.8342	526.879
2327	96.8866	526.851
2328	96.9358	526.844
2330	97.0415	526.84
2331	97.0922	526.78
2332	97.1402	526.232
2333	97.1905	526.075
2334	97.2397	525.761
2335	97.2879	525.293
2337	97.3934	525.289
2339	97.5006	525.106
2340	97.5493	524.74
2341	97.6098	524.722
2342	97.6692	524.153
2343	97.7207	524.153
2344	97.7753	524.055
2345	97.8353	523.904
2347	97.9426	523.865
2348	97.9924	522.543
2349	98.0424	522.262
2350	98.0935	521.845
2351	98.1428	521.715
2352	98.1947	521.674
2353	98.2473	521.554
2354	98.306	521.535
2355	98.3614	521.274
2356	98.413	520.662
2357	98.4692	520.637
2358	98.5184	520.514
2359	98.5777	520.486
2360	98.6324	520.455
2361	98.6857	520.368
2362	98.7346	520.366
2366	98.9324	520.243
2367	98.9811	520.24
2368	99.0302	519.819
2369	99.0811	519.817
2370	99.1331	519.62
2371	99.1837	519.157
2372	99.237	518.832
2374	99.3503	518.818
2375	99.4016	518.815
2377	99.5253	518.763
2378	99.5771	518.339
2379	99.6291	517.756
2380	99.6855	517.642
2381	99.7371	517.56
2382	99.7886	517.487
2383	99.8489	517.384
2384	99.9143	517.33
2385	99.9676	516.76
2386	100.02	516.626
2387	100.072	516.607
2388	100.127	516.491
2389	100.181	516.41
2390	100.231	516.398
2391	100.284	512.915
2392	100.344	512.877
2393	100.395	512.877
2394	100.448	512.831
2395	100.499	512.83
2396	100.554	512.823
2397	100.613	512.756
2398	100.669	512.411
2399	100.72	512.31
2400	100.771	512.309
2401	100.829	512.301
2402	100.89	512.3
2404	100.994	512.088
2405	101.045	512.079
2407	101.159	512.035
2408	101.211	512.03
2409	101.263	511.654
2410	101.315	511.573
2412	101.42	511.233
2413	101.473	511.165
2414	101.526	511.164
2415	101.578	511.163
2416	101.627	510.756
2417	101.683	510.742
2418	101.733	510.552
2419	101.782	510.546
2420	101.833	510.319
2421	101.885	510.314
2422	101.941	510.035
2423	101.994	509.669
2424	102.047	509.637
2425	102.154	509.52
2426	102.222	509.52
2427	102.278	509.516
2428	102.333	509.271
2429	102.389	509.27
2430	102.451	509
2431	102.505	508.467
2432	102.555	508.326
2433	102.609	508.316
2434	102.663	508.315
2435	102.716	508.313
2436	102.765	505.229
2437	102.829	505.216
2438	102.883	505.095
2440	102.997	504.341
2441	103.048	504.326
2443	103.173	504.316
2444	103.231	504.006
2445	103.284	503.993
2446	103.343	503.931
2447	103.393	503.911
2448	103.443	503.899
2449	103.495	503.75
2450	103.558	503.743
2452	103.659	503.708
2453	103.708	502.946
2454	103.76	502.544
2456	103.86	502.483
2457	103.914	502.483
2458	103.966	502.472
2459	104.022	502.393
2461	104.123	501.36
2463	104.228	501.313
2464	104.293	501.26
2465	104.347	501.239
2466	104.404	501.18
2467	104.458	501.179
2468	104.51	501.117
2469	104.574	500.974
2470	104.629	500.808
2471	104.68	500.779
2472	104.731	500.741
2473	104.788	500.74
2474	104.841	500.722
2475	104.891	500.338
2476	104.945	500.309
2478	105.049	500.064
2479	105.099	499.999
2480	105.157	499.995
2481	105.211	499.643
2483	105.32	499.634
2484	105.371	499.565
2485	105.423	499.337
2486	105.476	498.879
2487	105.537	498.87
2488	105.599	498.768
2489	105.659	498.683
2492	105.844	498.597
2493	105.896	498.554
2494	105.947	498.537
2495	105.998	498.495
2496	106.054	498.194
2497	106.104	498.156
2498	106.156	498.132
2499	106.212	498.033
2500	106.273	498.022
2502	106.381	497.998
2503	106.431	497.997
2504	106.482	497.954
2505	106.533	497.861
2506	106.584	497.857
2507	106.635	497.817
2508	106.686	497.784
2509	106.742	497.235
2510	106.794	497.234
2512	106.904	496.913
2513	106.962	496.173
2514	107.024	496.172
2515	107.082	496.103
2516	107.134	495.962
2517	107.186	495.906
2518	107.238	495.876
2519	107.296	495.686
2520	107.354	495.165
2521	107.406	495.151
2523	107.51	495.149
2524	107.561	495.12
2525	107.611	495.093
2526	107.662	495.065
2527	107.714	495.053
2528	107.766	495.022
2531	107.924	494.899
2532	107.976	494.792
2533	108.031	494.79
2534	108.089	494.774
2535	108.154	494.756
2536	108.204	494.625
2537	108.254	494.623
2538	108.305	494.62
2539	108.355	494.544
2540	108.407	494.463
2541	108.458	494.46
2542	108.513	493.767
2545	108.667	493.724
2546	108.719	493.644
2548	108.825	493.523
2549	108.878	493.522
2550	108.941	493.52
2551	108.998	493.238
2552	109.048	493.237
2553	109.1	493.01
2554	109.157	493.003
2555	109.206	493
2557	109.309	492.885
2558	109.36	492.853
2559	109.414	492.842
2562	109.572	492.803
2563	109.627	492.743
2564	109.68	492.732
2565	109.733	492.687
2566	109.786	492.62
2568	109.89	492.553
2569	109.951	491.858
2570	110.047	491.76
2571	110.129	491.615
2572	110.195	491.611
2573	110.248	490.281
2574	110.302	490.264
2575	110.38	490.196
2576	110.435	490.055
2577	110.492	489.973
2578	110.546	489.865
2579	110.598	489.779
2581	110.708	489.778
2582	110.763	489.596
2584	110.89	489.363
2585	110.945	488.786
2586	110.997	488.578
2588	111.119	488.575
2589	111.174	488.285
2590	111.226	488.233
2591	111.279	488.12
2592	111.331	487.909
2593	111.382	487.892
2594	111.431	487.594
2595	111.482	487.588
2597	111.587	486.285
2599	111.695	486.202
2600	111.756	486.201
2601	111.81	486.156
2602	111.869	486.072
2603	111.922	485.692
2604	111.977	485.666
2605	112.028	485.416
2606	112.085	485.115
2607	112.147	485.086
2608	112.208	484.696
2609	112.262	484.672
2610	112.315	484.522
2611	112.374	484.51
2613	112.482	484.48
2614	112.534	484.453
2615	112.585	484.425
2617	112.701	484.403
2618	112.754	484.243
2619	112.806	484.242
2620	112.859	484.183
2621	112.92	483.711
2622	112.977	483.71
2623	113.03	483.675
2624	113.087	482.67
2626	113.201	482.421
2628	113.313	481.679
2630	113.419	481.647
2631	113.472	481.622
2632	113.527	481.609
2633	113.58	481.233
2634	113.63	481.156
2635	113.687	481.144
2636	113.773	481.108
2638	111.492	481.094
2639	111.554	480.769
2640	111.615	480.663
2641	111.67	480.653
2642	111.721	480.634
2643	111.779	480.604
2644	111.828	480.508
2646	111.95	480.465
2647	112.022	480.344
2648	112.083	479.721
2649	112.148	479.714
2650	112.208	478.682
2651	112.259	477.625
2653	112.369	477.62
2655	112.474	477.589
2657	112.591	477.506
2659	112.706	477.504
2660	112.761	477.497
2661	112.819	477.416
2662	112.871	477.392
2663	112.924	477.323
2664	112.985	477.143
2665	113.038	477.143
2667	113.138	476.832
2668	113.194	476.72
2669	113.245	476.698
2670	113.296	476.313
2671	113.348	476.111
2672	113.399	475.425
2673	113.464	475.365
2674	113.521	475.081
2675	113.582	474.98
2677	113.689	474.976
2679	113.796	474.949
2680	113.85	474.886
2681	113.914	474.875
2682	113.969	474.48
2683	114.023	474.48
2685	114.14	474.279
2687	114.248	473.876
2688	114.313	473.575
2689	114.366	473.525
2690	114.426	473.049
2691	114.483	473.026
2692	114.542	473.004
2693	114.601	472.942
2695	114.709	472.741
2696	114.761	472.206
2698	114.873	472.201
2699	114.924	472.2
2700	114.981	472.169
2701	115.032	472.06
2704	115.187	471.951
2706	115.294	471.618
2707	115.347	471.607
2708	115.4	471.174
2709	115.453	471.171
2710	115.509	471.096
2712	115.614	470.952
2714	115.721	470.917
2715	115.774	470.912
2717	115.879	470.894
2718	115.933	470.654
2719	115.984	469.935
2720	116.034	469.459
2721	116.089	469.249
2722	116.148	469.245
2723	116.203	469.064
2724	116.26	469.05
2725	116.318	468.96
2726	116.372	468.907
2727	116.429	468.84
2728	116.478	468.365
2729	116.53	468.134
2730	116.584	468.117
2731	116.635	467.848
2732	116.688	467.809
2733	116.738	467.808
2734	116.791	467.775
2735	116.849	467.774
2736	116.908	467.773
2737	116.972	467.749
2738	117.028	467.55
2739	117.092	467.484
2740	117.146	467.482
2744	117.368	467.356
2745	117.428	467.341
2746	117.538	467.327
2747	117.604	467.241
2748	117.655	467.227
2749	117.709	467.053
2750	117.761	466.954
2752	117.868	466.829
2753	117.919	466.781
2754	117.97	466.78
2755	118.023	466.776
2756	118.08	465.962
2757	118.131	465.897
2758	118.182	465.816
2759	118.244	465.81
2760	118.297	465.708
2761	118.354	465.686
2762	118.405	465.661
2763	118.466	465.299
2764	118.518	465.283
2765	118.57	465.213
2766	118.626	465.212
2767	118.678	465.21
2768	118.73	464.767
2769	118.782	464.766
2770	118.841	464.588
2771	118.891	464.546
2772	118.947	464.477
2773	119	464.461
2774	119.054	464.46
2776	119.168	463.649
2777	119.231	463.642
2778	119.291	463.603
2779	119.347	463.562
2780	119.399	462.821
2781	119.453	462.801
2782	119.508	462.801
2783	119.57	462.789
2784	119.623	461.885
2785	119.676	461.875
2786	119.734	461.873
2787	119.789	461.848
2788	119.85	461.841
2789	119.911	461.752
2790	119.965	461.738
2792	120.087	461.714
2793	120.14	460.171
2794	120.197	459.896
2795	120.25	459.883
2796	120.304	459.817
2797	120.355	459.817
2798	120.407	459.804
2799	120.461	459.657
2801	120.566	459.645
2803	120.673	459.64
2804	120.733	459.626
2805	120.785	459.6
2806	120.837	459.571
2807	120.888	459.518
2808	120.938	459.291
2809	120.99	459.106
2810	121.043	458.908
2811	121.094	458.381
2812	121.146	458.371
2813	121.198	458.369
2814	121.249	458.347
2815	121.298	458.046
2816	121.35	458.003
2817	121.403	458.001
2818	121.457	457.877
2819	121.507	457.856
2820	121.569	457.843
2821	121.631	457.508
2823	121.736	457.504
2824	121.79	457.417
2826	121.899	457.263
2828	122.001	457.133
2829	122.052	457.105
2830	122.104	457.098
2831	122.159	457.091
2832	122.216	457.013
2833	122.269	456.973
2834	122.326	456.947
2835	122.379	456.921
2836	122.431	456.73
2837	122.49	456.709
2838	122.543	456.687
2839	122.595	456.466
2840	122.653	456.447
2842	122.761	456.427
2844	122.87	456.374
2845	122.922	456.317
2846	122.977	456.29
2847	123.028	456.231
2848	123.086	456.194
2849	123.139	456.137
2852	123.299	455.9
2853	123.353	455.096
2854	123.405	455.095
2855	123.457	455.074
2858	123.615	455.069
2859	123.668	454.958
2860	123.721	454.862
2861	123.774	454.852
2862	123.825	454.671
2863	123.881	454.665
2864	123.936	454.632
2865	123.989	454.617
2866	124.041	454.616
2867	124.094	454.614
2871	124.31	454.497
2874	124.47	454.462
2876	124.585	454.398
2877	124.651	454.389
2878	124.703	454.228
2879	124.759	454.16
2881	124.862	454.129
2882	124.916	454.014
2885	125.074	453.997
2886	125.133	453.894
2888	125.239	453.725
2889	125.293	453.722
2890	125.345	453.712
2891	125.398	453.566
2893	125.512	453.548
2894	125.564	453.535
2895	125.622	453.517
2896	125.674	453.513
2897	125.726	452.951
2898	125.78	452.94
2899	125.832	452.887
2900	125.887	452.872
2901	125.937	452.742
2902	125.99	452.733
2903	126.046	452.692
2904	126.102	452.653
2905	126.155	452.622
2907	126.26	452.556
2908	126.313	452.541
2909	126.364	452.277
2910	126.417	452.175
2911	126.468	452.151
2913	126.577	451.59
2914	126.633	451.58
2915	126.685	451.542
2916	126.735	451.439
2917	126.786	451.291
2918	126.844	451.155
2919	126.9	451.134
2921	127.075	451.129
2922	127.129	450.975
2924	127.237	450.956
2925	127.293	450.616
2926	127.352	450.603
2928	127.468	450.588
2930	127.571	450.443
2931	127.624	450.354
2932	127.679	450.136
2934	127.785	449.877
2935	127.834	449.736
2937	127.935	449.178
2939	128.055	449.123
2940	128.109	449.121
2942	128.217	449.074
2943	128.272	448.74
2944	128.33	448.719
2945	128.383	448.676
2946	128.434	448.417
2947	128.487	448.395
2948	128.537	448.096
2949	128.602	448.044
2950	128.654	447.966
2951	128.705	447.95
2952	128.756	447.93
2953	128.823	447.929
2954	128.88	447.915
2955	128.934	447.894
2958	129.089	447.88
2960	129.197	447.855
2961	129.25	447.426
2963	129.362	447.398
2964	129.42	446.589
2966	129.526	446.542
2968	129.63	446.373
2969	129.685	446.287
2972	129.842	446.251
2973	129.908	445.936
2974	129.963	445.908
2977	130.123	445.904
2978	130.174	445.886
2979	130.226	445.626
2980	130.277	445.574
2981	130.329	445.516
2982	130.387	445.486
2983	130.443	445.473
2984	130.496	445.435
2986	130.6	445.381
2987	130.651	445.324
2988	130.704	444.527
2989	130.756	444.511
2990	130.806	443.784
2991	130.857	443.762
2992	130.91	443.628
2993	130.968	443.623
2997	131.189	443.576
3000	131.354	443.575
3001	131.412	443.562
3005	131.624	443.561
3006	131.676	442.505
3007	131.727	442.459
3009	131.841	442.352
3010	131.892	442.272
3011	131.944	442.269
3012	132.004	441.818
3014	132.113	441.509
3015	132.166	441.435
3019	132.384	441.376
3020	132.439	440.768
3021	132.497	440.754
3022	132.551	440.375
3023	132.608	440.375
3025	132.715	438.047
3026	132.772	437.981
3027	132.829	437.727
3028	132.888	437.46
3029	132.941	437.41
3030	132.996	437.046
3032	133.104	437.021
3033	133.157	436.876
3035	133.28	436.852
3036	133.333	436.787
3037	133.386	436.764
3038	133.44	436.737
3039	133.493	436.733
3040	133.549	436.615
3041	133.603	436.565
3045	133.813	436.542
3046	133.866	436.361
3047	133.918	436.359
3048	133.973	436.167
3049	134.028	436.167
3050	134.089	436.117
3052	134.197	434.84
3053	134.25	434.84
3054	134.302	434.821
3055	134.357	434.819
3058	134.53	434.57
3059	134.59	434.151
3060	134.646	434.004
3061	134.696	434
3062	134.748	433.996
3063	134.807	433.895
3064	134.865	433.873
3065	134.923	433.85
3066	134.976	433.434
3067	135.028	433.424
3068	135.08	433.369
3069	135.137	433.132
3070	135.192	433.105
3071	135.255	432.87
3072	135.309	432.815
3073	135.362	432.815
3074	135.415	432.792
3077	135.578	432.761
3078	135.637	432.569
3079	135.688	432.55
3080	135.742	432.549
3082	135.847	432.549
3083	135.9	432.547
3084	135.952	432.421
3085	136.003	432.416
3086	136.061	432.277
3087	136.115	432.072
3088	136.169	432.069
3089	136.221	432.014
3090	136.272	431.937
3092	136.395	431.797
3094	136.514	431.796
3095	136.573	431.796
3096	136.626	431.395
3097	136.686	431.388
3098	136.751	431.313
3099	136.805	431.305
3100	136.863	431.076
3101	136.915	431.062
3102	136.968	431.005
3103	137.027	430.811
3104	137.079	430.787
3105	137.151	430.743
3106	137.25	430.743
3107	137.315	430.739
3108	137.37	430.687
3109	137.423	430.686
3110	137.483	430.499
3112	137.598	430.414
3113	137.652	430.409
3114	137.716	430.408
3115	137.772	430.407
3116	137.824	429.806
3117	137.876	429.798
3118	137.93	429.771
3119	137.983	429.744
3120	138.035	429.279
3123	138.197	429.277
3124	138.248	429.155
3125	138.304	429.155
3126	138.355	429.15
3127	138.405	429.148
3128	138.464	429.126
3129	138.522	428.971
3130	138.574	428.952
3131	138.624	428.95
3132	138.682	428.889
3133	138.737	427.868
3134	138.786	427.671
3135	138.839	427.648
3136	138.903	427.55
3137	138.958	427.55
3138	139.009	427.541
3139	139.065	427.499
3141	139.167	427.483
3142	139.221	427.481
3143	139.273	427.479
3144	139.328	427.475
3145	139.378	427.469
3146	139.431	427.462
3147	139.488	427.418
3148	139.552	427.409
3149	139.605	426.697
3150	139.655	426.5
3151	139.712	426.422
3152	139.77	426.42
3153	139.82	426.419
3154	139.881	426.413
3155	139.938	426.218
3158	140.099	426.093
3159	140.154	426.079
3160	140.205	426.07
3161	140.254	425.854
3163	140.368	425.846
3164	140.424	425.807
3165	140.477	425.434
3166	140.53	425.38
3167	140.583	425.356
3168	140.636	425.345
3169	140.689	425.104
3172	140.856	425.085
3173	140.917	425.063
3174	140.969	425.054
3175	141.021	425.043
3176	141.076	424.816
3177	141.13	424.8
3179	141.23	424.631
3180	141.286	424.593
3182	141.393	424.563
3183	141.463	424.563
3184	141.516	424.554
3185	141.57	424.522
3186	141.623	424.424
3187	141.679	424.411
3188	141.731	424.365
3189	141.783	423.844
3190	141.837	423.842
3192	141.947	423.685
3193	142.002	423.606
3194	142.059	423.604
3195	142.111	423.597
3198	142.267	423.584
3199	142.319	423.508
3200	142.372	423.453
3201	142.424	423.445
3202	142.477	423.385
3203	142.53	423.363
3204	142.583	423.345
3205	142.636	423.086
3206	142.687	423.083
3207	142.74	423.078
3208	142.795	423.07
3213	143.077	423.07
3214	143.13	423.065
3216	143.244	422.953
3217	143.3	422.906
3219	143.404	422.858
3220	143.471	422.856
3221	143.53	422.853
3222	143.599	422.7
3223	141.198	422.648
3224	141.265	422.647
3225	141.322	422.642
3228	141.505	422.616
3229	141.574	422.613
3230	141.642	422.612
3231	141.694	422.502
3232	141.747	422.495
3234	141.852	422.49
3235	141.903	422.482
3236	141.96	422.347
3237	142.012	421.548
3238	142.064	421.543
3239	142.116	421.452
3241	142.237	421.315
3242	142.293	421.314
3244	142.4	421.303
3245	142.454	421.285
3247	142.565	421.27
3248	142.616	421.257
3249	142.667	420.982
3250	142.717	420.918
3251	142.768	420.883
3252	142.82	420.879
3253	142.871	420.407
3255	142.982	420.371
3256	143.037	420.315
3261	143.308	420.306
3264	143.473	420.304
3265	143.531	420.123
3266	143.592	420.066
3267	143.646	420.051
3269	143.762	420.049
3270	143.861	420.044
3271	143.933	419.803
3272	143.99	419.596
3273	144.042	419.564
3274	144.096	419.561
3275	144.153	419.552
3277	144.26	419.077
3279	144.368	419.037
3280	144.423	419.036
3282	144.533	419.006
3283	144.583	418.744
3284	144.633	418.733
3285	144.684	418.731
3286	144.737	417.53
3287	144.79	417.526
3288	144.85	417.311
3290	144.961	417.25
3291	145.015	416.815
3293	145.118	416.813
3294	145.174	416.788
3295	145.23	416.784
3298	145.396	416.76
3299	145.45	416.752
3300	145.508	416.714
3301	145.562	416.424
3302	145.615	416.424
3303	145.669	416.357
3304	145.725	415.611
3306	145.843	415.598
3308	145.965	414.98
3309	146.021	414.953
3312	146.193	414.942
3313	146.246	414.676
3314	146.302	414.491
3317	146.467	414.486
3318	146.527	414.451
3319	146.585	414.312
3320	146.636	414.292
3321	146.689	411.364
3322	146.741	411.354
3323	146.793	411.327
3324	146.848	411.302
3326	146.95	411.257
3327	147	411.162
3328	147.056	410.678
3329	147.11	410.673
3330	147.162	410.077
3331	147.214	409.655
3333	147.321	409.645
3335	147.43	409.641
3336	147.49	409.64
3337	147.55	409.554
3339	147.658	409.554
3340	147.717	409.549
3342	147.832	409.536
3343	147.884	409.465
3344	147.935	409.303
3345	147.987	409.301
3346	148.038	409.045
3347	148.103	408.887
3350	148.264	408.845
3351	148.321	408.717
3352	148.376	408.441
3353	148.431	408.419
3354	148.485	407.815
3355	148.544	407.738
3360	148.82	407.544
3362	148.932	407.346
3365	149.118	406.804
3366	149.169	406.789
3367	149.231	406.602
3368	149.282	405.948
3370	149.384	405.617
3371	149.436	405.57
3372	149.49	405.526
3373	149.543	405.51
3374	149.597	405.497
3375	149.652	405.487
3376	149.706	405.388
3378	149.808	405.363
3380	149.913	405.218
3381	149.967	405.187
3385	150.179	405.165
3386	150.233	405.069
3387	150.288	405.068
3388	150.345	404.903
3390	150.452	404.887
3391	150.504	404.865
3392	150.565	404.65
3394	150.675	404.648
3395	150.739	404.643
3396	150.793	404.642
3397	150.846	404.641
3398	150.898	404.54
3399	150.957	404.331
3400	151.01	404.308
3401	151.063	404.301
3402	151.119	404.289
3403	151.178	404.229
3404	151.231	404.227
3405	151.284	404.208
3406	151.338	404.178
3407	151.393	404.166
3408	151.449	404.121
3409	151.516	404.046
3410	151.571	404.028
3411	151.635	403.792
3412	151.702	403.764
3413	151.77	403.764
3415	151.879	403.763
3417	151.988	403.71
3418	152.041	403.549
3419	152.094	403.534
3424	152.366	403.43
3425	152.42	403.425
3426	152.478	403.343
3427	152.571	403.216
3428	152.634	403.214
3429	152.688	403.112
3430	152.745	403.038
3431	152.796	403.036
3432	152.849	402.886
3433	152.904	402.885
3434	152.962	402.885
3435	153.015	402.884
3436	153.077	402.614
3437	153.136	402.612
3438	153.195	402.509
3439	153.253	402.501
3440	153.307	402.411
3441	153.364	402.405
3442	153.418	402.351
3443	153.481	402.18
3444	153.54	402.14
3445	153.603	402.093
3446	153.658	402.092
3447	153.714	402.088
3448	153.767	402.023
3449	153.818	402.022
3450	153.872	402.008
3451	153.925	401.863
3452	153.978	401.772
3453	154.03	401.758
3454	154.081	401.756
3455	154.135	401.744
3456	154.187	401.164
3457	154.241	401.161
3458	154.293	401.138
3459	154.346	401.111
3460	154.398	400.665
3461	154.453	400.664
3464	154.607	400.278
3465	154.66	400.277
3466	154.722	400.275
3467	154.783	400.264
3468	154.837	400.224
3469	154.895	400.192
3472	155.064	400.147
3473	155.116	399.512
3474	155.17	399.227
3476	155.277	399.197
3477	155.336	399.196
3478	155.396	399.155
3479	155.455	399.126
3481	155.563	399.068
3482	155.615	399.067
3483	155.67	399.064
3485	155.777	399.063
3486	155.831	399.026
3487	155.887	398.884
3489	155.996	398.562
3490	156.052	398.457
3491	156.107	398.443
3492	156.161	398.437
3493	156.222	398.436
3494	156.277	398.4
3495	156.332	398.18
3496	156.391	398.179
3498	156.496	396.99
3499	156.552	396.969
3500	156.602	396.969
3503	156.774	396.965
3504	156.828	396.882
3505	156.885	396.717
3506	156.947	396.671
3507	157.002	396.666
3508	157.052	396.646
3509	157.104	396.52
3511	157.218	396.504
3512	157.278	396.47
3513	157.341	396.453
3514	157.392	396.434
3518	157.597	396.424
3519	157.651	396.312
3520	157.704	395.967
3522	157.808	395.957
3523	157.867	395.955
3524	157.924	395.947
3525	157.979	395.925
3526	158.034	395.887
3528	158.143	395.87
3529	158.195	395.546
3532	158.354	395.476
3533	158.407	395.459
3534	158.458	395.459
3535	158.511	395.456
3537	158.638	394.813
3539	158.749	394.791
3540	158.8	394.254
3541	158.85	394.239
3542	158.907	394.156
3543	158.978	394.153
3544	159.055	394.132
3545	159.106	394.072
3546	159.157	394.066
3547	159.211	394.065
3548	159.27	394.034
3556	159.715	393.961
3557	159.774	393.95
3558	159.827	393.937
3559	159.89	393.9
3560	159.955	393.861
3561	160.009	393.858
3562	160.062	393.81
3563	160.118	393.724
3565	160.235	393.698
3566	160.293	393.667
3568	160.41	393.654
3569	160.463	393.65
3571	160.574	393.612
3572	160.627	393.596
3574	160.733	393.595
3575	160.79	393.593
3576	160.846	393.576
3577	160.902	393.479
3578	160.955	393.455
3579	161.007	393.418
3580	161.105	393.41
3581	161.184	393.327
3582	161.242	393.322
3583	161.295	393.312
3584	161.351	393.281
3585	161.403	393.264
3586	161.457	393.256
3587	161.508	393.239
3588	161.56	393.203
3589	161.613	393.086
3590	161.664	393.041
3592	161.769	393.034
3593	161.825	392.181
3594	161.878	392.175
3595	161.942	392.137
3596	161.994	392.064
3597	162.047	392.031
3598	162.099	392.028
3601	162.265	392.025
3605	162.492	391.86
3606	162.548	391.803
3608	162.662	391.802
3609	162.728	391.578
3611	162.838	391.407
3612	162.888	391.293
3614	163.004	391.269
3615	163.058	391.213
3617	163.162	390.965
3619	163.282	390.898
3620	163.334	390.898
3623	163.492	390.649
3624	163.552	390.631
3625	163.605	390.595
3627	163.708	390.591
3628	163.761	390.482
3631	163.934	390.453
3633	164.04	390.45
3634	164.094	390.406
3636	164.2	390.386
3639	164.366	390.383
3640	164.428	390.37
3641	164.485	390.157
3642	164.54	390.154
3643	164.602	390.118
3644	164.655	389.697
3648	164.865	389.571
3649	164.92	389.466
3650	164.976	389.423
3652	165.105	389.399
3653	165.159	389.293
3654	165.218	389.201
3656	165.321	389.088
3657	165.377	389.085
3658	165.435	389.055
3659	165.495	388.907
3660	165.55	388.891
3662	165.663	388.885
3663	165.714	388.837
3664	165.765	388.583
3666	165.87	388.577
3667	165.926	388.555
3668	165.983	388.217
3669	166.038	388.151
3670	166.098	387.722
3671	166.151	387.623
3673	166.255	387.607
3676	166.421	387.602
3677	166.474	387.555
3678	166.533	387.554
3680	166.641	387.547
3681	166.691	387.53
3682	166.743	387.528
3683	166.797	387.343
3684	166.851	387.315
3686	166.956	386.73
3687	167.022	386.719
3689	167.128	386.635
3691	167.252	386.509
3692	167.315	386.262
3694	167.422	386.038
3700	167.788	385.879
3701	167.843	385.872
3702	167.893	385.777
3705	168.062	385.702
3706	168.12	385.648
3707	168.173	385.451
3708	168.23	385.07
3709	168.293	385.012
3710	168.349	384.804
3712	168.454	384.735
3716	168.677	384.732
3717	168.732	384.73
3718	168.782	384.71
3720	168.89	384.69
3721	168.946	384.683
3725	169.161	384.663
3726	169.214	384.592
3728	169.32	384.493
3731	169.489	384.357
3734	169.658	384.356
3735	169.715	384.355
3736	169.771	384.343
3738	169.879	384.332
3739	169.971	384.157
3740	170.031	384.155
3741	170.082	384.148
3742	170.136	384.141
3743	170.189	384.075
3744	170.241	384.066
3745	170.291	384.02
3746	170.344	384.011
3747	170.398	383.997
3748	170.451	383.95
3749	170.51	383.878
3750	170.564	383.873
3751	170.619	383.7
3752	170.674	383.679
3753	170.729	383.678
3757	170.967	383.67
3758	171.032	383.56
3759	171.085	383.541
3760	171.139	383.541
3762	171.258	383.541
3763	171.316	383.538
3764	171.377	383.422
3765	171.434	383.419
3766	171.501	383.38
3767	171.558	383.364
3768	171.622	383.363
3769	171.683	383.312
3770	171.738	383.234
3772	171.848	383.211
3773	171.904	383.198
3774	171.958	383.198
3775	172.01	383.198
3776	172.071	382.929
3777	172.123	382.928
3778	172.175	382.682
3779	172.229	382.665
3780	172.289	382.579
3781	172.343	382.567
3782	172.396	382.565
3783	172.448	382.394
3784	172.502	382.389
3785	172.555	382.386
3786	172.615	382.384
3787	172.676	382.383
3788	172.739	382.322
3789	172.791	382.322
3790	172.843	382.211
3791	172.895	382.058
3792	172.947	381.966
3793	173.002	381.962
3795	173.108	381.959
3796	173.164	381.616
3797	173.216	381.614
3798	173.27	381.591
3799	173.323	381.584
3800	173.375	381.395
3804	173.587	381.337
3805	173.641	381.326
3807	171.237	381.29
3808	171.29	381.279
3809	171.346	381.242
3810	171.4	381.241
3811	171.457	381.235
3812	171.513	381.212
3813	171.565	380.649
3814	171.62	380.441
3815	171.68	380.424
3816	171.731	380.403
3817	171.79	380.402
3818	171.847	380.399
3819	171.906	380.365
3821	172.013	380.337
3822	172.064	380.336
3823	172.115	380.335
3824	172.175	380.319
3825	172.248	380.316
3826	172.307	380.278
3827	172.366	380.155
3829	172.472	380.127
3832	172.64	380.12
3834	172.749	380.105
3835	172.799	379.865
3836	172.853	379.85
3838	172.969	379.781
3839	173.021	379.768
3840	173.073	379.768
3841	173.127	379.746
3844	173.296	379.633
3845	173.353	379.528
3846	173.406	379.488
3847	173.459	379.484
3848	173.517	379.477
3849	173.579	379.427
3852	173.748	379.41
3853	173.802	379.407
3854	173.859	379.394
3855	173.912	379.387
3857	174.016	379.341
3858	174.07	379.332
3859	174.122	379.248
3860	174.173	379.162
3862	174.289	379.137
3863	174.344	379.137
3864	174.401	379.136
3865	174.456	379.11
3866	174.512	378.974
3867	174.566	378.968
3868	174.621	378.951
3869	174.676	378.72
3872	174.837	378.7
3873	174.889	378.664
3874	174.943	378.664
3875	174.994	378.653
3876	175.045	378.641
3877	175.096	378.63
3878	175.151	378.613
3879	175.205	378.576
3880	175.265	378.456
3881	175.324	378.45
3882	175.384	378.408
3883	175.436	378.398
3884	175.489	378.384
3885	175.542	378.342
3886	175.596	378.335
3887	175.65	378.333
3888	175.703	378.299
3889	175.756	378.286
3893	175.973	378.286
3895	176.078	378.263
3896	176.131	378.216
3897	176.181	378.211
3899	176.292	378.181
3900	176.358	378.176
3901	176.423	378.174
3902	176.478	378.083
3903	176.538	378.038
3905	176.65	378.026
3906	176.704	378.007
3909	176.863	378.005
3910	176.916	378.004
3911	176.979	377.991
3913	177.091	377.99
3914	177.154	377.986
3915	177.216	377.972
3916	177.268	377.968
3917	177.319	377.94
3918	177.372	377.931
3919	177.424	377.928
3921	177.54	377.86
3922	177.595	377.856
3923	177.649	377.775
3924	177.702	377.772
3925	177.755	377.763
3927	177.859	377.76
3928	177.91	377.727
3929	177.971	377.528
3930	178.024	377.511
3932	178.139	377.51
3933	178.2	377.455
3934	178.254	377.45
3935	178.312	377.438
3936	178.365	377.422
3937	178.423	377.349
3939	178.53	377.333
3940	178.582	377.325
3941	178.633	377.322
3942	178.689	377.237
3944	178.799	377.237
3945	178.852	376.867
3948	179.014	376.865
3949	179.069	376.861
3951	179.176	376.757
3952	179.229	376.481
3953	179.283	376.48
3954	179.34	376.455
3955	179.394	376.453
3957	179.503	376.238
3959	179.615	376.176
3960	179.673	376.176
3963	179.831	375.993
3964	179.884	375.98
3967	180.048	375.969
3968	180.102	375.864
3969	180.157	375.841
3970	180.215	375.82
3971	180.272	375.789
3972	180.326	375.78
3974	180.433	375.741
3977	180.591	375.738
3978	180.644	375.733
3979	180.695	375.729
3980	180.748	375.725
3981	180.806	375.591
3983	180.912	375.573
3984	180.968	375.352
3985	181.022	375.352
3986	181.078	375.311
3988	181.193	375.293
3989	181.248	375.183
3990	181.302	375.178
3992	181.422	375.155
3993	181.472	374.725
3994	181.548	374.696
3998	181.818	374.688
3999	181.871	374.637
4000	181.922	374.637
4001	181.983	374.617
4002	182.037	374.617
4003	182.09	374.607
4004	182.142	374.559
4006	182.246	374.373
4007	182.3	374.348
4008	182.352	374.1
4009	182.408	374.093
4010	182.459	373.731
4011	182.511	373.67
4015	182.734	373.632
4017	182.841	373.606
4018	182.893	373.593
4020	182.997	373.443
4021	183.053	373.367
4023	183.156	373.265
4024	183.209	373.205
4026	183.326	373.134
4029	183.492	373.132
4031	183.608	373.055
4032	183.661	372.911
4033	183.718	372.87
4034	183.772	372.667
4040	184.097	372.479
4041	184.149	372.455
4042	184.202	372.267
4043	184.262	372.267
4045	184.368	372.258
4046	184.421	372.221
4047	184.474	372.121
4048	184.525	371.911
4049	184.587	371.899
4050	184.641	371.713
4051	184.701	371.701
4052	184.754	371.673
4053	184.809	371.673
4054	184.87	371.578
4056	184.975	371.547
4058	185.088	371.527
4060	185.196	371.451
4061	185.251	371.157
4065	185.469	371.15
4067	185.577	371.148
4068	185.63	371.047
4071	185.792	370.869
4074	185.954	370.868
4079	186.237	370.841
4080	186.29	370.728
4081	186.347	370.72
4082	186.402	370.718
4083	186.455	370.623
4084	186.514	370.599
4085	186.574	370.59
4086	186.626	370.573
4087	186.68	370.557
4088	186.734	370.535
4089	186.785	370.476
4090	186.838	370.424
4091	186.891	370.311
4092	186.953	370.288
4093	187.013	370.287
4094	187.066	370.282
4097	187.236	370.271
4098	187.287	370.166
4099	187.34	370.155
4100	187.395	370.155
4102	187.501	370.154
4104	187.615	370.018
4105	187.678	370.01
4106	187.739	370.001
4107	187.793	369.983
4109	187.899	369.951
4110	187.951	369.888
4112	188.059	369.854
4114	188.173	369.853
4116	188.287	369.666
4117	188.343	369.654
4118	188.397	369.494
4119	188.455	369.475
4120	188.513	369.414
4121	188.573	369.409
4122	188.631	369.405
4123	188.684	369.25
4124	188.751	369.239
4125	188.806	369.236
4126	188.859	369.236
4127	188.91	369.234
4128	188.963	369.174
4129	189.018	369.173
4130	189.069	369.069
4131	189.124	368.457
4132	189.178	368.402
4133	189.23	368.402
4134	189.295	368.401
4135	189.349	368.385
4136	189.4	368.129
4137	189.453	368.127
4138	189.506	368.12
4139	189.559	368.086
4140	189.612	367.919
4142	189.72	367.919
4144	189.835	367.878
4145	189.894	367.859
4146	189.947	367.858
4147	190.001	367.844
4148	190.054	367.835
4149	190.107	367.803
4150	190.16	367.801
4152	190.269	367.783
4153	190.322	367.213
4154	190.378	367.086
4155	190.43	367.068
4156	190.483	367.044
4158	190.589	367.038
4159	190.642	366.984
4161	190.753	366.984
4162	190.806	366.983
4163	190.862	366.981
4164	190.918	366.906
4165	190.977	366.9
4166	191.031	366.866
4167	191.084	366.77
4168	191.146	366.704
4169	191.2	366.687
4170	191.253	366.627
4171	191.306	366.626
4172	191.362	366.617
4173	191.415	366.617
4175	191.524	366.389
4176	191.577	366.387
4178	191.683	366.312
4179	191.8	366.309
4180	191.887	366.307
4181	191.941	366.152
4183	192.054	366.148
4184	192.109	366.016
4185	192.163	365.908
4186	192.215	365.872
4187	192.278	365.863
4188	192.329	365.855
4189	192.389	365.791
4190	192.441	365.745
4192	192.549	365.728
4193	192.603	365.72
4194	192.664	365.714
4195	192.722	365.714
4197	192.829	365.687
4198	192.88	365.686
4199	192.932	365.591
4200	192.994	365.53
4202	193.114	365.519
4203	193.168	365.518
4204	193.227	365.503
4205	193.28	365.494
4206	193.337	365.417
4208	193.447	365.406
4209	193.499	365.242
4211	193.606	365.214
4212	193.67	365.177
4214	193.782	365.177
4215	193.833	365.166
4218	194.016	365.075
4219	194.07	365.067
4220	194.122	365.002
4221	194.175	365
4222	194.227	364.958
4223	194.278	364.954
4224	194.332	364.939
4227	194.5	364.935
4228	194.552	364.93
4232	194.769	364.918
4233	194.823	364.917
4234	194.876	364.914
4235	194.933	364.912
4236	194.988	364.805
4238	195.102	364.801
4239	195.156	364.778
4240	195.21	364.774
4241	195.269	364.773
4242	195.324	364.754
4243	195.383	364.71
4245	195.49	364.706
4246	195.547	364.675
4249	195.72	364.673
4250	195.775	364.673
4252	195.89	364.669
4254	196.001	364.661
4255	196.055	364.661
4257	196.16	364.645
4259	196.266	364.641
4260	196.335	364.635
4261	196.389	364.57
4262	196.443	364.569
4264	196.566	364.568
4265	196.621	364.555
4267	196.741	364.552
4268	196.795	364.521
4269	196.851	364.38
4270	196.913	364.366
4271	196.967	364.357
4273	197.074	364.313
4274	197.13	364.306
4275	197.191	364.297
4276	197.255	364.28
4277	197.306	364.234
4281	197.528	364.233
4283	197.633	364.187
4285	197.75	364.143
4286	197.804	364.142
4287	197.862	364.132
4291	198.089	364.097
4292	198.145	363.938
4293	198.202	363.929
4294	198.255	363.914
4295	198.309	363.874
4297	198.416	363.801
4299	198.522	363.776
4300	198.574	363.776
4302	198.682	363.775
4303	198.736	363.636
4304	198.787	363.625
4305	198.842	363.618
4306	198.901	363.585
4307	198.954	363.578
4308	199.009	363.53
4309	199.063	363.512
4310	199.118	363.504
4311	199.176	363.477
4312	199.227	363.469
4314	199.332	363.463
4315	199.383	363.458
4316	199.437	363.438
4317	199.491	363.42
4319	199.618	363.414
4320	199.677	363.412
4321	199.731	363.341
4324	199.89	363.163
4325	199.944	363.162
4326	199.999	363.142
4327	200.053	363.139
4329	200.16	363.11
4331	200.268	363.104
4332	200.332	363.093
4333	200.387	362.795
4334	200.443	362.772
4337	200.631	362.772
4338	200.69	362.769
4339	200.741	362.725
4340	200.799	362.722
4341	200.856	362.721
4342	200.913	362.718
4344	201.017	362.666
4346	201.123	362.651
4347	201.176	362.62
4348	201.228	362.385
4349	201.278	362.377
4350	201.33	362.101
4353	201.497	362.092
4355	201.614	362.081
4357	201.729	362.055
4358	201.78	362.051
4360	201.892	362.046
4361	201.945	361.944
4362	202.006	361.944
4363	202.06	361.902
4364	202.112	361.889
4366	202.219	361.873
4367	202.275	361.865
4370	202.44	361.847
4371	202.493	361.781
4372	202.562	361.639
4373	202.616	361.607
4374	202.672	361.454
4375	202.725	361.443
4378	202.902	361.441
4380	203.01	361.318
4381	203.066	361.302
4382	203.12	361.206
4383	203.181	361.206
4385	203.298	361.136
4387	203.408	361.098
4388	203.48	360.937
4390	203.587	360.782
4393	201.282	360.624
4394	201.348	360.566
4396	201.46	360.562
4398	201.572	360.559
4399	201.633	360.547
4400	201.69	360.507
4401	201.744	360.465
4405	201.968	360.458
4407	202.076	360.457
4408	202.138	360.383
4409	202.19	360.382
4410	202.243	360.363
4411	202.296	360.325
4416	202.586	360.306
4417	202.642	360.299
4419	202.752	360.28
4420	202.807	360.146
4421	202.869	360.136
4422	202.926	360.135
4423	202.981	360.021
4424	203.034	360.018
4425	203.086	360.014
4426	203.143	360.004
4427	203.196	359.991
4428	203.248	359.953
4429	203.301	359.915
4430	203.353	359.907
4431	203.407	359.807
4432	203.462	359.798
4433	203.513	359.797
4434	203.566	359.791
4437	203.753	359.775
4438	203.804	359.671
4439	203.856	359.667
4440	203.909	359.666
4444	204.145	359.609
4445	204.202	359.608
4446	204.256	359.592
4447	204.312	359.569
4448	204.365	359.569
4449	204.417	359.547
4450	204.471	359.512
4452	204.584	359.49
4453	204.638	359.483
4454	204.703	359.483
4455	204.763	359.482
4456	204.815	359.183
4457	204.87	359.183
4458	204.929	359.147
4459	204.987	359.138
4460	205.044	359.101
4461	205.096	359.096
4462	205.154	359.094
4463	205.213	359.006
4464	205.268	358.991
4465	205.321	358.983
4467	205.43	358.981
4468	205.502	358.939
4469	205.602	358.939
4470	205.654	358.884
4471	205.708	358.881
4472	205.76	358.827
4473	205.815	358.825
4475	205.929	358.82
4476	205.983	358.666
4477	206.036	358.663
4478	206.093	358.642
4479	206.146	358.626
4480	206.198	358.461
4485	206.473	358.456
4487	206.582	358.43
4488	206.637	358.428
4489	206.709	358.31
4491	206.82	358.309
4492	206.874	358.297
4493	206.926	358.146
4494	206.98	358.083
4495	207.035	358.05
4496	207.095	358.048
4497	207.154	358.047
4498	207.213	358.029
4499	207.271	357.999
4500	207.326	357.999
4501	207.383	357.982
4502	207.442	357.963
4503	207.495	357.962
4504	207.55	357.917
4505	207.609	357.907
4506	207.664	357.873
4507	207.724	357.822
4508	207.786	357.66
4509	207.836	357.634
4512	208.008	357.631
4513	208.063	357.63
4514	208.118	357.613
4515	208.178	357.43
4516	208.229	357.423
4518	208.337	357.404
4519	208.392	357.4
4520	208.452	357.399
4521	208.506	356.613
4525	208.726	356.564
4526	208.781	356.507
4527	208.834	356.488
4528	208.887	356.473
4529	208.939	356.43
4530	208.993	356.407
4532	209.096	356.396
4533	209.149	356.379
4534	209.201	356.371
4535	209.26	356.36
4537	209.365	356.346
4538	209.418	356.341
4539	209.472	356.265
4540	209.529	356.198
4542	209.634	356.192
4543	209.688	356.191
4544	209.742	356.189
4545	209.797	356.185
4546	209.853	356.144
4547	209.914	356.14
4548	209.971	356.128
4549	210.024	355.994
4552	210.189	355.987
4555	210.362	355.979
4557	210.484	355.934
4558	210.539	355.928
4560	210.647	355.82
4561	210.716	355.816
4562	210.77	355.794
4564	210.875	355.769
4565	210.927	355.727
4568	211.091	355.708
4573	211.363	355.707
4575	211.473	355.322
4576	211.535	355.288
4577	211.588	355.286
4578	211.64	355.285
4579	211.693	355.264
4580	211.747	355.261
4581	211.8	355.261
4582	211.856	355.253
4583	211.908	355.23
4586	212.077	355.212
4589	212.25	355.211
4590	212.303	355.21
4594	212.517	355.208
4595	212.572	355.203
4596	212.625	354.938
4597	212.678	354.925
4598	212.73	354.923
4600	212.836	354.922
4601	212.89	354.885
4604	213.119	354.862
4605	213.173	354.851
4606	213.237	354.841
4607	213.309	354.834
4608	213.36	354.795
4609	213.414	354.723
4610	213.468	354.72
4612	213.578	354.719
4613	213.632	354.654
4614	213.687	354.65
4615	213.741	354.643
4617	213.847	354.633
4619	213.958	354.569
4620	214.021	354.563
4621	214.076	354.561
4623	214.185	354.478
4624	214.238	354.473
4625	214.292	354.454
4626	214.343	354.451
4627	214.396	354.443
4628	214.447	354.435
4629	214.501	354.426
4630	214.557	354.317
4631	214.612	354.231
4632	214.667	354.109
4633	214.729	354.108
4634	214.786	354.103
4635	214.848	353.868
4637	214.951	353.793
4638	215.004	353.783
4639	215.057	353.752
4640	215.122	353.752
4643	215.289	353.391
4644	215.344	353.384
4647	215.509	353.381
4648	215.571	353.336
4652	215.787	353.332
4654	215.893	353.324
4655	215.955	353.321
4658	216.122	353.311
4659	216.178	353.31
4660	216.24	353.302
4661	216.296	353.171
4663	216.413	353.158
4664	216.467	352.993
4666	216.588	352.992
4672	216.941	352.983
4673	216.994	352.861
4674	217.047	352.811
4677	217.203	352.807
4678	217.254	352.804
4684	217.583	352.739
4686	217.691	352.726
4687	217.745	352.718
4688	217.806	352.579
4689	217.857	352.576
4690	217.911	352.341
4694	218.127	352.334
4695	218.184	352.297
4696	218.241	352.284
4697	218.296	352.283
4698	218.353	352.281
4700	218.467	352.281
4701	218.517	352.261
4703	218.629	352.171
4706	218.802	352.128
4711	219.077	352.093
4712	219.134	351.989
4714	219.239	351.861
4718	219.464	351.848
4720	219.576	351.792
4721	219.628	351.766
4722	219.68	351.759
4724	219.795	349.591
4726	219.911	349.59
4727	219.964	349.572
4728	220.02	349.473
4730	220.125	349.372
4731	220.178	349.371
4732	220.231	349.354
4733	220.285	349.318
4734	220.342	348.774
4736	220.45	348.77
4738	220.556	348.726
4741	220.73	348.693
4745	220.947	348.693
4747	221.077	348.693
4748	221.133	348.647
4750	221.25	348.643
4751	221.306	348.441
4754	221.473	348.438
4755	221.568	348.436
4757	221.769	348.427
4759	221.917	348.405
4760	221.973	348.32
4761	222.042	348.307
4762	222.103	348.307
4763	222.161	348.27
4764	222.214	348.267
4766	222.326	348.255
4767	222.388	348.235
4768	222.452	348.205
4769	222.506	348.193
4770	222.573	348.169
4771	222.635	348.109
4772	222.692	348.097
4773	222.748	348.095
4774	222.802	348.068
4776	222.914	348.068
4777	222.98	348.066
4778	223.038	347.969
4779	223.094	347.968
4781	223.216	347.967
4784	223.388	347.917
4785	223.445	347.917
4786	223.498	347.908
4787	223.554	347.905
4788	223.622	347.905
4789	223.678	347.896
4790	223.734	347.849
4792	223.845	347.826
4793	223.905	347.826
4794	223.965	347.826
4795	224.02	347.825
4796	224.076	347.77
4797	224.136	347.768
4799	224.274	347.756
4800	224.335	347.727
4801	224.389	347.722
4802	224.45	347.714
4803	224.515	347.641
4804	224.57	347.633
4805	224.632	347.626
4806	224.69	347.626
4807	224.746	347.624
4808	224.808	347.592
4809	224.874	347.592
4810	224.951	347.553
4812	225.063	347.513
4814	225.174	347.513
4815	225.23	347.511
4816	225.289	347.282
4817	225.35	347.279
4818	225.406	347.277
4819	225.474	347.272
4820	225.547	347.189
4823	225.773	347.189
4825	225.888	347.174
4826	225.952	347.17
4827	226.024	347.169
4828	226.081	347.163
4829	226.137	347.143
4830	226.196	347.142
4831	226.253	347.137
4832	226.316	347.115
4833	226.369	346.904
4834	226.427	346.831
4835	226.486	346.817
4836	226.544	346.793
4837	226.606	346.793
4838	226.681	346.593
4839	226.753	346.575
4841	226.873	346.565
4842	226.939	346.565
4843	226.997	346.564
4844	227.054	346.499
4845	227.116	346.42
4846	227.173	346.399
4847	227.236	346.365
4848	227.298	346.332
4849	227.354	346.325
4850	227.415	346.323
4852	227.564	346.322
4853	227.632	346.321
4855	227.742	346.211
4858	227.921	346.208
4859	228.022	346.191
4860	228.095	346.19
4861	228.165	346.111
4862	228.225	346.11
4865	228.403	346.078
4866	228.465	346.059
4867	228.53	346.052
4868	228.585	346.044
4869	228.641	346.016
4870	228.702	345.991
4871	228.761	345.985
4872	228.838	345.961
4873	228.933	345.961
4874	229.04	345.957
4875	229.144	345.951
4878	229.432	345.951
4879	229.497	345.887
4880	229.554	345.83
4883	229.732	345.83
4884	229.793	345.822
4886	229.913	345.787
4887	229.969	345.782
4888	230.031	345.774
4889	230.091	345.685
4894	230.387	345.684
4895	230.45	345.68
4897	230.574	345.663
4898	230.688	345.648
4899	230.745	345.643
4900	230.81	345.586
4901	230.875	345.581
4902	230.943	345.569
4904	231.059	344.96
4907	231.252	344.96
4912	231.574	344.956
4914	231.692	344.949
4915	231.75	344.909
4916	231.808	344.867
4917	231.871	344.863
4918	231.936	344.862
4919	231.992	344.84
4920	232.056	344.837
4921	232.119	344.836
4923	232.25	344.777
4925	232.404	344.772
4926	232.464	344.763
4928	232.614	344.76
4929	232.725	344.754
4930	232.782	344.753
4934	233.015	344.75
4936	233.137	344.743
4937	233.196	344.734
4938	233.251	344.732
4941	233.419	344.715
4942	233.478	344.71
4944	233.6	344.709
4945	231.165	344.706
4947	231.299	344.695
4948	231.354	344.686
4949	231.412	344.648
4952	231.582	344.647
4953	231.637	344.597
4954	231.689	344.593
4955	231.754	344.591
4957	231.866	344.572
4958	231.923	344.571
4959	231.976	343.859
4960	232.034	343.841
4961	232.089	343.838
4963	232.199	343.817
4964	232.265	343.815
4966	232.373	343.815
4967	232.43	343.811
4968	232.483	343.81
4969	232.537	343.796
4970	232.591	343.784
4971	232.644	343.783
4972	232.701	343.706
4973	232.755	343.7
4975	232.863	343.611
4978	233.021	343.611
4979	233.076	343.597
4983	233.296	343.458
4984	233.356	343.451
4985	233.411	343.437
4987	233.542	343.42
4988	233.599	343.383
4989	233.654	343.377
4990	233.714	343.374
4991	233.782	343.361
4993	233.899	343.358
4994	233.957	343.352
5000	234.304	343.342
# FIN	234.304	343.342

