# target=instancias/dali.png T=340 iters=5000 K=32 seed=auto
iter	segundos	MSE
0	0.00234266	7982.42
1	0.0266707	7981.75
2	0.0508962	7977.89
3	0.0752685	7964.6
4	0.0994888	7962.84
5	0.123718	7953.41
7	0.172237	7908.8
8	0.196437	7903.81
9	0.220996	7868.12
10	0.246183	7866.33
11	0.271039	7807.11
12	0.295793	7806.58
13	0.320119	7806.53
14	0.344735	7799.84
15	0.369087	7796.33
16	0.393629	7779.86
17	0.418004	7770.6
18	0.442628	7769.04
19	0.467184	7768.52
20	0.49174	7767.04
21	0.516579	7736.06
22	0.541112	7735.86
23	0.565629	7735.3
24	0.590433	7717.46
25	0.615965	7704.03
26	0.641198	7702.9
27	0.666545	7700.88
28	0.691783	7700.77
29	0.716783	7700.56
30	0.741456	7691.91
31	0.766363	7690.52
32	0.791327	7688.08
33	0.816004	7684.29
34	0.840902	7683.33
35	0.865532	7668.04
36	0.890287	7666.79
37	0.915188	7662.98
38	0.940179	7623.6
39	0.965027	7596.1
40	0.991019	7573.58
41	1.01626	7570.27
42	1.04159	7570.26
43	1.06665	7562.39
44	1.09171	7545.44
45	1.1169	7497.8
46	1.14401	7495.87
47	1.17069	7484.79
48	1.19604	7475.56
49	1.22143	7462.45
50	1.24719	7450.31
51	1.27377	7447.92
52	1.30164	7444.73
53	1.32751	7443.44
54	1.3537	7411.03
55	1.3791	7366
56	1.4047	7365.49
57	1.43067	7364.28
58	1.45675	7362.42
59	1.48325	7362.29
60	1.50892	7357.62
61	1.53474	7296.79
62	1.56073	7294.45
63	1.58646	7265.84
64	1.61234	7263.33
65	1.63842	7251.6
66	1.66442	7251.32
67	1.6904	7216.36
68	1.71631	7197.47
69	1.74257	7151.22
70	1.76851	7114.12
71	1.79445	7113.92
72	1.8206	7106.89
73	1.8466	7100.83
74	1.87286	7047.49
75	1.8988	7045.58
76	1.92512	7035.53
77	1.9514	6970.63
78	1.97802	6960.36
79	2.00456	6929.73
80	2.03073	6897.35
81	2.05702	6896.48
82	2.08349	6895.9
83	2.11069	6893.78
84	2.13716	6892.96
85	2.16357	6853.84
86	2.18956	6848.78
87	2.21575	6846.68
88	2.24209	6837.41
89	2.26844	6837.35
90	2.29477	6832.66
91	2.32132	6832.64
92	2.34782	6823.55
93	2.3742	6823.18
94	2.40122	6822.83
95	2.42743	6801.95
96	2.45332	6799.72
97	2.48009	6795.49
98	2.50677	6786.23
99	2.53377	6785.52
100	2.56052	6744.04
101	2.58711	6736.56
102	2.6132	6736.43
103	2.63998	6732.32
104	2.66641	6730.4
105	2.69262	6725.26
106	2.7191	6725.14
107	2.74575	6687.23
108	2.77249	6648.61
109	2.79921	6644.55
110	2.82573	6640.58
111	2.85222	6636.2
112	2.87865	6620.85
113	2.90544	6620.62
114	2.93246	6613.47
115	2.95942	6596.38
116	2.98683	6593.39
117	3.01389	6571.83
118	3.04105	6472.78
119	3.06801	6421.95
120	3.09495	6420.56
121	3.12194	6417.6
122	3.14879	6404.2
123	3.17604	6403.2
124	3.20319	6401.79
125	3.23015	6401.53
126	3.25689	6398.14
127	3.28358	6395.7
128	3.31069	6395.28
129	3.33775	6390.55
130	3.36502	6376.72
131	3.39275	6353.97
132	3.4201	6349.72
133	3.44669	6340.26
134	3.47732	6315.77
135	3.50801	6301.46
136	3.53572	6238.61
137	3.56329	6162.29
138	3.59099	6159.41
139	3.61897	6158.49
140	3.64668	6112.22
141	3.67438	6111.22
142	3.70188	6106.02
143	3.7292	6027.91
144	3.75647	6027.83
145	3.78392	6027.36
146	3.81186	6006.11
147	3.8393	5964.58
148	3.86734	5957.45
149	3.89461	5954.09
150	3.92201	5943.71
151	3.94932	5937.59
152	3.97674	5936.8
153	4.00536	5934.17
154	4.03413	5933.95
155	4.06178	5927.38
156	4.08987	5927.35
157	4.11808	5916.14
158	4.14627	5905.73
159	4.17456	5904.38
160	4.2028	5904.12
161	4.23071	5893.61
163	4.28661	5886.07
164	4.31521	5872.39
165	4.34356	5846.84
166	4.37161	5837.48
167	4.39962	5805.89
168	4.42786	5804.28
169	4.45567	5773.81
170	4.48354	5766.18
171	4.5116	5761.51
172	4.53948	5657.5
173	4.56742	5651.49
174	4.59546	5636.49
175	4.62331	5634.85
176	4.65075	5606.3
177	4.67873	5578.48
178	4.70656	5571.44
179	4.73391	5511.78
180	4.76185	5508.29
181	4.78966	5508.26
182	4.81891	5507.93
183	4.8476	5506.78
184	4.87545	5496.02
185	4.9033	5495.53
186	4.93099	5474.07
187	4.95875	5467.95
188	4.98695	5430.18
189	5.0152	5428.34
190	5.04321	5424.62
191	5.07142	5402.55
192	5.09953	5397.76
193	5.12758	5397.74
194	5.15548	5391.59
195	5.1836	5383.04
196	5.21208	5377.32
197	5.24045	5355.03
198	5.26847	5353.27
199	5.29639	5350.88
200	5.32424	5350.22
201	5.35327	5348.49
202	5.38196	5347.04
203	5.41056	5277.12
204	5.43889	5275.59
205	5.46719	5275.35
206	5.49557	5271.2
207	5.52409	5245.49
208	5.55199	5244.87
209	5.57991	5244.12
210	5.60838	5244.1
211	5.63643	5243.15
212	5.66459	5239.17
213	5.6973	5238.59
214	5.72819	5238.49
215	5.7569	5237.78
216	5.78529	5237.5
217	5.81401	5235.13
218	5.84306	5232.44
219	5.87135	5214.8
220	5.90033	5203.92
221	5.92902	5203.63
222	5.95749	5198.99
223	5.98604	5191.82
224	6.01511	5189.65
225	6.04363	5092.63
226	6.07223	5039.83
227	6.101	5030.46
228	6.12982	5011.42
229	6.15916	4961.82
230	6.18822	4961.69
231	6.21685	4956.58
232	6.24548	4954.11
233	6.27428	4952.81
234	6.30346	4931.25
235	6.33321	4925.1
236	6.36336	4924.5
237	6.39378	4924.06
238	6.42244	4923.61
239	6.45166	4906.41
240	6.48086	4905.64
241	6.50948	4879.78
242	6.53833	4868.92
243	6.56703	4860.45
244	6.59513	4847.68
245	6.62385	4828.73
246	6.65285	4825.58
247	6.68151	4825.38
248	6.71024	4820.57
249	6.73923	4810.7
250	6.76765	4810.37
251	6.7961	4786.76
252	6.82445	4765.68
253	6.85285	4758.09
254	6.88155	4737.66
255	6.91024	4737.38
256	6.93897	4735.4
257	6.96761	4724.71
258	6.99662	4714.99
259	7.02545	4684.41
260	7.05459	4675.25
261	7.08361	4660.18
262	7.11243	4628.78
263	7.14151	4617.69
264	7.17105	4607.83
265	7.20115	4607.42
266	7.23038	4593.91
267	7.25929	4592.99
268	7.28836	4591.29
269	7.31742	4496.25
270	7.34743	4480.84
271	7.37695	4444.06
272	7.40627	4441.99
273	7.43543	4439.63
274	7.46442	4423.66
275	7.49338	4415.22
276	7.5221	4415.15
277	7.55128	4411.49
278	7.57966	4391.1
279	7.60822	4391.02
280	7.63709	4373.85
281	7.6659	4373.71
282	7.69439	4372.54
283	7.72311	4364.38
284	7.75215	4361.46
285	7.78088	4350.59
286	7.8097	4349.74
287	7.83854	4348.92
288	7.8674	4346.88
289	7.89681	4346.32
290	7.93022	4334.44
291	7.97369	4317.38
292	8.0232	4311
293	8.05935	4297.38
294	8.09272	4272.53
295	8.12373	4261.88
296	8.15417	4261.83
297	8.18431	4258.71
298	8.21392	4257.21
299	8.24348	4243.7
300	8.27292	4243.55
301	8.30227	4224.18
302	8.33207	4211.89
303	8.36168	4208.7
304	8.39111	4201.78
305	8.42062	4198.56
306	8.45021	4195.74
307	8.47946	4191.36
308	8.50877	4191.32
309	8.53784	4145.22
310	8.56685	4141.35
311	8.59579	4120.59
312	8.62648	4109.06
313	8.65745	4108.84
314	8.68748	4108.05
315	8.71756	4105.64
316	8.74744	4090.18
317	8.77786	4081.84
318	8.80844	4051.16
319	8.83829	4049.09
320	8.86794	4047.8
321	8.89761	4040.9
322	8.9275	4003.79
323	8.95744	3982.15
324	8.98711	3981.73
325	9.01674	3980.46
326	9.04639	3978.91
327	9.07611	3975.7
328	9.10596	3969.32
329	9.13596	3962.86
330	9.16678	3955.07
331	9.19757	3947.25
332	9.22756	3931.58
333	9.25734	3928.32
334	9.28729	3860.33
335	9.3175	3859.16
336	9.34804	3849.88
337	9.37875	3844.51
338	9.40881	3841.68
339	9.43895	3833.56
340	9.46949	3833.45
341	9.49966	3832.73
342	9.52979	3825.81
343	9.55979	3807.17
344	9.58975	3793.09
345	9.61981	3789.32
346	9.64967	3789.26
347	9.6796	3782.02
348	9.70929	3780.81
349	9.73934	3761.62
350	9.76905	3760.75
351	9.79908	3730.8
352	9.82907	3728.91
353	9.85932	3728.88
354	9.88963	3725.3
355	9.92	3724.31
356	9.95129	3699.76
357	9.98246	3699.14
358	10.0128	3698.36
359	10.044	3697.7
360	10.0747	3696.07
361	10.1053	3694.94
362	10.1361	3694.9
363	10.1671	3692.2
364	10.2003	3688.48
365	10.2317	3684.17
366	10.2621	3683.74
367	10.2923	3669.11
368	10.3225	3669.11
369	10.3532	3668.71
370	10.3854	3668.09
371	10.4162	3667.94
372	10.4473	3666.71
373	10.478	3663.35
374	10.5087	3662.07
375	10.5396	3659.62
376	10.5705	3659.01
377	10.6018	3658.55
378	10.633	3643.92
379	10.6635	3640.28
380	10.6942	3639.08
381	10.7255	3638.69
382	10.7571	3638.68
383	10.7886	3631.28
384	10.8198	3629.64
385	10.851	3619.31
386	10.8828	3618.84
387	10.9136	3608.77
388	10.9445	3599.09
389	10.9754	3595.95
390	11.0066	3594.61
391	11.0378	3593.91
392	11.0688	3593.77
393	11.0998	3593.71
394	11.1312	3593.46
395	11.162	3577.21
396	11.1933	3576.69
397	11.2244	3575.61
398	11.2557	3575.25
399	11.2867	3575.2
400	11.3175	3572.59
401	11.3486	3570.14
402	11.3797	3565.66
403	11.4103	3559.87
404	11.4445	3558.25
405	11.4783	3556.88
406	11.5102	3546.02
407	11.5493	3545.29
408	11.5821	3514.54
409	11.6143	3503.99
410	11.6471	3502.66
411	11.6787	3502.52
412	11.7107	3502.41
413	11.7426	3500.92
414	11.7737	3486.91
415	11.8047	3486.54
416	11.8366	3481.8
417	11.8674	3465.71
418	11.8993	3463.53
419	11.9308	3437.65
420	11.9627	3436.83
421	11.9964	3435.54
422	12.0288	3435.46
423	12.0614	3433.7
424	12.0933	3427.97
425	12.1258	3410.32
426	12.1604	3409.99
427	12.193	3407.07
428	12.2265	3398.73
429	12.2602	3398.69
430	12.2932	3381.64
432	12.3596	3381.17
433	12.3927	3380.59
434	12.4281	3378.59
435	12.4612	3378.26
436	12.4932	3376.9
437	12.5257	3376.53
438	12.5574	3374.43
439	12.5898	3374.29
440	12.6222	3371.3
441	12.655	3369.02
442	12.6869	3357.71
443	12.7193	3356.17
444	12.752	3355.82
445	12.7853	3342.46
446	12.8175	3341.79
447	12.8493	3324.26
448	12.8811	3316.66
449	12.913	3311.94
450	12.945	3309.06
451	12.9783	3308.55
452	13.0104	3306.2
453	13.043	3306.13
454	13.0767	3292.03
455	13.1086	3291.63
456	13.1407	3291.43
457	13.1737	3282.9
458	13.2062	3275.68
459	13.2401	3265.33
460	13.2736	3264.39
461	13.3067	3260.65
462	13.3391	3256.06
463	13.371	3252.66
464	13.4035	3251.32
465	13.4371	3251.25
466	13.4706	3247.16
467	13.5039	3246.99
468	13.5365	3245.82
469	13.5757	3245.65
470	13.6103	3244.99
471	13.644	3243.61
472	13.6864	3241.21
473	13.7294	3229.34
474	13.7624	3197.27
475	13.7956	3189.96
476	13.8286	3169.61
477	13.862	3167.89
478	13.8953	3163.82
479	13.9278	3163.82
480	13.9599	3158.96
481	13.9927	3158.33
482	14.0248	3155.71
483	14.057	3117.33
484	14.0896	3109
485	14.1217	3108.9
486	14.1538	3103.07
487	14.1868	3097.42
488	14.2197	3096.29
489	14.253	3093.85
490	14.2864	3089.55
491	14.32	3087.98
492	14.353	3086.25
493	14.3867	3085.05
494	14.4198	3084.65
495	14.4528	3084.27
496	14.4856	3084.25
497	14.5186	3077.8
498	14.5515	3077.73
499	14.5845	3077.6
500	14.6182	3076.96
501	14.6535	3065.35
502	14.6866	3064.05
503	14.72	3063.55
504	14.7532	3062.41
505	14.7868	3060.73
506	14.8206	3046.47
507	14.8532	3046.12
508	14.8864	3042.95
509	14.9194	3042.03
510	14.9525	3037.41
511	14.9856	3036.79
512	15.019	2991.67
513	15.052	2991.24
514	15.0856	2983.23
515	15.1195	2981.12
516	15.153	2969.42
517	15.1861	2957.93
518	15.2195	2951.32
519	15.2536	2938.51
520	15.2871	2937.18
521	15.3206	2937.12
522	15.3538	2936.52
523	15.3885	2936.46
524	15.4222	2925.51
525	15.456	2925.16
526	15.4894	2925
527	15.5235	2905.32
528	15.5569	2904.21
529	15.5908	2902.31
530	15.6249	2897.07
531	15.6598	2879.87
532	15.6929	2873.28
533	15.7262	2872.92
534	15.7593	2870.49
535	15.7925	2870.29
536	15.8259	2869.96
537	15.8594	2864.47
538	15.8937	2863.97
539	15.9273	2861.76
540	15.9607	2861.68
541	15.9938	2860.22
542	16.0271	2857.27
543	16.0602	2838.13
544	16.0934	2837.84
545	16.1275	2837.48
546	16.1616	2834.81
547	16.1956	2832.87
548	16.231	2832.2
549	16.2646	2831.2
550	16.2979	2831
551	16.3323	2830.91
552	16.3662	2830.58
553	16.4	2829.69
554	16.4339	2829.65
555	16.4684	2829.23
556	16.503	2829.21
557	16.5365	2829.17
558	16.5707	2827.33
559	16.6042	2821.06
560	16.6379	2795.71
561	16.672	2793.83
562	16.7066	2789.16
563	16.7401	2788.76
564	16.7738	2788.21
565	16.8083	2740.58
566	16.8427	2726.13
567	16.8779	2725.75
568	16.9118	2711.26
569	16.9466	2693.09
570	16.9815	2693.04
571	17.0152	2690.01
572	17.0489	2689.87
573	17.0834	2678.56
574	17.1173	2678.07
575	17.1518	2672.33
576	17.1861	2671.18
577	17.2206	2670.69
578	17.2546	2670.65
579	17.2889	2663.8
580	17.3232	2662.89
581	17.3577	2639.31
582	17.3916	2634.02
583	17.426	2619.63
584	17.4606	2613.53
585	17.4945	2604.75
586	17.5284	2599.63
587	17.5624	2599.54
588	17.5962	2594.93
589	17.6301	2591.64
590	17.6657	2590.06
591	17.6997	2579.41
592	17.7351	2574.88
593	17.7698	2573.42
594	17.8037	2569.27
595	17.8383	2565.84
596	17.873	2565.52
597	17.9073	2558.37
598	17.9415	2554.68
599	17.9761	2548.6
600	18.0106	2547.1
601	18.0445	2546.01
602	18.0783	2531.48
603	18.1119	2531
604	18.1457	2525.64
605	18.1796	2525.53
606	18.2134	2525.3
607	18.2464	2523.85
608	18.28	2522.98
609	18.3134	2519.28
610	18.3468	2518.27
611	18.3803	2506.53
612	18.4147	2505.92
613	18.4481	2503.61
614	18.4819	2497.97
615	18.5153	2497.6
616	18.5487	2497.3
617	18.5824	2495.93
618	18.6173	2494.58
619	18.6516	2493.96
620	18.6856	2457.3
621	18.7194	2456.93
622	18.7532	2456.53
623	18.7874	2451.27
624	18.8213	2451.23
625	18.8548	2448.75
626	18.8887	2448.74
627	18.922	2448.47
628	18.9558	2447.86
629	18.9896	2447.83
630	19.0254	2434.05
631	19.0613	2426.17
632	19.0959	2422.81
633	19.13	2408.45
634	19.1644	2379.59
635	19.1991	2378.41
636	19.2332	2378.34
637	19.2669	2375.62
638	19.3006	2372.32
639	19.3346	2372.21
640	19.3694	2372.16
641	19.4041	2368.51
642	19.4554	2330.54
643	19.5205	2326.02
644	19.5664	2317.55
645	19.6016	2315.32
646	19.6369	2311.63
647	19.6715	2311.24
648	19.7056	2311.23
649	19.7399	2301.04
650	19.7739	2300.82
651	19.8081	2290.28
652	19.8429	2284.35
653	19.8771	2284.15
654	19.9109	2284.14
655	19.9446	2283.87
656	19.9787	2266.99
657	20.0125	2261.95
658	20.0463	2261.53
659	20.0802	2260.88
660	20.1137	2259.76
661	20.1474	2253.45
662	20.1812	2248.47
663	20.2147	2240.89
664	20.2487	2240.86
665	20.2832	2240.07
666	20.3173	2239.67
667	20.3521	2238.51
668	20.3866	2235.36
669	20.4213	2219.99
670	20.4559	2217.06
671	20.4899	2212.24
672	20.524	2209.97
673	20.5578	2209.59
674	20.5918	2192.74
675	20.6263	2192.37
676	20.6618	2186.51
677	20.696	2184.03
678	20.7304	2181.25
679	20.7655	2170.38
680	20.7992	2166.65
681	20.8338	2165.5
682	20.8681	2164.98
683	20.9025	2164.57
684	20.937	2163.2
685	20.9711	2161.98
686	21.006	2161.7
687	21.0404	2157.65
688	21.0747	2157.57
689	21.1092	2155.47
690	21.1435	2154.91
691	21.1779	2153.45
692	21.2122	2149.55
693	21.2506	2149.54
694	21.2874	2149.03
695	21.3227	2147.68
696	21.3573	2146.28
697	21.3918	2146.05
698	21.4269	2146.01
699	21.4614	2145.3
700	21.4964	2144.86
701	21.5309	2142.95
702	21.5655	2142.89
703	21.5995	2142
704	21.6338	2141.82
705	21.6694	2137.75
706	21.7039	2137.36
707	21.7386	2133.04
708	21.773	2133.03
709	21.8071	2132.97
710	21.842	2132.5
711	21.8765	2131.89
712	21.9109	2131.33
713	21.945	2128.76
714	21.979	2128.75
715	22.0133	2126.61
716	22.0473	2125.84
717	22.0826	2124.88
718	22.1177	2122.63
719	22.153	2120.28
720	22.1876	2120.09
721	22.2219	2120.03
722	22.2559	2119.98
723	22.2904	2119.4
724	22.3251	2118.27
725	22.3614	2108.81
726	22.3962	2107.7
727	22.4312	2106.16
728	22.4664	2105.56
729	22.5009	2104.32
730	22.5365	2104.08
731	22.572	2103.64
732	22.6071	2103.62
733	22.197	2103.62
734	22.2326	2099.33
735	22.2675	2097.89
736	22.3024	2097.6
737	22.3377	2097.02
738	22.3722	2096.95
739	22.4066	2096.93
740	22.4409	2096.41
741	22.4753	2096.01
742	22.5106	2095.39
743	22.5452	2094.87
744	22.5801	2093.02
745	22.615	2092.92
746	22.6499	2092.88
747	22.686	2091.56
748	22.7211	2076.12
749	22.756	2071.97
750	22.7916	2070.42
751	22.8267	2070.39
752	22.862	2070.15
753	22.8969	2068.94
754	22.9326	2052.92
755	22.9676	2052.82
756	23.0037	2050.55
758	23.076	2047.62
759	23.1113	2046.84
760	23.1466	2046.16
761	23.1822	2045.89
762	23.2176	2045.73
763	23.2532	2044.48
764	23.289	2043.39
765	23.3251	2025.42
766	23.3601	2024.67
767	23.3947	2023.56
768	23.4296	2023.34
769	23.4645	2023.25
770	23.4992	2019.76
772	23.5689	2016.13
773	23.6042	2014.85
774	23.6387	2014.05
775	23.6736	2013.33
776	23.7089	2013.25
777	23.7446	2012.91
778	23.7796	2012.42
779	23.815	2012.09
780	23.8502	2010.75
781	23.8851	2008.78
782	23.9197	1996.44
783	23.9551	1996.37
784	23.9898	1996.19
785	24.0243	1987.19
786	24.0598	1986.64
787	24.0953	1984.81
788	24.131	1983.27
789	24.1662	1983.08
790	24.2017	1981.91
791	24.2376	1981.73
792	24.2735	1981.53
793	24.3086	1981.51
794	24.3443	1979.97
795	24.3829	1975.39
796	24.419	1975.09
797	24.455	1974.45
798	24.4901	1973.2
799	24.5256	1957.63
800	24.5612	1956.42
801	24.5965	1955.78
802	24.6322	1955.66
803	24.6676	1954.61
804	24.7028	1953.44
805	24.7384	1953.25
806	24.7734	1946.41
807	24.809	1946.36
808	24.8445	1946.06
809	24.8799	1945.88
810	24.9147	1945.86
811	24.9494	1945.3
812	24.9854	1944.85
813	25.0212	1944.25
814	25.0567	1932.8
815	25.0924	1932.62
816	25.1276	1932.6
817	25.1633	1923.42
818	25.1989	1922.49
819	25.2378	1921.96
820	25.2781	1920.2
821	25.3136	1919.8
822	25.3494	1919.65
823	25.3851	1895.95
824	25.4206	1891.36
825	25.4563	1890.82
826	25.4926	1889.72
827	25.5288	1879.11
828	25.5651	1878.24
829	25.6012	1876.6
830	25.6371	1875.89
831	25.6727	1875.85
832	25.7077	1874.54
833	25.743	1873.95
834	25.7784	1873.59
835	25.8136	1873.58
836	25.85	1873.58
837	25.8852	1868.15
838	25.9208	1868.08
839	25.9568	1868.05
840	25.9923	1868.04
841	26.0285	1862.24
842	26.0647	1862.16
843	26.1008	1861.13
844	26.1364	1860.93
845	26.1725	1860.3
846	26.2081	1859.9
847	26.2445	1858.72
848	26.2811	1858
849	26.317	1857.38
850	26.353	1856.22
851	26.3892	1855.96
852	26.4253	1827.25
853	26.4616	1826.53
854	26.497	1814.19
855	26.5332	1811.64
856	26.569	1806.12
857	26.6045	1792.9
858	26.6399	1792.32
859	26.6757	1791.68
860	26.7113	1790.17
861	26.7476	1789.92
862	26.784	1789.83
863	26.8199	1789.41
864	26.8558	1788.82
865	26.8918	1788.44
866	26.9283	1788.44
867	26.9647	1773.7
868	27.0016	1773.57
869	27.0376	1773.11
870	27.0744	1770.64
871	27.1105	1768.04
872	27.146	1767.52
873	27.1825	1766.83
874	27.2185	1766.56
875	27.2546	1766.15
876	27.2916	1765.95
877	27.3283	1759.41
878	27.365	1758.62
879	27.4016	1756.54
880	27.4406	1756.54
881	27.4801	1756.42
882	27.5161	1754.37
883	27.5525	1749.27
884	27.5891	1748.8
885	27.6254	1748.77
886	27.6617	1746.79
887	27.6981	1745.29
888	27.7339	1745.16
889	27.7695	1744.43
890	27.8053	1744.04
891	27.8412	1744.04
892	27.8781	1743.98
893	27.9148	1743.05
894	27.9509	1742.96
895	27.987	1742.82
896	28.0238	1742.77
898	28.0968	1742.33
899	28.1328	1740.81
900	28.1685	1731.05
901	28.2047	1730.57
902	28.241	1727.4
903	28.2773	1727.31
904	28.3144	1727.01
905	28.351	1708.32
906	28.3874	1699.16
907	28.424	1698.24
908	28.4604	1697.68
909	28.4977	1683.67
910	28.5347	1683.66
911	28.5714	1681.33
912	28.6076	1680.52
913	28.6439	1679.92
914	28.6802	1677.35
915	28.716	1673.47
916	28.7523	1673.36
917	28.789	1672.92
918	28.8259	1672.89
919	28.8633	1666.92
920	28.8999	1666.58
921	28.9361	1664.54
922	28.9725	1658.04
923	29.009	1656.01
924	29.0453	1655.82
925	29.0812	1652.77
926	29.1167	1651.11
927	29.1526	1651.04
928	29.1887	1650.74
929	29.2247	1645.27
930	29.2605	1644.87
931	29.2965	1640.96
932	29.3344	1638.31
933	29.3717	1637.3
934	29.409	1636.8
935	29.446	1636.39
936	29.483	1636.39
937	29.5197	1633.55
938	29.5559	1631.6
939	29.5921	1625.64
940	29.6287	1625.52
941	29.667	1622.67
942	29.705	1617.33
943	29.7423	1617.09
944	29.7793	1616.47
945	29.8165	1616.22
946	29.8533	1616.01
947	29.8902	1615.9
948	29.9271	1613.54
949	29.9636	1611.6
950	29.9998	1611.19
951	30.0374	1610.43
952	30.0749	1610.05
953	30.1116	1609.7
954	30.1486	1608.23
955	30.1855	1606.72
956	30.2226	1606.5
957	30.2591	1604.93
958	30.2954	1604.65
959	30.3328	1604.6
960	30.3702	1571.36
961	30.4073	1571.16
962	30.4442	1571.13
963	30.4815	1569.39
964	30.5186	1568.6
965	30.5558	1567.94
966	30.5926	1566.93
967	30.6293	1566.72
968	30.6662	1566.64
970	30.7409	1559.59
971	30.7774	1559.17
972	30.8144	1555.48
973	30.8511	1552.15
974	30.8881	1551.45
975	30.9247	1551.18
976	30.9611	1551.15
977	30.9981	1550.11
978	31.0345	1547.47
979	31.0713	1547.01
980	31.1092	1546.96
981	31.1478	1541.49
982	31.1854	1508.93
983	31.2231	1507.81
984	31.2604	1506.7
985	31.2973	1506.65
986	31.3341	1503.96
987	31.372	1503.65
988	31.4094	1503.64
989	31.4468	1500.49
990	31.4842	1500.14
991	31.5209	1497.2
992	31.5577	1493.85
993	31.5943	1493.3
994	31.6315	1493.27
995	31.6687	1493.19
996	31.7059	1488.65
997	31.7431	1483.86
998	31.7807	1483.37
999	31.8177	1482.81
1000	31.8554	1481.14
1001	31.8961	1480.03
1002	31.9344	1479.89
1003	31.9718	1476.67
1004	32.0096	1476.63
1005	32.0476	1476.25
1006	32.0852	1475.52
1007	32.1229	1470.89
1008	32.1605	1470.77
1009	32.1979	1461.03
1010	32.2357	1460.49
1011	32.2739	1457.3
1012	32.3118	1457.07
1013	32.3495	1456.74
1015	32.4245	1455.98
1016	32.4618	1453.09
1017	32.4995	1449.62
1018	32.5372	1449.49
1019	32.5748	1446.5
1020	32.6119	1444.57
1021	32.6486	1443.14
1022	32.6855	1442.72
1023	32.7222	1442.44
1024	32.7596	1442.22
1025	32.7966	1441.31
1026	32.8337	1441.27
1027	32.8706	1440.58
1028	32.9075	1440.42
1029	32.9446	1440.04
1030	32.9816	1439.86
1031	33.0188	1437.38
1032	33.0562	1435.18
1033	33.0938	1434.82
1034	33.1313	1434.3
1035	33.1687	1433.82
1036	33.2057	1433.51
1037	33.2433	1433.48
1039	33.3181	1433.04
1040	33.3556	1432.42
1041	33.3939	1430.39
1042	33.4329	1430.38
1043	33.4705	1429.58
1044	33.509	1429.52
1045	33.5473	1429.05
1046	33.5854	1428.84
1047	33.623	1428.6
1048	33.6604	1428.49
1049	33.6977	1428.44
1050	33.7352	1428.04
1051	33.773	1427.59
1052	33.8106	1427.13
1053	33.8489	1425.48
1054	33.8871	1425.38
1055	33.9252	1423.25
1056	33.963	1423
1057	34.001	1422.79
1058	34.0395	1419.51
1059	34.0776	1418.58
1060	34.1167	1418.4
1061	34.1559	1418.24
1062	34.1938	1418.23
1063	34.2315	1418.19
1064	34.2695	1417.72
1065	34.3073	1417.24
1066	34.3454	1417.18
1067	34.3838	1416.44
1068	34.4228	1415.71
1069	34.4608	1413.84
1070	34.4987	1413.4
1071	34.5375	1412.88
1072	34.5754	1412.88
1073	34.6139	1412.87
1074	34.6516	1412.01
1075	34.6895	1411.43
1076	34.7275	1411.04
1077	34.7656	1410.97
1078	34.8036	1410.89
1079	34.8414	1410.74
1080	34.8787	1409.74
1081	34.9163	1409.58
1082	34.9534	1408.64
1083	34.9908	1408.38
1084	35.028	1407.15
1085	35.0659	1406.5
1086	35.1044	1406.46
1087	35.1422	1404.59
1088	35.1802	1395.61
1089	35.2181	1394.99
1090	35.2562	1394.75
1091	35.2941	1394.71
1092	35.3323	1394.61
1093	35.37	1393.19
1094	35.4078	1386.68
1095	35.4477	1386.65
1096	35.4862	1384.79
1097	35.5251	1384.5
1098	35.5635	1384.42
1099	35.6014	1383.14
1101	35.6765	1382.99
1102	35.7137	1381.96
1103	35.7516	1380.88
1104	35.7891	1380.75
1105	35.8274	1377.67
1106	35.8655	1377.01
1107	35.9036	1376.89
1108	35.9417	1376.83
1109	35.9797	1376.79
1110	36.0172	1374.7
1111	36.0556	1374.7
1112	36.0936	1373.6
1113	36.1313	1373.5
1114	36.1688	1373.4
1115	36.2064	1372.49
1116	36.2446	1372.24
1117	36.2821	1371.81
1118	36.3204	1371.38
1119	36.3602	1371.18
1120	36.3985	1371.11
1121	36.4371	1369.73
1122	36.476	1368.18
1123	36.5148	1368.16
1124	36.5532	1367.7
1125	36.5916	1367.53
1126	36.63	1366.98
1127	36.6686	1366.74
1128	36.7065	1365.66
1129	36.7444	1364.82
1130	36.7835	1363.19
1131	36.8217	1363.19
1132	36.8598	1363.08
1133	36.8977	1362.97
1134	36.9359	1362.23
1135	36.9742	1361.72
1136	37.0123	1361.33
1137	37.0502	1360.83
1138	37.0885	1347.11
1139	37.1258	1346.13
1140	37.164	1346.04
1141	37.2022	1344.96
1142	37.2402	1344.9
1144	37.3188	1344.07
1145	37.3567	1344.06
1146	37.3949	1341.94
1147	37.4335	1341.86
1149	37.5111	1340.9
1150	37.5496	1340.89
1151	37.5883	1340.81
1152	37.6261	1340.34
1153	37.6664	1340.19
1154	37.7047	1336.71
1155	37.7431	1336.62
1156	37.7815	1333.76
1157	37.8198	1333.61
1158	37.8577	1333.47
1159	37.8956	1333.27
1161	37.9716	1333.22
1162	38.0098	1333.14
1163	38.0478	1294.94
1164	38.0862	1294.56
1165	38.1241	1294.34
1166	38.162	1293.74
1167	38.2001	1292.99
1168	38.2384	1292.11
1169	38.2764	1290.63
1170	38.3159	1290.54
1171	38.3551	1290.48
1172	38.3945	1289.24
1173	38.4332	1288.41
1174	38.4717	1288.31
1175	38.5122	1288.3
1177	38.5921	1275.5
1178	38.6314	1275.32
1179	38.6703	1275.31
1180	38.7129	1275.26
1181	38.7529	1274.95
1182	38.7946	1274.91
1183	38.8336	1273.76
1184	38.873	1273.44
1185	38.9128	1273.38
1186	38.9521	1273.27
1187	38.9913	1273.18
1188	39.0303	1272.64
1189	39.0691	1272.44
1190	39.1079	1272.3
1191	39.1468	1272.21
1192	39.1855	1268.42
1193	39.2258	1268.14
1194	39.2653	1266.66
1195	39.3043	1265.14
1196	39.3438	1258.51
1197	39.3824	1246.42
1198	39.4218	1245.55
1199	39.4605	1244.89
1200	39.4994	1244.54
1201	39.5386	1244.47
1202	39.578	1244.42
1203	39.6167	1243.67
1204	39.6556	1242.75
1205	39.6944	1242.63
1206	39.7336	1242.59
1207	39.7724	1240.2
1208	39.8112	1239.42
1209	39.8502	1239.21
1210	39.8901	1238.66
1211	39.9296	1237.42
1212	39.9683	1237.16
1213	40.008	1236.15
1214	40.0478	1235.44
1215	40.0865	1235.25
1216	40.1257	1235.11
1217	40.1647	1235.09
1218	40.2036	1234.59
1219	40.2426	1234.38
1220	40.2813	1234.35
1221	40.3206	1234.27
1222	40.3598	1233.36
1223	40.399	1225.06
1224	40.438	1225.02
1225	40.477	1224.96
1226	40.5166	1222.34
1227	40.5557	1221.97
1228	40.5957	1221.9
1229	40.6347	1221.48
1230	40.6741	1221.14
1231	40.7133	1221.13
1233	40.793	1220.41
1234	40.8333	1220.38
1235	40.8725	1218.98
1236	40.9116	1218.96
1237	40.9511	1218.87
1238	40.9901	1218.68
1239	41.0296	1216.75
1240	41.0687	1208.48
1241	41.1078	1208.47
1242	41.1478	1207.94
1243	41.1878	1207.83
1244	41.2278	1207.73
1245	41.2677	1197.93
1246	41.3079	1191.74
1247	41.3476	1191.37
1248	41.3867	1191.02
1249	41.4267	1189.1
1250	41.4658	1189.02
1251	41.5047	1186.72
1252	41.5445	1186.68
1253	41.5852	1186.21
1254	41.6245	1185.97
1255	41.6637	1183.44
1256	41.7026	1183.39
1257	41.7412	1182.78
1259	41.8184	1181.51
1260	41.8571	1181.42
1261	41.8955	1179.95
1262	41.934	1176.74
1263	41.9731	1175.96
1265	42.051	1173.4
1266	42.0902	1172.35
1268	42.1687	1172.33
1269	42.208	1166.6
1270	42.2467	1166.56
1271	42.2863	1164.39
1272	42.3256	1163.77
1273	42.3647	1163.34
1274	42.4041	1163.19
1275	42.4436	1163.04
1276	42.4835	1163.03
1277	42.523	1161.04
1278	42.5624	1159.54
1279	42.602	1157.98
1280	42.6412	1156.5
1281	42.6807	1155.87
1282	42.7198	1155.8
1283	42.7593	1155.8
1284	42.7986	1155.54
1285	42.8378	1155.4
1286	42.8765	1155.11
1287	42.9154	1155.04
1288	42.9543	1154.46
1289	42.9948	1153.58
1290	43.0368	1153.04
1291	43.0773	1152.75
1292	43.1168	1152.38
1293	43.1564	1152.36
1294	43.1959	1152.04
1295	43.2354	1151.72
1296	43.2745	1151.7
1297	43.3134	1147.18
1298	43.3534	1147.08
1299	43.3934	1146.6
1300	43.4332	1144.57
1301	43.4726	1144.53
1302	43.5121	1144.3
1303	43.5512	1142.82
1304	43.5918	1142.06
1305	43.6315	1141.74
1306	43.6708	1140.86
1307	43.7099	1140.71
1308	43.7494	1140.66
1310	43.829	1138.34
1311	43.8689	1138.08
1312	43.9082	1137.71
1313	43.9472	1137.59
1314	43.9861	1136.88
1315	44.0252	1136.87
1317	44.1024	1136.66
1318	44.1423	1134.55
1319	44.1816	1134.12
1320	44.2206	1134.1
1321	44.2592	1132.7
1322	44.298	1115.4
1323	44.3375	1114.34
1324	44.3776	1113.93
1325	44.4179	1113.88
1326	44.458	1113.47
1327	44.4972	1113.3
1328	44.5367	1113.23
1330	44.6143	1113.08
1331	44.6545	1107.11
1332	44.6939	1104.39
1333	44.7334	1104.32
1334	44.7727	1104.31
1335	44.8143	1104.03
1336	44.8539	1101.67
1337	44.8937	1096.73
1338	44.9334	1096.69
1339	44.9736	1096.41
1340	45.0128	1096.34
1341	45.0525	1096.05
1342	45.0913	1095.6
1343	45.1319	1088.15
1344	45.1721	1088.13
1345	45.2122	1087.8
1346	45.2525	1087.51
1347	45.293	1086.44
1348	45.3324	1085.78
1349	45.3717	1080.3
1350	45.4116	1079.56
1351	45.4508	1078.31
1352	45.4904	1078.26
1353	45.53	1077.87
1355	45.6089	1077.85
1356	45.6484	1075.71
1357	45.6875	1074.9
1358	45.7267	1074.77
1359	45.7657	1073.53
1360	45.8049	1073.39
1361	45.8437	1072.98
1362	45.8829	1072.85
1363	45.9217	1072.46
1364	45.9606	1071.96
1365	45.9991	1071.68
1366	46.0379	1071.67
1367	46.0765	1071.22
1368	46.1153	1071.22
1369	46.154	1071.11
1370	46.1939	1071.02
1371	46.2331	1070.33
1372	46.2727	1069.25
1373	46.3118	1069.19
1374	46.3516	1069.12
1375	46.391	1067.95
1376	46.4298	1067.49
1377	46.4682	1067.25
1378	46.5075	1067.05
1379	46.5468	1066.6
1380	46.5859	1066.38
1381	46.625	1065.16
1382	46.6648	1065.15
1383	46.7046	1064.77
1384	46.7435	1064.73
1385	46.7831	1064.4
1386	46.8225	1063.94
1387	46.8618	1063.91
1388	46.9005	1063.88
1389	46.9395	1063.67
1390	46.9779	1063.24
1391	47.0168	1063.03
1392	47.0561	1062.13
1393	47.095	1061.16
1394	47.1343	1061.09
1395	47.1734	1061.06
1396	47.2127	1060.96
1397	47.2514	1060.75
1398	47.2903	1060.52
1399	47.3293	1060
1400	47.368	1059.87
1401	47.4067	1059.79
1403	47.4906	1059.43
1404	47.5303	1059.28
1405	47.5696	1059.01
1406	47.6092	1058.91
1407	47.6492	1058.91
1408	47.6892	1056.23
1409	47.7285	1052.17
1410	47.7677	1050.7
1411	47.8069	1050.58
1412	47.8457	1050.57
1413	47.8846	1050.55
1415	47.9627	1049.85
1416	48.002	1049.45
1417	48.0412	1049.29
1418	48.0798	1049.16
1419	48.1187	1049.15
1420	48.1575	1048.88
1421	48.1962	1048.24
1422	48.2351	1047.72
1423	48.274	1047.63
1424	48.3129	1046.73
1425	48.352	1046.64
1426	48.392	1046.63
1427	48.4311	1046.24
1428	48.4704	1043.46
1429	48.5098	1043.18
1430	48.5492	1043.18
1431	48.5894	1043.17
1432	48.6291	1043.14
1433	48.6691	1041.14
1434	48.7094	1039.1
1435	48.7487	1038.86
1436	48.788	1037.21
1437	48.8283	1037.13
1438	48.8688	1037.05
1439	48.9082	1036.25
1440	48.9479	1035.13
1441	48.9878	1035.12
1442	49.0279	1034.08
1443	49.0671	1033.26
1445	49.1449	1030.73
1446	49.1841	1030.53
1447	49.2237	1030.51
1449	49.3019	1030.47
1450	49.3416	1028.76
1451	49.3804	1028.69
1452	49.419	1028.41
1453	49.4596	1028.39
1454	49.4996	1028.03
1455	49.5389	1028.02
1456	49.5792	1027.98
1457	49.619	1027.23
1458	49.6594	1027.18
1459	49.7008	1027.17
1460	49.7402	1027.11
1461	49.7796	1026.17
1462	49.8191	1023.13
1463	49.8586	1023.12
1464	49.898	1022.72
1465	49.9374	1022.63
1467	50.0155	1022.52
1468	50.0544	1021.77
1469	50.0937	1021.72
1470	50.1327	1021.15
1471	50.1716	1021.15
1472	50.211	1021.09
1473	50.25	1021.06
1474	50.2891	1019.79
1475	50.3288	1019.45
1476	50.3681	1019.06
1477	50.4076	1018.81
1478	50.4472	1018.61
1479	50.4866	1018.57
1480	50.5265	1018.29
1481	50.5668	1017.79
1482	50.6062	1017.75
1483	50.6453	1017.67
1484	50.6851	1016.84
1485	50.7253	1016.73
1486	50.7654	1016.31
1487	50.8048	1015.75
1489	50.883	1015.42
1490	50.9224	1015.32
1491	50.9617	1015.28
1492	51.0012	1015.18
1493	51.0408	1014.95
1494	51.0796	1011.66
1495	51.1189	1011.44
1496	51.1577	1011.28
1497	51.198	1011.24
1498	51.2376	1011.22
1499	51.2776	1011.15
1500	51.317	1010.8
1501	51.3564	1010.53
1502	51.3954	1010.39
1503	51.4343	1000.9
1504	51.4732	1000.43
1505	51.5122	999.949
1506	51.5512	999.656
1507	51.5917	999.438
1508	51.6314	998.873
1509	51.6711	998.282
1510	51.7105	998.154
1511	51.7507	998.076
1512	51.7902	996.703
1513	51.8298	996.004
1514	51.871	995.604
1515	51.9115	995.583
1517	51.9905	995.576
1518	52.0303	995.485
1519	52.0698	995.35
1520	52.1095	995.263
1521	52.1492	994.822
1522	52.1884	994.812
1523	52.2276	994.691
1524	52.2663	994.173
1525	52.3057	994.166
1526	52.3448	994.074
1527	52.3839	994.051
1528	52.4229	994.014
1529	52.4617	993.681
1530	52.5012	993.563
1531	52.5404	993.466
1532	52.5791	993.004
1533	52.6186	992.692
1534	52.6579	991.45
1535	52.6971	989.92
1536	52.7381	979.053
1537	52.7783	978.235
1538	52.8179	978.079
1539	52.8581	978.031
1540	52.8978	976.73
1541	52.9378	976.722
1542	52.9777	976.495
1543	53.0173	976.296
1544	53.0573	976.14
1545	53.0971	976.016
1546	53.1367	976
1547	53.176	974.262
1548	53.216	974.073
1549	53.2553	974.039
1550	53.2956	973.654
1551	53.3352	973.648
1552	53.3753	973.538
1553	53.4147	972.63
1554	53.4539	972.369
1555	53.4938	972.261
1556	53.5335	972.257
1557	53.5733	971.987
1558	53.613	971.484
1559	53.6532	971.401
1560	53.6927	971.387
1561	53.7321	971.335
1562	53.7714	971.012
1563	53.8109	960.888
1564	53.85	960.331
1565	53.8894	960.192
1566	53.929	959.139
1567	53.9681	958.913
1568	54.007	958.613
1569	54.0482	958.212
1570	54.0902	958.129
1571	54.1298	958.129
1572	54.1692	958.116
1573	54.2085	957.251
1574	54.2478	956.981
1575	54.2873	956.956
1576	54.3268	956.92
1577	54.3662	956.639
1578	54.4055	956.541
1580	53.9466	952.914
1581	53.9856	952.91
1582	54.0245	952.805
1583	54.0631	952.757
1584	54.106	952.666
1585	54.1466	943.91
1586	54.1862	934.46
1587	54.2269	934.292
1588	54.2666	934.27
1589	54.3059	933.654
1590	54.3453	933.479
1591	54.3846	932.109
1592	54.4239	932.064
1593	54.4632	931.982
1594	54.5025	931.948
1595	54.5419	931.652
1596	54.5813	931.644
1597	54.6208	931.319
1598	54.6603	931.311
1599	54.6995	928.502
1600	54.7386	928.328
1601	54.7777	927.937
1602	54.8166	927.474
1603	54.8562	927.26
1604	54.8945	927.151
1605	54.9335	926.946
1606	54.9725	926.365
1607	55.0115	926.196
1608	55.0503	926.1
1609	55.0897	920.26
1610	55.1291	920.216
1612	55.2092	918.816
1613	55.2489	918.747
1614	55.2884	918.65
1615	55.328	918.57
1617	55.4062	916.762
1618	55.4456	915.792
1619	55.485	914.725
1620	55.5241	911.176
1621	55.5634	910.705
1622	55.6023	910.615
1623	55.6427	910.607
1624	55.6838	910.421
1625	55.7288	910.364
1626	55.769	909.284
1627	55.8086	909.18
1628	55.8494	909.055
1629	55.8885	908.235
1630	55.9276	907.524
1631	55.9674	907.426
1632	56.0077	907.353
1633	56.0472	907.321
1634	56.0861	907.094
1635	56.126	906.995
1636	56.1649	906.971
1637	56.2049	906.463
1638	56.2457	906.31
1639	56.2856	906.302
1640	56.3251	906.088
1641	56.3648	906.018
1642	56.4042	905.955
1643	56.4438	904.826
1644	56.4836	904.504
1645	56.5231	904.241
1647	56.6024	904.144
1649	56.681	904.138
1650	56.7207	902.358
1651	56.7599	902.171
1652	56.799	901.68
1654	56.8778	901.595
1655	56.9169	901.58
1657	56.9962	901.453
1658	57.0364	901.125
1659	57.0763	901.075
1660	57.1156	901.062
1661	57.1561	899.389
1662	57.1958	870.843
1663	57.2361	869.833
1664	57.2756	868.506
1665	57.3153	868.447
1666	57.3552	867.634
1668	57.4621	867.527
1670	57.5547	866.988
1671	57.5949	866.821
1672	57.6353	866.018
1673	57.6749	865.957
1674	57.7148	865.704
1675	57.7548	865.123
1676	57.7944	864.211
1677	57.8339	860.901
1678	57.8757	860.874
1679	57.9189	860.687
1680	57.9586	860.525
1681	57.9983	860.391
1683	58.078	860.359
1684	58.1176	860.355
1685	58.1576	859.929
1686	58.1974	859.769
1687	58.2377	859.112
1688	58.2781	857.919
1689	58.3179	857.754
1690	58.3573	857.281
1691	58.3965	857.192
1692	58.4356	857.181
1693	58.4747	857.018
1695	58.5533	857.007
1696	58.5931	856.343
1697	58.6326	856.279
1698	58.6715	856.137
1699	58.711	853.702
1700	58.7502	853.7
1701	58.7893	853.439
1702	58.8304	853.229
1703	58.8702	853.098
1704	58.91	853.009
1705	58.9494	852.846
1706	58.9889	852.812
1707	59.028	852.648
1708	59.0674	852.642
1709	59.1075	852.584
1710	59.1475	852.492
1711	59.1876	850.329
1712	59.2282	849.404
1713	59.2679	849.334
1714	59.3077	849.282
1715	59.3474	847.883
1716	59.3883	847.776
1717	59.428	847.645
1718	59.4679	847.594
1719	59.5076	847.31
1720	59.5473	846.979
1721	59.5868	846.51
1722	59.626	846.505
1723	59.6652	846.257
1724	59.7049	846.091
1725	59.7438	845.216
1726	59.7829	845.2
1727	59.8221	845.198
1728	59.8618	845.159
1729	59.901	844.935
1730	59.94	844.706
1731	59.9804	844.514
1732	60.0202	844.184
1733	60.0622	843.615
1734	60.1056	843.6
1735	60.1465	843.585
1736	60.1879	843.201
1737	60.2292	843.199
1739	60.3098	842.818
1740	60.35	842.64
1741	60.39	842.55
1743	60.4699	841.03
1744	60.5101	840.92
1745	60.5511	840.754
1746	60.5919	840.728
1747	60.6322	840.702
1748	60.6724	839.195
1749	60.712	838.586
1750	60.752	838.231
1751	60.7917	837.839
1752	60.8323	837.839
1753	60.8731	837.716
1754	60.9137	837.554
1755	60.9542	837.501
1756	60.9949	837.408
1757	61.0357	837.387
1758	61.0764	837.356
1759	61.1162	837.349
1760	61.1568	837.203
1761	61.1971	837.069
1762	61.2375	836.856
1763	61.278	836.796
1764	61.3182	836.369
1765	61.3588	836.33
1766	61.3986	836.301
1767	61.4386	836.033
1768	61.4784	835.521
1769	61.5186	835.47
1771	61.5988	835.423
1772	61.6388	835.415
1773	61.6788	834.704
1774	61.7192	834.416
1775	61.7593	834.413
1776	61.7994	832.982
1777	61.8391	830.449
1779	61.9211	830.377
1780	61.9618	828.935
1781	62.0018	828.932
1782	62.0423	827.062
1783	62.0822	826.198
1784	62.1223	825.851
1785	62.1631	825.798
1786	62.2037	825.789
1787	62.2444	825.786
1788	62.2906	825.601
1789	62.3315	825.567
1790	62.3721	822.986
1791	62.4128	822.954
1792	62.4546	819.747
1794	62.5374	819.653
1795	62.5781	819.62
1796	62.6183	819.572
1797	62.6587	819.287
1798	62.7004	818.885
1799	62.7412	818.793
1800	62.7817	816.727
1801	62.8224	816.031
1802	62.8623	806.963
1803	62.9028	806.956
1804	62.9429	806.913
1805	62.9831	806.834
1807	63.0653	806.794
1808	63.1072	806.434
1809	63.148	806.406
1810	63.1886	806.178
1811	63.229	806.165
1812	63.2705	806.165
1813	63.311	806.131
1814	63.3519	805.694
1815	63.3929	805.458
1816	63.4336	805.419
1817	63.4745	805.35
1818	63.517	805.345
1819	63.5583	805.225
1820	63.6	805.052
1821	63.642	804.822
1822	63.6835	804.812
1823	63.7243	804.803
1824	63.7658	804.103
1825	63.8069	804.101
1826	63.8481	803.817
1827	63.8898	803.715
1828	63.9313	803.373
1829	63.9727	803.08
1831	64.0547	803.033
1832	64.0957	802.505
1833	64.1368	801.932
1834	64.1776	799.281
1835	64.2182	799.193
1836	64.2591	799.108
1837	64.3002	799.023
1838	64.3416	799.01
1839	64.3831	798.903
1840	64.424	798.779
1841	64.4653	798.084
1842	64.5066	797.885
1843	64.5489	785.88
1844	64.5896	785.686
1845	64.6308	785.647
1846	64.6721	785.375
1847	64.7131	785.174
1848	64.7541	784.656
1849	64.7953	783.991
1850	64.8365	783.863
1852	64.9174	783.503
1853	64.9582	783.169
1854	64.9987	783.036
1857	65.1219	782.452
1858	65.1631	782.429
1859	65.204	782.398
1860	65.2457	782.333
1861	65.2868	782.059
1862	65.3281	782.053
1863	65.3691	781.844
1864	65.4103	781.302
1865	65.4513	780.925
1866	65.4924	780.8
1867	65.5335	780.744
1868	65.574	780.714
1869	65.6146	780.668
1870	65.6546	780.562
1871	65.6949	780.551
1872	65.7356	780.246
1873	65.7764	780.023
1874	65.8177	779.571
1875	65.8588	779.028
1876	65.9	762.376
1877	65.941	761.329
1878	65.9822	761.242
1879	66.0233	761.141
1880	66.065	759.308
1882	66.1471	759.269
1883	66.1883	759.258
1884	66.2292	758.971
1885	66.2706	758.644
1886	66.3121	758.637
1887	66.3536	757.385
1888	66.3946	757.337
1889	66.4365	757.222
1890	66.4776	757.117
1891	66.5187	757.05
1892	66.5597	756.882
1893	66.6011	756.347
1894	66.6423	756.234
1896	66.7282	756.21
1897	66.7703	756.162
1898	66.812	755.892
1899	66.8533	755.799
1900	66.8947	755.788
1901	66.9361	755.678
1903	67.0186	747.247
1904	67.0596	747.186
1905	67.1011	747.133
1906	67.1442	746.399
1907	67.1856	746.297
1908	67.2275	745.825
1909	67.2689	745.604
1910	67.3106	745.516
1911	67.353	745.513
1913	67.4351	744.864
1914	67.4763	744.824
1915	67.5177	744.786
1916	67.5589	744.762
1917	67.5994	744.681
1918	67.6409	744.579
1919	67.6819	744.45
1920	67.7236	735.471
1921	67.7654	735.466
1922	67.8062	735.397
1923	67.8483	735.36
1924	67.8892	735.1
1925	67.9306	735.006
1926	67.9718	727.386
1927	68.0129	727.34
1928	68.0536	726.927
1929	68.0949	726.808
1930	68.1361	726.699
1931	68.177	725.653
1932	68.2177	725.643
1933	68.2583	725.559
1934	68.2988	725.488
1935	68.3411	725.257
1936	68.3834	725.181
1937	68.4247	724.896
1938	68.4663	724.885
1940	68.5479	724.777
1941	68.5883	724.481
1942	68.6292	724.394
1943	68.6711	724.244
1944	68.7124	724.05
1945	68.7551	723.996
1946	68.7977	723.856
1947	68.8394	723.425
1948	68.8808	723.323
1949	68.9244	721.629
1950	68.9717	721.619
1952	69.056	721.412
1953	69.097	721.316
1954	69.1382	721.231
1955	69.179	720.624
1957	69.2613	719.464
1958	69.3026	718.864
1959	69.3441	718.414
1960	69.3858	718.387
1961	69.4273	717.846
1962	69.4687	717.598
1963	69.5111	717.597
1964	69.5525	717.351
1966	69.6347	717.189
1967	69.6755	717.143
1968	69.7171	717.037
1970	69.8015	716.943
1972	69.8861	716.523
1973	69.9287	716.355
1974	69.9708	716.226
1975	70.0121	716.018
1976	70.0541	716.01
1977	70.0957	715.681
1978	70.1371	715.586
1980	70.2201	715.426
1981	70.2617	715.229
1982	70.305	715.228
1983	70.3472	714.265
1984	70.3908	714.073
1985	70.4336	713.428
1987	70.5181	713.375
1989	70.6013	713.33
1990	70.643	711.73
1992	70.7258	711.493
1993	70.7674	711.352
1994	70.8204	711.347
1996	70.9094	711.291
1997	70.9517	711.21
1999	71.0363	711.187
2000	71.0784	711.176
2001	71.1201	710.322
2002	71.1658	699.701
2003	71.212	699.15
2004	71.2553	698.032
2005	71.2982	698.004
2006	71.3413	697.902
2007	71.3838	697.884
2008	71.4266	697.835
2010	71.5119	697.52
2011	71.5548	697.294
2012	71.5967	692.669
2013	71.6388	692.662
2014	71.6814	692.643
2015	71.724	692.363
2016	71.7666	692.027
2017	71.8087	689.618
2018	71.851	689.489
2019	71.893	689.363
2020	71.9346	689.128
2021	71.9765	689.006
2022	72.0181	688.838
2023	72.0597	688.758
2024	72.1019	688.689
2025	72.1442	688.508
2026	72.1859	688.501
2027	72.2285	688.149
2028	72.2705	687.986
2029	72.3122	687.762
2030	72.3546	687.609
2031	72.3961	687.597
2033	72.4813	687.563
2036	72.6083	687.456
2037	72.6507	687.341
2038	72.6928	686.81
2039	72.7347	685.75
2040	72.7762	685.717
2041	72.8182	685.375
2042	72.8596	685.313
2043	72.9016	685.269
2044	72.9433	685.217
2045	72.9851	685.039
2046	73.0267	684.965
2047	73.0684	684.803
2048	73.1101	684.799
2049	73.1523	684.774
2050	73.1942	684.427
2051	73.2366	682.731
2052	73.2785	682.177
2053	73.3205	682.164
2054	73.362	682.11
2055	73.4051	681.612
2056	73.4498	681.553
2057	73.4937	681.447
2058	73.5359	681.313
2059	73.5785	680.798
2060	73.6208	680.538
2061	73.663	680.449
2062	73.7058	680.441
2063	73.749	680.323
2064	73.7915	680.286
2065	73.8338	680.131
2066	73.8764	680.082
2067	73.9202	680.074
2068	73.9632	680.046
2070	74.0489	679.868
2071	74.0913	679.713
2072	74.1349	679.433
2073	74.1779	678.966
2075	74.263	678.944
2076	74.3071	678.901
2077	74.3501	678.802
2079	74.4363	678.563
2080	74.4789	678.494
2081	74.5224	678.415
2083	74.6091	677.926
2084	74.6536	677.816
2085	74.6966	677.726
2086	74.7407	677.714
2087	74.7833	677.647
2088	74.8264	677.323
2089	74.8708	676.617
2090	74.9133	676.567
2091	74.9563	674.019
2093	75.0421	674.008
2094	75.0854	673.92
2095	75.1287	673.492
2096	75.1705	673.369
2097	75.2138	673.345
2098	75.2569	673.319
2099	75.2996	673.312
2100	75.341	673.245
2101	75.3822	672.514
2102	75.4228	672.41
2104	75.5064	672.238
2105	75.5487	672.23
2106	75.5912	672.209
2107	75.6328	671.976
2108	75.6748	671.842
2109	75.7184	671.771
2110	75.7611	671.77
2111	75.8098	671.765
2112	75.8586	671.734
2113	75.9041	671.221
2114	75.9476	671.103
2115	75.9895	671.102
2116	76.0316	670.067
2117	76.073	669.852
2119	76.1561	669.341
2120	76.1979	669.238
2121	76.2393	669.235
2122	76.2813	668.047
2123	76.323	667.526
2124	76.3648	667.438
2125	76.4066	667.309
2126	76.448	667.308
2127	76.4906	667.306
2129	76.575	667.26
2130	76.6168	666.701
2131	76.6585	666.666
2132	76.7002	666.137
2133	76.742	666.107
2134	76.7835	666.019
2135	76.8246	665.989
2136	76.8652	665.965
2137	76.9079	665.775
2138	76.949	665.726
2139	76.9901	665.714
2140	77.0312	665.137
2141	77.072	664.486
2142	77.1152	658.864
2143	77.1562	658.826
2144	77.1972	658.567
2145	77.2388	658.541
2146	77.2803	658.488
2147	77.3224	658.36
2148	77.3641	658.207
2149	77.4055	658.19
2150	77.448	657.224
2151	77.4889	657.205
2152	77.5304	657.203
2153	77.5723	657.168
2154	77.6146	657.015
2155	77.6561	656.921
2156	77.6979	656.896
2157	77.7395	656.892
2158	77.7816	656.891
2159	77.8231	656.878
2160	77.8648	656.78
2161	77.9071	656.492
2162	77.949	656.481
2163	77.9971	656.33
2164	78.0419	654.569
2165	78.0837	654.561
2166	78.1253	654.316
2167	78.1668	654.188
2169	78.25	653.933
2170	78.2921	653.918
2171	78.3336	653.903
2172	78.3754	653.878
2173	78.4172	653.858
2174	78.4592	652.315
2175	78.5008	652.281
2176	78.5424	652.227
2177	78.584	652.21
2178	78.627	652.199
2179	78.6695	652.115
2180	78.7116	652.02
2181	78.7537	651.762
2182	78.7958	651.678
2183	78.8377	647.092
2184	78.8787	647.023
2185	78.9194	646.775
2187	79.0033	646.729
2188	79.0444	646.332
2189	79.0863	645.996
2190	79.1277	645.906
2192	79.212	645.648
2193	79.2538	645.274
2194	79.2951	645.169
2197	79.42	644.251
2198	79.4609	644.226
2199	79.5022	644.209
2200	79.544	644.174
2201	79.5855	643.616
2202	79.6282	643.612
2203	79.6702	643.432
2204	79.7117	643.189
2205	79.753	643.158
2210	79.9605	643.132
2211	80.0022	643.126
2212	80.0438	642.995
2213	80.0856	642.879
2214	80.1271	642.284
2215	80.169	642.007
2216	80.216	641.996
2217	80.2591	641.417
2218	80.3012	641.38
2219	80.3431	641.288
2220	80.385	640.904
2221	80.4276	640.791
2222	80.4695	640.765
2223	80.5116	640.754
2224	80.5536	640.69
2225	80.596	640.614
2226	80.6377	640.289
2227	80.6793	638.697
2231	80.8443	638.67
2233	80.9264	638.172
2234	80.9674	638.161
2235	81.0086	638.15
2236	81.0498	638.149
2237	81.0906	638.102
2238	81.1321	637.882
2239	81.1742	637.854
2240	81.2164	637.818
2241	81.2584	637.681
2242	81.3001	637.659
2243	81.3419	634.81
2244	81.384	634.768
2245	81.426	634.701
2246	81.4681	633.431
2247	81.5094	633.359
2248	81.5507	633.208
2249	81.5918	633.079
2250	81.6329	632.909
2251	81.6759	632.907
2252	81.7182	632.905
2253	81.7601	632.403
2254	81.8019	632.35
2255	81.8429	632.336
2256	81.8843	632.017
2257	81.9251	631.868
2258	81.9663	631.808
2259	82.0078	631.536
2260	82.0493	628.499
2261	82.0915	628.498
2263	82.1749	628.486
2264	82.2161	628.465
2265	82.2574	628.313
2266	82.299	627.486
2267	82.3399	627.468
2268	82.3824	627.464
2269	82.4264	627.409
2270	82.4683	627.307
2271	82.51	626.439
2272	82.552	626.379
2273	82.5936	626.268
2274	82.6357	626.25
2275	82.6774	626.037
2276	82.7193	626.033
2277	82.761	625.606
2278	82.8028	625.603
2279	82.8454	625.051
2280	82.8874	624.935
2281	82.9292	624.773
2282	82.971	624.622
2283	83.0122	624.308
2285	83.0946	624.254
2287	83.1768	623.876
2288	83.2183	623.874
2289	83.2593	622.675
2290	83.3009	622.671
2293	83.4245	622.62
2294	83.4657	622.61
2295	83.5069	621.725
2297	83.5912	618.931
2298	83.6331	618.608
2299	83.6755	618.332
2300	83.718	618.33
2301	83.7598	618.054
2302	83.8015	618.036
2303	83.8427	618.034
2304	83.8841	617.436
2305	83.9251	617.284
2306	83.9661	617.169
2307	84.0077	617.14
2308	84.0492	617.094
2312	84.2155	616.925
2313	84.2569	615.801
2314	84.2992	615.694
2315	84.3417	615.682
2316	84.3844	615.675
2317	84.4257	615.487
2318	84.4673	615.458
2319	84.5092	615.422
2320	84.5519	615.342
2321	84.5952	615.331
2323	84.6802	614.493
2324	84.7235	614.14
2325	84.7662	614.101
2327	84.8503	614.063
2329	84.9343	614.037
2330	84.976	612.526
2331	85.0183	612.501
2332	85.0605	612.459
2333	85.102	612.279
2334	85.1438	612.278
2335	85.1857	612.238
2336	85.2279	612.191
2337	85.2694	612.129
2339	85.3554	612.091
2340	85.397	612.086
2341	85.4394	611.34
2342	85.4808	605.078
2343	85.5226	604.595
2345	85.6056	604.589
2346	85.6469	604.543
2347	85.6895	604.537
2348	85.7315	604.457
2349	85.7736	604.313
2350	85.8163	604.177
2351	85.8589	604.146
2352	85.9008	603.545
2353	85.942	603.538
2354	85.9834	603.53
2355	86.0242	603.154
2356	86.0655	602.928
2357	86.1069	601.215
2358	85.6615	601.189
2359	85.7035	601.071
2361	85.7867	600.978
2363	85.8708	600.977
2364	85.9119	600.954
2365	85.9536	600.886
2366	85.995	600.885
2367	86.0361	600.814
2370	86.1592	600.774
2371	86.2004	600.754
2373	86.2856	600.751
2376	86.4129	600.703
2377	86.4551	600.605
2378	86.4963	600.458
2379	86.5372	600.123
2380	86.5786	600.082
2381	86.6197	599.851
2382	86.6613	599.71
2383	86.7025	599.689
2384	86.7435	599.526
2385	86.7848	599.475
2386	86.8264	599.435
2387	86.8678	598.979
2388	86.9087	598.971
2389	86.9499	598.564
2390	86.992	598.531
2391	87.0332	597.672
2392	87.0747	597.507
2393	87.1164	597.416
2394	87.1579	597.374
2395	87.1992	596.709
2396	87.2424	596.655
2397	87.2849	596.564
2398	87.3271	596.511
2399	87.3688	596.318
2400	87.4107	595.995
2401	87.4529	595.955
2402	87.4949	595.948
2403	87.5368	595.92
2404	87.5784	595.894
2405	87.6195	595.815
2406	87.6608	595.796
2407	87.7021	595.77
2408	87.7433	595.729
2409	87.7853	595.702
2410	87.8275	595.47
2411	87.8691	595.324
2412	87.9106	595.093
2413	87.9517	594.838
2414	87.9933	594.825
2415	88.0347	594.785
2416	88.0759	594.634
2417	88.1174	594.519
2418	88.1588	594.008
2419	88.2004	593.7
2420	88.2429	593.624
2421	88.2848	593.564
2423	88.3692	593.369
2424	88.4113	593.229
2425	88.4533	593.18
2426	88.4961	593.138
2427	88.5382	592.587
2428	88.581	592.457
2429	88.6229	591.736
2431	88.7071	590.741
2432	88.75	590.741
2433	88.7914	590.657
2434	88.8324	590.583
2435	88.8741	590.548
2436	88.9156	590.469
2437	88.9571	590.447
2438	88.9992	590.417
2439	89.0411	590.402
2440	89.0829	590.358
2441	89.1244	590.321
2442	89.1657	590.187
2443	89.2072	590.181
2445	89.2917	590.145
2446	89.3342	590.125
2447	89.3761	589.899
2448	89.4185	589.873
2450	89.5059	589.872
2451	89.5492	589.867
2452	89.5921	589.422
2453	89.6351	589.014
2454	89.6793	588.87
2455	89.7224	588.865
2456	89.7645	588.215
2457	89.8072	588.129
2459	89.8919	587.691
2460	89.9344	587.623
2461	89.9772	587.619
2462	90.0191	586.962
2463	90.0607	586.678
2465	90.1437	586.667
2466	90.186	586.665
2467	90.2286	586.656
2469	90.3137	586.65
2470	90.3558	586.201
2472	90.4396	585.854
2473	90.4816	585.679
2474	90.5236	585.601
2475	90.5654	585.595
2476	90.6071	585.576
2477	90.6488	585.116
2479	90.7372	585.11
2480	90.7788	584.339
2481	90.8212	583.965
2482	90.8643	583.81
2483	90.9075	583.806
2484	90.9501	583.777
2486	91.0341	583.716
2487	91.0763	583.675
2488	91.118	583.368
2489	91.1598	583.334
2490	91.2012	582.463
2491	91.2434	582.444
2492	91.2863	582.442
2493	91.3289	582.415
2494	91.3715	582.413
2495	91.4136	581.971
2496	91.4565	581.88
2499	91.5827	581.871
2500	91.6248	581.81
2501	91.6661	581.618
2502	91.7084	581.588
2503	91.752	581.108
2504	91.795	580.078
2506	91.8797	579.785
2507	91.9213	579.701
2509	92.0055	579.527
2510	92.0477	579.525
2511	92.091	579.465
2513	92.1759	579.448
2514	92.2184	579.172
2515	92.2607	579.133
2516	92.3035	579.103
2517	92.346	579.099
2518	92.3885	579.094
2519	92.4313	579.023
2520	92.4739	578.957
2521	92.5154	578.913
2522	92.5571	578.714
2523	92.5988	577.388
2524	92.6409	577.34
2525	92.683	576.948
2527	92.7667	576.942
2528	92.8084	576.75
2529	92.8514	576.01
2530	92.896	575.958
2532	92.9823	575.892
2533	93.025	575.659
2534	93.0673	575.56
2537	93.1948	574.88
2538	93.2371	574.877
2539	93.2801	574.839
2540	93.3225	574.808
2541	93.3651	573.922
2542	93.408	573.918
2543	93.4506	573.822
2544	93.4929	573.646
2545	93.537	573.239
2546	93.5795	573.239
2550	93.7481	573.193
2551	93.7934	573.12
2553	93.8789	573.105
2554	93.9231	572.947
2555	93.967	572.669
2556	94.0119	572.659
2557	94.0568	572.172
2558	94.1018	572.088
2559	94.146	571.969
2560	94.1904	571.852
2561	94.2343	571.852
2562	94.2788	571.843
2564	94.3683	571.596
2565	94.412	571.313
2566	94.4553	571.085
2567	94.4986	570.368
2568	94.5426	570.346
2569	94.5863	570.337
2571	94.6726	570.322
2573	94.7593	570.068
2574	94.8046	570.045
2576	94.8931	570.04
2577	94.9374	569.98
2578	94.9815	569.894
2581	95.115	569.758
2583	95.2082	567.946
2584	95.2527	567.937
2585	95.2975	567.927
2586	95.3421	567.427
2587	95.3863	567.328
2588	95.4307	567.276
2589	95.4747	567.254
2590	95.5189	567.217
2591	95.5637	567.217
2592	95.6077	567.211
2593	95.6509	566.859
2594	95.6957	566.829
2595	95.7396	566.809
2596	95.7838	566.791
2597	95.8283	566.733
2598	95.873	566.63
2599	95.9169	566.574
2600	95.96	565.562
2601	96.0036	565.559
2602	96.0468	565.54
2603	96.0905	565.538
2605	96.1779	565.511
2606	96.2218	565.1
2607	96.2652	565.085
2608	96.3095	564.915
2610	96.3986	564.863
2611	96.4431	564.482
2612	96.4878	564.477
2613	96.5327	564.461
2614	96.5765	564.408
2615	96.6213	564.264
2616	96.6657	564.261
2617	96.71	564.036
2618	96.754	564.027
2621	96.8866	563.903
2622	96.9316	563.89
2627	97.1513	563.48
2628	97.1951	563.391
2629	97.2404	562.54
2630	97.2845	562.524
2633	97.42	562.514
2635	97.5116	562.376
2637	97.6003	561.411
2638	97.6449	561.201
2639	97.6892	561.042
2641	97.7765	560.797
2642	97.8201	560.788
2643	97.8648	560.788
2644	97.9099	560.661
2645	97.9539	560.634
2646	97.9978	560.554
2648	98.085	560.532
2651	98.2171	560.507
2652	98.2614	560.385
2653	98.3048	560.251
2654	98.3479	560.12
2656	98.4349	560.109
2657	98.4807	559.942
2658	98.5254	559.91
2659	98.5698	559.787
2661	98.66	559.594
2663	98.7547	559.575
2664	98.7996	559.516
2666	98.8884	558.896
2669	99.0216	558.895
2670	99.0666	557.609
2671	99.1109	557.598
2673	99.1979	557.48
2676	99.3292	557.431
2677	99.3732	557.394
2679	99.4614	557.382
2680	99.5058	557.38
2681	99.551	556.808
2682	99.595	553.449
2683	99.639	553.081
2684	99.6881	553.072
2685	99.7341	553.032
2687	99.8198	552.993
2688	99.8627	552.911
2690	99.9473	552.768
2691	99.9907	552.753
2692	100.033	552.744
2693	100.076	552.707
2694	100.12	552.702
2695	100.163	552.537
2696	100.205	552.295
2697	100.248	550.747
2699	100.333	550.438
2700	100.376	550.401
2701	100.418	550.357
2702	100.461	550.351
2703	100.503	550.313
2704	100.546	550.18
2705	100.589	550.175
2707	100.675	549.888
2708	100.718	549.872
2709	100.761	549.804
2710	100.804	549.772
2711	100.847	549.743
2713	100.933	549.739
2716	101.061	549.641
2719	101.187	549.62
2720	101.23	549.559
2721	101.272	549.386
2722	101.316	549.359
2723	101.358	549.348
2724	101.401	549.326
2725	101.444	549.174
2726	101.487	549.148
2727	101.529	548.724
2728	101.573	548.706
2729	101.615	548.648
2731	101.7	548.499
2732	101.743	548.415
2733	101.786	548.383
2734	101.83	548.027
2735	101.873	547.53
2736	101.921	547.432
2737	101.965	547.385
2738	102.008	547.351
2739	102.052	547.225
2740	102.095	547.084
2741	102.138	547.027
2743	102.225	546.975
2744	102.268	546.916
2745	102.312	546.876
2746	102.355	546.838
2747	102.398	546.826
2748	102.441	546.771
2749	102.483	546.738
2750	102.526	546.639
2751	102.571	546.511
2752	102.614	546.335
2753	102.657	546.277
2754	102.7	546.194
2755	102.743	546.188
2756	102.787	546.04
2757	102.831	545.972
2758	102.874	545.528
2759	102.917	545.24
2760	102.96	545.179
2761	103.003	545.114
2763	103.089	544.968
2764	103.133	544.949
2765	103.177	544.923
2766	103.22	544.832
2767	103.264	544.72
2769	103.349	544.223
2770	103.393	544.218
2771	103.436	544.146
2772	103.51	544.146
2773	103.573	544.132
2774	103.619	544.08
2775	103.663	544.058
2776	103.707	543.991
2777	103.75	543.985
2778	103.793	543.955
2779	103.838	543.948
2780	103.883	543.899
2781	103.927	543.886
2785	104.102	543.853
2786	104.147	543.847
2787	104.19	543.664
2788	104.234	543.565
2789	104.277	543.494
2790	104.32	543.491
2791	104.363	543.485
2792	104.406	542.833
2793	104.449	542.563
2794	104.492	542.434
2795	104.537	542.433
2796	104.58	542.045
2797	104.624	542.01
2799	104.712	541.514
2801	104.799	541.509
2802	104.842	540.878
2803	104.885	540.819
2804	104.929	540.803
2805	104.972	540.798
2806	105.017	540.797
2807	105.062	540.766
2808	105.105	540.749
2809	105.151	540.696
2810	105.194	540.417
2811	105.239	540.411
2812	105.284	540.124
2813	105.327	540.043
2814	105.371	539.99
2815	105.415	539.986
2816	105.459	539.974
2817	105.502	539.823
2818	105.546	539.814
2819	105.589	539.787
2820	105.634	539.467
2821	105.678	539.086
2822	105.721	534.388
2824	105.809	534.35
2825	105.855	534.346
2827	105.946	534.327
2828	105.992	534.314
2829	106.037	534.292
2830	106.083	534.034
2831	106.127	534.015
2832	106.173	534.013
2833	106.217	533.988
2834	106.263	533.926
2835	106.312	533.802
2836	106.358	533.765
2837	106.403	533.757
2838	106.448	533.752
2840	106.536	533.686
2841	106.58	533.576
2842	106.623	533.562
2843	106.668	533.514
2844	106.711	532.282
2845	106.755	532.28
2846	106.798	532.016
2847	106.842	531.945
2849	106.928	531.794
2850	106.971	531.789
2851	107.015	531.757
2853	107.102	531.755
2854	107.146	531.415
2856	107.233	531.394
2858	107.32	531.39
2859	107.364	531.336
2860	107.407	531.31
2861	107.45	531.274
2863	107.536	528.234
2864	107.579	528.076
2867	107.71	528.066
2868	107.754	527.949
2869	107.797	527.682
2870	107.841	527.64
2872	107.927	527.142
2873	107.971	526.949
2874	108.014	526.795
2875	108.057	526.77
2877	108.144	526.305
2879	108.231	526.29
2880	108.275	526.264
2881	108.318	525.719
2882	108.36	525.716
2883	108.404	525.678
2884	108.448	525.571
2885	108.491	525.554
2886	108.535	525.53
2887	108.58	525.53
2888	108.623	525.51
2890	108.711	525.506
2891	108.755	525.5
2893	108.843	525.294
2894	108.887	524.918
2895	108.93	524.64
2896	108.973	524.635
2897	109.017	524.28
2898	109.06	524.253
2899	109.103	523.991
2900	109.147	523.941
2901	109.19	523.938
2902	109.234	523.921
2903	109.277	523.911
2905	109.364	523.642
2906	109.407	523.628
2907	109.45	523.048
2908	109.494	523.047
2909	109.536	523.047
2910	109.58	522.994
2911	109.623	522.988
2912	109.667	522.987
2913	109.711	522.675
2914	109.754	522.649
2915	109.798	522.626
2918	109.927	522.599
2919	109.969	522.582
2920	110.012	522.573
2921	110.055	522.464
2923	110.14	521.17
2924	110.184	521.136
2926	110.269	520.785
2927	110.312	520.771
2928	110.356	520.358
2930	110.443	520.356
2931	110.487	520.355
2932	110.53	520.353
2933	110.575	520.194
2934	110.618	520.173
2935	110.661	520.155
2936	110.705	520.132
2938	110.794	519.881
2939	110.837	519.864
2940	110.881	518.439
2941	110.924	518.438
2943	111.011	518.432
2945	111.096	518.421
2946	111.139	518.366
2948	111.226	518.16
2951	111.355	517.599
2952	111.398	517.589
2953	111.441	517.566
2954	111.483	517.515
2955	111.526	517.35
2956	111.57	517.343
2957	111.613	517.129
2958	111.657	517.128
2962	111.831	517.097
2963	111.875	516.994
2964	111.948	516.958
2967	112.091	516.103
2969	112.181	515.53
2970	112.225	515.521
2973	112.357	515.516
2974	112.401	515.514
2975	112.444	515.417
2977	112.529	514.756
2978	112.573	514.637
2980	112.661	514.633
2981	112.704	514.148
2982	112.748	514.145
2983	112.791	514.144
2984	112.835	514.1
2985	112.879	514.027
2986	112.923	513.981
2987	112.968	513.957
2988	113.012	513.922
2992	113.184	513.851
2993	113.227	513.06
2994	113.27	512.97
2997	113.399	512.866
2999	113.486	512.805
3000	113.529	512.805
3001	113.574	512.748
3003	113.66	512.732
3004	113.705	512.579
3005	113.749	512.572
3006	113.793	512.522
3007	113.836	512.505
3009	113.923	512.503
3010	113.966	511.378
3013	114.097	511.354
3014	114.14	511.352
3016	114.228	511.351
3017	114.271	511.33
3019	114.356	511.327
3021	114.442	509.427
3022	114.486	504.732
3023	114.532	504.595
3024	114.595	504.517
3025	114.652	504.505
3028	114.786	504.46
3030	114.874	504.391
3031	114.918	504.383
3032	114.962	504.359
3034	115.049	504.336
3035	115.092	504.243
3036	115.14	504.148
3037	115.185	503.096
3039	115.274	503.001
3040	115.319	502.953
3041	115.362	502.906
3042	115.406	502.902
3043	115.45	502.779
3045	115.539	502.775
3047	115.626	502.701
3048	115.669	502.663
3049	115.712	502.647
3050	115.755	502.646
3051	115.799	502.624
3053	115.887	502.613
3056	116.017	502.6
3057	116.061	502.516
3058	116.104	502.351
3060	116.191	501.948
3061	116.234	501.833
3062	116.277	501.828
3064	116.365	501.819
3065	116.408	501.733
3066	116.452	501.7
3067	116.496	501.642
3068	116.539	501.641
3069	116.583	501.576
3070	116.626	501.572
3071	116.67	501.174
3072	116.714	501.101
3073	116.757	501.059
3074	116.801	500.671
3075	116.844	500.364
3076	116.888	500.284
3077	116.932	500.253
3078	116.975	500.235
3079	117.019	500.158
3080	117.062	500.053
3081	117.105	500.04
3083	117.19	499.992
3084	117.234	499.976
3085	117.278	499.943
3086	117.325	499.875
3087	117.374	499.871
3088	117.418	499.864
3089	117.462	499.673
3091	117.55	499.563
3092	117.593	499.484
3093	117.636	499.408
3094	117.68	499.396
3095	117.724	499.393
3096	117.768	499.355
3097	117.812	499.336
3098	117.856	499.108
3099	117.353	498.836
3100	117.397	498.796
3101	117.441	498.728
3103	117.528	498.645
3104	117.572	498.627
3106	117.659	498.601
3107	117.704	498.582
3108	117.747	498.27
3109	117.791	497.859
3110	117.834	497.855
3111	117.878	497.788
3112	117.922	497.786
3113	117.965	497.783
3114	118.008	497.769
3115	118.051	497.766
3116	118.094	497.725
3117	118.137	497.723
3118	118.18	497.697
3119	118.223	497.692
3120	118.267	497.659
3121	118.31	497.658
3122	118.353	497.623
3123	118.396	497.618
3125	118.482	497.608
3126	118.524	497.605
3127	118.568	497.51
3128	118.611	497.498
3129	118.653	497.407
3130	118.696	497.406
3131	118.738	497.401
3132	118.781	497.267
3133	118.823	496.993
3134	118.867	496.894
3135	118.909	496.893
3136	118.951	496.407
3137	118.999	496.403
3138	119.045	496.367
3139	119.088	496.197
3141	119.174	496.177
3142	119.217	496.098
3143	119.261	495.774
3145	119.347	495.772
3146	119.39	495.771
3149	119.517	495.746
3150	119.56	495.442
3151	119.603	495.438
3152	119.647	495.138
3153	119.689	495.055
3154	119.732	495.022
3155	119.775	495.004
3156	119.818	494.994
3157	119.861	494.84
3159	119.948	494.802
3160	119.991	494.788
3161	120.034	494.579
3162	120.078	481.865
3164	120.164	481.839
3165	120.207	481.839
3167	120.293	481.819
3168	120.337	481.742
3170	120.423	481.618
3171	120.466	481.601
3172	120.509	481.6
3173	120.552	481.572
3174	120.596	481.543
3175	120.639	481.522
3176	120.682	481.479
3177	120.725	481.478
3178	120.768	481.478
3181	120.896	481.376
3183	120.982	481.327
3184	121.024	479.667
3186	121.112	479.482
3187	121.156	479.461
3189	121.245	479.361
3191	121.333	479.323
3193	121.419	479.314
3194	121.461	479.096
3196	121.548	479.083
3197	121.591	479.058
3198	121.634	479.053
3199	121.676	479.012
3200	121.72	479.003
3201	121.764	478.992
3203	121.851	477.454
3204	121.894	477.236
3207	122.024	477.231
3208	122.068	477.14
3209	122.112	476.308
3210	122.155	476.208
3211	122.198	476.197
3212	122.242	476.129
3213	122.285	476.055
3214	122.329	475.965
3217	122.459	475.447
3218	122.502	475.447
3219	122.546	475.435
3220	122.589	475.417
3221	122.632	475.012
3222	122.675	475.011
3223	122.717	474.988
3224	122.761	474.903
3225	122.803	474.901
3226	122.846	474.889
3229	122.977	474.776
3231	123.063	474.773
3233	123.149	474.603
3234	123.192	474.471
3235	123.234	474.27
3236	123.278	474.268
3237	123.322	473.961
3238	123.367	473.957
3239	123.412	473.945
3240	123.455	473.873
3241	123.499	473.873
3242	123.542	473.861
3243	123.585	473.856
3244	123.628	473.673
3245	123.67	473.591
3246	123.713	473.573
3247	123.756	473.19
3248	123.802	473.16
3249	123.845	473.153
3253	124.017	472.902
3255	124.104	472.87
3260	124.322	472.832
3263	124.452	471.691
3264	124.496	471.669
3266	124.581	471.5
3267	124.624	471.475
3268	124.667	471.241
3269	124.709	471.237
3270	124.753	471.219
3273	124.883	470.93
3274	124.927	470.913
3275	124.971	470.905
3276	125.014	470.896
3278	125.1	470.827
3279	125.145	470.796
3281	125.233	470.795
3282	125.277	470.76
3283	125.321	470.757
3285	125.409	470.756
3288	125.542	470.657
3290	125.631	470.621
3291	125.675	470.165
3292	125.72	470.122
3293	125.765	470.078
3294	125.809	469.912
3295	125.853	469.786
3296	125.897	469.738
3297	125.941	469.586
3298	125.985	469.581
3301	126.116	469.483
3302	126.16	469.46
3303	126.203	469.435
3304	126.247	469.4
3305	126.29	469.38
3307	126.376	469.366
3308	126.42	469.252
3309	126.463	468.877
3310	126.506	468.87
3314	126.686	468.868
3315	126.729	468.712
3316	126.773	468.711
3317	126.817	468.146
3318	126.86	468.074
3320	126.948	468.034
3321	126.992	467.794
3322	127.036	467.79
3323	127.08	467.79
3324	127.124	467.696
3326	127.211	467.671
3327	127.255	467.67
3328	127.299	467.651
3329	127.344	467.626
3330	127.388	467.621
3332	127.478	467.533
3333	127.522	467.482
3334	127.565	467.228
3337	127.698	467.162
3339	127.788	466.816
3341	127.876	466.778
3342	127.92	466.771
3343	127.964	466.738
3344	128.008	466.32
3348	128.189	466.317
3349	128.234	466.264
3350	128.278	465.393
3351	128.322	465.354
3354	128.454	465.302
3357	128.584	465.28
3359	128.672	465.273
3361	128.76	464.729
3362	128.805	462.942
3363	128.848	462.876
3364	128.892	462.739
3367	129.021	462.73
3368	129.065	462.682
3370	129.152	462.655
3371	129.196	462.648
3374	129.327	462.588
3375	129.371	462.537
3376	129.415	462.487
3377	129.459	461.489
3379	129.546	461.405
3380	129.59	461.4
3381	129.633	461.361
3382	129.676	461.345
3383	129.719	461.286
3384	129.763	461.234
3387	129.894	461.18
3388	129.94	461.177
3390	130.03	461.15
3391	130.073	461.148
3395	130.25	461.143
3399	130.428	461.142
3401	130.517	461.049
3403	130.605	461.042
3404	130.648	461.037
3405	130.691	461.01
3406	130.735	460.983
3407	130.78	460.579
3408	130.825	460.572
3409	130.869	460.447
3411	130.956	460.018
3412	131.001	459.967
3413	131.045	459.95
3414	131.089	459.927
3415	131.133	459.693
3416	131.177	459.654
3417	131.221	459.624
3418	131.265	459.621
3419	131.309	459.526
3420	131.355	459.513
3421	131.399	459.505
3422	131.443	459.5
3423	131.488	459.436
3424	131.532	459.365
3425	131.576	459.351
3426	131.62	459.336
3427	131.664	459.329
3428	131.707	459.315
3429	131.751	459.279
3430	131.794	459.202
3431	131.839	459.103
3432	131.883	458.953
3433	131.926	458.906
3434	131.971	458.905
3435	132.015	458.903
3436	132.059	458.874
3439	132.197	458.68
3440	132.242	458.648
3441	132.287	458.591
3443	132.376	458.369
3444	132.421	458.318
3445	132.465	458.311
3446	132.51	458.283
3447	132.554	458.179
3449	132.641	457.645
3451	132.729	457.582
3452	132.773	457.58
3453	132.818	457.553
3454	132.863	457.54
3455	132.908	457.375
3456	132.953	457.295
3458	133.04	457.181
3460	133.127	457.162
3461	133.17	457.129
3462	133.214	457.124
3464	133.302	457.074
3465	133.346	457.059
3466	133.391	457.056
3467	133.435	456.994
3468	133.48	456.989
3469	133.524	456.917
3470	133.568	456.915
3471	133.613	456.914
3472	133.657	456.774
3473	133.702	456.62
3474	133.746	456.578
3475	133.79	456.577
3476	133.834	456.221
3479	133.966	456.214
3480	134.011	456.182
3481	134.056	456.181
3482	134.1	456.13
3483	134.146	456.083
3486	134.285	456.082
3487	134.331	456.052
3489	134.426	456.035
3490	134.472	455.769
3491	134.519	455.768
3492	134.565	455.592
3493	134.611	455.543
3494	134.658	455.516
3495	134.703	455.51
3496	134.749	455.488
3497	134.795	455.384
3498	134.841	455.377
3499	134.887	455.356
3500	134.933	455.341
3501	134.978	455.104
3502	135.024	453.091
3503	135.069	453.086
3504	135.114	453.041
3507	135.25	453.04
3508	135.295	452.824
3509	135.341	452.82
3511	135.432	452.766
3512	135.479	452.765
3513	135.526	452.741
3514	135.572	452.702
3515	135.618	452.698
3516	135.664	452.665
3517	135.711	452.661
3518	135.757	452.66
3519	135.803	452.658
3521	135.895	452.584
3522	135.94	452.556
3523	135.987	452.529
3524	136.032	452.424
3526	136.125	452.225
3527	136.171	452.195
3529	136.263	452.1
3531	136.353	452.086
3533	136.446	451.966
3534	136.492	451.806
3536	136.629	451.794
3538	136.735	451.79
3539	136.781	451.77
3540	136.827	451.719
3541	136.874	451.666
3542	136.92	451.657
3543	136.966	451.387
3544	137.012	451.316
3546	137.103	451.292
3547	137.148	451.286
3548	137.194	451.28
3549	137.241	451.075
3550	137.286	450.989
3552	137.376	450.944
3553	137.422	450.603
3554	137.467	450.532
3555	137.512	450.509
3557	137.605	450.061
3559	137.698	450.046
3560	137.744	450.028
3561	137.79	449.874
3562	137.836	449.874
3563	137.882	449.856
3564	137.929	449.821
3565	137.975	449.81
3566	138.021	449.658
3567	138.067	449.622
3568	138.113	449.609
3569	138.158	449.575
3571	138.25	449.573
3572	138.296	449.561
3573	138.341	449.243
3575	138.432	449.063
3576	138.477	449.061
3577	138.523	448.837
3579	138.614	448.828
3580	138.658	448.783
3581	138.701	448.781
3582	138.745	448.776
3583	138.791	448.776
3585	138.88	448.571
3586	138.924	448.558
3587	138.97	448.387
3588	139.018	448.379
3593	139.24	448.336
3594	139.284	448.332
3599	139.502	448.328
3600	139.547	448.322
3601	139.591	448.248
3603	139.679	447.18
3604	139.723	447.159
3606	139.811	446.953
3607	139.855	446.938
3608	139.9	446.818
3609	139.944	446.793
3610	139.987	446.779
3613	140.119	446.589
3614	140.163	446.531
3615	140.207	446.52
3616	140.25	446.483
3618	140.338	446.434
3619	140.382	446.396
3620	140.426	446.367
3622	140.515	446.357
3626	140.693	446.301
3627	140.738	446.297
3628	140.782	446.235
3629	140.827	446.227
3630	140.872	446.215
3631	140.916	445.287
3635	141.09	445.164
3636	141.135	445.152
3637	141.18	445.024
3638	141.228	445.016
3639	141.273	445.016
3642	141.406	444.981
3645	141.538	444.963
3647	141.627	444.691
3648	141.671	444.608
3649	141.716	444.445
3650	141.76	444.444
3653	141.895	444.44
3654	141.94	444.44
3655	141.985	444.295
3657	142.073	443.97
3661	142.25	443.687
3662	142.294	443.686
3663	142.338	443.685
3664	142.381	443.633
3666	142.468	443.561
3667	142.512	443.443
3668	142.556	443.353
3669	142.601	443.307
3670	142.645	443.302
3672	142.734	443.235
3673	142.778	443.216
3674	142.823	443.208
3676	142.911	443.198
3677	142.956	443.154
3679	143.043	443.129
3680	143.088	443.126
3681	143.133	443.075
3682	143.177	443.064
3683	143.221	443.014
3684	143.266	442.912
3685	143.311	442.911
3686	143.356	442.91
3688	143.45	442.908
3689	143.495	442.898
3690	143.54	442.056
3692	143.628	442.044
3696	143.806	442.043
3697	143.851	442.04
3699	143.94	442.035
3700	143.984	442.007
3701	144.028	441.253
3702	144.073	439.263
3703	144.116	439.112
3706	144.247	438.983
3707	144.291	438.97
3708	144.335	438.878
3710	144.424	438.856
3712	144.513	438.845
3713	144.558	438.842
3715	144.645	438.835
3716	144.69	438.801
3717	144.734	437.448
3719	144.823	437.425
3720	144.868	437.421
3721	144.912	437.407
3723	145.001	437.404
3725	145.09	437.389
3726	145.133	437.388
3727	145.178	437.366
3728	145.223	437.341
3729	145.267	437.331
3730	145.312	437.318
3731	145.357	437.31
3738	145.685	437.308
3739	145.733	437.303
3741	145.823	437.226
3743	145.913	437.22
3744	145.959	437.21
3745	146.003	437.157
3746	146.048	437.135
3747	146.092	437.116
3748	146.136	437.11
3751	146.269	436.957
3752	146.314	436.891
3753	146.359	436.877
3754	146.403	436.825
3755	146.448	436.822
3757	146.536	436.815
3759	146.624	436.705
3760	146.668	436.704
3761	146.713	436.691
3762	146.758	436.69
3763	146.803	436.638
3764	146.847	436.578
3765	146.892	436.523
3766	146.937	436.509
3767	146.981	436.508
3768	147.026	436.498
3769	147.072	436.471
3771	147.162	436.391
3772	147.207	436.358
3773	147.251	436.322
3774	147.296	436.312
3775	147.341	436.307
3776	147.386	436.286
3777	147.431	436.27
3778	147.476	436.183
3779	147.521	436.057
3780	147.565	436.048
3781	147.609	436.009
3783	147.698	435.934
3784	147.742	435.812
3786	147.832	435.789
3787	147.878	435.76
3788	147.922	435.748
3789	147.967	435.595
3791	148.056	435.551
3792	148.1	435.551
3793	148.145	435.539
3794	148.188	435.52
3795	148.234	435.514
3796	148.279	435.076
3797	148.323	435.075
3798	148.368	435.055
3800	148.456	435.044
3802	148.547	435.019
3803	148.592	435.01
3804	148.636	434.967
3805	148.68	434.956
3807	148.769	434.856
3808	148.813	434.851
3809	148.857	434.761
3811	148.945	434.757
3812	148.989	434.75
3813	149.034	434.585
3814	149.077	434.563
3815	149.121	434.563
3816	149.165	434.29
3819	149.297	434.138
3821	149.385	434.136
3826	149.124	434.136
3827	149.169	434.129
3829	149.258	434.1
3830	149.302	433.841
3831	149.347	433.837
3832	149.391	433.714
3833	149.437	433.669
3834	149.482	433.647
3835	149.526	433.642
3836	149.573	433.638
3837	149.618	433.524
3838	149.662	433.509
3839	149.707	433.487
3840	149.752	433.474
3841	149.797	433.391
3842	149.842	432.796
3843	149.886	432.795
3844	149.93	432.765
3846	150.018	432.759
3847	150.062	432.746
3851	150.237	432.74
3852	150.282	432.739
3853	150.325	432.72
3854	150.37	432.706
3855	150.414	432.703
3856	150.458	432.665
3857	150.503	432.657
3858	150.549	432.656
3861	150.682	432.604
3862	150.726	432.602
3863	150.77	432.553
3864	150.815	432.544
3865	150.859	432.544
3866	150.904	432.387
3867	150.948	432.342
3869	151.036	432.282
3871	151.125	432.274
3872	151.169	432.27
3873	151.213	432.266
3874	151.256	432.115
3876	151.346	432.112
3878	151.435	432.109
3879	151.479	432.097
3881	151.566	432.084
3882	151.61	432.062
3883	151.653	431.754
3884	151.697	431.735
3885	151.742	431.669
3886	151.789	431.652
3887	151.833	431.649
3888	151.878	430.994
3889	151.922	430.751
3890	151.966	430.71
3893	152.1	430.37
3894	152.145	430.298
3895	152.189	430.279
3897	152.279	429.912
3898	152.323	429.911
3899	152.367	429.907
3900	152.411	429.905
3901	152.456	429.803
3902	152.5	429.802
3904	152.587	429.785
3905	152.632	429.777
3907	152.721	429.776
3908	152.765	429.761
3909	152.81	429.727
3911	152.899	429.719
3912	152.943	429.714
3913	152.987	429.593
3914	153.03	429.473
3915	153.074	429.317
3916	153.117	429.314
3917	153.161	429.152
3919	153.248	429.141
3920	153.293	429.128
3921	153.337	429.128
3922	153.381	429.126
3923	153.425	429.123
3924	153.469	429.064
3925	153.513	428.852
3927	153.599	428.765
3928	153.644	428.748
3929	153.688	428.746
3931	153.777	428.744
3933	153.866	428.655
3934	153.91	428.65
3938	154.09	428.647
3939	154.135	428.643
3940	154.179	428.629
3942	154.268	428.619
3943	154.313	428.036
3944	154.356	428.016
3945	154.401	428.003
3946	154.446	427.907
3948	154.535	427.853
3949	154.58	427.842
3950	154.624	427.816
3952	154.712	427.814
3953	154.756	427.703
3954	154.8	427.684
3955	154.844	427.678
3958	154.976	427.668
3962	155.153	427.662
3966	155.328	427.633
3967	155.372	427.613
3968	155.416	427.565
3969	155.46	427.536
3970	155.505	427.53
3971	155.549	427.24
3972	155.594	427.239
3973	155.639	427.224
3975	155.728	427.116
3976	155.772	427.094
3977	155.817	427.012
3978	155.861	427.008
3983	156.082	426.808
3985	156.178	426.806
3986	156.222	426.804
3987	156.267	426.738
3989	156.356	426.433
3993	156.534	426.408
3995	156.624	426.33
3997	156.713	426.076
4000	156.846	426.071
4001	156.89	425.745
4002	156.934	425.742
4003	156.979	425.741
4004	157.024	425.703
4006	157.112	425.699
4007	157.158	425.674
4008	157.202	425.555
4012	157.38	425.515
4013	157.425	425.469
4014	157.469	425.459
4015	157.514	425.395
4016	157.558	425.38
4017	157.602	425.001
4019	157.69	424.982
4020	157.734	424.98
4023	157.866	424.951
4024	157.91	424.926
4025	157.955	424.926
4028	158.087	424.897
4029	158.13	424.892
4030	158.174	424.408
4036	158.444	424.406
4040	158.636	424.387
4041	158.682	423.888
4042	158.728	421.023
4044	158.82	421.021
4046	158.912	420.628
4047	158.957	420.596
4048	159.003	420.576
4050	159.096	420.575
4053	159.234	420.565
4054	159.279	420.476
4055	159.325	420.106
4056	159.372	420.086
4057	159.419	419.154
4059	159.511	419.121
4060	159.558	419.116
4061	159.604	419.106
4063	159.697	419.008
4066	159.835	419.003
4067	159.882	419
4068	159.928	418.972
4069	159.974	418.946
4070	160.02	418.941
4075	160.252	418.925
4080	160.481	418.89
4081	160.528	418.846
4083	160.629	418.842
4084	160.677	418.823
4085	160.725	418.8
4086	160.772	418.786
4087	160.819	418.165
4088	160.866	418.163
4089	160.918	418.152
4090	160.993	418.144
4091	161.044	418.055
4092	161.09	418.021
4093	161.136	417.998
4094	161.183	417.944
4095	161.23	417.892
4097	161.321	417.841
4099	161.413	417.793
4100	161.458	417.747
4102	161.551	417.745
4103	161.597	417.716
4104	161.644	417.645
4105	161.69	417.601
4106	161.737	417.584
4108	161.828	417.578
4109	161.875	417.544
4111	161.966	417.464
4112	162.013	417.427
4113	162.059	417.409
4114	162.105	417.383
4115	162.151	417.379
4116	162.197	417.364
4117	162.242	417.346
4118	162.289	417.287
4119	162.334	417.156
4120	162.38	417.147
4121	162.425	417.082
4123	162.515	417.051
4124	162.562	416.954
4126	162.655	416.618
4127	162.702	416.578
4129	162.793	416.477
4130	162.838	416.475
4131	162.886	416.448
4132	162.935	416.446
4133	162.982	416.396
4136	163.12	416.374
4138	163.214	416.354
4140	163.304	416.346
4141	163.35	416.331
4143	163.439	416.312
4144	163.485	416.193
4145	163.53	416.188
4146	163.575	416.188
4147	163.619	416.13
4148	163.664	416.121
4149	163.708	416.057
4151	163.799	416.051
4153	163.888	415.931
4154	163.933	415.913
4155	163.977	415.912
4156	164.022	415.685
4159	164.156	415.594
4160	164.2	415.582
4161	164.244	415.58
4162	164.288	415.525
4163	164.333	415.49
4166	164.466	415.49
4167	164.51	415.488
4169	164.599	415.487
4170	164.644	415.251
4171	164.689	415.239
4172	164.733	414.803
4173	164.777	414.764
4174	164.822	414.722
4175	164.867	414.716
4176	164.911	414.715
4177	164.956	414.632
4179	165.045	414.613
4180	165.09	414.607
4181	165.137	414.533
4182	165.185	414.372
4184	165.275	414.356
4186	165.364	414.347
4187	165.408	414.339
4188	165.452	414.328
4189	165.496	414.321
4191	165.585	414.318
4192	165.63	414.318
4193	165.675	414.302
4195	165.764	414.22
4196	165.808	414.19
4197	165.854	414.188
4199	165.943	414.187
4201	166.031	414.147
4202	166.075	414.135
4203	166.12	414.116
4204	166.166	414.111
4205	166.212	414.11
4206	166.256	414.001
4207	166.301	413.952
4209	166.389	413.927
4210	166.433	413.924
4211	166.477	413.918
4213	166.566	413.918
4214	166.611	413.786
4215	166.656	413.783
4216	166.702	413.77
4218	166.791	413.769
4219	166.835	413.749
4221	166.925	413.747
4222	166.969	413.746
4223	167.014	413.497
4224	167.058	413.475
4227	167.192	413.468
4228	167.236	413.446
4229	167.28	413.038
4230	167.328	412.984
4231	167.378	412.975
4232	167.423	412.972
4233	167.468	412.756
4234	167.512	412.716
4235	167.557	412.703
4237	167.647	412.197
4239	167.738	412.192
4240	167.783	412.183
4241	167.828	412.155
4242	167.872	412.153
4243	167.917	412.15
4244	167.961	412.131
4245	168.006	412.13
4246	168.05	412.102
4247	168.094	412.098
4249	168.183	411.998
4251	168.273	411.996
4253	168.361	411.981
4255	168.449	411.806
4257	168.537	411.658
4258	168.581	411.645
4259	168.626	411.642
4260	168.671	411.632
4261	168.716	411.63
4262	168.761	411.626
4263	168.807	411.621
4264	168.851	411.59
4265	168.896	411.436
4267	168.985	411.373
4268	169.03	411.365
4269	169.073	411.364
4270	169.117	411.364
4271	169.163	411.363
4273	169.252	411.291
4274	169.296	411.289
4278	169.473	411.263
4283	169.702	410.794
4284	169.747	410.777
4285	169.792	410.773
4286	169.837	410.691
4287	169.881	410.681
4288	169.926	410.662
4289	169.971	410.66
4292	170.104	410.659
4293	170.148	410.493
4295	170.238	410.489
4298	170.373	410.482
4303	170.599	410.476
4304	170.644	410.471
4306	170.734	410.437
4307	170.779	410.43
4308	170.824	410.398
4310	170.913	410.397
4311	170.958	410.094
4312	171.003	410.092
4315	171.136	410.017
4316	171.18	410.016
4317	171.225	409.973
4319	171.314	409.972
4320	171.359	409.931
4322	171.449	409.929
4323	171.493	409.837
4327	171.673	409.834
4328	171.718	409.824
4329	171.763	409.785
4333	171.946	409.767
4335	172.035	409.748
4337	172.125	409.713
4338	172.17	409.7
4341	172.306	409.397
4343	172.396	409.396
4344	172.44	409.234
4345	172.485	409.221
4346	172.53	409.199
4347	172.574	409.159
4348	172.619	409.032
4350	172.708	408.999
4352	172.798	408.97
4353	172.843	408.967
4354	172.887	408.957
4355	172.932	408.934
4357	173.022	408.877
4358	173.067	408.87
4359	173.112	408.839
4361	173.202	408.833
4362	173.246	408.821
4363	173.291	408.804
4364	173.336	408.653
4365	173.382	408.642
4368	173.516	408.636
4369	173.56	408.635
4370	173.604	408.036
4373	173.739	408.021
4376	173.873	408.021
4377	173.917	408.019
4380	174.057	408.004
4381	174.101	407.839
4382	174.146	407.342
4386	174.326	407.249
4387	174.371	407.239
4389	174.46	407.231
4390	174.505	407.219
4393	174.638	407.213
4394	174.682	407.169
4395	174.728	406.829
4396	174.773	406.805
4397	174.818	406.178
4399	174.907	406.172
4401	174.995	406.164
4403	175.085	406.11
4405	175.173	406.014
4407	175.261	405.997
4411	175.438	405.995
4415	175.617	405.911
4418	175.751	405.903
4419	175.795	405.885
4421	175.884	405.834
4422	175.928	405.822
4423	175.973	405.822
4424	176.018	405.809
4425	176.062	405.79
4426	176.107	405.777
4427	176.152	405.759
4428	176.197	405.756
4430	176.288	405.706
4431	176.332	405.576
4432	176.379	405.531
4433	176.424	405.512
4434	176.47	405.502
4435	176.516	405.379
4436	176.56	405.357
4437	176.605	405.342
4438	176.649	405.29
4439	176.695	405.253
4440	176.739	405.155
4441	176.783	405.143
4443	176.872	405.134
4444	176.917	405.11
4445	176.961	405.093
4446	177.005	405.088
4448	177.095	405.083
4449	177.139	405.071
4451	177.228	404.998
4452	177.273	404.964
4453	177.318	404.869
4454	177.362	404.869
4455	177.407	404.868
4456	177.451	404.859
4457	177.495	404.856
4459	177.584	404.745
4460	177.628	404.734
4461	177.672	404.685
4463	177.761	404.534
4464	177.805	404.481
4466	177.893	404.47
4467	177.939	404.447
4469	178.029	404.277
4470	178.074	404.27
4471	178.119	404.25
4473	178.207	404.244
4474	178.251	404.205
4475	178.296	404.201
4476	178.339	404.144
4477	178.384	404.138
4478	178.431	404.137
4480	178.52	404.13
4481	178.565	404.127
4482	178.61	404.122
4483	178.654	404.112
4485	178.742	404.106
4486	178.787	404.106
4487	178.831	404.101
4488	178.876	404.098
4489	178.921	404.045
4490	178.965	404.044
4492	179.055	404.044
4493	179.099	403.991
4494	179.144	403.968
4495	179.188	403.968
4496	179.232	403.816
4497	179.277	403.8
4498	179.322	403.776
4500	179.411	403.766
4501	179.456	403.766
4502	179.501	403.678
4503	179.546	403.653
4505	179.636	403.652
4506	179.681	403.651
4507	179.726	403.65
4508	179.771	403.63
4509	179.815	403.589
4510	179.86	403.383
4511	179.905	403.374
4512	179.95	403.154
4513	179.994	403.113
4514	180.038	402.831
4515	180.083	402.827
4516	180.126	402.804
4517	180.17	402.712
4518	180.214	402.709
4519	180.258	402.705
4522	180.39	402.429
4523	180.435	402.428
4524	180.479	402.424
4525	180.524	402.424
4526	180.569	402.409
4527	180.618	402.405
4530	180.755	402.385
4531	180.8	402.384
4532	180.845	402.384
4533	180.89	402.332
4535	180.979	402.331
4536	181.024	402.317
4538	181.114	402.316
4541	181.248	402.275
4543	181.337	402.259
4544	180.837	402.252
4545	180.883	402.251
4546	180.928	402.144
4547	180.972	402.108
4549	181.062	402.02
4551	181.155	402.002
4554	181.29	401.919
4556	181.379	401.91
4558	181.468	401.908
4559	181.512	401.88
4561	181.6	401.85
4562	181.644	401.843
4563	181.688	401.827
4564	181.732	401.803
4565	181.777	401.776
4567	181.865	401.768
4569	181.954	401.46
4570	181.999	401.44
4573	182.131	401.244
4574	182.175	401.191
4575	182.219	401.178
4577	182.317	400.805
4578	182.362	400.804
4579	182.408	400.799
4580	182.452	400.785
4581	182.497	400.731
4582	182.542	400.731
4583	182.586	400.726
4584	182.629	400.721
4585	182.674	400.599
4586	182.718	400.559
4587	182.762	400.555
4589	182.851	400.489
4593	183.027	400.448
4595	183.116	400.334
4597	183.204	400.182
4598	183.247	400.171
4599	183.292	400.165
4600	183.336	399.97
4601	183.38	399.968
4602	183.425	399.956
4603	183.469	399.955
4605	183.557	399.694
4606	183.601	399.693
4607	183.645	399.605
4609	183.733	399.604
4610	183.778	399.598
4611	183.822	399.596
4612	183.865	399.595
4613	183.91	399.548
4614	183.954	399.54
4615	183.998	399.536
4616	184.043	399.535
4617	184.087	399.517
4618	184.131	399.476
4620	184.219	399.462
4622	184.308	399.116
4623	184.352	398.848
4624	184.396	398.843
4625	184.44	398.832
4626	184.486	398.78
4627	184.531	398.72
4628	184.575	398.717
4629	184.62	398.715
4630	184.664	398.706
4633	184.798	398.611
4634	184.842	398.598
4635	184.887	398.597
4637	184.976	398.578
4638	185.023	398.538
4639	185.067	398.535
4640	185.111	398.535
4643	185.243	398.532
4646	185.376	397.984
4647	185.42	397.957
4648	185.464	397.924
4649	185.507	397.921
4651	185.596	397.743
4652	185.64	397.742
4654	185.728	397.742
4655	185.773	397.617
4657	185.86	397.583
4658	185.904	397.581
4663	186.126	397.557
4665	186.216	397.542
4667	186.305	397.54
4673	186.57	397.516
4675	186.661	397.513
4677	186.75	397.394
4680	186.883	397.386
4681	186.928	397.275
4683	187.015	397.275
4684	187.058	397.271
4685	187.102	397.268
4686	187.146	397.267
4687	187.19	397.246
4688	187.233	397.153
4692	187.411	397.129
4693	187.456	397.113
4694	187.5	397.095
4696	187.587	397.089
4697	187.632	397.069
4698	187.677	397.059
4699	187.721	397.053
4701	187.81	396.958
4702	187.853	396.938
4703	187.898	396.929
4704	187.943	396.912
4705	187.987	396.905
4707	188.075	396.877
4708	188.118	396.876
4709	188.162	396.872
4710	188.206	396.484
4716	188.477	396.484
4720	188.655	396.472
4721	188.699	396.346
4722	188.743	396.152
4724	188.835	395.833
4726	188.927	395.753
4727	188.972	395.558
4729	189.059	395.552
4730	189.103	395.541
4731	189.147	395.539
4733	189.235	395.524
4734	189.28	395.5
4735	189.324	395.372
4736	189.369	395.357
4737	189.414	394.627
4739	189.504	394.612
4740	189.602	394.608
4743	189.751	394.574
4745	189.84	394.388
4747	189.931	394.284
4748	189.975	394.276
4751	190.109	394.235
4761	190.565	394.223
4762	190.612	394.215
4764	190.705	394.208
4765	190.751	394.189
4766	190.798	394.164
4767	190.843	394.149
4768	190.887	394.148
4769	190.932	394.099
4770	190.977	394.093
4771	191.023	393.934
4772	191.07	393.909
4773	191.115	393.903
4774	191.161	393.885
4778	191.342	393.859
4779	191.387	393.835
4782	191.52	393.835
4783	191.564	393.828
4784	191.609	393.777
4785	191.653	393.777
4786	191.698	393.772
4787	191.743	393.771
4788	191.789	393.747
4789	191.834	393.736
4790	191.879	393.733
4791	191.923	393.616
4792	191.968	393.596
4793	192.012	393.551
4794	192.056	393.542
4795	192.1	393.542
4796	192.145	393.532
4797	192.189	393.516
4799	192.277	393.397
4800	192.323	393.396
4801	192.367	393.349
4803	192.457	393.254
4804	192.502	393.216
4805	192.546	393.211
4806	192.59	393.203
4807	192.634	393.183
4808	192.679	393.173
4809	192.723	393.102
4810	192.768	393.1
4811	192.812	393.084
4812	192.858	393.083
4815	192.992	393.082
4816	193.038	393.08
4817	193.082	392.985
4818	193.126	392.977
4820	193.217	392.971
4821	193.267	392.968
4824	193.403	392.61
4825	193.448	392.605
4826	193.493	392.604
4827	193.539	392.579
4828	193.584	392.578
4829	193.629	392.563
4833	193.808	392.526
4834	193.853	392.476
4835	193.898	392.476
4836	193.942	392.306
4839	194.078	392.28
4841	194.168	392.278
4842	194.212	392.219
4843	194.257	392.161
4844	194.302	392.156
4845	194.347	392.153
4847	194.436	392.153
4848	194.481	392.118
4849	194.526	392.107
4850	194.57	391.951
4851	194.615	391.95
4852	194.66	391.843
4853	194.705	391.794
4854	194.75	391.534
4855	194.795	391.529
4856	194.841	391.517
4857	194.886	391.453
4858	194.929	391.445
4859	194.974	391.373
4860	195.019	391.373
4861	195.064	391.348
4862	195.109	391.144
4863	195.154	391.144
4864	195.199	391.109
4866	195.289	391.079
4867	195.333	390.963
4869	195.424	390.962
4870	195.471	390.924
4871	195.517	390.923
4873	195.609	390.86
4874	195.654	390.842
4875	195.699	390.824
4876	195.744	390.799
4877	195.789	390.799
4881	195.968	390.781
4882	196.012	390.768
4883	196.057	390.746
4884	196.101	390.74
4885	196.146	390.739
4886	196.191	390.626
4887	196.235	390.608
4889	196.324	390.59
4891	196.415	390.568
4893	196.505	390.563
4894	196.55	390.51
4896	196.638	390.508
4898	196.727	390.507
4899	196.772	390.485
4900	196.817	390.484
4901	196.862	390.465
4902	196.907	390.461
4903	196.952	390.45
4904	196.996	390.441
4905	197.041	390.406
4907	197.13	390.404
4909	197.219	390.166
4910	197.263	390.162
4912	197.351	390.141
4913	197.396	389.924
4914	197.441	389.912
4915	197.485	389.894
4917	197.575	389.568
4918	197.619	389.563
4919	197.667	389.557
4920	197.713	389.554
4921	197.759	389.052
4924	197.894	389.043
4925	197.939	389.04
4926	197.984	389.036
4927	198.028	389.033
4928	198.073	389.031
4929	198.118	389.014
4933	198.297	388.891
4934	198.342	388.76
4935	198.387	388.675
4936	198.433	388.675
4937	198.478	388.5
4939	198.567	388.498
4940	198.613	388.343
4941	198.659	388.343
4942	198.705	388.328
4944	198.799	388.315
4945	198.845	388.034
4947	198.939	388.011
4949	199.033	388.011
4951	199.124	388.01
4952	199.17	387.998
4953	199.216	387.987
4954	199.261	387.98
4958	199.445	387.947
4960	199.537	387.946
4962	199.63	387.934
4963	199.676	387.7
4964	199.722	387.697
4967	199.86	387.637
4970	200.004	387.635
4973	200.143	386.983
4974	200.19	386.98
4975	200.236	386.976
4978	200.373	386.968
4979	200.418	386.968
4982	200.557	386.966
4986	200.741	386.9
4987	200.787	386.88
4988	200.834	386.78
4989	200.88	386.773
4990	200.927	386.649
4991	200.973	386.508
4992	201.02	386.503
4994	201.112	386.501
4995	201.158	386.394
4996	201.205	386.391
4997	201.251	386.358
4998	201.297	386.356
5000	201.388	386.348
# FIN	201.388	386.348

