# target=instancias/klimt.png T=340 iters=5000 K=32 seed=auto
iter	segundos	MSE
0	0.00398711	7305.19
1	0.0327337	7287.47
2	0.0600883	7284.82
3	0.0872076	7281.06
4	0.117461	7273.83
5	0.144538	7261.06
6	0.170508	7256.5
7	0.195704	7252.84
8	0.221991	7233.36
9	0.247878	7229.1
10	0.274103	7195.46
11	0.301125	7158.83
12	0.332524	7158.83
13	0.357691	7154.91
14	0.382838	7146.55
15	0.408969	7137.79
16	0.438716	7123.96
17	0.472131	7093.24
18	0.508315	7092.93
19	0.547093	7092.22
20	0.573494	7091.67
21	0.600189	7088.51
22	0.626827	7067.42
23	0.653837	7060.56
24	0.68484	7059.06
25	0.712246	7051.01
26	0.740105	7042.75
27	0.77011	7031.53
28	0.797672	7030.31
29	0.826583	7021.98
30	0.855397	6947.13
31	0.882706	6947.03
32	0.909825	6924.24
33	0.936822	6916.43
34	0.963842	6872.93
35	0.989878	6858.28
36	1.02124	6845.08
37	1.04961	6827.14
38	1.08369	6826.87
39	1.10959	6770.82
40	1.13754	6755.8
41	1.16561	6755.1
42	1.19243	6740.49
43	1.22508	6734.16
44	1.25282	6712.94
45	1.28188	6699.28
46	1.31411	6686.9
47	1.34432	6647.04
48	1.37682	6636.51
49	1.40593	6635.36
50	1.43428	6635.07
51	1.4629	6606.85
52	1.49044	6601.5
53	1.51849	6593.48
54	1.54633	6579.49
55	1.57566	6566.86
56	1.60255	6561.94
57	1.629	6554.38
58	1.65801	6548.36
59	1.68589	6542.92
60	1.71327	6541.14
61	1.73998	6527.21
62	1.76721	6482.25
63	1.79556	6478.22
64	1.83082	6446.43
65	1.85844	6416.62
66	1.88627	6408.95
67	1.91439	6408.7
68	1.94359	6407.75
69	1.97127	6397.38
70	2.00149	6365.99
71	2.03683	6362.47
72	2.06817	6348.17
73	2.10192	6282.16
74	2.12924	6275.19
75	2.15955	6271.85
76	2.18739	6271.44
77	2.21752	6271.11
78	2.24507	6243.8
79	2.28034	6182.93
80	2.31125	6131.23
81	2.33899	6120.87
82	2.36778	6111.49
83	2.39875	6106.1
84	2.42688	6099.44
85	2.45552	6088.7
86	2.48418	6071.71
87	2.51151	6070.04
88	2.53855	6069.73
89	2.56806	6029.31
90	2.59977	6000.65
91	2.62871	5982.55
92	2.66363	5961.87
93	2.69558	5961.82
94	2.72402	5958.7
95	2.75399	5956.64
96	2.78301	5936.64
97	2.81126	5931.01
98	2.83945	5929.56
99	2.86717	5928.13
100	2.89448	5928.09
101	2.92237	5925.26
102	2.95084	5921.91
103	2.97998	5920.77
104	3.00925	5915.47
105	3.03677	5893.69
106	3.06628	5883.01
107	3.09506	5870.01
108	3.1296	5857.95
109	3.15709	5856.36
110	3.18671	5844.75
111	3.22199	5836.14
112	3.25083	5831.07
113	3.27944	5821.58
114	3.31372	5814.89
115	3.34347	5789.74
116	3.37241	5764.08
117	3.40524	5761
118	3.44226	5753.56
119	3.47101	5738.89
120	3.50753	5728.53
121	3.5356	5722.46
122	3.56358	5667.48
123	3.59488	5657.75
124	3.62594	5644.7
125	3.65547	5636.41
126	3.6855	5634.45
127	3.71908	5608.58
128	3.74863	5608.54
129	3.77818	5593.73
130	3.80762	5565.33
131	3.83625	5544.72
132	3.86507	5527.22
133	3.89479	5527.21
134	3.92364	5519.95
135	3.95213	5506.43
136	3.98431	5501.01
137	4.01593	5493.9
138	4.04657	5483.64
139	4.07573	5480.05
140	4.10619	5480
141	4.1349	5433.24
142	4.16679	5432.63
143	4.19727	5429.82
144	4.23207	5428.62
145	4.26101	5424.43
146	4.29092	5409.08
147	4.32063	5404.28
148	4.34925	5402.92
149	4.37994	5361.19
150	4.40966	5356.64
151	4.44132	5352.83
152	4.47473	5347.81
153	4.50873	5347.35
154	4.54385	5347.26
155	4.57975	5341.31
156	4.60991	5326.48
157	4.63873	5307.27
158	4.6675	5306.15
159	4.69691	5252.12
160	4.72688	5249.81
161	4.75644	5234.72
162	4.78877	5231.85
163	4.81855	5224.14
164	4.85198	5219.42
165	4.88122	5207.67
166	4.91202	5206.14
167	4.94205	5204.84
168	4.97327	5195.77
169	5.00949	5195.64
170	5.03906	5194.92
171	5.07344	5185.06
172	5.10734	5184.15
173	5.13778	5174.78
174	5.16738	5165.48
175	5.20114	5150.08
176	5.23671	5150.01
177	5.26947	5148.86
178	5.30905	5147.21
179	5.34019	5125.2
180	5.37164	5123.21
181	5.40428	5087.66
182	5.44048	5081.99
183	5.47601	5080.33
184	5.51127	5078.43
185	5.54205	5073.33
186	5.57142	5065.53
187	5.60078	5044.2
188	5.63862	5036.53
189	5.67265	5036.07
190	5.7019	5031.15
191	5.73351	5024.67
192	5.76556	5005.12
193	5.80354	5000.05
194	5.84227	4992.21
195	5.88088	4979.21
196	5.9195	4974.85
197	5.95023	4955.03
198	5.98988	4955.01
199	6.02125	4954.13
200	6.06204	4928.9
201	6.09813	4926.58
202	6.13009	4872.05
203	6.16262	4847.62
204	6.19224	4841.79
205	6.22435	4840.07
206	6.2547	4806.84
207	6.29356	4765.1
208	6.32854	4764.95
209	6.36181	4764.21
210	6.39295	4761.08
211	6.42628	4759.6
212	6.46335	4721.89
213	6.49687	4720.7
214	6.53044	4699.15
215	6.56216	4672.57
216	6.59433	4671.84
217	6.6299	4667.49
218	6.67136	4620.3
219	6.7153	4619.39
220	6.74531	4617.33
221	6.77584	4601.25
222	6.8116	4596.59
223	6.84682	4543.02
224	6.87961	4540.29
225	6.91107	4538.07
226	6.94271	4535.92
227	6.9743	4533.66
228	7.00835	4528.28
229	7.04475	4524.33
230	7.08117	4523.98
231	7.1149	4520.51
232	7.1489	4487.83
233	7.17985	4486.43
234	7.21175	4442.16
235	7.24356	4439.28
236	7.27477	4438.07
237	7.31444	4431.77
238	7.35085	4395.31
239	7.38195	4391.88
240	7.41679	4379.93
241	7.4486	4377.37
242	7.48161	4374.45
243	7.51634	4348.83
244	7.55419	4346.32
245	7.58548	4345.19
246	7.62516	4344.55
247	7.65895	4332.16
248	7.69137	4322.89
249	7.72408	4317.86
250	7.75664	4309.5
251	7.78994	4268.99
252	7.83109	4267.84
253	7.86307	4258.15
254	7.89347	4255.92
255	7.92827	4251.74
256	7.9616	4247.31
257	7.99235	4239.73
258	8.02284	4225.81
259	8.05328	4219.99
260	8.09012	4219.36
261	8.12623	4219.06
262	8.15919	4208.95
263	8.19442	4205.59
264	8.22712	4198.73
265	8.25895	4198.57
266	8.29096	4197.45
267	8.323	4187.74
268	8.35447	4187.03
269	8.38728	4186.36
270	8.4279	4185.55
271	8.46912	4182
272	8.5009	4173.2
273	8.53221	4153.06
274	8.56293	4144.95
275	8.59472	4142.42
276	8.63372	4111.37
277	8.66898	4109.59
278	8.70262	4103.88
279	8.73533	4102.44
280	8.77649	4100.83
281	8.80736	4099.68
282	8.83999	4098.52
283	8.87305	4081.6
284	8.90521	4068.72
285	8.94418	4066.79
286	8.97587	4048.54
287	9.00734	4047.85
288	9.0389	4042.2
289	9.07058	4041.58
290	9.10443	4040.12
291	9.13739	4034.59
292	9.16973	4016.8
293	9.20378	4013.88
294	9.23866	4012.9
295	9.27094	4003.8
296	9.30218	3978.93
297	9.34148	3970.53
298	9.37821	3959.19
299	9.41076	3933.73
300	9.44522	3932.77
301	9.48272	3905.97
302	9.51643	3878.22
303	9.54912	3872.08
304	9.58232	3860.12
305	9.61387	3858.06
306	9.64632	3857.22
307	9.67989	3851.79
308	9.71261	3850.58
309	9.74735	3826.56
310	9.78169	3826.37
311	9.81701	3822.77
312	9.85058	3822.31
313	9.88388	3822.15
314	9.92403	3819.64
315	9.96023	3816.3
316	10.0015	3814.66
317	10.0447	3810.61
318	10.0808	3788.62
319	10.1128	3785.95
320	10.1449	3785.33
321	10.1804	3772.02
322	10.2146	3769.92
323	10.2619	3765.19
324	10.3095	3762.69
325	10.3482	3739.43
326	10.3849	3729.83
327	10.423	3728.92
328	10.4573	3728.84
329	10.4911	3728.83
330	10.5252	3718.69
331	10.5637	3714.2
332	10.5983	3709.44
333	10.631	3707.98
334	10.6658	3703.48
335	10.7025	3699.63
336	10.7368	3698.92
337	10.7755	3697.51
338	10.8116	3693.21
339	10.8549	3685.3
340	10.8986	3684.93
341	10.9331	3681.4
342	10.9655	3681.27
343	11.0006	3679.78
344	11.0401	3672.94
345	11.0804	3671.73
346	11.1148	3670.43
347	11.15	3670.04
348	11.183	3663.59
349	11.2273	3658.54
350	11.2667	3644.87
351	11.3039	3607.9
352	11.342	3607.89
353	11.3846	3605.91
354	11.4201	3594.65
355	11.4531	3549.86
356	11.4858	3531.84
357	11.5191	3524.59
358	11.5617	3523.16
359	11.5956	3520.62
360	11.6289	3520.37
361	11.6643	3520.01
362	11.6987	3472.54
363	11.7334	3471.88
364	11.7684	3462.75
365	11.8015	3455.22
366	11.8351	3427.44
367	11.8683	3427.34
368	11.905	3426.29
369	11.9523	3418.96
370	11.9861	3378.27
371	12.0229	3378.27
372	12.0569	3374.15
373	12.0962	3368.53
374	12.1337	3364.8
375	12.171	3359.2
376	12.2062	3348.73
377	12.2399	3343.56
378	12.2736	3343.55
379	12.3098	3260.59
380	12.3518	3254.86
381	12.3854	3254.68
382	12.4182	3238.4
383	12.458	3237.27
384	12.4977	3218.79
385	12.5313	3189.08
386	12.5657	3183.55
387	12.6033	3158.25
388	12.6383	3137.78
389	12.6728	3136.2
390	12.7116	3135.49
391	12.7504	3118.26
392	12.7849	3118.07
393	12.8197	3117.72
394	12.8663	3115.17
395	12.91	3113.19
396	12.9491	3112.75
397	12.9831	3106.08
398	13.0171	3104.73
399	13.0505	3103.86
400	13.0846	3092.15
401	13.1215	3088.53
402	13.1556	3079.66
403	13.1952	3077.9
404	13.2301	3076.32
405	13.2652	3068.88
406	13.3004	3057.05
407	13.336	3057.02
408	13.3713	3056.19
409	13.4208	3044.94
410	13.4561	3038.89
411	13.492	3038.65
412	13.5272	3023.72
413	13.5662	2981.98
414	13.6029	2977.53
415	13.6376	2977.36
416	13.6729	2977.31
417	13.7065	2970.57
418	13.7414	2946.74
419	13.7857	2940.44
420	13.8217	2933.56
421	13.8559	2932.41
422	13.8905	2916.98
423	13.9261	2914.6
424	13.964	2909.91
425	14.002	2903.23
426	14.0397	2891.97
427	14.0756	2890.08
428	14.111	2890.08
429	14.1465	2882.14
430	14.1827	2852.72
431	14.2188	2850.41
432	14.2595	2844.51
433	14.2982	2844.49
434	14.3321	2844.43
435	14.3677	2843.67
436	14.404	2831.4
437	14.4392	2830.43
438	14.4756	2827.63
439	14.5112	2827.05
441	14.583	2825.68
442	14.6215	2825.46
443	14.6575	2825.2
444	14.7005	2823.99
445	14.7419	2810.57
446	14.7764	2798.08
447	14.8108	2792.42
448	14.8463	2788.25
449	14.8819	2786.78
450	14.9162	2781.6
451	14.9524	2780.9
452	14.9867	2778.82
453	15.0328	2776.18
454	15.0738	2773.85
455	15.1113	2771.34
456	15.1463	2751.5
457	15.1824	2748.96
458	15.2194	2748.85
459	15.2559	2739.29
460	15.2996	2736.59
461	15.3471	2728.77
462	15.4153	2689.8
463	15.4728	2669.08
464	15.5139	2662.84
465	15.5568	2662.02
466	15.5953	2661.87
467	15.6377	2645.91
468	15.6793	2645.79
469	15.7159	2636.33
470	15.7525	2632.64
471	15.791	2629.72
472	15.8327	2626.69
473	15.868	2626.56
474	15.9091	2626.08
475	15.9498	2622.27
476	15.9864	2618.11
477	16.0282	2615.87
478	16.0694	2615.6
479	16.1059	2614.97
480	16.149	2614.95
481	16.2008	2605.59
482	16.2398	2604.78
483	16.2765	2604.12
484	16.3158	2603.74
485	16.3586	2602.12
486	16.4019	2601.9
487	16.4411	2599.55
488	16.4849	2595.43
489	16.5227	2590.41
490	16.5599	2586.5
491	16.6001	2584.15
492	16.6379	2583.55
493	16.6756	2583.3
495	16.7552	2579.04
496	16.8002	2577.93
497	16.8359	2567.43
498	16.8745	2567.28
499	16.9104	2562.64
500	16.9485	2559.61
501	16.9891	2558.03
502	17.0285	2555.7
503	17.0661	2546.65
504	17.1047	2545
505	17.1432	2541.21
506	17.1822	2540.92
507	17.2242	2540.08
508	17.2662	2536.79
509	17.3112	2536.54
510	17.3503	2533.39
511	17.3918	2531.75
512	17.4308	2531.44
513	17.4688	2521.95
514	17.5057	2520.89
515	17.5503	2517.73
516	17.5887	2517.62
517	17.627	2517.22
518	17.6648	2517.13
519	17.7031	2514.66
520	17.7457	2514.41
521	17.7889	2513.39
522	17.8305	2513.02
523	17.8673	2506.94
524	17.9031	2504.76
525	17.95	2502.05
526	18.0026	2498.75
527	18.0397	2489.49
528	18.0799	2489.05
529	18.1167	2488.98
530	18.1566	2488.73
531	18.1949	2488.13
532	18.2392	2472.77
533	18.277	2471.11
534	18.3141	2464.5
535	18.3497	2462.98
536	18.3869	2462.91
537	18.4248	2461.55
538	18.4606	2461.53
539	18.4989	2461.36
540	18.5357	2419.09
541	18.5783	2418.61
542	18.6208	2393.41
543	18.6592	2344.07
544	18.6959	2343.47
545	18.7319	2342.99
546	18.7714	2336.52
547	18.8088	2330.37
549	18.8838	2330.28
550	18.9222	2328.58
551	18.9594	2328.34
552	19.0032	2318.75
553	19.046	2318.21
554	19.0891	2312
555	19.1336	2298.01
556	19.1777	2297.94
557	19.2163	2296.32
558	19.2594	2285.67
559	19.2993	2285.12
560	19.3428	2284.4
561	19.3877	2283.59
562	19.4247	2282.61
563	19.4632	2263.3
564	19.5021	2262.78
565	19.5454	2261.37
566	19.5825	2257.5
567	19.6273	2255.76
568	19.6654	2255.58
569	19.7098	2249.68
570	19.7507	2249.48
571	19.7887	2243.38
572	19.8362	2243.05
573	19.879	2237.63
574	19.9214	2215.58
575	19.9596	2215.52
576	19.9963	2214.28
577	20.0337	2213.92
578	20.0761	2201.86
579	20.1195	2201.02
580	20.1615	2193.86
581	20.2001	2193.31
582	20.2386	2192.1
583	20.2791	2186.45
584	20.3175	2185.36
585	20.3604	2185.05
586	20.4041	2183.63
587	20.449	2181.02
588	20.4932	2181.02
589	20.5374	2176.85
590	20.5752	2176.38
591	20.6118	2174.2
592	20.6498	2173.55
593	20.6882	2158.93
594	20.7261	2156.63
595	20.7703	2154.93
596	20.8147	2152.91
597	20.8518	2149.52
598	20.8892	2143.73
599	20.9277	2143.58
600	20.9702	2142.51
601	21.0212	2142.23
602	21.0622	2141.7
603	21.1058	2137.98
604	21.1437	2137.3
605	21.18	2136.74
606	21.2177	2135.88
607	21.2613	2129.49
608	21.3061	2128.63
609	21.3501	2125.34
610	21.3866	2122.96
611	21.4251	2119.43
612	21.464	2114.86
613	21.5025	2113.66
614	21.5439	2112.5
615	21.5834	2111.18
616	21.6199	2111.02
617	21.6583	2109.88
618	21.6966	2099.97
619	21.7331	2096.51
620	21.7727	2094.36
621	21.81	2093.83
622	21.8481	2093.17
623	21.8878	2091.33
624	21.9259	2068.87
625	21.9651	2066.1
626	22.0032	2054.32
627	22.042	2053.98
628	22.0805	2053.64
629	22.119	2053.26
630	22.1633	2052.15
631	22.21	2050.41
632	22.2494	2043.7
633	22.2912	2043.34
634	22.3295	2034.01
635	22.3706	2033.61
636	22.4096	2029.91
637	22.4514	2027.44
638	22.4889	2009.11
639	22.5281	2001.54
640	22.5666	2000.61
641	22.6056	1997.97
642	22.6456	1996.03
643	22.6849	1993.56
644	22.7376	1990.82
645	22.777	1990
646	22.815	1988.43
647	22.8635	1987.09
648	22.9008	1984.9
649	22.9397	1977.49
650	22.9852	1975.83
651	23.0239	1975.33
652	23.0699	1974.39
653	23.1108	1973.97
654	23.151	1970.85
655	23.1959	1969.6
656	23.2451	1968.68
657	23.2938	1966.91
658	23.334	1963.49
659	23.3718	1962.54
660	23.4121	1961.66
661	23.4512	1958.08
662	23.4915	1957.09
663	23.5321	1956.83
664	23.5796	1954.91
665	23.6171	1915.46
666	23.6551	1914.74
667	23.6992	1914.25
668	23.7384	1914.13
669	23.7836	1914.11
670	23.822	1907.37
671	23.8616	1904.79
672	23.9007	1894.46
673	23.9386	1893.68
674	21.4903	1893.19
675	21.5282	1892.69
676	21.5658	1892.64
677	21.6049	1890.82
678	21.643	1888.6
679	21.681	1882.6
680	21.7185	1882.36
681	21.7571	1880.62
682	21.7966	1880.25
683	21.8349	1879.87
684	21.874	1879.06
685	21.9123	1878.51
686	21.9516	1878.36
687	21.9923	1874.88
688	22.0326	1874.71
689	22.0722	1874.47
690	22.1184	1861.34
691	22.1571	1853.36
693	22.2429	1852.27
694	22.2824	1840.1
695	22.3218	1810.14
696	22.3786	1797.8
697	22.4257	1783.13
698	22.4654	1782.37
699	22.5048	1780.99
700	22.5463	1780.93
701	22.5979	1780.92
702	22.6406	1770.58
703	22.6783	1770.36
704	22.7169	1770.23
705	22.7547	1769.88
706	22.7927	1758.09
707	22.8314	1757.6
708	22.8779	1757.48
709	22.9229	1755.54
710	22.9726	1739.7
711	23.0171	1739.4
712	23.056	1739.26
713	23.0963	1732.93
714	23.1349	1732.2
715	23.1734	1730.56
716	23.214	1729.83
717	23.257	1726.69
718	23.3006	1726.65
719	23.3439	1724.17
720	23.3835	1722.24
721	23.4306	1722.13
722	23.4707	1721.38
723	23.5087	1721.15
724	23.5515	1714.81
725	23.591	1714.75
726	23.6315	1714.37
727	23.6714	1705.46
728	23.7099	1698.85
729	23.7503	1698.09
730	23.8034	1697.87
731	23.845	1696.29
732	23.885	1695.73
733	23.9237	1695.35
734	23.9748	1693.92
735	24.0203	1688.52
736	24.067	1688.32
737	24.1057	1684.73
738	24.1484	1684.5
739	24.1868	1684.26
740	24.2266	1680.39
741	24.2681	1679.29
742	24.3064	1677.67
743	24.3508	1673.71
744	24.3945	1671.19
745	24.4489	1667.85
746	24.4896	1666.88
747	24.5309	1666.86
748	24.5711	1665.2
749	24.6183	1660.47
750	24.6614	1657.64
751	24.7068	1657.47
752	24.746	1656.38
753	24.7853	1650.64
754	24.8254	1648.29
755	24.8702	1648.21
756	24.915	1648.17
757	24.9561	1647.5
758	24.997	1645.18
759	25.0399	1640.5
760	25.0805	1638.85
761	25.1195	1638.57
762	25.1628	1637.86
763	25.2038	1636.97
764	25.2449	1631.15
765	25.2857	1630.15
766	25.3263	1627.71
767	25.3679	1627.48
768	25.4101	1627.46
769	25.4634	1627.25
770	25.5094	1613.78
771	25.5485	1611.76
772	25.5912	1611.29
773	25.6311	1611.25
774	25.6752	1611.03
775	25.7216	1610.94
776	25.772	1609.41
777	25.8141	1608.47
778	25.8543	1604.57
779	25.9062	1604.21
780	25.9452	1604.2
781	25.9878	1603.72
782	26.0279	1603.05
783	26.0686	1602.69
784	26.1131	1602.14
785	26.156	1600.79
786	26.198	1593.83
787	26.2411	1593.4
788	26.2881	1590.57
789	26.329	1590.46
790	26.369	1586.33
791	26.4096	1585.67
792	26.4509	1585.48
793	26.4915	1585.09
794	26.5323	1585.05
795	26.5722	1582.77
796	26.6118	1578.58
797	26.6532	1573.48
798	26.6958	1571.9
799	26.7377	1568.43
800	26.778	1567.48
801	26.8207	1564.88
802	26.8677	1552.63
803	26.9092	1552.28
804	26.9512	1550.69
805	26.9932	1549.99
806	27.0352	1549.91
807	27.0756	1548.77
808	27.1163	1548.62
809	27.1566	1547.76
810	27.1958	1546.73
811	27.2408	1544.06
812	27.2832	1543.25
814	27.3659	1542.25
815	27.4077	1542.18
816	27.4496	1540.87
817	27.4958	1540.55
818	27.5413	1540.04
819	27.5909	1537.67
820	27.6316	1537.58
821	27.6766	1525.74
822	27.7242	1521.2
823	27.7664	1520.88
824	27.8135	1520.12
825	27.8617	1519.86
826	27.9037	1519.66
827	27.945	1519.07
828	27.9878	1511.66
829	28.0355	1510.12
830	28.0749	1509.06
831	28.1174	1505.65
832	28.1593	1504.44
833	28.2038	1504.43
834	28.2524	1504.42
835	28.3029	1503.54
836	28.3468	1502.68
837	28.3869	1491.14
838	28.4296	1486.04
839	28.4796	1481.8
840	28.522	1480.99
841	28.5635	1480.84
842	28.6057	1479.02
843	28.6457	1475.17
844	28.7018	1474.22
845	28.7422	1474.06
846	28.7816	1473.86
847	28.8229	1473.34
848	28.8731	1473.27
849	28.9179	1473.21
850	28.9629	1472.92
851	29.0059	1471.49
852	29.0479	1470.73
853	29.09	1461.85
854	29.1317	1461.07
855	29.1737	1460.59
856	29.2146	1460.54
857	29.2548	1459.42
858	29.3006	1459.31
859	29.3465	1458.51
860	29.3869	1455.88
861	29.4332	1452.44
862	29.48	1452.41
863	29.5224	1451.5
864	29.5643	1450.48
865	29.6167	1450.15
866	29.6633	1448.26
867	29.7258	1441.23
868	29.77	1441.13
869	29.8136	1441.11
870	29.8544	1440.8
871	29.8959	1440.69
872	29.9378	1436.53
873	29.9784	1436.26
874	30.0196	1434.57
875	30.0612	1434.31
876	30.1082	1434.11
877	30.1487	1433.75
878	30.1894	1433.75
879	30.2312	1433.69
880	30.2721	1433.17
881	30.3181	1432.68
882	30.3597	1422.12
883	30.4045	1400.21
884	30.4468	1400.18
885	30.4867	1398.72
886	30.5279	1396.2
887	30.5693	1394.76
888	30.6102	1394.74
889	30.6528	1394.66
890	30.6963	1394.03
891	30.7441	1393.92
892	30.7929	1391.37
893	30.834	1391.21
894	30.8794	1389.37
895	30.9203	1383.54
896	30.9612	1382.48
897	31.0076	1381.82
898	31.0494	1378.76
899	31.1079	1378.25
900	31.1817	1377.55
901	31.2335	1375.26
902	31.288	1374.84
903	31.3621	1373.43
904	31.4068	1373.25
905	31.4492	1373.11
906	31.4922	1372.93
907	31.5357	1372.03
908	31.5802	1371.91
909	31.6256	1370.85
910	31.6713	1370.75
911	31.7124	1370.41
912	31.7627	1370.09
913	31.8068	1370.03
914	31.8545	1368.46
915	31.8965	1368.4
917	31.9854	1367.63
918	32.0278	1367.36
920	32.1245	1365.04
921	32.1675	1365.01
922	32.212	1364.7
923	32.2547	1361.23
924	32.2954	1359.5
925	32.3373	1359.18
926	32.3791	1359.02
927	32.4191	1358.81
928	32.4674	1358.8
929	32.5115	1356.77
930	32.5536	1338.23
931	32.596	1331.49
932	32.6379	1330.64
933	32.6814	1330.19
934	32.7294	1328.66
935	32.7712	1327.71
936	32.8133	1325.02
937	32.859	1323.08
938	32.9003	1322.55
939	32.9411	1322.3
940	32.9816	1321.9
941	33.0268	1321.79
942	33.0722	1321.35
943	33.1177	1319.14
944	33.1613	1318.85
945	33.208	1318.84
946	33.2618	1318.74
947	33.3043	1318.54
948	33.3504	1318.09
949	33.3979	1317.88
950	33.4417	1317.37
951	33.4849	1315.81
952	33.5276	1309.84
953	33.5715	1308.35
954	33.6145	1307.36
955	33.6568	1306.26
956	33.7012	1306.21
957	33.7438	1305.62
958	33.7852	1302.64
959	33.8354	1301.33
960	33.8857	1300.16
961	33.9281	1300.06
962	33.9689	1299.73
963	34.0091	1299.36
964	34.0509	1295.22
965	34.0987	1294.86
966	34.1393	1289.9
967	34.1807	1289.48
968	34.2215	1287.83
969	34.2617	1287.76
970	34.3109	1287.3
971	34.3608	1286.76
972	34.4035	1284.71
973	34.4512	1284.28
974	34.4967	1280.34
975	34.5388	1280.04
976	34.586	1277.35
977	34.6352	1275.63
978	34.6793	1271.92
979	34.73	1269.84
980	34.772	1269.79
981	34.8137	1268.96
982	34.8568	1264.19
983	34.8984	1262.28
984	34.9503	1259.54
985	34.9922	1256.87
986	35.0335	1256.7
987	35.0812	1256.05
988	35.1302	1255.63
989	35.1754	1254.98
990	35.2165	1254.44
991	35.2634	1254.37
992	35.3052	1254.13
994	35.3925	1250.42
995	35.4399	1250.01
996	35.4802	1249.57
997	35.528	1247.96
998	35.5766	1245.63
999	35.6263	1244.83
1000	35.6709	1244.29
1001	35.7207	1243.71
1002	35.764	1242.95
1004	35.8533	1242.45
1005	35.8968	1237.85
1006	35.9392	1237.34
1007	35.9931	1237.04
1008	36.0392	1235.7
1009	36.094	1235.48
1010	36.1367	1234.92
1011	36.1806	1233.88
1012	36.2221	1223.87
1013	36.2674	1223.81
1014	36.3242	1223.51
1015	36.3673	1223.21
1016	36.4113	1223.19
1017	36.4579	1222.92
1018	36.5042	1220.95
1019	36.5446	1217.3
1020	36.5967	1215.97
1021	36.6422	1215.22
1022	36.6883	1214.7
1023	36.7414	1214.47
1024	36.7869	1213.49
1025	36.8309	1212.69
1026	36.872	1212.19
1027	36.9166	1210.93
1028	36.9595	1210.85
1029	37.0026	1209.82
1030	37.0465	1209.14
1031	37.0928	1202.81
1032	37.1419	1202.81
1033	37.1837	1201.31
1034	37.235	1200.53
1035	37.2785	1199.78
1036	37.3344	1198.17
1037	37.3796	1197.45
1038	37.4383	1197.19
1039	37.4827	1197
1040	37.5297	1196.96
1041	37.5729	1196.88
1042	37.6243	1192.28
1043	37.6751	1191.95
1044	37.7179	1191.81
1045	37.7607	1191.79
1046	37.8053	1183.77
1047	37.8487	1183.73
1048	37.8896	1183.36
1049	37.9307	1182.36
1050	37.9727	1173.56
1051	38.0197	1173.43
1052	38.07	1173.35
1053	38.1122	1172.93
1054	38.1605	1172.35
1055	38.206	1171.21
1056	38.2519	1170.7
1057	38.2934	1170.13
1058	38.3384	1170.09
1059	38.381	1168.95
1060	38.4235	1168.78
1061	38.4647	1168.56
1062	38.5101	1168.2
1063	38.5548	1167.99
1064	38.5994	1166.19
1065	38.641	1165.93
1066	38.6989	1165.44
1067	38.7502	1164.76
1068	38.7938	1162.07
1069	38.8381	1160.67
1070	38.8909	1160.38
1071	38.9426	1160.3
1072	38.9927	1160.06
1073	39.0356	1159.85
1074	39.0803	1159.14
1075	39.1252	1158.3
1076	39.1672	1158.17
1077	39.2107	1158.01
1078	39.2544	1157.83
1079	39.306	1156.91
1080	39.3485	1156.35
1081	39.394	1155.62
1082	39.4386	1148.41
1083	39.48	1146.29
1084	39.5289	1146.13
1085	39.5756	1142.73
1086	39.6188	1139.35
1087	39.6778	1139.32
1088	39.769	1139.11
1089	39.8209	1138.69
1090	39.8727	1137.59
1091	39.9153	1136.45
1092	39.9726	1133.97
1093	40.0186	1131.44
1094	40.069	1130.94
1095	40.1188	1130.75
1096	40.1626	1130.71
1097	40.2093	1130.56
1098	40.2532	1127.95
1099	40.2977	1127.29
1100	40.343	1126.93
1101	40.3863	1126.92
1102	40.4308	1125.81
1103	40.481	1125.79
1104	40.5238	1122.02
1105	40.5672	1121
1106	40.6108	1120.56
1107	40.6558	1120.36
1108	40.6994	1120.35
1109	40.7429	1118.74
1110	40.8021	1117.59
1111	40.8496	1116.72
1112	40.8959	1116.11
1113	40.9449	1115.92
1114	41	1115.82
1115	41.042	1115.8
1116	41.0875	1115.53
1117	41.1337	1114.44
1118	41.1808	1110.19
1119	41.2253	1110.06
1120	41.2672	1110.06
1121	41.3123	1109.83
1122	41.3548	1109.43
1123	41.4045	1109.27
1124	41.4589	1109.16
1125	41.5075	1108.43
1126	41.5587	1107.87
1127	41.6075	1107.83
1128	41.6524	1102.14
1129	41.7012	1101.11
1130	41.7488	1100.94
1131	41.7948	1100.05
1132	41.8464	1099.95
1133	41.8915	1099.77
1134	41.9352	1099.75
1135	41.9816	1099.44
1136	42.0264	1098.4
1137	42.0753	1097.51
1138	42.1279	1097.03
1139	42.178	1096.49
1140	42.2214	1096.15
1141	42.2691	1095.65
1142	42.3182	1090.16
1143	42.3632	1088.97
1144	42.4065	1088.68
1145	42.4514	1088.39
1146	42.4959	1088.11
1147	42.5431	1087.99
1148	42.5894	1087.95
1149	42.635	1087.31
1151	42.7306	1086.43
1152	42.7752	1086.38
1153	42.8181	1086.34
1154	42.8611	1086.23
1155	42.9047	1086.09
1156	42.9466	1085.47
1157	42.9894	1083.81
1158	43.0363	1083.64
1159	43.0835	1083.28
1160	43.1273	1083.15
1161	43.1794	1080.7
1162	43.2236	1078.81
1163	43.267	1078.46
1164	43.3105	1078.38
1165	43.354	1078.17
1166	43.3975	1077.98
1167	43.4514	1077.55
1168	43.4947	1076.96
1169	43.5379	1076.08
1170	43.5863	1075.73
1171	43.6283	1073.59
1172	43.6736	1073.46
1173	43.732	1073.41
1174	43.7817	1073.37
1175	43.8315	1073.29
1176	43.877	1072.92
1177	43.922	1067.71
1178	43.9764	1067.41
1179	44.0245	1067.08
1180	44.0709	1065.15
1181	44.1178	1065.14
1182	44.1601	1064.54
1183	44.2055	1063.49
1184	44.2497	1063.28
1185	44.2977	1061.75
1186	44.3463	1061.61
1187	44.3945	1061.43
1188	44.4458	1061.41
1189	44.4998	1061.38
1190	44.5429	1061.17
1191	44.5881	1060.43
1192	44.6389	1059.84
1193	44.6886	1055.05
1194	44.7322	1054.84
1195	44.7745	1054.3
1196	44.829	1054.29
1197	44.879	1054.18
1198	44.9235	1053.83
1199	44.9687	1053.55
1200	45.0148	1053.37
1201	45.0606	1052.39
1202	45.1102	1052.36
1203	45.1538	1052.26
1204	45.2075	1051.28
1205	45.2536	1050.53
1206	45.2961	1047.41
1207	45.3399	1045.42
1208	45.3887	1045.42
1209	45.437	1045.38
1210	45.4861	1045.08
1211	45.5329	1044.94
1212	45.5772	1044.04
1213	45.6245	1043.78
1214	45.6704	1043.37
1215	45.7277	1043.05
1216	45.7705	1042.79
1217	45.8153	1042.6
1218	45.8594	1042.48
1219	45.9035	1042.46
1220	45.9477	1042.07
1221	45.9926	1041.83
1222	46.0393	1030.96
1223	46.0833	1027.27
1224	46.1284	1027.2
1225	46.1742	1026.9
1226	46.2197	1026.45
1227	46.2644	1025.92
1228	46.3111	1025.58
1229	46.3616	1024.96
1230	46.4141	1024.24
1231	46.4585	1024.16
1232	46.5039	1021.37
1234	46.5996	1020.71
1235	46.6507	1016.97
1236	46.6977	1016.76
1237	46.7438	1016.05
1238	46.7875	1014.35
1239	46.8433	1013.95
1240	46.8864	1013.2
1241	46.9369	1013.12
1242	46.9843	1013.03
1243	47.0323	1012.41
1244	47.0793	1012.33
1245	47.1248	1011.91
1246	47.1689	1011.35
1247	47.2223	1009.95
1248	47.274	1009.91
1249	47.322	1009.26
1250	47.3781	1009.21
1251	47.4267	1008.86
1252	47.4886	1008.82
1253	47.5431	1008.8
1254	47.5958	1007.8
1255	47.6412	1007.68
1256	47.6865	1007.05
1258	47.7873	1006.86
1260	47.8844	1005.44
1261	47.9291	1005.36
1262	47.9812	1005.14
1263	48.0245	1005.05
1264	48.067	1004.93
1265	48.1112	1004.87
1266	48.1621	1004.72
1267	48.2101	1004.54
1268	48.2534	1004.29
1269	48.298	1003.75
1270	48.3427	1000.4
1271	48.3986	998.91
1272	48.446	998.495
1273	48.4967	997.877
1274	48.5416	995.376
1275	48.5965	987.817
1276	48.6572	985.572
1277	48.7035	984.788
1278	48.7489	984.232
1279	48.7937	984.2
1280	48.8408	984.051
1281	48.8967	983.969
1282	48.9422	978.995
1283	48.9852	977.25
1286	49.1247	977.042
1287	49.1682	976.548
1288	49.2118	973.205
1289	49.2602	973.184
1290	49.3036	973.079
1291	49.3562	973.033
1292	49.4035	970.296
1293	49.4566	969.863
1294	49.5002	968.356
1295	49.5456	967.303
1296	49.6053	967.077
1297	49.6538	966.947
1298	49.6975	965.862
1299	49.7445	964.776
1300	49.8042	964.275
1301	49.8483	964.199
1302	49.8936	964.116
1303	49.937	964.023
1304	49.9918	958.698
1305	50.0711	958.514
1306	50.1298	952.205
1307	50.174	952.204
1308	50.2245	951.496
1309	50.2698	951.216
1310	50.315	950.82
1311	50.3673	950.665
1312	50.4175	947.802
1313	50.4626	947.724
1314	50.5093	947.061
1315	50.5563	946.494
1316	50.6012	944.744
1317	50.6467	942.75
1318	50.6895	941.1
1319	50.7381	940.48
1320	50.7944	940.063
1321	50.8426	939.624
1322	50.8917	937.364
1323	50.9413	935.804
1324	50.9874	935.036
1325	51.0418	934.131
1326	51.0942	933.977
1327	51.146	933.725
1328	51.1909	933.455
1329	51.2429	933.02
1330	51.314	932.387
1331	51.3952	932.208
1332	51.4442	932.079
1333	51.4924	931.998
1334	51.5439	931.186
1335	51.5952	930.671
1336	51.6377	930.384
1337	51.6815	929.935
1339	51.789	929.475
1340	51.833	929.035
1341	51.8801	928.957
1342	51.9354	928.161
1343	51.9827	928.16
1344	52.0272	927.967
1345	52.0702	924.815
1346	52.1129	924.119
1347	52.1659	924.034
1348	52.2119	923.097
1349	52.2565	922.464
1350	52.3046	922.326
1351	52.3515	922.168
1352	52.4028	921.064
1353	52.4482	920.938
1354	52.5088	920.839
1355	52.5559	920.712
1356	52.6112	920.668
1357	52.6597	920.449
1358	52.7141	919.117
1359	52.7683	918.011
1360	52.8111	917.674
1361	52.86	916.281
1362	52.9161	916.246
1363	52.9618	915.959
1364	53.0072	915.884
1365	53.07	915.696
1366	53.1203	915.451
1367	53.1641	915.095
1368	53.2106	914.881
1369	53.2634	914.516
1370	53.3102	913.719
1371	53.3558	913.273
1372	53.4016	913.272
1373	53.4454	913.172
1374	53.4937	911.191
1375	53.5402	910.88
1376	53.5829	910.736
1377	53.6343	910.227
1378	53.6796	910.192
1379	53.7349	910.113
1380	53.7878	910.113
1382	53.886	906.203
1383	53.9318	906.145
1384	53.993	906.063
1385	54.0461	906.047
1386	54.0947	901.3
1387	54.1481	901.28
1388	54.1949	901.187
1389	54.2381	899.078
1390	54.2829	894.707
1391	54.3293	894.56
1392	54.3756	894.532
1393	54.4228	894.327
1394	54.4703	894.23
1395	54.5135	893.421
1396	54.5568	893.34
1397	54.6012	892.573
1398	54.6476	892.497
1399	54.6917	892.153
1400	54.7374	892.081
1401	54.7804	891.798
1402	54.8344	890.691
1403	54.8834	890.635
1404	54.9358	889.937
1405	54.9801	889.385
1406	55.0257	888.746
1407	55.0787	888.35
1408	55.1285	887.738
1409	55.1777	887.436
1410	55.2234	886.053
1412	55.3167	886.033
1413	55.3634	885.762
1414	55.414	885.163
1415	55.4604	884.201
1416	55.5135	884.19
1417	55.5622	884.035
1418	55.6073	883.805
1419	55.6525	883.733
1420	55.6959	883.478
1421	55.7469	883.372
1422	55.7944	876.664
1423	55.8478	875.423
1424	55.8989	875.249
1425	55.9469	873.413
1426	56.0017	873.235
1427	56.0545	873.222
1428	56.1123	873.191
1429	56.159	872.606
1430	56.2092	872.532
1431	56.2561	872.489
1432	56.3112	872.389
1433	56.3563	870.094
1434	56.4027	869.661
1435	56.4491	869.634
1436	56.501	869.606
1437	56.5543	869.586
1438	56.6003	868.826
1439	56.6447	868.521
1440	56.6919	868.451
1441	56.7378	868.417
1442	56.7841	867.893
1443	56.8388	867.789
1444	56.8873	867.271
1445	56.9324	867.162
1446	56.985	865.65
1447	57.0389	865.602
1448	57.0916	865.601
1449	57.1413	865.431
1450	57.1849	865.343
1451	57.2289	864.745
1452	57.2748	864.28
1453	57.3194	864.064
1454	57.3715	863.694
1455	57.4257	863.635
1456	57.4742	863.511
1457	57.5211	862.708
1458	57.5665	862.25
1459	57.6134	862.042
1460	57.6654	862.011
1461	57.7242	861.907
1462	57.7887	861.41
1463	57.8381	861.385
1464	57.8833	861.301
1465	57.9376	861.136
1466	57.9967	860.751
1467	58.0493	860.537
1468	58.095	860.532
1469	58.1478	860.518
1470	58.1924	859.629
1471	58.2557	858.975
1472	58.3057	858.835
1473	58.3525	858.781
1474	58.4008	858.766
1475	58.4501	858.466
1476	58.4974	858.109
1477	58.5514	857.827
1478	58.5996	857.794
1479	58.6544	857.59
1480	58.7112	857.329
1481	58.7594	856.983
1482	58.8202	854.029
1483	58.8674	853.741
1484	58.9182	853.618
1485	58.9646	853.534
1486	59.0096	853.52
1487	59.0568	853.414
1488	59.1071	853.357
1489	59.1599	853.222
1490	59.2102	853.007
1491	59.2577	852.575
1492	59.3067	852.544
1493	59.3549	852.535
1494	59.4009	851.862
1495	59.4483	851.855
1496	59.4979	851.428
1497	59.5437	851.299
1498	59.5889	851.262
1499	59.6342	851.088
1500	59.6797	851.076
1501	59.7289	850.294
1502	59.7734	850.194
1503	59.8274	849.813
1504	59.8733	848.757
1505	59.9305	848.458
1506	59.9771	848.402
1507	60.024	848.093
1508	60.0727	847.701
1509	60.1299	847.313
1510	60.1749	847.2
1511	60.2287	846.707
1512	60.274	846.544
1513	60.3204	846.446
1514	60.3642	846.442
1515	60.4138	846.363
1516	60.4619	846.169
1517	60.5126	845.486
1518	60.5578	845.225
1519	60.6035	844.955
1520	60.6508	844.784
1521	60.7034	844.733
1522	60.7579	844.323
1523	60.8077	843.868
1524	60.8609	842.827
1525	60.911	842.2
1526	60.9596	842.083
1527	61.004	841.875
1528	61.0502	841.849
1529	61.0947	841.816
1530	61.1409	841.587
1531	61.1871	841.212
1532	61.2332	840.986
1533	61.2804	840.592
1534	61.3276	840.429
1535	61.3823	840.167
1536	61.4266	840.155
1537	61.4795	840.081
1538	61.5243	840.059
1539	61.581	839.409
1540	61.6414	839.184
1541	61.6897	837.164
1542	61.7411	837.098
1543	61.7861	836.883
1544	61.8397	836.324
1545	61.8904	835.819
1546	61.9395	834.562
1547	61.9846	833.605
1548	62.0311	833.338
1549	62.0796	833.303
1550	62.1323	832.885
1551	62.1842	832.8
1552	62.2284	832.492
1553	62.2739	832.303
1554	62.3213	831.526
1555	62.3708	831.427
1556	62.4218	831.198
1557	62.4683	830.936
1558	62.5148	830.697
1559	62.5614	830.663
1560	62.6101	830.655
1561	62.6578	830.357
1562	62.708	828.143
1563	62.7561	823.296
1564	62.802	823.28
1565	62.8593	823.159
1566	62.907	822.138
1567	62.9565	821.578
1568	63.0046	821.392
1569	63.0494	821.134
1570	63.0978	820.106
1571	63.1484	819.98
1572	63.2032	819.213
1574	63.3051	819.199
1575	63.3528	818.151
1576	63.4023	817.909
1577	63.4511	817.817
1578	63.5001	816.684
1580	63.5958	816.319
1581	63.6425	816.197
1582	63.6945	815.989
1583	63.7473	815.883
1584	63.7968	815.807
1585	63.8416	815.414
1586	63.8901	815.166
1587	63.9456	814.811
1588	63.9943	814.698
1589	64.0465	814.496
1590	64.094	814.469
1591	64.1389	814.136
1592	64.1856	814.127
1593	64.2307	814.1
1594	64.2759	813.956
1595	64.3209	813.77
1596	64.366	813.723
1597	64.413	813.674
1598	64.4584	813.391
1599	64.5568	812.507
1600	64.6279	811.936
1601	64.676	811.866
1602	64.7287	811.752
1603	64.7787	811.716
1604	64.8241	811.494
1606	64.9216	811.39
1607	64.9722	811.345
1608	65.0169	811.319
1609	65.0663	811.143
1610	65.1136	811.132
1611	65.1587	809.376
1612	65.2057	809.316
1613	65.2551	808.378
1614	65.3081	807.352
1615	65.3567	806.523
1616	65.4132	805.716
1617	65.4687	805.147
1618	65.5208	804.552
1619	65.567	804.498
1620	65.619	804.456
1621	65.6675	804.381
1622	65.7161	804.116
1623	65.7628	803.072
1624	65.809	802.982
1626	65.9012	802.922
1627	65.9464	802.425
1628	65.9933	802.347
1629	66.0452	802.188
1630	66.0904	802.014
1631	66.1372	801.847
1632	66.189	800.103
1633	66.2413	799.894
1634	66.289	799.398
1635	66.3471	797.396
1636	66.3927	797.369
1637	66.439	797.31
1638	66.4888	796.745
1639	66.5441	796.255
1640	66.5942	795.833
1642	66.6974	795.708
1643	66.7435	795.644
1644	66.7903	794.911
1645	66.8477	794.856
1646	66.8978	793.636
1647	66.9451	793.589
1648	66.9966	792.699
1649	67.0441	792.503
1650	67.097	792.241
1651	67.1447	792.192
1652	67.2006	791.719
1653	67.2554	791.691
1654	67.3059	790.798
1655	67.3522	790.515
1656	67.4025	789.655
1657	67.4491	789.119
1658	67.496	788.376
1659	67.5427	788.118
1660	67.5909	788.06
1661	67.6511	787.378
1662	67.7178	782.678
1663	67.7642	781.856
1664	67.8098	781.501
1665	67.8582	780.996
1666	67.9059	780.853
1667	67.9516	780.6
1668	68.0019	780.357
1669	68.0486	780.209
1670	68.1075	779.581
1671	68.1595	779.329
1672	68.2085	779.069
1673	68.2556	778.642
1674	68.3028	778.007
1675	68.3568	777.441
1676	68.4047	777.398
1677	68.4497	776.26
1679	68.5439	775.957
1680	68.5966	775.627
1681	68.6546	775.596
1682	68.7083	775.045
1683	68.7556	774.857
1684	68.8046	774.754
1685	68.8512	767.235
1686	68.8975	766.207
1687	68.9548	766.182
1688	69.005	766.12
1689	65.4005	765.923
1691	65.4937	765.857
1692	65.5389	765.371
1693	65.5881	765.36
1694	65.6341	765.084
1697	65.7709	765.044
1698	65.8231	764.362
1699	65.8745	763.386
1700	65.9304	763.085
1701	65.985	762.725
1702	66.0323	762.647
1703	66.0805	762.595
1704	66.1355	762.534
1705	66.1873	762.411
1706	66.2339	762.388
1707	66.2847	762.076
1708	66.3344	761.993
1709	66.3851	761.168
1710	66.4327	760.951
1711	66.4922	760.587
1713	66.5919	760.27
1714	66.6437	760.103
1715	66.6897	759.805
1716	66.756	759.783
1717	66.8051	757.695
1718	66.8531	757.692
1719	66.9015	757.561
1720	66.9484	757.56
1722	67.0522	754.563
1723	67.0988	754.456
1724	67.1455	754.435
1725	67.1976	754.417
1726	67.2447	753.16
1727	67.2986	752.921
1728	67.3481	752.626
1729	67.4021	752.581
1730	67.4491	751.626
1731	67.4951	751.611
1732	67.5491	751.568
1733	67.5967	751.537
1734	67.6436	751.497
1735	67.6939	751.403
1736	67.7435	751.3
1737	67.7899	751.191
1738	67.8374	751.161
1739	67.8933	749.585
1740	67.9454	749.533
1741	67.993	749.374
1742	68.0502	749.315
1743	68.1014	749.186
1744	68.1471	748.795
1745	68.1986	748.725
1746	68.2453	748.535
1747	68.2952	748.016
1748	68.3532	747.709
1749	68.4	747.581
1750	68.4458	747.132
1751	68.4926	747.103
1752	68.5471	747.086
1753	68.5941	747.06
1754	68.6406	746.696
1755	68.6893	746.253
1756	68.7405	746.207
1757	68.8018	746.131
1758	68.856	745.931
1759	68.9033	745.873
1760	68.9563	745.695
1761	69.0042	745.222
1762	69.0542	744.544
1763	69.1084	744.329
1764	69.1657	744.317
1765	69.2136	741.059
1766	69.266	740.784
1767	69.315	740.686
1768	69.362	740.678
1769	69.4069	740.335
1770	69.4527	740.314
1771	69.5008	740.264
1772	69.548	740.038
1773	69.6005	737.935
1774	69.6467	737.652
1775	69.695	737.636
1776	69.75	737.624
1777	69.799	737.469
1778	69.8473	737.111
1779	69.9002	736.367
1781	69.9979	736.36
1782	70.0564	736.219
1783	70.1123	736.201
1784	70.1583	735.947
1785	70.2076	735.863
1786	70.2647	733.13
1787	70.3181	733.086
1789	70.4145	730.333
1790	70.4764	730.248
1791	70.5344	730.105
1792	70.5854	729.627
1793	70.6392	729.6
1794	70.6879	729.571
1795	70.736	729.54
1796	70.7835	729.514
1797	70.8367	727.814
1798	70.8857	727.266
1799	70.9308	727.132
1800	70.9765	726.819
1801	71.0326	726.65
1802	71.0863	726.605
1803	71.1332	726.54
1805	71.2279	726.46
1806	71.2763	726.299
1807	71.3252	726.138
1808	71.3737	726.018
1809	71.4217	725.724
1810	71.4696	725.563
1811	71.5268	725.48
1812	71.577	724.845
1813	71.6292	724.792
1814	71.6893	724.779
1815	71.7377	724.682
1816	71.7842	724.495
1817	71.8469	724.29
1819	71.9448	724.188
1820	71.9996	723.976
1821	72.0527	723.726
1822	72.1051	721.643
1823	72.1515	721.116
1824	72.1964	721.02
1825	72.2433	720.978
1826	72.2905	720.973
1827	72.3448	720.745
1828	72.4009	720.649
1829	72.4496	720.476
1831	72.5462	720.285
1832	72.596	720.257
1833	72.6415	720.246
1834	72.6923	719.822
1835	72.7384	719.789
1836	72.7841	719.683
1837	72.8305	719.464
1838	72.8785	719.378
1839	72.9261	719.28
1840	72.9737	719.261
1841	73.0214	718.818
1842	73.0777	718.466
1843	73.1433	718.209
1844	73.1896	718.157
1845	73.2442	718.045
1846	73.2959	718.003
1847	73.3439	717.747
1848	73.3951	717.67
1849	73.445	717.463
1850	73.495	717.336
1851	73.5489	716.993
1852	73.596	716.904
1853	73.6435	716.87
1854	73.7021	716.869
1855	73.7507	716.844
1856	73.8029	716.812
1857	73.8511	716.606
1858	73.9012	716.446
1859	73.9649	716.366
1860	74.0185	716.142
1861	74.0644	716.091
1862	74.1151	715.811
1863	74.1627	715.684
1864	74.2156	715.419
1865	74.2698	715.377
1866	74.325	715.144
1867	74.3726	714.983
1868	74.4199	714.962
1869	74.4759	714.899
1870	74.5282	714.827
1872	74.6238	714.646
1873	74.6699	714.3
1875	74.7657	714.2
1876	74.8108	714.186
1877	74.87	714.167
1878	74.9286	714.166
1879	74.9765	713.682
1880	75.0371	713.563
1881	75.0903	713.03
1882	75.1364	713.022
1883	75.185	712.92
1884	75.237	712.698
1886	75.3462	711.437
1888	75.4414	711.303
1889	75.4891	711.286
1890	75.5399	711.022
1891	75.5875	710.949
1892	75.6383	710.844
1893	75.6911	710.649
1894	75.747	710.601
1895	75.8089	710.553
1896	75.8569	710.372
1897	75.911	710.231
1898	75.9591	710.207
1899	76.0178	710.154
1900	76.1258	709.879
1901	76.192	709.811
1902	76.2701	707.072
1903	76.317	706.466
1904	76.3652	706.459
1905	76.4257	706.375
1906	76.4751	706.081
1907	76.5205	705.371
1908	76.5658	705.364
1909	76.6179	705.338
1910	76.6635	704.642
1911	76.7112	704.506
1912	76.7599	704.131
1915	76.9099	703.743
1916	76.9571	703.455
1917	77.0084	703.352
1918	77.0557	702.809
1919	77.1036	702.746
1920	77.1491	702.562
1921	77.1971	702.385
1922	77.246	702.269
1923	77.2948	701.702
1924	77.3419	701.623
1926	77.4431	701.433
1927	77.4978	701.21
1928	77.5501	701.193
1929	77.5975	701.007
1930	77.6431	700.982
1931	77.6895	700.685
1932	77.7361	700.641
1933	77.7832	700.613
1935	77.8856	700.132
1936	77.9368	700.044
1937	77.9967	699.764
1938	78.0443	699.505
1939	78.0941	699.4
1940	78.1431	698.786
1941	78.1979	698.744
1942	78.2471	698.509
1943	78.2942	698.446
1944	78.3424	697.963
1945	78.3886	697.891
1946	78.438	697.773
1947	78.5024	697.65
1948	78.5536	697.648
1949	78.6032	697.589
1951	78.6969	696.289
1952	78.7475	696.164
1953	78.8103	695.798
1954	78.8641	695.126
1955	78.9112	694.911
1956	78.9621	694.541
1957	79.0125	694.413
1958	79.0624	694.323
1959	79.1102	694.302
1960	79.1557	694.28
1961	79.202	694.223
1962	79.2495	693.966
1963	79.2947	693.023
1965	79.3932	693.021
1966	79.4421	692.955
1967	79.4907	692.791
1968	79.5445	692.747
1969	79.6009	692.676
1970	79.6518	692.566
1971	79.6985	692.532
1972	79.7481	690.994
1973	79.8085	690.863
1974	79.8647	690.173
1977	80.0113	690.084
1978	80.066	689.883
1979	80.1183	689.767
1980	80.1667	689.226
1981	80.2189	689.155
1982	80.2675	689.118
1983	80.3136	689.096
1984	80.3624	688.277
1985	80.4161	688.234
1986	80.4726	687.522
1987	80.5226	687.503
1988	80.5818	687.055
1990	80.6942	686.895
1991	80.7449	686.887
1992	80.7904	686.316
1993	80.8403	686.306
1994	80.8912	686.053
1995	80.941	685.921
1996	80.9911	685.467
1997	81.0393	685.042
1998	81.0926	684.174
1999	81.1401	684.024
2000	81.1977	683.981
2001	81.2588	683.864
2002	81.3073	683.64
2003	81.3602	682.835
2005	81.4534	682.415
2006	81.5135	682.364
2007	81.5648	682.05
2008	81.6105	681.944
2009	81.6557	681.868
2010	81.7118	681.757
2011	81.764	681.538
2012	81.8167	681.47
2013	81.8741	681.395
2014	81.9219	680.843
2015	81.9722	680.671
2016	82.019	680.651
2017	82.0682	680.044
2018	82.1248	679.919
2019	82.1721	679.662
2020	82.2269	679.581
2021	82.2778	679.47
2022	82.3271	679.373
2023	82.3798	679.26
2024	82.4395	679.222
2025	82.4877	678.916
2026	82.543	678.67
2028	82.6397	678.643
2029	82.7034	678.38
2032	82.8493	677.887
2033	82.8981	677.87
2034	82.946	677.785
2035	82.9917	677.767
2037	83.0883	677.758
2038	83.1374	676.776
2039	83.1884	676.039
2040	83.2365	675.869
2041	83.2834	675.683
2042	83.3315	675.644
2043	83.378	675.599
2044	83.4249	675.565
2045	83.4753	675.408
2046	83.5338	675.4
2047	83.5812	675.16
2048	83.6276	675.14
2049	83.6756	674.493
2050	83.7273	674.403
2051	83.7753	674.154
2053	83.8709	674.089
2054	83.9244	674.024
2055	83.9724	673.568
2056	84.02	673.527
2057	84.0726	670.777
2058	84.1214	670.734
2059	84.1693	670.048
2060	84.2235	670.039
2061	84.2741	670.019
2062	84.3232	669.526
2063	84.3706	669.378
2064	84.4241	669.288
2066	84.5276	668.553
2067	84.5857	668.534
2068	84.6399	668.466
2069	84.686	668.418
2070	84.7353	667.604
2071	84.7872	667.537
2072	84.835	667.523
2073	84.8837	667.515
2074	84.9366	667.496
2075	84.9863	667.485
2076	85.0342	667.389
2077	85.0866	667.286
2078	85.1363	667.273
2079	85.1977	666.893
2080	85.2528	666.858
2081	85.3015	666.795
2082	85.3627	666.727
2083	85.4147	666.638
2084	85.4635	666.539
2085	85.5124	666.515
2086	85.57	666.416
2087	85.6168	666.306
2088	85.6702	666.174
2089	85.7228	665.649
2090	85.7795	665.36
2091	85.8287	665.278
2092	85.8862	665.254
2093	85.9387	665.238
2094	85.9876	665.173
2095	86.0366	664.99
2096	86.0864	664.523
2097	86.1451	664.47
2098	86.2032	664.31
2099	86.261	664.282
2100	86.3462	664.181
2101	86.4264	664.142
2102	86.4768	663.948
2103	86.5274	663.246
2105	86.6208	661.871
2106	86.6779	661.823
2107	86.7297	661.782
2108	86.7842	661.672
2109	86.8305	661.646
2110	86.8832	661.621
2111	86.9437	661.613
2112	86.9941	661.59
2113	87.0427	654.831
2114	87.1034	654.608
2115	87.1502	654.592
2116	87.1961	654.579
2117	87.2431	654.343
2118	87.2975	654.226
2119	87.3488	654.124
2120	87.4037	654.062
2121	87.4512	654.05
2122	87.5057	654.042
2123	87.5627	654.016
2124	87.6124	653.779
2125	87.6661	653.694
2126	87.7181	653.37
2127	87.7723	653.339
2128	87.8243	653.332
2129	87.8804	653.055
2131	87.9776	652.943
2132	88.0279	652.743
2133	88.0742	652.718
2134	88.122	652.698
2135	88.1703	652.663
2136	88.2236	652.642
2137	88.2708	649.604
2138	88.3188	649.477
2139	88.3672	649.376
2140	88.4172	649.3
2141	88.4661	649.148
2142	88.5324	649.126
2143	88.586	649.056
2144	88.6485	649.048
2146	88.7468	648.999
2147	88.7961	648.984
2149	88.9053	648.752
2150	88.9645	648.409
2151	89.0166	648.346
2152	89.071	648.199
2154	89.1628	648.186
2155	89.2153	648.133
2156	89.2664	647.885
2157	89.3136	647.764
2158	89.3609	647.704
2159	89.4081	647.643
2160	89.462	647.373
2162	89.5669	646.064
2163	89.6194	645.32
2164	89.6712	645.268
2165	89.7201	645.195
2166	89.7702	645.143
2167	89.8175	645.124
2168	89.8658	645.115
2169	89.9172	645.013
2170	89.9706	645.013
2171	90.0203	644.803
2172	90.0694	644.783
2173	90.1184	644.777
2174	90.1698	644.687
2175	90.2264	644.672
2176	90.2743	644.492
2177	90.3262	644.22
2178	90.374	644.162
2179	90.4226	643.941
2181	90.522	643.712
2182	90.5702	643.514
2183	90.617	643.366
2184	90.6817	643.266
2185	90.7312	643.213
2186	90.7789	643.164
2187	90.83	642.909
2188	90.8793	642.859
2189	90.929	642.779
2190	90.9824	642.763
2191	91.0356	642.584
2192	91.0939	642.566
2193	91.1486	642.514
2194	91.1955	642.51
2195	91.2424	642.49
2197	91.34	642.202
2198	91.393	642.073
2199	91.4409	642.008
2200	91.4916	641.806
2201	91.5511	641.627
2202	91.6085	641.494
2203	91.6572	641.38
2204	91.706	640.986
2205	91.7537	640.97
2206	91.7999	640.831
2207	91.8485	640.587
2208	91.9021	640.552
2209	91.9482	640.433
2210	91.9951	640.417
2211	92.0436	640.364
2212	92.0975	640.249
2213	92.1482	639.897
2214	92.2014	639.87
2215	92.2483	639.853
2216	92.2971	639.843
2217	92.348	639.827
2218	92.4076	639.818
2219	92.4703	638.798
2221	92.5726	638.494
2222	92.6199	638.473
2223	92.6686	638.417
2224	92.717	637.565
2228	92.9106	637.492
2229	92.9578	637.367
2230	93.0045	637.15
2231	93.051	637.118
2232	93.0998	637.073
2233	93.156	636.918
2234	93.2037	636.806
2235	93.2516	636.732
2236	93.3055	636.626
2237	93.3588	636.501
2238	93.4121	636.488
2239	93.4599	636.257
2240	93.5058	635.972
2241	93.5555	635.884
2242	93.603	635.253
2243	93.6533	635.063
2244	93.7053	635.043
2245	93.7594	635.013
2246	93.8114	633.927
2247	93.8643	633.47
2249	93.9648	632.636
2250	94.0228	632.021
2251	94.0705	631.917
2252	94.1191	631.592
2254	94.22	631.491
2255	94.275	631.166
2256	94.3243	631.094
2257	94.3713	631.061
2258	94.4243	630.746
2259	94.4753	630.725
2260	94.5279	630.515
2261	94.5785	630.43
2262	94.6248	630.209
2263	94.6713	629.679
2264	94.7192	629.476
2265	94.7678	629.43
2266	94.8196	629.132
2268	94.9191	629.118
2269	94.9751	628.99
2270	95.0248	628.961
2271	95.0784	628.08
2272	95.1293	627.86
2273	95.181	627.85
2274	95.2292	627.724
2275	95.2855	626.562
2276	95.3532	626.468
2277	95.4214	626.388
2278	95.4764	626.223
2279	95.5337	626.194
2280	95.587	625.619
2281	95.6362	625.57
2282	95.6868	625.534
2283	95.7867	625.504
2284	95.839	625.41
2285	95.8903	625.388
2286	95.9374	625.343
2287	95.9846	625.323
2288	96.0358	625.318
2290	96.1539	625.299
2291	96.2019	624.449
2292	96.2622	624.411
2293	96.3163	624.294
2294	96.3697	623.805
2295	96.4174	623.691
2296	96.4701	623.249
2297	96.5396	623.002
2298	96.594	622.947
2299	96.6414	622.905
2300	96.6902	622.884
2301	96.7402	622.819
2302	96.7932	622.744
2303	96.8498	621.5
2306	97.0027	621.457
2307	97.0526	621.394
2308	97.1018	621.286
2309	97.1601	621.191
2310	97.2134	621.158
2311	97.2655	621.117
2312	97.324	620.957
2313	97.3707	620.818
2314	97.418	620.645
2315	97.4674	620.635
2317	97.5717	620.479
2318	97.621	620.367
2319	97.6839	620.244
2320	97.7333	619.779
2321	97.783	619.705
2322	95.3281	619.684
2323	95.3788	619.652
2324	95.4396	619.622
2325	95.4969	619.571
2326	95.544	619.538
2327	95.5916	619.504
2328	95.6484	619.228
2329	95.7051	619.204
2330	95.7606	619.077
2331	95.8103	619.074
2332	95.8566	618.418
2333	95.9103	618.363
2334	95.9697	618.101
2335	96.0279	618.041
2336	96.0796	617.805
2337	96.1332	617.367
2338	96.1795	616.874
2339	96.2322	616.751
2340	96.2801	616.702
2341	96.3308	616.507
2343	96.431	615.588
2346	96.5854	615.553
2347	96.6386	615.253
2348	96.6926	615.218
2349	96.749	615.1
2350	96.8025	615.035
2351	96.8509	614.515
2352	96.8984	614.483
2353	96.9532	614.452
2354	97.0085	614.42
2357	97.158	614.161
2359	97.2572	614.002
2360	97.3165	613.877
2362	97.4278	613.833
2363	97.4742	613.809
2365	97.5713	613.743
2366	97.6301	613.667
2368	97.735	612.809
2369	97.7833	612.695
2371	97.8829	612.633
2372	97.9309	612.452
2373	97.9825	612.347
2374	98.032	612.339
2375	98.0792	612.308
2376	98.1255	612.28
2377	98.178	612.2
2378	98.226	612.01
2379	98.274	611.569
2381	98.3683	611.276
2382	98.417	611.245
2383	98.466	611.041
2384	98.5238	610.954
2385	98.571	610.913
2386	98.6192	610.909
2387	98.6678	610.699
2388	98.7144	610.504
2389	98.7677	609.998
2390	98.8194	609.945
2391	98.8802	609.71
2393	98.9897	609.659
2394	99.0391	609.638
2395	99.1377	609.179
2396	99.1905	609.141
2398	99.3013	609.071
2399	99.3523	608.375
2401	99.469	608.362
2402	99.5175	608.289
2403	99.5762	608.246
2404	99.6275	608.211
2405	99.6757	608.209
2406	99.7306	608.156
2407	99.7786	608.146
2408	99.8256	608.093
2409	99.8721	608.059
2410	99.9205	607.945
2411	99.9696	607.937
2412	100.016	607.933
2413	100.065	607.924
2414	100.117	607.9
2415	100.165	607.828
2416	100.212	607.747
2417	100.271	607.709
2418	100.324	607.702
2419	100.375	607.565
2420	100.432	607.532
2422	100.536	607.494
2423	100.584	607.46
2424	100.635	607.287
2425	100.686	607.278
2426	100.734	607.222
2427	100.788	607.199
2428	100.835	606.761
2429	100.882	606.38
2430	100.94	605.791
2431	100.994	605.772
2432	101.043	605.766
2433	101.091	605.665
2434	101.139	605.586
2435	101.187	605.233
2436	101.238	605.001
2437	101.287	604.952
2438	101.34	604.857
2439	101.4	604.833
2440	101.448	604.743
2441	101.496	604.411
2442	101.544	604.288
2443	101.594	604.157
2444	101.645	604.104
2445	101.692	603.76
2446	101.739	603.713
2447	101.788	603.693
2448	101.845	603.583
2451	101.999	603.484
2453	102.096	598.172
2454	102.15	598.135
2455	102.2	598.127
2456	102.252	598.122
2457	102.301	598.043
2458	102.35	597.88
2459	102.396	597.809
2460	102.445	597.673
2461	102.495	597.667
2462	102.541	597.618
2463	102.597	597.609
2464	102.646	597.343
2465	102.696	597.306
2466	102.751	597.099
2467	102.798	597.077
2468	102.851	597.073
2469	102.899	596.951
2470	102.948	596.921
2471	103.002	596.831
2473	103.103	596.805
2474	103.16	596.789
2475	103.207	596.777
2476	103.266	596.656
2477	103.316	596.52
2478	103.366	595.343
2479	103.415	595.287
2480	103.466	595.247
2481	103.523	595.077
2482	103.572	595.052
2483	103.63	595.006
2485	103.726	594.874
2486	103.78	594.856
2487	103.829	594.824
2488	103.877	594.549
2489	103.925	594.41
2490	103.981	594.092
2491	104.04	594.068
2492	104.096	593.977
2493	104.146	593.924
2494	104.197	593.922
2495	104.247	593.861
2496	104.294	593.65
2497	104.341	593.568
2498	104.4	593.543
2499	104.447	593.501
2500	104.498	593.393
2502	104.593	592.469
2503	104.643	592.455
2504	104.7	592.395
2505	104.748	592.332
2506	104.796	592.332
2508	104.894	592.305
2509	104.941	592.08
2510	105	592.015
2511	105.052	591.92
2512	105.099	591.908
2513	105.15	591.905
2514	105.203	591.671
2515	105.253	591.659
2516	105.303	591.58
2517	105.358	591.383
2518	105.405	591.355
2519	105.453	591.33
2520	105.504	591.327
2521	105.553	591.123
2522	105.606	591.009
2523	105.655	590.895
2524	105.704	590.796
2525	105.753	590.755
2527	105.866	590.517
2528	105.915	590.505
2530	106.018	590.438
2531	106.066	590.211
2533	106.195	590.108
2534	106.243	590.106
2535	106.294	590.094
2536	106.342	590.053
2537	106.398	590.046
2538	106.465	589.895
2539	106.522	589.888
2540	106.573	589.708
2541	106.619	589.697
2542	106.668	589.655
2543	106.715	589.497
2544	106.764	589.347
2545	106.814	589.324
2546	106.862	589.198
2547	106.922	589.054
2548	106.972	589.03
2549	107.019	588.918
2550	107.068	588.88
2551	107.116	588.633
2552	107.173	588.605
2553	107.222	588.373
2555	107.322	588.205
2556	107.372	588.2
2557	107.427	588.178
2558	107.477	588.165
2559	107.528	588.115
2560	107.58	588.049
2561	107.63	587.836
2562	107.679	587.825
2564	107.789	587.528
2569	108.037	587.509
2570	108.085	587.3
2571	108.132	587.254
2573	108.235	587.157
2574	108.283	587.047
2575	108.334	587.013
2576	108.388	586.915
2577	108.437	586.653
2578	108.488	586.611
2579	108.545	586.556
2580	108.594	586.306
2581	108.646	586.244
2582	108.697	585.926
2583	108.746	585.607
2585	108.849	585.512
2586	108.912	585.202
2587	108.967	585.024
2588	109.021	585.019
2589	109.074	584.592
2590	109.122	584.011
2591	109.169	583.936
2592	109.218	583.724
2593	109.274	583.722
2595	109.385	583.565
2596	109.435	583.563
2597	109.484	583.539
2598	109.533	583.514
2599	109.579	583.438
2600	109.63	583.333
2601	109.68	580.189
2602	109.726	579.971
2603	109.773	579.846
2605	109.871	579.832
2606	109.917	579.678
2609	110.075	579.599
2610	110.124	579.578
2611	110.173	579.564
2612	110.226	579.388
2613	110.279	579.376
2614	110.331	579.292
2615	110.38	579.28
2616	110.427	579.225
2618	110.53	579.163
2619	110.58	579.146
2620	110.628	578.832
2621	110.683	578.331
2622	110.73	578.215
2624	110.833	578.035
2625	110.883	577.96
2626	110.935	577.913
2627	110.986	577.901
2628	111.036	577.646
2629	111.102	577.638
2631	111.199	577.56
2632	111.255	577.482
2633	111.309	577.459
2634	111.355	577.123
2635	111.41	577.07
2636	111.462	577.06
2637	111.515	576.678
2639	111.612	576.632
2641	111.707	576.563
2642	111.764	576.553
2643	111.817	575.216
2647	112.023	575.196
2648	112.072	575.111
2649	112.123	575.108
2650	112.171	575.104
2651	112.22	575.075
2653	112.326	575.018
2654	112.38	574.922
2655	112.431	574.8
2657	112.532	574.72
2658	112.593	574.703
2660	112.707	574.281
2663	112.85	574.27
2664	112.899	574.241
2665	112.946	574.207
2666	112.993	573.9
2667	113.042	573.896
2668	113.091	573.731
2670	113.196	573.662
2671	113.25	573.662
2672	113.298	573.312
2673	113.348	573.296
2675	113.474	573.27
2676	113.525	573.179
2677	113.574	571.698
2678	113.63	571.53
2679	113.677	571.411
2680	113.725	571.391
2681	113.777	571.32
2682	113.826	571.153
2683	113.875	571.038
2686	114.025	571.013
2687	114.075	570.841
2688	114.125	570.196
2689	114.188	570.11
2691	114.288	569.219
2693	114.385	569.198
2694	114.433	569.009
2700	114.735	568.977
2702	114.844	568.833
2705	115.003	568.771
2707	115.099	568.766
2708	115.17	566.815
2709	115.267	566.794
2710	115.322	566.789
2711	115.371	566.774
2712	115.422	566.613
2713	115.47	566.579
2714	115.519	566.551
2715	115.57	566.532
2716	115.619	566.523
2717	115.675	566.474
2718	115.726	565.878
2721	115.889	565.293
2722	115.939	565.274
2723	115.992	565.249
2724	116.042	565.239
2725	116.101	565.141
2726	116.213	565.129
2727	116.284	564.987
2728	116.334	564.973
2729	116.39	564.888
2730	116.445	564.864
2732	116.541	564.859
2733	116.59	564.835
2734	116.641	564.82
2735	116.691	563.578
2736	116.746	563.566
2737	116.802	563.536
2738	116.849	563.502
2739	116.907	563.372
2740	116.957	563.357
2741	117.019	563.345
2742	117.068	563.282
2743	117.115	563.256
2744	117.169	563.223
2745	117.217	563.22
2746	117.265	563.16
2747	117.311	563.134
2748	117.358	563.113
2749	117.409	563.061
2750	117.459	562.611
2751	117.509	562.465
2752	117.558	562.434
2753	117.615	562.422
2754	117.669	562.401
2755	117.721	562.264
2756	117.773	562.259
2757	117.827	562.236
2758	117.877	562.234
2759	117.93	562.138
2760	117.984	562.119
2761	118.034	562.104
2762	118.083	562.09
2763	118.131	561.964
2764	118.18	561.825
2765	118.231	561.783
2766	118.278	561.667
2767	118.333	561.64
2768	118.383	561.56
2769	118.444	561.468
2770	118.496	561.293
2771	118.546	561.286
2772	118.594	561.254
2773	118.65	561.134
2774	118.698	560.924
2775	118.749	560.7
2776	118.8	560.581
2777	118.853	560.554
2778	118.902	560.526
2779	118.951	560.458
2780	118.998	560.407
2781	119.046	560.394
2782	119.11	560.31
2783	119.158	560.231
2785	119.255	560.134
2786	119.306	560.1
2787	119.359	560.09
2788	119.413	560.083
2790	119.519	560.057
2791	119.567	559.749
2792	119.616	559.653
2793	119.666	558.194
2794	119.724	558.151
2795	119.774	558.141
2796	119.823	558.135
2797	119.873	558.061
2798	119.925	558.023
2799	119.973	557.953
2800	120.023	557.804
2801	120.073	557.799
2802	120.122	557.764
2803	120.172	557.755
2804	120.223	556.933
2805	120.271	556.895
2806	120.32	556.815
2807	120.372	556.783
2808	120.421	556.752
2809	120.471	556.228
2810	120.522	556.193
2811	120.576	556.109
2813	120.691	556.092
2814	120.742	556.067
2815	120.796	556.065
2816	120.847	556.007
2818	120.966	555.849
2819	121.024	555.833
2820	121.102	555.781
2821	121.159	555.771
2822	121.209	555.767
2823	121.257	555.729
2824	121.307	555.728
2826	121.414	555.689
2827	121.472	555.672
2828	121.522	555.638
2829	121.571	555.579
2830	121.619	555.303
2831	121.667	555.253
2832	121.717	555.184
2833	121.767	555.149
2834	121.822	555.091
2835	121.878	555.071
2836	121.929	554.92
2837	121.987	554.701
2838	122.04	554.677
2839	122.09	554.615
2840	122.137	554.494
2842	122.245	554.096
2843	122.296	553.908
2844	122.352	553.883
2845	122.41	553.877
2846	122.467	553.861
2848	122.58	553.842
2849	122.63	553.352
2850	122.679	553.329
2851	122.728	553.26
2853	122.84	553.256
2854	122.898	553.127
2855	122.947	553.124
2856	122.998	553.074
2857	123.047	552.601
2858	123.096	552.565
2859	123.149	552.555
2860	123.21	552.548
2861	123.264	552.479
2862	123.313	552.428
2863	123.363	552.185
2864	123.414	552.18
2865	123.466	552.169
2866	123.517	552.118
2867	123.568	551.998
2870	123.734	551.87
2871	123.788	551.804
2872	123.844	551.789
2873	123.902	551.787
2874	123.953	551.786
2875	124.001	551.772
2877	124.099	551.641
2878	124.151	551.528
2879	124.263	551.521
2880	124.32	551.393
2881	124.373	551.315
2882	124.431	551.182
2884	124.547	551.125
2885	124.595	551.101
2886	124.646	550.992
2887	124.694	550.981
2888	124.742	550.964
2889	124.792	550.868
2890	124.845	550.853
2891	124.901	550.831
2893	125.003	550.521
2894	125.068	550.449
2895	125.122	550.374
2896	125.171	550.37
2898	125.279	550.362
2899	125.332	550.301
2900	125.39	550.249
2901	125.446	550.12
2902	125.495	550.12
2903	125.555	550.053
2904	125.609	549.781
2907	125.762	549.734
2908	125.814	549.674
2909	125.871	549.665
2910	125.919	549.528
2911	125.981	549.502
2912	126.031	549.484
2913	126.081	549.197
2915	126.187	549.177
2916	126.236	549.139
2917	126.294	549.017
2918	126.344	548.988
2922	126.544	548.647
2923	126.593	548.56
2924	126.643	548.527
2926	126.74	548.332
2927	126.797	548.248
2928	126.849	548.242
2929	126.908	548.153
2930	126.958	547.5
2931	127.005	547.43
2932	127.054	547.202
2936	127.27	547.19
2937	127.318	547.153
2938	127.366	546.928
2939	127.414	546.856
2940	127.466	546.78
2941	127.514	546.765
2943	127.617	546.613
2944	127.675	546.602
2946	127.773	546.551
2948	125.378	546.525
2949	125.432	546.515
2950	125.488	546.474
2953	125.647	546.44
2954	125.697	546.423
2955	125.755	546.243
2956	125.81	546.203
2958	125.953	546.186
2959	126.001	546.149
2960	126.051	545.867
2961	126.107	545.845
2962	126.168	545.784
2965	126.329	545.681
2966	126.377	545.64
2967	126.43	545.587
2968	126.478	545.552
2969	126.526	545.523
2971	126.636	545.352
2972	126.687	545.075
2973	126.741	545.052
2974	126.806	544.842
2975	126.858	544.819
2977	126.97	544.387
2979	127.068	544.365
2980	127.119	544.317
2981	127.169	544.268
2983	127.278	543.563
2986	127.43	543.495
2987	127.477	543.455
2988	127.527	543.423
2989	127.576	543.413
2990	127.631	543.375
2991	127.681	543.322
2992	127.731	542.885
2993	127.782	542.863
2994	127.832	542.847
2995	127.886	542.761
2998	128.045	542.371
2999	128.098	542.369
3000	128.147	541.936
3003	128.311	541.911
3004	128.369	541.851
3005	128.42	541.826
3006	128.471	541.81
3008	128.577	541.664
3009	128.634	541.613
3010	128.684	541.487
3011	128.741	541.485
3012	128.788	541.467
3013	128.841	541.459
3016	129.016	541.379
3017	129.067	541.106
3019	129.172	541.096
3020	129.222	541.083
3021	129.276	541.018
3022	129.325	540.711
3023	129.377	540.703
3027	129.586	540.553
3028	129.635	540.121
3029	129.682	540.076
3030	129.739	540.061
3031	129.787	539.829
3033	129.895	539.822
3036	130.04	539.808
3039	130.208	539.781
3040	130.265	539.757
3042	130.369	539.178
3043	130.424	538.572
3045	130.532	538.523
3048	130.681	538.443
3049	130.731	538.425
3052	130.884	538.344
3053	130.933	538.321
3055	131.036	538.308
3056	131.083	538.304
3057	131.136	538.247
3058	131.209	538.186
3060	131.312	538.164
3061	131.362	538.026
3062	131.418	538.007
3063	131.474	537.975
3064	131.523	537.941
3065	131.573	537.913
3066	131.628	537.911
3067	131.686	537.846
3068	131.742	537.844
3069	131.8	537.748
3070	131.854	537.722
3071	131.903	537.678
3072	131.953	537.677
3073	132.003	537.672
3074	132.059	537.652
3075	132.119	537.399
3076	132.177	537.386
3077	132.236	537.216
3078	132.287	537.164
3079	132.34	537.099
3080	132.391	537.087
3082	132.491	537.053
3083	132.554	537.014
3084	132.615	537.005
3085	132.665	537.002
3086	132.713	536.984
3087	132.772	536.409
3088	132.826	536.398
3089	132.875	536.368
3090	132.925	536.099
3091	132.974	536.093
3092	133.025	536.077
3093	133.073	536.074
3094	133.124	536.058
3095	133.171	536.048
3096	133.219	536.041
3097	133.27	536.024
3098	133.32	536.022
3099	133.375	535.992
3100	133.437	535.981
3101	133.485	535.79
3102	133.558	535.743
3103	133.647	535.694
3104	133.696	535.604
3105	133.75	535.573
3106	133.8	535.537
3107	133.855	535.52
3108	133.904	535.356
3109	133.952	535.294
3110	134.002	535.186
3112	134.109	535.175
3113	134.159	535.146
3114	134.219	535.103
3115	134.273	534.803
3116	134.321	534.723
3117	134.373	534.701
3118	134.42	534.649
3119	134.474	534.504
3120	134.524	534.466
3121	134.578	534.426
3123	134.68	534.375
3125	134.779	534.355
3126	134.83	534.319
3127	134.89	534.318
3128	134.946	534.291
3131	135.099	534.271
3132	135.154	534.265
3133	135.207	533.146
3134	135.262	533.087
3135	135.318	533.085
3136	135.367	533.044
3139	135.517	532.996
3140	135.567	532.784
3141	135.62	532.714
3142	135.68	532.693
3143	135.736	532.684
3144	135.793	532.339
3145	135.841	532.308
3146	135.89	532.261
3147	135.94	532.236
3148	135.987	532.102
3150	136.099	532.062
3151	136.152	531.563
3152	136.202	531.543
3153	136.252	531.51
3154	136.316	531.474
3155	136.364	531.469
3156	136.417	531.461
3157	136.468	531.348
3159	136.575	531.347
3160	136.632	531.316
3161	136.682	531.168
3162	136.731	531.163
3163	136.782	531.104
3164	136.839	531.084
3166	136.954	531.062
3167	137.002	531.056
3169	137.118	530.981
3170	137.17	530.837
3171	137.222	530.57
3172	137.28	530.502
3173	137.337	530.473
3174	137.385	530.468
3175	137.438	530.461
3176	137.499	530.366
3177	137.563	530.352
3178	137.613	530.345
3179	137.665	530.323
3180	137.72	530.17
3181	137.772	530.077
3182	137.821	529.832
3183	137.872	529.744
3184	137.921	529.734
3185	137.974	529.69
3186	138.022	529.686
3188	138.126	529.671
3189	138.176	529.636
3190	138.224	529.454
3191	138.271	529.415
3192	138.328	529.404
3193	138.378	529.399
3196	138.533	529.369
3197	138.582	529.344
3199	138.689	529.342
3201	138.792	529.293
3202	138.843	529.249
3203	138.895	529.177
3206	139.047	529.149
3207	139.104	528.982
3209	139.208	528.911
3210	139.263	528.889
3211	139.321	528.82
3212	139.37	528.807
3213	139.419	528.792
3214	139.47	528.785
3215	139.517	528.684
3218	139.665	528.59
3219	139.726	528.464
3220	139.789	528.401
3221	139.839	528.313
3223	139.95	528.301
3224	140.005	528.262
3225	140.055	528.259
3226	140.104	528.255
3227	140.161	528.229
3228	140.214	528.22
3229	140.269	528.131
3230	140.324	528.098
3231	140.378	527.819
3233	140.474	527.695
3234	140.523	527.676
3235	140.573	527.633
3236	140.626	527.628
3237	140.679	527.611
3238	140.731	527.575
3239	140.784	527.479
3240	140.838	527.398
3241	140.887	527.269
3242	140.937	527.247
3243	140.996	526.747
3244	141.044	526.708
3248	141.264	526.696
3249	141.322	526.69
3250	141.376	526.557
3251	141.424	526.52
3252	141.474	526.469
3253	141.523	526.393
3255	141.646	526.363
3256	141.705	526.314
3257	141.761	525.965
3258	141.81	525.934
3259	141.866	525.928
3260	141.918	525.882
3261	141.966	525.827
3262	142.026	525.633
3263	142.078	525.611
3265	142.18	525.564
3266	142.229	525.373
3267	142.289	525.219
3269	142.385	525.112
3270	142.433	524.582
3271	142.483	524.555
3272	142.539	524.391
3273	142.603	524.368
3275	142.702	524.217
3277	142.804	524.196
3278	142.855	524.102
3279	142.904	524.085
3280	142.961	524.075
3281	143.009	524.07
3284	143.157	524.06
3286	143.259	524.02
3288	143.371	523.985
3289	143.423	523.981
3290	143.473	523.967
3293	143.631	523.958
3295	143.735	523.868
3296	143.784	523.835
3298	143.89	523.792
3300	143.99	523.586
3301	144.041	523.565
3302	144.091	523.499
3304	144.19	523.495
3305	144.239	523.461
3306	144.289	523.365
3308	144.391	523.333
3313	144.647	523.1
3314	144.703	522.855
3315	144.751	522.837
3316	144.8	522.832
3317	144.849	522.434
3319	144.946	522.415
3320	145.001	522.414
3321	145.06	522.395
3322	145.114	522.367
3323	145.165	521.794
3326	145.326	521.759
3327	145.376	521.661
3329	145.48	521.648
3330	145.548	521.448
3331	145.6	521.427
3332	145.653	521.261
3333	145.706	521.193
3338	146.025	521.078
3340	146.139	520.675
3343	146.291	520.669
3344	146.347	520.641
3345	146.397	520.61
3346	146.447	520.563
3349	146.596	520.562
3350	146.643	520.487
3351	146.697	520.487
3352	146.748	520.285
3355	146.92	520.256
3357	147.023	519.928
3359	147.129	519.831
3362	147.292	519.743
3363	147.343	519.674
3364	147.393	519.628
3367	147.553	519.555
3368	147.608	519.247
3371	147.768	519.112
3373	147.88	519.108
3380	148.244	519.072
3383	148.405	519.008
3387	148.603	518.984
3388	148.651	518.933
3389	148.698	518.796
3392	148.853	518.727
3393	148.904	518.691
3396	149.052	518.669
3397	149.102	518.629
3398	149.157	518.6
3399	149.206	518.578
3401	149.307	518.458
3402	149.357	518.44
3403	149.408	518.422
3404	149.457	518.419
3405	149.508	518.367
3406	149.562	518.363
3407	149.624	518.283
3408	149.671	518.263
3409	149.723	518.177
3410	149.771	518.137
3411	149.825	518.113
3413	149.934	518.105
3414	149.992	518.079
3415	150.039	517.942
3416	150.087	517.936
3417	150.135	517.918
3418	150.183	517.893
3419	150.231	517.809
3420	150.28	517.801
3422	150.378	517.708
3423	150.444	517.692
3424	150.495	517.681
3425	150.543	517.679
3426	150.593	517.663
3427	150.646	517.597
3428	150.7	517.58
3429	150.752	517.548
3430	150.8	517.407
3431	150.855	517.387
3432	150.917	517.314
3433	150.969	517.294
3434	151.023	517.26
3435	151.072	517.256
3436	151.126	517.246
3437	151.176	517.233
3438	151.228	517.232
3439	151.276	517.165
3440	151.324	517.148
3441	151.372	517.08
3442	151.428	517.049
3443	151.484	516.998
3444	151.535	516.997
3445	151.599	516.977
3446	151.648	516.966
3447	151.705	516.959
3448	151.76	516.872
3449	151.811	516.845
3450	151.864	516.805
3451	151.918	516.8
3452	151.967	516.78
3453	152.016	516.766
3454	152.065	516.753
3455	152.112	516.535
3456	152.163	516.435
3457	152.211	516.415
3458	152.259	516.38
3459	152.309	516.338
3460	152.359	516.302
3461	152.407	516.292
3462	152.455	516.279
3463	152.504	516.257
3464	152.554	516.072
3465	152.603	515.931
3466	152.672	515.896
3467	152.73	515.893
3468	152.785	515.878
3469	152.841	515.864
3471	152.943	515.861
3472	152.992	515.833
3473	153.043	514.929
3476	153.2	514.924
3479	153.359	514.898
3480	153.408	514.782
3481	153.459	514.765
3482	153.514	514.73
3483	153.574	514.718
3484	153.631	514.407
3485	153.678	514.392
3486	153.734	514.328
3487	153.783	514.314
3488	153.834	514.313
3489	153.884	514.246
3490	153.934	514.239
3491	153.983	514.151
3493	154.079	514.141
3494	154.126	514.096
3495	154.179	514.072
3496	154.228	514.043
3497	154.279	513.948
3499	154.385	513.927
3500	154.443	513.912
3501	154.502	513.778
3502	154.558	513.775
3503	154.61	513.742
3504	154.662	513.726
3505	154.713	513.684
3506	154.761	513.618
3507	154.816	513.611
3508	154.866	513.58
3509	154.915	513.519
3510	155.017	513.472
3511	155.084	513.188
3512	155.134	513.148
3513	155.185	513.118
3514	155.233	513.116
3515	155.286	513.106
3516	155.34	513.087
3517	155.396	513.081
3518	155.445	513.08
3519	155.492	513.057
3520	155.542	512.935
3521	155.595	512.765
3522	155.651	512.632
3523	155.704	512.585
3524	155.763	512.562
3525	155.814	512.551
3526	155.867	512.543
3528	155.962	512.541
3529	156.014	511.914
3530	156.064	511.846
3532	156.176	511.846
3533	156.233	511.838
3534	156.282	511.828
3536	156.39	511.799
3537	156.443	511.724
3539	156.544	511.719
3541	156.642	511.648
3542	156.691	511.64
3543	156.74	511.601
3544	156.787	511.589
3546	156.882	511.584
3547	156.941	511.47
3549	157.04	511.422
3550	157.089	511.359
3551	157.144	511.28
3552	157.204	511.26
3553	157.254	511.259
3554	157.309	511.258
3555	157.368	511.253
3557	157.465	511.228
3558	157.522	511.164
3559	157.577	511.12
3560	157.631	511.063
3561	157.688	511.022
3562	157.744	510.959
3563	157.795	510.938
3564	155.366	510.765
3565	155.421	510.756
3566	155.473	510.752
3567	155.532	510.709
3568	155.585	510.706
3569	155.634	510.623
3571	155.743	510.555
3573	155.847	510.418
3575	155.947	510.392
3576	155.995	510.391
3577	156.058	510.375
3578	156.114	510.358
3579	156.172	510.353
3580	156.225	510.293
3581	156.274	510.007
3582	156.323	510.002
3583	156.377	509.937
3584	156.425	509.91
3587	156.57	509.901
3589	156.672	509.895
3590	156.727	509.797
3591	156.778	509.76
3595	156.994	509.689
3596	157.048	509.656
3597	157.098	509.623
3598	157.15	509.61
3601	157.297	509.605
3602	157.352	509.451
3604	157.446	509.449
3605	157.496	509.428
3606	157.544	509.301
3608	157.651	509.28
3609	157.708	509.223
3610	157.76	508.84
3611	157.811	508.727
3612	157.868	508.659
3614	157.97	508.588
3616	158.065	508.568
3617	158.115	508.553
3620	158.262	508.524
3621	158.314	508.45
3626	158.576	508.429
3629	158.728	508.423
3630	158.78	508.365
3631	158.844	508.344
3633	158.94	508.328
3635	159.044	508.322
3636	159.098	508.271
3638	159.196	508.254
3641	159.353	508.231
3642	159.402	508.152
3643	159.463	508.135
3644	159.52	508.134
3645	159.574	508.099
3646	159.629	508.085
3648	159.735	508.08
3649	159.788	508.044
3653	159.995	508.012
3656	160.16	507.976
3657	160.215	507.663
3659	160.324	507.644
3660	160.371	507.616
3661	160.421	507.601
3663	160.529	507.228
3666	160.69	507.219
3667	160.741	507.182
3669	160.846	507.177
3670	160.899	507.123
3671	160.947	507.088
3672	160.996	506.992
3673	161.044	506.942
3677	161.26	506.936
3678	161.312	506.914
3679	161.364	506.877
3680	161.432	506.521
3681	161.485	506.52
3682	161.548	506.519
3684	161.65	506.506
3685	161.698	506.027
3686	161.745	505.808
3687	161.793	505.797
3690	161.947	505.757
3691	161.998	505.752
3692	162.049	505.736
3693	162.098	505.736
3696	162.247	505.68
3697	162.296	505.606
3698	162.352	505.584
3699	162.404	505.514
3700	162.454	505.486
3701	162.504	505.457
3702	162.561	505.354
3703	162.611	505.344
3707	162.821	505.309
3708	162.872	504.977
3709	162.92	504.92
3710	162.973	504.917
3711	163.021	504.831
3712	163.071	504.769
3713	163.119	504.755
3715	163.218	504.754
3716	163.277	504.733
3720	163.484	504.651
3722	163.585	504.418
3724	163.7	504.417
3725	163.753	504.374
3727	163.85	504.37
3728	163.899	504.343
3729	163.949	504.341
3732	164.109	504.316
3733	164.159	504.262
3736	164.304	504.235
3737	164.362	504.203
3738	164.41	504.043
3741	164.557	503.918
3742	164.611	503.894
3743	164.663	503.883
3744	164.71	503.878
3745	164.761	503.813
3746	164.811	503.808
3747	164.86	503.741
3748	164.91	503.635
3749	164.957	503.581
3750	165.005	503.573
3752	165.105	503.568
3753	165.155	503.556
3754	165.204	503.525
3755	165.259	503.351
3757	165.37	503.347
3759	165.471	503.294
3760	165.522	503.26
3762	165.661	503.195
3763	165.71	503.167
3764	165.762	503.155
3765	165.815	503.151
3766	165.872	503.148
3767	165.919	503.116
3768	165.969	503.095
3769	166.03	503.084
3770	166.089	502.992
3772	166.221	502.974
3773	166.269	502.963
3774	166.359	502.938
3775	166.441	502.928
3777	166.548	502.925
3778	166.597	502.924
3779	166.652	502.881
3780	166.701	502.872
3781	166.751	502.779
3782	166.8	502.733
3783	166.85	502.679
3784	166.898	502.629
3785	166.946	502.62
3787	167.053	502.587
3788	167.106	502.545
3789	167.156	502.518
3790	167.213	502.441
3791	167.268	502.43
3792	167.318	502.419
3793	167.367	502.392
3794	167.421	502.375
3795	167.469	502.253
3796	167.518	502.249
3797	167.565	502.235
3798	167.623	502.178
3799	167.676	502.165
3800	167.726	502.094
3801	167.778	502.067
3803	167.872	502.048
3806	168.026	502.03
3807	168.078	502.026
3808	168.13	502.017
3811	168.284	502.012
3812	168.335	501.938
3813	168.386	501.184
3815	168.488	501.169
3816	168.548	501.164
3818	168.66	501.135
3819	168.715	501.121
3820	168.767	501.02
3821	168.819	501.012
3822	168.867	501.003
3823	168.916	500.987
3824	168.966	500.79
3825	169.016	500.769
3826	169.069	500.769
3827	169.118	500.749
3828	169.169	500.74
3829	169.224	500.69
3831	169.332	500.576
3832	169.38	500.574
3833	169.433	500.554
3834	169.484	500.538
3835	169.536	500.526
3837	169.641	500.411
3838	169.691	500.39
3839	169.74	500.385
3840	169.789	500.376
3841	169.839	500.328
3842	169.892	500.309
3843	169.95	500.285
3846	170.109	500.282
3847	170.168	500.277
3848	170.222	500.204
3849	170.28	500.164
3850	170.33	500.131
3851	170.38	499.935
3852	170.433	499.907
3855	170.594	499.902
3856	170.642	499.804
3857	170.691	499.792
3858	170.738	499.784
3859	170.785	499.782
3860	170.833	499.647
3861	170.895	499.355
3863	171.003	499.337
3864	171.051	499.336
3865	171.099	499.316
3866	171.149	499.294
3867	171.205	499.271
3868	171.254	499.268
3869	171.304	499.22
3870	171.354	499.141
3872	171.467	499.138
3873	171.525	499.138
3876	171.676	499.113
3877	171.732	498.978
3879	171.833	498.977
3880	171.883	498.972
3881	171.942	498.924
3882	171.992	498.889
3883	172.054	498.806
3885	172.158	498.794
3887	172.261	498.756
3889	172.355	498.74
3890	172.404	498.718
3891	172.455	498.707
3892	172.512	498.696
3893	172.56	498.694
3894	172.609	498.693
3895	172.659	498.683
3896	172.709	498.636
3897	172.761	498.628
3898	172.812	498.534
3899	172.862	498.469
3900	172.914	498.447
3901	172.964	498.434
3902	173.014	498.39
3903	173.064	498.383
3904	173.114	498.365
3905	173.164	498.359
3906	173.216	498.355
3907	173.265	498.312
3908	173.314	498.312
3909	173.374	498.256
3910	173.428	498.244
3911	173.476	498.226
3912	173.526	498.225
3913	173.578	498.15
3914	173.626	498.124
3916	173.73	498.119
3917	173.788	498.114
3918	173.835	498.108
3919	173.886	498.041
3920	173.94	497.998
3921	173.994	497.961
3922	174.045	497.941
3923	174.095	497.64
3928	174.351	497.631
3929	174.415	497.624
3930	174.465	497.543
3931	174.514	497.521
3933	174.613	497.521
3934	174.673	497.461
3935	174.733	497.345
3936	174.796	497.271
3937	174.856	497.184
3938	174.907	497.175
3939	174.957	497.17
3942	175.113	497.167
3943	175.166	497.058
3944	175.216	497.056
3945	175.267	497.039
3946	175.321	496.949
3949	175.487	496.911
3950	175.541	496.618
3951	175.596	496.569
3952	175.646	496.543
3954	175.758	496.512
3955	175.81	496.497
3956	175.86	496.465
3957	175.908	496.421
3959	176.006	496.388
3960	176.056	496.365
3961	176.117	496.33
3966	176.376	496.328
3969	176.536	496.314
3970	176.584	496.298
3971	176.631	496.289
3973	176.74	496.277
3974	176.794	496.276
3975	176.856	496.262
3976	176.914	496.229
3977	176.962	496.214
3978	177.013	496.178
3980	177.118	495.565
3981	177.173	495.551
3982	177.229	495.502
3983	177.283	495.218
3984	177.332	495.203
3985	177.383	495.153
3986	177.434	495.095
3987	177.491	495.095
3988	177.539	495.093
3989	177.586	495.092
3991	177.687	494.95
3992	177.734	494.934
3993	177.784	494.894
3994	177.84	494.821
3995	177.894	494.814
3997	178.002	494.57
3999	178.105	494.561
4000	178.157	494.519
4001	178.212	494.513
4002	178.272	494.5
4003	178.321	494.197
4005	178.426	494.196
4006	178.494	494.193
4007	178.546	494.188
4009	178.65	494.165
4010	178.707	494.116
4011	178.758	494.102
4013	178.938	494.016
4016	179.096	493.985
4019	179.244	493.721
4020	179.305	493.46
4023	179.456	493.457
4024	179.503	493.452
4025	179.553	493.337
4026	179.601	493.267
4027	179.651	493.263
4030	179.812	493.217
4031	179.864	493.213
4035	180.065	493.182
4036	180.124	492.991
4037	180.172	492.951
4039	180.276	492.909
4040	180.333	492.897
4043	180.482	492.885
4046	180.647	492.882
4047	180.696	492.844
4048	180.754	492.764
4050	180.851	492.738
4051	180.897	492.686
4053	180.993	492.675
4054	181.043	492.671
4055	181.093	492.63
4062	181.458	492.607
4064	181.566	492.606
4067	181.726	492.605
4068	181.775	492.583
4070	181.873	492.578
4072	181.97	492.561
4073	182.02	492.528
4074	182.071	492.521
4076	182.175	492.498
4077	182.233	492.471
4078	182.295	492.437
4080	182.395	492.402
4081	182.444	492.324
4082	182.494	492.307
4083	182.551	492.296
4085	182.657	492.264
4086	182.712	492.255
4087	182.762	492.2
4088	182.81	492.127
4089	182.864	492.096
4090	182.914	492.078
4093	183.056	492.072
4094	183.109	491.994
4095	183.165	491.875
4098	183.315	491.872
4099	183.363	491.816
4100	183.413	491.807
4102	183.512	491.782
4103	183.563	491.742
4104	183.621	491.727
4105	183.679	491.724
4106	183.734	491.694
4107	183.79	491.678
4108	183.84	491.672
4109	183.887	491.635
4110	183.935	491.336
4111	183.985	491.33
4112	184.034	491.328
4113	184.083	491.309
4114	184.131	491.278
4115	184.184	491.266
4116	184.234	491.256
4117	184.293	491.247
4118	184.346	491.243
4119	184.402	491.21
4121	184.512	491.176
4122	184.563	491.124
4123	184.616	491.107
4124	184.667	491.086
4126	184.768	491.061
4127	184.819	491.049
4128	184.869	490.96
4129	184.921	490.945
4130	184.976	490.894
4132	185.073	490.859
4133	185.123	490.826
4134	185.176	490.812
4135	185.224	490.689
4136	185.28	490.67
4137	185.329	490.661
4138	185.385	490.631
4139	185.432	490.617
4140	185.498	490.549
4141	185.548	490.544
4142	185.596	490.541
4143	185.646	490.52
4146	185.794	490.497
4147	185.845	490.493
4148	185.896	490.48
4149	185.949	490.472
4151	186.048	490.471
4152	186.098	490.433
4153	186.15	489.807
4156	186.304	489.805
4159	186.457	489.783
4160	186.508	489.721
4161	186.572	489.717
4162	186.633	489.697
4163	186.687	489.688
4164	186.74	489.524
4166	186.839	489.52
4167	186.888	489.515
4168	186.941	489.512
4169	186.992	489.492
4170	187.043	489.447
4171	187.1	489.352
4173	187.2	489.337
4174	187.25	489.335
4175	187.3	489.333
4177	187.404	489.257
4178	187.452	489.244
4179	187.515	489.223
4180	187.571	489.212
4181	187.624	489.185
4182	187.677	489.148
4183	187.727	489.125
4185	185.328	489.099
4186	185.384	489.063
4188	185.486	489.04
4190	185.584	488.822
4191	185.634	488.775
4192	185.693	488.774
4193	185.748	488.771
4194	185.802	488.767
4195	185.857	488.762
4196	185.905	488.748
4197	185.954	488.731
4198	186.005	488.728
4199	186.056	488.715
4200	186.114	488.565
4201	186.17	488.238
4202	186.219	488.088
4204	186.323	488.085
4205	186.372	488.071
4206	186.422	488.063
4207	186.471	488.055
4208	186.518	488.051
4209	186.567	488.018
4210	186.617	487.96
4213	186.778	487.956
4215	186.882	487.953
4216	186.937	487.942
4217	186.985	487.844
4218	187.032	487.833
4219	187.086	487.819
4221	187.186	487.685
4222	187.236	487.674
4223	187.294	487.632
4225	187.397	487.631
4227	187.51	487.524
4230	187.663	487.499
4231	187.713	487.482
4232	187.761	487.481
4233	187.81	487.476
4234	187.861	487.476
4235	187.914	487.463
4237	188.014	487.436
4238	188.066	487.364
4239	188.121	487.31
4240	188.204	487.29
4241	188.285	487.289
4242	188.337	487.275
4243	188.391	487.175
4244	188.438	487.155
4245	188.487	487.153
4246	188.54	487.15
4247	188.595	487.13
4248	188.65	487.126
4249	188.701	487.071
4252	188.854	487.057
4253	188.91	487.035
4255	189.009	487.003
4256	189.059	486.972
4257	189.122	486.963
4258	189.198	486.959
4259	189.251	486.958
4260	189.303	486.947
4261	189.355	486.922
4262	189.402	486.919
4263	189.45	486.882
4264	189.507	486.878
4265	189.559	486.739
4268	189.711	486.726
4269	189.764	486.719
4270	189.812	486.65
4271	189.863	486.634
4274	190.011	486.617
4275	190.061	486.574
4276	190.112	486.526
4277	190.16	486.515
4278	190.218	486.507
4281	190.374	486.499
4283	190.477	486.443
4284	190.528	486.442
4285	190.589	486.411
4286	190.638	486.34
4289	190.785	486.322
4290	190.839	486.072
4291	190.888	486.038
4292	190.946	486.002
4296	191.143	485.989
4297	191.19	485.961
4300	191.339	485.89
4301	191.389	485.875
4302	191.441	485.776
4306	191.665	485.749
4310	191.864	485.738
4313	192.035	485.727
4315	192.133	485.724
4316	192.185	485.683
4320	192.381	485.638
4321	192.434	485.632
4322	192.482	485.62
4323	192.534	485.599
4324	192.587	485.567
4325	192.636	485.528
4326	192.686	485.493
4327	192.735	485.466
4328	192.79	485.441
4331	192.962	485.422
4332	193.013	485.402
4333	193.066	485.339
4334	193.13	485.318
4335	193.192	485.27
4336	193.248	485.242
4337	193.298	485.038
4339	193.4	485.034
4340	193.45	484.899
4341	193.497	484.898
4342	193.547	484.892
4343	193.616	484.652
4344	193.674	484.643
4347	193.831	484.641
4348	193.878	484.604
4349	193.934	484.592
4350	193.984	484.549
4351	194.032	484.539
4352	194.079	483.667
4353	194.13	483.656
4354	194.181	483.654
4359	194.462	483.54
4360	194.511	483.314
4361	194.561	483.307
4362	194.613	483.302
4363	194.663	483.299
4365	194.77	483.273
4366	194.824	483.205
4367	194.876	483.196
4368	194.932	483.175
4369	194.99	483.174
4370	195.049	483.158
4371	195.099	483.157
4374	195.263	483.127
4375	195.315	483.116
4377	195.417	483.083
4378	195.476	483.017
4379	195.525	483
4380	195.578	482.997
4381	195.63	482.99
4386	195.89	482.984
4389	196.045	482.975
4390	196.094	482.848
4391	196.141	482.815
4392	196.191	482.79
4393	196.24	482.786
4394	196.292	482.782
4395	196.353	482.704
4397	196.461	482.693
4398	196.513	482.622
4400	196.608	482.619
4402	196.718	482.535
4404	196.82	482.522
4407	196.965	482.511
4408	197.015	482.502
4409	197.066	482.475
4412	197.214	482.454
4413	197.262	482.451
4415	197.363	482.436
4416	197.424	482.424
4417	197.477	482.405
4418	197.527	482.383
4421	197.676	482.286
4422	197.728	482.275
4423	197.781	482.266
4424	197.83	482.258
4425	197.879	482.247
4426	197.934	482.245
4427	197.981	482.217
4428	198.03	482.209
4429	198.077	482.175
4430	198.128	482.112
4433	198.279	482.086
4434	198.331	482.066
4435	198.387	481.977
4436	198.44	481.975
4437	198.488	481.968
4438	198.535	481.955
4439	198.584	481.92
4440	198.637	481.91
4442	198.747	481.89
4443	198.801	481.846
4444	198.855	481.843
4445	198.903	481.824
4446	198.954	481.817
4447	199.003	480.986
4448	199.058	480.974
4449	199.118	480.884
4450	199.168	480.799
4452	199.269	480.793
4454	199.381	480.776
4455	199.44	480.773
4457	199.539	480.764
4458	199.591	480.762
4459	199.643	480.759
4460	199.693	480.757
4461	199.754	480.728
4463	199.868	480.714
4465	199.978	480.709
4466	200.025	480.688
4467	200.08	480.671
4468	200.131	480.606
4469	200.184	480.603
4470	200.239	480.569
4471	200.302	480.564
4472	200.358	480.534
4473	200.406	480.519
4475	200.505	480.457
4476	200.556	480.421
4477	200.611	480.398
4478	200.663	480.346
4480	200.762	480.32
4481	200.814	480.303
4482	200.862	480.286
4483	200.91	480.266
4485	201.019	480.164
4486	201.071	480.143
4487	201.131	480.136
4488	201.181	480.113
4489	201.233	480.112
4491	201.35	480.099
4493	201.501	479.336
4494	201.569	479.331
4496	201.674	479.33
4499	201.823	479.326
4500	201.873	479.289
4501	201.922	479.278
4502	201.969	479.261
4503	202.019	479.23
4504	202.07	479.119
4505	202.123	479.1
4506	202.17	479.027
4507	202.219	479.014
4508	202.28	479.008
4509	202.339	477.929
4510	202.388	477.924
4511	202.44	477.883
4513	202.546	477.868
4514	202.596	477.859
4515	202.646	477.847
4517	202.754	477.796
4518	202.807	477.767
4519	202.855	477.661
4520	202.902	477.654
4522	202.999	477.646
4523	203.047	477.64
4524	203.103	477.64
4526	203.211	477.638
4527	203.26	477.629
4528	203.313	477.503
4530	203.412	477.452
4531	203.475	477.448
4532	203.524	477.444
4534	203.629	477.442
4537	203.785	477.442
4538	203.838	477.442
4539	203.895	477.436
4540	203.944	477.294
4541	203.993	477.142
4542	204.048	477.062
4543	204.096	477.047
4544	204.147	477.042
4545	204.198	477.008
4546	204.248	477.008
4547	204.312	476.989
4548	204.373	476.986
4549	204.422	476.93
4550	204.472	476.866
4551	204.521	476.85
4552	204.573	476.849
4553	204.624	476.833
4554	204.674	476.833
4556	204.782	476.823
4557	204.831	476.786
4558	204.879	476.778
4559	204.927	476.776
4561	205.031	476.722
4562	205.09	476.695
4563	205.139	476.576
4564	205.193	476.571
4565	205.26	476.552
4567	205.364	476.484
4568	205.412	476.476
4569	205.463	476.461
4570	205.511	476.43
4571	205.564	476.377
4572	205.614	476.377
4573	205.661	476.375
4578	205.909	476.331
4579	205.962	476.303
4580	206.017	476.295
4581	206.067	476.281
4582	206.127	476.276
4583	206.177	476.246
4584	206.225	476.229
4585	206.274	476.227
4586	206.324	476.224
4588	206.429	476.219
4589	206.482	476.179
4593	206.685	476.128
4595	206.783	476.116
4596	206.832	476.086
4598	206.929	476.083
4601	207.081	476.076
4602	207.14	476.075
4603	207.189	476.042
4605	207.287	475.979
4607	207.398	475.939
4608	207.453	475.938
4609	207.502	475.927
4610	207.564	475.87
4611	207.614	475.855
4613	207.711	475.846
4614	207.769	475.82
4615	207.834	475.735
4616	207.883	475.718
4617	207.932	475.709
4618	207.982	475.704
4619	208.04	475.699
4620	208.09	475.677
4621	208.143	475.611
4623	208.244	475.55
4624	208.302	475.543
4626	208.417	475.511
4627	208.469	475.495
4628	208.528	475.491
4629	208.577	475.475
4630	208.633	475.054
4631	208.681	475.034
4632	208.731	475.007
4636	208.934	474.984
4637	208.982	474.933
4639	209.076	474.933
4640	209.129	474.895
4641	209.189	474.894
4642	209.239	474.867
4644	209.35	474.864
4645	209.399	474.855
4646	209.459	474.828
4649	209.619	474.826
4650	209.67	474.815
4652	209.772	474.815
4656	209.984	474.792
4657	210.035	474.781
4661	210.234	474.778
4663	210.332	474.642
4664	210.381	474.609
4665	210.429	474.583
4666	210.478	474.556
4667	210.537	474.547
4668	210.586	474.534
4669	210.637	474.519
4673	210.844	474.5
4675	210.947	474.437
4676	210.998	474.435
4677	211.054	473.931
4679	211.15	473.928
4680	211.197	473.917
4682	211.301	473.9
4683	211.348	473.74
4684	211.407	473.738
4685	211.464	473.738
4686	211.525	473.72
4687	211.582	473.667
4689	211.687	473.636
4690	211.737	473.614
4691	211.79	473.609
4692	211.838	473.057
4693	211.898	473.016
4695	212.003	473.011
4699	212.209	472.981
4700	212.27	472.796
4701	212.321	472.791
4703	212.432	472.79
4705	212.535	472.767
4707	212.634	472.763
4710	212.786	472.736
4713	212.961	472.735
4715	213.06	472.723
4716	213.111	472.705
4717	213.162	472.695
4719	213.276	472.667
4720	213.327	472.661
4723	213.487	472.522
4726	213.633	472.518
4727	213.687	472.518
4729	213.79	472.48
4730	213.842	472.476
4731	213.9	472.427
4732	213.958	472.424
4733	214.005	472.401
4734	214.071	472.396
4735	214.123	472.353
4736	214.177	472.348
4737	214.233	471.378
4742	214.496	471.375
4744	214.596	471.371
4746	214.693	471.35
4748	214.791	471.346
4750	214.898	471.315
4751	214.949	471.312
4753	215.127	471.309
4754	215.184	471.286
4755	215.238	471.165
4756	215.289	471.155
4757	215.337	471.142
4760	215.496	471.131
4761	215.551	471.044
4762	215.605	471.027
4763	215.655	471.018
4765	215.758	470.995
4766	215.81	470.994
4767	215.859	470.958
4768	215.91	470.956
4769	215.961	470.926
4770	216.01	470.877
4774	216.242	470.867
4775	216.297	470.777
4777	216.407	470.767
4778	216.456	470.764
4779	216.505	470.656
4780	216.555	470.654
4782	216.658	470.653
4783	216.706	470.643
4784	216.766	470.636
4785	216.825	470.634
4786	216.882	470.627
4787	216.941	470.48
4788	216.996	470.463
4789	217.045	470.417
4790	217.1	470.325
4791	217.152	470.315
4792	217.203	470.284
4793	217.259	470.275
4794	217.319	470.261
4795	217.368	470.252
4796	217.418	470.252
4798	217.519	470.251
4800	215.143	470.243
4801	215.195	470.067
4803	215.298	470.054
4805	215.4	470.036
4806	215.46	469.989
4807	215.511	469.974
4808	215.565	469.896
4810	215.676	469.674
4812	215.774	469.659
4813	215.821	469.64
4815	215.917	469.45
4816	215.967	469.429
4817	216.018	469.414
4818	216.066	469.402
4820	216.176	469.39
4821	216.225	469.363
4822	216.288	469.333
4823	216.338	469.33
4824	216.388	469.329
4825	216.436	469.062
4826	216.483	469.038
4828	216.589	469.031
4831	216.739	469.021
4832	216.79	468.995
4833	216.845	468.458
4834	216.898	468.444
4836	216.999	468.441
4837	217.047	468.429
4839	217.159	468.422
4840	217.209	468.375
4841	217.263	468.373
4842	217.313	468.369
4844	217.414	468.343
4845	217.466	468.322
4847	217.568	468.31
4848	217.624	468.308
4849	217.678	468.259
4850	217.727	468.258
4851	217.78	468.24
4853	217.888	468.236
4854	217.941	468.221
4855	217.991	468.212
4856	218.039	468.211
4857	218.09	468.165
4858	218.141	468.163
4859	218.194	468.15
4860	218.244	468.148
4861	218.292	468.136
4862	218.339	468.124
4863	218.39	468.108
4864	218.449	467.94
4865	218.503	467.928
4867	218.612	467.925
4869	218.708	467.921
4871	218.81	467.9
4873	218.907	467.896
4874	218.956	467.893
4875	219.008	467.887
4876	219.062	467.876
4878	219.175	467.875
4879	219.224	467.867
4880	219.276	467.682
4881	219.324	467.536
4882	219.373	467.509
4883	219.425	467.503
4886	219.577	467.498
4888	219.682	467.495
4890	219.784	467.465
4891	219.834	467.45
4892	219.887	467.447
4893	219.941	467.442
4897	220.138	467.426
4898	220.186	467.423
4899	220.241	467.42
4901	220.345	467.411
4902	220.393	467.41
4903	220.443	467.227
4905	220.542	467.219
4907	220.641	466.677
4908	220.696	466.628
4909	220.749	466.625
4910	220.799	466.622
4911	220.849	466.598
4912	220.903	466.589
4913	220.951	466.587
4915	221.046	466.582
4918	221.205	466.523
4919	221.254	466.51
4920	221.306	466.487
4923	221.526	466.474
4924	221.587	466.465
4926	221.691	466.463
4928	221.794	466.46
4929	221.853	466.31
4932	222.021	466.301
4933	222.076	466.265
4935	222.186	466.231
4936	222.291	466.194
4937	222.348	466.194
4938	222.405	466.191
4940	222.507	466.185
4941	222.558	466.163
4942	222.607	466.159
4943	222.655	466.137
4945	222.777	466.093
4947	222.878	466.047
4948	222.935	466.038
4949	222.986	466.027
4950	223.042	465.977
4951	223.101	465.957
4953	223.2	465.95
4954	223.248	465.936
4955	223.298	465.253
4956	223.354	465.226
4957	223.404	465.217
4958	223.452	465.209
4961	223.617	465.14
4962	223.667	465.123
4963	223.716	465.118
4965	223.817	465.099
4966	223.865	465.081
4968	223.974	465.077
4969	224.023	465.067
4970	224.075	464.798
4971	224.124	464.773
4972	224.171	464.752
4976	224.372	464.738
4977	224.42	464.689
4978	224.467	464.676
4979	224.522	464.671
4980	224.584	464.605
4981	224.638	464.587
4982	224.691	464.586
4984	224.807	464.578
4986	224.905	464.574
4989	225.052	464.572
4990	225.101	464.566
4992	225.197	464.563
4993	225.247	464.553
4996	225.396	464.528
4997	225.446	464.524
4998	225.496	464.52
5000	225.603	464.467
# FIN	225.603	464.467

