# target=instancias/klimt.png T=340 iters=5000 K=32 seed=auto
iter	segundos	MSE
0	0.00199848	6502.46
1	0.0260859	6497.22
2	0.0500791	6494.22
3	0.0741281	6482.45
4	0.0988357	6474.55
5	0.123421	6471.19
6	0.147932	6471.17
7	0.17198	6454.27
8	0.196055	6453.68
9	0.220385	6438.93
10	0.244623	6432.66
11	0.268872	6390.54
12	0.292593	6373.02
13	0.316432	6372.38
14	0.340345	6368.33
15	0.364373	6348.01
16	0.38842	6306.05
17	0.412644	6296.06
18	0.437014	6261.18
19	0.461439	6244.47
20	0.485848	6244.42
21	0.510322	6225.59
22	0.534717	6222.3
23	0.559504	6222.29
24	0.584365	6200.32
25	0.608826	6197.47
26	0.635018	6160.65
27	0.660408	6147.58
28	0.686241	6122.83
29	0.711238	6113.89
30	0.736295	6112.55
31	0.760914	6111.19
32	0.785714	6104.48
33	0.810778	6095.83
34	0.835387	6095.78
35	0.8602	6073.2
36	0.8852	6063.4
37	0.909778	6054.43
38	0.934365	6009.4
39	0.959204	6002.66
40	0.984134	5993.66
41	1.00853	5984.42
42	1.03341	5980.29
43	1.05958	5956.64
44	1.08454	5940.85
45	1.10957	5934.28
46	1.13472	5910.81
47	1.16007	5909.55
48	1.18539	5888.93
49	1.21051	5881.31
50	1.23573	5871.88
51	1.26108	5870.4
52	1.28639	5870.15
53	1.31158	5847.74
54	1.33705	5841.58
55	1.36298	5840.04
56	1.38864	5835.99
57	0.906601	5831.62
58	0.931859	5828.27
59	0.957763	5791.57
60	0.983287	5781.03
61	1.0087	5780.77
62	1.03446	5755.28
63	1.06014	5746.89
64	1.0861	5690.68
65	1.11179	5675.3
66	1.13727	5619.54
67	1.16328	5615.82
68	1.18964	5593.26
69	1.21537	5593.21
70	1.24129	5547.73
71	1.26827	5547.59
72	1.29459	5524.69
73	1.32045	5473.61
74	1.34651	5463.56
75	1.37251	5446.25
76	1.39895	5445.12
77	1.42535	5382.84
78	1.45281	5359.57
79	1.47936	5355.61
80	1.50565	5340.65
81	1.53161	5311.01
82	1.55788	5309.47
83	1.58421	5303
84	1.61035	5299.6
85	1.63706	5281.42
86	1.66467	5281.11
87	1.69162	5280.95
88	1.7184	5274.76
89	1.74456	5266.84
90	1.77122	5254.54
91	1.79737	5248.07
92	1.82353	5243.56
93	1.8498	5232.77
94	1.87598	5221.84
95	1.90211	5200.96
96	1.92799	5197.74
97	1.95395	5189.32
98	1.98019	5181.2
99	2.00634	5181.1
100	2.03247	5179.75
101	2.05892	5178.07
102	2.08517	5175.33
103	2.11138	5175.06
104	2.1374	5154.06
105	2.16374	5153.92
106	2.19014	5148.87
107	2.21614	5147.24
108	2.24247	5142.14
109	2.26964	5135.48
110	2.29567	5122.44
111	2.32203	5119.65
112	2.3501	4995.48
113	2.37767	4990.32
114	2.40442	4972.75
115	2.43143	4969.67
116	2.45863	4967.6
117	2.48567	4930.68
118	2.51274	4917.88
119	2.5393	4906.15
120	2.56563	4905.51
121	2.59247	4903.91
122	2.6189	4892.84
124	2.67242	4882.93
125	2.69897	4882.22
126	2.72618	4880.2
127	2.7529	4875.87
128	2.78034	4875.7
129	2.80721	4873.51
130	2.83427	4867.22
131	2.86068	4866.22
132	2.88687	4837.52
133	2.91353	4827.95
134	2.94067	4826.06
135	2.96764	4825.28
136	2.9949	4823.1
137	3.02214	4820.27
138	3.04936	4818
139	3.07633	4817.93
140	3.10355	4817.75
141	3.13054	4817.26
142	3.15761	4814.52
143	3.18463	4807.54
144	3.21369	4798.47
145	3.24127	4790.98
146	3.26909	4785.95
147	3.29683	4783.27
148	3.32455	4769.98
149	3.3522	4755.46
150	3.3803	4744.57
151	3.40787	4744.31
152	3.43561	4742.48
153	3.46402	4735.34
154	3.49314	4730.82
155	3.52156	4705.25
156	3.54916	4637.54
157	3.57813	4636.97
158	3.60592	4634.52
159	3.63427	4627.28
160	3.6654	4621.61
161	3.69296	4620.29
162	3.72121	4609.83
163	3.74917	4608.76
164	3.77703	4606.8
165	3.8052	4606.39
166	3.83303	4606
167	3.86135	4600.89
168	3.89196	4585.31
169	3.9208	4565.36
170	3.94902	4560.21
171	3.97684	4557.9
172	4.00543	4557.25
173	4.03391	4549.08
174	4.06179	4534.96
175	4.08991	4525.51
176	4.11838	4513.8
177	4.14655	4497.94
178	4.17448	4483.61
179	4.20241	4474.81
180	4.23069	4454.43
181	4.25931	4452.21
182	4.28734	4450.76
183	4.31524	4438.88
184	4.3431	4417.65
185	4.37132	4404.95
186	4.39955	4393.06
187	4.42775	4392.87
188	4.45602	4384.71
189	4.48435	4383.33
190	4.5126	4318.96
191	4.5407	4313.04
192	4.56872	4279.3
193	4.59658	4230.25
194	4.62484	4229.67
195	4.65337	4216.14
196	4.68213	4214.01
197	4.71082	4212.91
198	4.73971	4193.93
199	4.7681	4191.93
200	4.79632	4191.69
201	4.82506	4164.69
202	4.85368	4158.19
203	4.88302	4152.21
204	4.9118	4150.07
205	4.94047	4149.58
206	4.96834	4147.92
207	4.99654	4135.2
208	5.02613	4133.71
209	5.05555	4113.75
210	5.08484	4112.01
211	5.1138	4109.63
212	5.14247	4097.41
213	5.17134	4094.58
214	5.20008	4094.56
215	5.22875	4071.01
216	5.25762	4069.73
217	5.28641	4060.86
218	5.3151	4057.82
219	5.3442	4053.04
220	5.37331	4051.02
221	5.40199	4050.54
222	5.43099	4042.84
223	5.45986	4040.2
224	5.48867	4039.69
225	5.51743	4029.45
226	5.54629	4025.33
227	5.57527	4020.79
228	5.60409	4009.6
229	5.63273	4007.04
230	5.66183	4005.89
231	5.6906	3998.78
232	5.72078	3991.35
233	5.7499	3990.51
234	5.77897	3989.19
235	5.8083	3986.09
236	5.83736	3969.88
237	5.86643	3969.28
238	5.89532	3954.21
239	5.92417	3950.8
240	5.95349	3949.82
241	5.98183	3948.68
242	6.01021	3948.52
243	6.03929	3948.34
244	6.07015	3933.51
245	6.10083	3931.39
246	6.13061	3924.58
247	6.15985	3924.09
248	6.18899	3923.08
249	6.2183	3922.89
250	6.24759	3922.11
251	6.2773	3914.56
252	6.30724	3903.26
253	6.33638	3902.68
254	6.36566	3866.12
255	6.39571	3863.56
256	6.42501	3859.72
257	6.45436	3858.2
258	6.4835	3848.66
259	6.51266	3846.89
260	6.54196	3835.05
261	6.57092	3833.64
262	6.59983	3832.71
263	6.62907	3831.97
264	6.65793	3796.24
265	6.68698	3792.45
266	6.71842	3783.3
267	6.74854	3775.3
268	6.77888	3775.07
269	6.80891	3769.49
270	6.83819	3763.36
271	6.86774	3761.08
272	6.89697	3756.65
273	6.9262	3755.63
274	6.95591	3751.1
275	6.98554	3750.59
276	7.01484	3749.27
277	7.04524	3746.65
278	7.07525	3738.18
279	7.10516	3735.12
280	7.13498	3718.3
281	7.16527	3715.36
282	7.1953	3712.63
283	7.22609	3712.2
284	7.256	3711.05
285	7.286	3710.62
286	7.31584	3685.39
287	7.36734	3685.13
288	7.40302	3662.94
289	7.4335	3638.65
290	7.46361	3635.06
291	7.49399	3613.1
292	7.52446	3612.16
293	7.55422	3610.71
294	7.58463	3608.14
295	7.61469	3598.45
296	7.64458	3597.98
297	7.67458	3597.14
298	7.70512	3557.43
299	7.73551	3535.3
300	7.76593	3525.14
301	7.79587	3523.01
302	7.8266	3519.78
303	7.85818	3514.49
304	7.88822	3514.11
305	7.91798	3510.54
306	7.94863	3501.53
307	7.97935	3484.32
308	8.01006	3477.34
309	8.03999	3474.92
310	8.07053	3466.48
311	8.10128	3460.51
312	8.13207	3434.98
313	8.16222	3421.25
314	8.19214	3419.4
315	8.22199	3383.12
316	8.25221	3374.46
317	8.28295	3353.46
318	8.3146	3343.83
319	8.34483	3336
320	8.3763	3332.07
321	8.40675	3320.49
322	8.4379	3320.24
323	8.47028	3311.22
324	8.50195	3296.89
325	8.53409	3295.93
326	8.56591	3295.16
327	8.59658	3294.03
328	8.62796	3265.73
329	8.65898	3263.38
330	8.68958	3256.28
331	8.72057	3254.64
332	8.75192	3229.06
333	8.78387	3222.99
334	8.8141	3222.49
335	8.84479	3222.03
336	8.87622	3221.16
337	8.90761	3218
338	8.93878	3203.56
339	8.96965	3202.92
340	9.00152	3199.18
341	9.03216	3198.77
342	9.06275	3197.94
343	9.0943	3197.04
344	9.12522	3196.14
345	9.15625	3193.94
346	9.18684	3193.92
347	9.21777	3186.49
348	9.24826	3164.38
349	9.27902	3156.33
350	9.30998	3155.02
351	9.34069	3138.02
352	9.37166	3125.76
353	9.40247	3125.51
354	9.4331	3122.3
355	9.46417	3109.59
356	9.49518	3104.6
357	9.52643	3094.79
358	9.55726	3074.39
359	9.60362	3061.45
360	9.63859	3061.28
361	9.66978	3037.56
362	9.70075	3035.22
363	9.73193	3035.22
364	9.76368	3033.72
365	9.79476	3027.22
366	9.82565	3019.23
367	9.85641	3002.82
368	9.88725	2995.78
369	9.91813	2986.35
370	9.94883	2985.61
371	9.97967	2985.45
372	10.0108	2984.68
373	10.042	2977.01
374	10.0728	2976.7
375	10.1049	2973.32
376	10.1374	2961.43
377	10.1691	2943.24
378	10.2005	2939.38
379	10.2316	2939.15
380	10.2627	2932.57
382	10.3252	2929.28
383	10.3568	2927.16
384	10.3881	2923.77
385	10.4194	2921.52
386	10.4514	2902.28
387	10.4836	2901.02
388	10.5173	2889.79
389	10.5492	2889.42
390	10.5808	2885.6
391	10.6126	2885.36
392	10.6448	2885.29
393	10.6768	2882.43
394	10.7085	2874.03
395	10.7414	2873.3
396	10.7739	2872.88
397	10.806	2871.16
398	10.8379	2869.22
399	10.8696	2828.95
400	10.9018	2827.32
401	10.9336	2826.86
402	10.9666	2824.96
403	10.9987	2823.81
404	11.0305	2800.56
405	11.0621	2800.29
406	11.0939	2789.52
407	11.1262	2784.85
408	11.1579	2777.83
409	11.1918	2777.83
410	11.2244	2741.69
411	11.2567	2741.69
412	11.2889	2739.95
413	11.3207	2700.04
414	11.3526	2698.7
415	11.3878	2675.03
416	11.4209	2673.66
417	11.4531	2665.05
418	11.4854	2662.95
419	11.5173	2662.92
420	11.5493	2661.07
421	11.5808	2652.52
422	11.6125	2642.4
423	11.6445	2640.09
424	11.6766	2638.36
425	11.7088	2637.86
426	11.7409	2637.37
427	11.7732	2637.27
428	11.8049	2632.06
429	11.8368	2630.9
430	11.8689	2627.42
431	11.901	2627.04
432	11.9339	2617.61
433	11.9666	2617.21
434	11.9996	2613.65
435	12.033	2609.78
436	12.0653	2606.41
437	12.0978	2599.1
438	12.1308	2598.86
439	12.1632	2596.81
440	12.1962	2595.4
441	12.2298	2592.29
442	12.2638	2589.65
443	12.2964	2589.37
444	12.3295	2587.77
445	12.3618	2587.67
446	12.395	2587.21
447	12.4275	2586.14
448	12.4601	2582.66
449	12.4927	2581.92
450	12.5249	2577.75
451	12.5571	2577.33
452	12.5891	2555.24
454	12.6553	2554.03
455	12.6887	2553.31
456	12.7222	2551.55
457	12.7554	2535.73
458	12.7883	2532.42
459	12.8209	2530.63
460	12.8538	2530.04
461	12.8864	2525.63
462	12.9188	2521.28
463	12.9514	2521.01
464	12.9841	2511.69
465	13.0165	2510.23
466	13.0488	2505.38
467	13.0812	2502.29
468	13.1139	2502.05
469	13.1465	2499.31
470	13.1795	2489.23
471	13.2126	2487.4
472	13.2446	2473.26
473	13.2777	2470.81
474	13.3109	2469.69
475	13.345	2469.07
476	13.3783	2468.9
477	13.4119	2462.18
478	13.4453	2462
479	13.4788	2461.8
480	13.5118	2461.74
481	13.5443	2460.99
482	13.5774	2460.75
483	13.6105	2456.09
484	13.644	2451.99
485	13.6772	2448.75
486	13.7101	2448.27
487	13.7457	2448
488	13.7789	2442.87
489	13.8126	2439.6
490	13.8464	2435.61
491	13.8803	2435.2
492	13.9133	2435.12
493	13.9465	2434.02
494	13.9799	2432.45
495	14.013	2412.85
496	14.0467	2381.5
497	14.0806	2381.12
498	14.1137	2380.63
499	14.1474	2373.49
500	14.1811	2364.89
501	14.2146	2364.36
502	14.2479	2354.29
503	14.2812	2354.15
504	14.3145	2351.35
505	14.3476	2348.53
506	14.3812	2348.36
507	14.4147	2346.15
508	14.4482	2339.9
509	14.482	2334.66
510	14.5154	2332.29
511	14.5486	2330.36
512	14.5843	2330.12
513	14.6178	2328.67
514	14.6623	2321.49
515	14.6988	2320.28
516	14.7332	2316.64
517	14.767	2314.57
518	14.8009	2310.71
519	14.8345	2306.41
520	14.8685	2299.4
521	14.9026	2299.33
522	14.9379	2297.08
523	14.9732	2295.74
524	15.0076	2287.47
525	15.0423	2281.86
526	15.0764	2281.16
527	15.1104	2281.13
528	15.1444	2280.27
529	15.1785	2279.63
530	15.2122	2264.35
531	15.2462	2260.46
532	15.2801	2257.24
533	15.3138	2252.32
534	15.3477	2250.34
535	15.3836	2248.47
536	15.4189	2247.53
537	15.4529	2247.09
538	15.487	2238.51
539	15.5221	2236.74
540	15.5571	2228.87
541	15.5915	2228.34
542	15.6258	2226.03
543	15.6602	2225.83
544	15.6946	2225.78
545	15.7292	2225.45
546	15.7639	2222.55
547	15.7983	2219.19
548	15.8327	2219.11
549	15.8681	2197.4
550	15.9029	2195.04
551	15.9381	2193.95
552	15.9735	2191.4
553	16.0089	2188.44
554	16.0435	2188.41
555	16.0783	2185.43
556	16.1129	2185.17
557	16.1475	2184.48
558	16.1822	2184.05
559	16.2166	2180.53
560	16.2514	2177.28
561	16.286	2177.18
562	16.3208	2175.35
563	16.3561	2174.94
564	16.3915	2174.91
565	16.427	2167.54
566	16.4631	2164.45
567	16.4988	2163.83
568	16.5335	2158.87
569	16.5687	2154.94
570	16.6046	2152.84
571	16.6401	2149.67
572	16.6755	2147.74
573	16.7104	2147.59
574	16.7453	2143.96
575	16.7808	2143.6
576	16.8155	2141.34
577	16.8506	2141.26
578	16.8874	2140.66
579	16.922	2140.42
580	16.9576	2139.65
581	16.9927	2137.9
582	17.0291	2137.8
583	17.0637	2137.77
584	17.0987	2137.66
585	17.1343	2134.25
586	17.1708	2133.06
587	17.2064	2133.02
588	17.2415	2132.31
589	17.2779	2132.14
590	17.313	2131.81
591	17.3476	2124.38
592	17.3823	2123.19
593	17.4172	2121.66
594	17.4522	2120.51
595	17.487	2115.49
596	17.5218	2114.49
597	17.5583	2114.26
598	17.5932	2107.74
599	17.6291	2103.18
600	17.6649	2097.02
601	17.7002	2091.98
602	17.7356	2091.44
603	17.7709	2091.07
604	17.8066	2082.81
605	17.8429	2081.42
606	17.878	2080.14
607	17.9147	2076.94
608	17.9498	2076.93
609	17.9849	2069.38
610	18.0198	2066.32
611	18.0558	2066.2
612	18.0907	2065.57
613	18.1255	2064.95
614	18.1606	2057.31
615	18.1958	2056.43
616	18.2313	2055.8
617	18.2661	2055.7
618	18.3011	2050.14
619	18.3362	2044.4
620	18.3717	2040.07
621	18.4067	2039.88
622	18.443	2039.11
623	18.4784	2039.1
624	18.5131	2038.48
625	18.548	2037.22
626	18.5829	2029.13
627	18.6183	2029.06
628	18.6535	2024.2
629	18.6888	2016.53
630	18.7243	2015.87
631	18.7651	2006.94
632	18.852	2006.35
633	18.8911	2005.86
634	18.9278	2005.7
635	18.9645	2003.14
636	19.0005	2002.81
637	19.036	2002.56
638	19.0715	1994.13
639	19.1069	1986.06
640	19.1424	1978.28
641	19.1777	1978
642	19.2127	1977.6
643	19.2477	1974.41
644	19.2828	1974.35
645	19.3185	1972.79
646	19.3574	1964.28
647	19.3944	1961.92
648	19.43	1957.98
649	19.4659	1953.91
650	19.5018	1952.44
651	19.538	1949.85
652	19.5743	1940.75
653	19.61	1938.65
654	19.6455	1937.64
655	19.6815	1921.33
656	19.7169	1917.41
657	19.752	1916.6
658	19.7867	1913.45
659	19.8217	1912.09
660	19.857	1900.25
661	19.8927	1898.34
662	19.928	1898.25
663	19.9637	1896.31
664	20.0001	1883.9
665	20.0361	1880.66
666	20.0722	1880.49
667	20.1077	1880.27
668	20.1427	1870.66
669	20.1778	1869.6
670	20.2131	1866.04
671	20.2489	1865.34
672	20.2841	1861.33
673	20.3196	1861.22
674	20.3552	1860.86
675	20.391	1859.67
676	20.426	1856.11
677	20.4614	1853.73
678	20.4973	1853.27
679	20.5327	1852.59
680	20.5681	1851.55
681	20.6032	1850.89
682	20.6386	1850.17
683	20.6738	1843.61
684	20.709	1842.71
685	20.7445	1839.98
686	20.78	1839.91
687	20.8153	1839.41
688	20.8507	1831.45
689	20.886	1830.19
690	20.9217	1827.65
691	20.9572	1820.24
692	20.9938	1813.2
693	21.0299	1811.64
694	21.0656	1810.68
695	21.1018	1809.77
696	21.1382	1786.07
697	21.1736	1784.53
698	21.2099	1778.69
699	21.2458	1772.33
700	21.2823	1771.58
701	21.3179	1771.11
702	21.3535	1770.69
703	21.3899	1770.63
704	21.4258	1769.97
705	21.4617	1769.3
706	21.4982	1768.85
707	21.5344	1768.11
708	21.5717	1758.19
709	21.6083	1755.33
710	21.6445	1754.58
711	21.6807	1754.4
712	21.7171	1754.22
713	21.7538	1753.76
714	21.7903	1753.7
715	21.8263	1753.43
716	21.8618	1752.69
717	21.8975	1749.69
718	21.9331	1747.23
719	21.9691	1747.06
720	22.0056	1746.5
722	22.0783	1743.46
723	22.1146	1743.29
724	22.1513	1742
725	22.1877	1741.35
726	22.2239	1740.14
727	22.2604	1739.65
728	22.2971	1738.09
729	22.3333	1737.69
730	22.3692	1736.75
731	22.4052	1736.42
732	22.4416	1735.05
733	22.4777	1734.59
734	22.5138	1734.1
735	22.5502	1733.96
736	22.5864	1733.29
737	22.6223	1732.39
738	22.6585	1732.23
739	22.6949	1705.67
740	22.7312	1705.45
741	22.7678	1704.09
742	22.8045	1699.91
743	22.8409	1699.35
744	22.8782	1688.2
745	22.9144	1688.02
746	22.951	1686.72
747	22.9888	1685.6
748	23.0257	1684.9
749	23.063	1684.9
750	23.0998	1681.24
751	23.1369	1681.17
752	23.1736	1679.73
753	23.2102	1659.32
754	23.247	1659.05
755	23.2838	1655.73
756	23.3207	1652.53
757	23.3569	1642.51
758	23.3938	1641.24
759	23.4306	1641.16
760	23.4674	1640.02
761	23.5044	1636.85
762	23.5415	1635.91
763	23.5783	1635.15
764	23.6146	1634.1
765	23.6509	1633.72
766	23.6875	1633.38
767	23.7239	1633.23
768	23.7643	1632.81
769	23.8048	1632.68
770	23.8422	1630.89
771	23.8793	1630.69
772	23.9169	1629.82
773	23.9538	1629.69
774	23.9907	1626.36
775	24.0281	1624.67
776	24.065	1623.64
777	24.102	1622.59
778	24.1386	1618.76
779	24.1774	1617.23
780	24.2143	1616.56
781	24.2515	1615.05
782	24.2887	1607.01
783	24.3263	1607
784	24.3629	1606.02
785	24.4002	1605.63
786	24.438	1605.26
787	24.4763	1601.34
788	24.5135	1600.88
789	24.5508	1600.82
790	24.589	1592.74
791	24.6262	1592.52
792	24.6636	1577.39
793	24.7008	1577.39
794	24.7382	1575.68
795	24.7752	1575.1
796	24.8119	1573.88
797	24.8485	1565.28
798	24.885	1564.97
799	24.9222	1564.1
800	24.9588	1563.76
801	24.9953	1563.69
802	25.0322	1563.1
803	25.0695	1562.74
804	25.1068	1562.57
805	25.1441	1561.95
806	25.1814	1561.21
807	25.218	1560.95
808	25.255	1560.77
809	25.2919	1560.17
810	25.3287	1558.79
811	25.3666	1558.71
812	25.4045	1558.26
813	25.4422	1556.99
814	25.4795	1555.74
815	25.5164	1554.57
816	25.5536	1552.33
817	25.5909	1551.72
818	25.628	1551.56
819	25.6648	1550.48
820	25.7018	1550.45
821	25.7392	1550.28
822	25.7769	1549.42
823	25.8143	1548.9
824	25.8511	1547
825	25.8879	1546.13
826	25.9253	1544.62
827	25.9629	1544.36
828	26.0019	1543.39
829	26.0398	1542.68
830	26.0777	1541.12
831	26.1155	1540.83
832	26.1535	1540.79
833	26.1923	1539.77
834	26.2308	1538.03
835	26.2688	1536.25
836	26.3061	1532.28
837	26.3436	1531.52
838	26.3805	1531.36
839	26.4178	1531.18
840	26.4555	1530.06
841	26.4927	1529.23
842	26.5299	1527.23
843	26.5675	1527.19
844	26.6046	1526.08
845	26.6426	1525.66
846	26.6813	1525.46
847	26.7192	1523.81
848	26.757	1522.98
849	26.7946	1522.39
850	26.8316	1519.77
851	26.8696	1519.07
852	26.9072	1518.81
853	26.9461	1503.86
854	26.9843	1503.21
855	27.0215	1502.29
856	27.0586	1501.9
857	27.0972	1500.91
858	27.1346	1498.49
859	27.1722	1497.49
860	27.2105	1497.22
861	27.2581	1497.14
862	27.3156	1494.57
863	27.3544	1494.36
864	27.3933	1494.09
865	27.4315	1493.04
866	27.4695	1492.38
867	27.5085	1492.37
868	27.5466	1492.15
869	27.5848	1492.06
870	27.624	1483.51
871	27.6732	1480.87
872	27.7363	1479.88
873	27.779	1475.12
874	27.8202	1474.93
875	27.8596	1473.93
876	27.898	1473.09
877	27.9364	1472.75
878	27.9752	1471.49
879	28.014	1471.25
880	28.0527	1470.7
881	28.0918	1470.49
882	28.1313	1469.23
883	28.1698	1469.19
884	28.2096	1469.1
885	28.2498	1468.86
886	28.2883	1467.64
887	28.3272	1466.33
888	28.3659	1466.29
889	28.4041	1465.89
890	28.4424	1465.39
891	28.4811	1465.11
892	28.5197	1464.88
893	28.5579	1464.27
894	28.6046	1464.23
895	28.6613	1464.12
896	28.7008	1463.96
897	28.7416	1463.41
898	28.7869	1463.11
899	28.8257	1461.34
900	28.864	1459.74
901	28.9032	1459.61
902	28.9449	1459.13
904	29.0265	1459.11
905	29.0661	1449.9
906	29.1047	1449.78
907	29.1432	1449.66
908	29.1822	1446.13
909	29.2205	1445.92
910	29.259	1445.31
911	29.2979	1444.3
912	29.3372	1443.55
913	29.3766	1443.34
914	29.416	1441.92
915	29.4552	1441.22
916	29.4935	1440.69
917	29.5322	1440.52
918	29.5709	1438.92
919	29.6096	1438.73
920	29.6475	1438.48
921	29.6857	1438.31
922	29.7239	1438.25
923	29.7619	1438.21
924	29.8002	1437.83
925	29.8378	1435.44
926	29.8763	1435.11
927	29.9143	1435.07
928	29.952	1434.49
929	29.9897	1434.44
930	30.0357	1434.17
931	30.0929	1433.16
932	30.1317	1430.52
933	30.1706	1430.13
934	30.2096	1429.13
935	30.2487	1426.65
936	30.2872	1426.19
937	30.3271	1425.64
938	30.3658	1424.39
939	30.4055	1424.31
940	30.4456	1422.35
941	30.4848	1420.37
942	30.5248	1420.15
943	30.5639	1419.84
944	30.6034	1419.5
945	30.6437	1419.11
946	30.6846	1416.29
947	30.7378	1414.14
948	30.7769	1414.02
949	30.8159	1412.66
950	30.8545	1411.77
952	30.9326	1409.57
953	30.9714	1409.15
954	31.0103	1407.59
955	31.0491	1407.51
956	31.0872	1407.34
957	31.1256	1406.72
958	31.1648	1402.41
959	31.2037	1399.11
960	31.2428	1396.91
961	31.2976	1396.66
962	31.3509	1396.12
963	31.3906	1396.05
964	31.4299	1394.91
965	31.4698	1394.63
966	31.5092	1391
967	31.5492	1390.85
968	31.5893	1389.83
969	31.6285	1385.49
970	31.6676	1385.4
971	31.7077	1383.45
972	31.7519	1382.41
973	31.7921	1382.29
975	31.8703	1380.41
978	31.9885	1358.55
979	32.0275	1357.22
980	32.0665	1353.19
981	32.1061	1353.17
982	32.1524	1353.08
983	32.1928	1351.37
984	32.2324	1351.31
985	32.272	1351.01
986	32.3109	1350.35
987	32.3504	1349.23
988	32.389	1349.2
989	32.4275	1346.48
990	32.4661	1345.36
991	32.5048	1342.84
992	32.5432	1339.87
993	32.5816	1339.54
994	32.624	1339.17
995	32.667	1338.56
996	32.7059	1334.38
997	32.7456	1334.25
998	32.7848	1328.18
999	32.824	1326.57
1000	32.8634	1323.19
1001	32.9021	1323.01
1002	32.9408	1322.8
1003	32.9791	1322.61
1004	33.0182	1321.21
1005	33.0567	1320.92
1006	33.0963	1320.87
1007	33.1354	1320.12
1008	32.663	1318.27
1009	32.7028	1317.98
1010	32.7425	1313.92
1011	32.7822	1313.77
1012	32.8215	1313.31
1013	32.8607	1311.41
1014	32.9	1311.23
1015	32.939	1310.01
1016	32.9783	1309.56
1017	33.0173	1309.35
1018	33.056	1309.06
1019	33.0949	1308.91
1020	33.1333	1308.4
1021	33.1724	1308.37
1022	33.2113	1308.05
1023	33.2501	1305.92
1024	33.2893	1305.6
1025	33.3278	1303.05
1026	33.3671	1303.05
1027	33.4055	1302.77
1028	33.4443	1286.02
1029	33.483	1285.4
1030	33.5216	1285.17
1031	33.5608	1282.05
1032	33.5995	1270.69
1033	33.6385	1269.46
1034	33.6779	1269.15
1035	33.7175	1269.03
1036	33.7571	1263.89
1037	33.7967	1263.48
1038	33.8363	1262.18
1039	33.8753	1261.56
1040	33.9145	1261.48
1041	33.9536	1261.42
1042	33.9927	1260.22
1043	34.0319	1260.18
1044	34.0713	1260.05
1045	34.1103	1259.63
1046	34.1495	1259.5
1047	34.1889	1259.04
1048	34.2279	1258.77
1049	34.2671	1257.57
1050	34.3076	1256.92
1051	34.3529	1256.61
1052	34.3939	1256.53
1053	34.4343	1255.43
1054	34.4754	1255.35
1055	34.5148	1254.71
1056	34.5539	1253.22
1057	34.5928	1253.04
1058	34.6321	1252.68
1059	34.6711	1252.63
1060	34.7109	1251.9
1061	34.7499	1251.84
1062	34.7892	1249.87
1063	34.8288	1249.8
1064	34.8683	1249.47
1065	34.9075	1249.31
1066	34.9477	1248.63
1067	34.9874	1248.54
1068	35.0271	1247.6
1069	35.0661	1247.39
1070	35.1054	1246.88
1071	35.1447	1246.84
1072	35.1836	1244.79
1073	35.2232	1244.65
1074	35.2624	1243.65
1075	35.3018	1243.44
1076	35.341	1243.16
1077	35.3804	1239.38
1078	35.4197	1239.07
1079	35.4592	1235.65
1081	35.5379	1235.58
1082	35.5771	1235.41
1083	35.6164	1235.28
1084	35.656	1233.94
1085	35.696	1233.49
1086	35.7365	1230.47
1087	35.7771	1229.19
1088	35.8171	1228.97
1089	35.8571	1228.95
1090	35.8965	1228.43
1091	35.9361	1227.89
1092	35.9753	1227.36
1093	36.0152	1209.41
1094	36.0549	1209.14
1095	36.0946	1209
1096	36.1341	1207.02
1097	36.1737	1188.63
1098	36.2134	1188.2
1099	36.2527	1187.07
1100	36.2924	1183.9
1101	36.3318	1183.54
1102	36.3725	1182.82
1103	36.4123	1182.21
1104	36.4524	1181.06
1105	36.4926	1180.41
1106	36.5333	1179.61
1107	36.5756	1179.59
1108	36.6161	1178.65
1109	36.6563	1178.3
1110	36.6968	1177.57
1111	36.7371	1177.46
1112	36.7775	1177.1
1114	36.8579	1174.28
1115	36.8976	1172.18
1116	36.9377	1171.3
1117	36.9774	1169.38
1118	37.017	1169.32
1119	37.0568	1167.6
1120	37.0964	1166.98
1121	37.1367	1165.84
1122	37.1773	1165.35
1123	37.2173	1165.35
1124	37.2577	1165.14
1125	37.298	1165.11
1126	37.3382	1164.96
1127	37.3781	1164.1
1128	37.4185	1163.68
1129	37.4588	1163.59
1130	37.4993	1162.75
1131	37.5393	1162.69
1132	37.58	1159.03
1133	37.6209	1158.93
1134	37.6612	1158.71
1135	37.7019	1158.52
1136	37.7425	1157.55
1137	37.7839	1156.58
1138	37.8248	1156.43
1139	37.8651	1156.05
1140	37.9062	1155.94
1141	37.9497	1155.76
1142	37.9908	1155.59
1143	38.032	1155.51
1144	38.0733	1155.46
1145	38.1138	1155.2
1146	38.1545	1155.19
1147	38.1946	1151.54
1148	38.2349	1151.5
1149	38.2762	1151.32
1150	38.317	1151.19
1151	38.3577	1151.14
1152	38.3984	1150.46
1153	38.4385	1149
1154	38.4787	1148.83
1155	38.519	1148.45
1156	38.5591	1147.83
1157	38.5993	1147.27
1158	38.6391	1147.11
1159	38.6798	1146.55
1160	38.7205	1146.51
1161	38.7651	1146.28
1162	38.8083	1146.05
1163	38.8492	1143.78
1164	38.8902	1143.58
1165	38.9312	1143.31
1166	38.972	1142.91
1167	39.0127	1142.28
1168	39.0534	1141.72
1169	39.0937	1141.25
1170	39.1339	1140.07
1171	39.1739	1139.88
1172	39.2138	1139.87
1173	39.2539	1139.53
1174	39.2946	1138.83
1176	39.3756	1119.86
1177	39.4164	1119.79
1178	39.4571	1119.78
1179	39.4978	1119.67
1180	39.5389	1118.92
1181	39.5796	1118.88
1182	39.6208	1118.29
1183	39.661	1118.24
1184	39.7013	1116.81
1185	39.7416	1116.58
1186	39.7829	1116.54
1187	39.823	1116.45
1188	39.8636	1116.13
1189	39.9051	1115.91
1190	39.9469	1115.55
1191	39.9878	1114.96
1192	40.0278	1114.56
1193	40.0692	1110.91
1194	40.11	1110.62
1196	40.1918	1110.08
1197	40.2328	1109.23
1198	40.2738	1106.83
1199	40.3141	1106.4
1200	40.3546	1105.99
1201	40.3948	1105.94
1202	40.4356	1104.14
1203	40.476	1104.13
1204	40.5162	1104.03
1205	40.5565	1103.55
1206	40.5967	1102.9
1207	40.6372	1102.84
1208	40.6775	1100.92
1209	40.7176	1100.87
1211	40.7994	1099.05
1212	40.8419	1098.85
1213	40.8825	1095.92
1214	40.924	1095.82
1215	40.9654	1092.56
1216	41.0084	1092.37
1217	41.0503	1091.9
1218	41.0925	1091.01
1219	41.1338	1090.93
1220	41.175	1090.59
1221	41.2162	1090.47
1222	41.2575	1089.86
1223	41.2995	1089.82
1224	41.3404	1089.81
1225	41.381	1089.79
1226	41.4223	1089.63
1227	41.4638	1088.75
1228	41.5043	1088.71
1229	41.5457	1088.65
1230	41.5869	1088.18
1231	41.6277	1088.1
1232	41.6681	1086.25
1233	41.7085	1085.88
1234	41.7489	1085.49
1235	41.7892	1085.33
1236	41.8307	1085.15
1237	41.8719	1084.77
1238	41.9129	1084.64
1239	41.9542	1082.69
1240	41.9953	1082.38
1241	42.0362	1082.36
1242	42.0874	1082.22
1243	42.1478	1082.22
1244	42.189	1082.17
1245	42.2308	1080.93
1246	42.2722	1080.82
1247	42.3138	1080.71
1248	42.3548	1079.73
1249	42.3962	1079.52
1250	42.4375	1079.41
1251	42.479	1078.38
1252	42.5205	1078.13
1253	42.5626	1077.95
1254	42.6048	1077.45
1255	42.6469	1077.3
1256	42.6882	1077.1
1257	42.73	1077.05
1258	42.7711	1076.11
1259	42.8127	1076.09
1260	42.8541	1076.07
1261	42.8959	1073.09
1262	42.9374	1073.09
1263	42.979	1073.05
1264	43.0204	1072.92
1265	43.0625	1072.91
1266	43.104	1072.65
1267	43.1466	1072.63
1268	43.1897	1072.15
1269	43.233	1072.1
1270	43.2747	1071.78
1271	43.3159	1070.94
1272	43.3581	1069.77
1273	43.3993	1069.7
1274	43.4408	1069.34
1276	43.5239	1069.06
1277	43.5662	1068.58
1278	43.6077	1068.04
1279	43.6491	1067.91
1280	43.6906	1067.28
1281	43.7318	1065.5
1282	43.7733	1065.39
1283	43.8148	1065.18
1284	43.8567	1064.26
1285	43.8985	1064.15
1286	43.9401	1059.72
1287	43.9818	1057.59
1288	44.024	1057.56
1290	44.1073	1057.35
1292	44.1911	1055.86
1293	44.2329	1055.58
1294	44.2746	1055.37
1295	44.3158	1055.26
1296	44.3577	1055.18
1297	44.3992	1054.67
1298	44.4409	1051.95
1299	44.4836	1050.79
1300	44.5265	1050.48
1301	44.5683	1050.22
1302	44.6096	1050.15
1304	44.6996	1050.09
1305	44.7419	1049.96
1306	44.8135	1048.48
1307	44.9038	1048.47
1308	44.9462	1047.92
1309	44.9878	1045.6
1310	45.0294	1045.56
1311	45.0708	1045.4
1312	45.1127	1045.04
1313	45.1762	1044.75
1315	45.2613	1044.53
1317	45.3445	1044.52
1318	45.3865	1043.63
1319	45.43	1039.07
1320	45.4738	1037.73
1321	45.5174	1037.3
1322	45.5603	1037.04
1323	45.6022	1036.14
1324	45.6452	1036.11
1326	45.7308	1035.47
1327	45.7739	1033.23
1328	45.8153	1033.18
1329	45.857	1032.73
1330	45.8987	1032.33
1331	45.9405	1030.43
1332	45.9823	1030.38
1333	46.0426	1030.12
1334	46.098	1029.33
1335	46.1462	1029
1336	46.1931	1024.6
1337	46.272	1024.55
1338	46.3378	1023.26
1339	46.3794	1022.14
1340	46.4214	1018.5
1341	46.4632	1018.4
1342	46.5047	1018.2
1343	46.547	1017.1
1344	46.589	1006.21
1345	46.6301	1006.05
1346	46.6716	1005.84
1347	46.7131	1005.62
1348	46.7541	1004.45
1349	46.7956	1004.32
1350	46.8368	1003.77
1351	46.8866	1003.61
1352	46.9284	1003.33
1353	46.9706	1001.87
1354	47.013	1001.38
1355	47.0549	1001.34
1356	47.0971	1000.78
1357	47.1384	1000.69
1358	47.1805	1000.67
1359	47.2231	1000.62
1360	47.2658	1000.6
1361	47.3079	1000.55
1362	47.3498	1000.51
1363	47.3911	997.491
1364	47.4338	997.071
1365	47.4755	996.562
1366	47.517	996.556
1367	47.5586	996.321
1368	47.6006	993.28
1369	47.6456	992.681
1370	47.6872	992.515
1371	47.7294	992.44
1372	47.771	982.952
1373	47.8124	982.225
1374	47.8572	980.867
1375	47.8986	980.855
1376	47.9409	977.204
1377	47.9822	977.077
1378	48.0234	976.34
1379	48.0649	976.113
1380	48.1065	976.099
1381	48.1479	976.095
1382	48.1895	975.861
1383	48.2314	975.85
1384	48.2737	975.801
1385	48.3159	975.774
1386	48.3574	975.502
1387	48.3994	974.48
1388	48.4412	974.299
1389	48.4826	973.191
1390	48.5238	973.18
1391	48.5649	972.988
1392	48.6057	972.812
1393	48.6467	972.613
1394	48.6877	972.604
1395	48.7294	972.547
1396	48.7708	972.521
1397	48.8116	972.403
1398	48.8523	972.149
1399	48.8936	971.992
1400	48.9348	971.925
1401	48.9761	971.923
1402	49.0174	971.173
1403	49.0588	971.16
1404	49.1005	971.13
1405	49.1422	971.067
1406	49.1834	970.506
1407	49.2246	970.434
1408	49.2655	970.234
1409	49.3068	969.812
1410	49.3479	969.661
1411	49.3893	969.646
1412	49.4308	968.851
1413	49.4721	968.44
1414	49.5135	968.027
1415	49.5543	968.003
1416	49.5954	967.979
1417	49.6365	967.357
1418	49.6782	967.333
1419	49.7196	967.089
1421	49.8018	967.079
1422	49.8473	966.953
1423	49.8903	966.802
1424	49.9329	966.361
1425	49.9755	966.034
1426	50.0176	964.987
1427	50.0593	964.902
1428	50.1016	964.763
1429	50.1432	964.752
1430	50.1855	964.656
1431	50.2276	964.643
1432	50.2693	964.602
1433	50.3102	951
1434	50.3514	950.944
1435	50.3981	950.827
1436	50.4441	949.898
1437	50.486	948.386
1438	50.5278	948.138
1439	50.5701	947.939
1440	50.612	947.433
1441	50.654	947.262
1442	50.6962	946.995
1443	50.7376	946.609
1444	50.779	946.57
1445	50.8203	946.335
1446	50.8617	946.082
1447	50.9032	946.069
1448	50.9445	945.79
1449	50.9869	945.732
1450	51.029	945.346
1451	51.0703	945.307
1452	51.1122	945.104
1454	51.1958	944.055
1455	51.2379	942.254
1456	51.2794	941.687
1457	51.3203	940.592
1458	51.362	940.578
1459	51.4031	940.015
1460	51.4443	939.947
1461	51.4857	939.709
1462	51.5272	939.478
1463	51.5684	939.474
1464	51.6099	939.209
1465	51.6517	939.182
1466	51.6932	939.143
1467	51.7359	937.877
1468	51.7784	937.672
1469	51.8202	937.667
1470	51.8619	937.139
1471	51.9033	937.055
1472	51.9451	936.35
1473	51.9862	936.332
1474	52.0293	936.263
1475	52.0775	936.209
1476	52.1204	935.375
1477	52.163	934.646
1478	52.2049	934.546
1479	52.2472	934.034
1480	52.2893	934.015
1482	52.3735	933.98
1483	52.4151	933.978
1484	52.4568	933.871
1485	52.4983	933.675
1486	52.5394	933.637
1487	52.5816	932.054
1488	52.6237	932.036
1489	52.666	932
1490	52.7084	931.906
1492	52.7909	931.796
1493	52.8324	931.516
1494	52.874	931.496
1495	52.9155	931.225
1496	52.957	930.844
1497	52.9987	930.843
1498	53.041	930.669
1499	53.0824	930.543
1500	53.1246	930.231
1501	53.2043	930.035
1502	53.2503	929.921
1503	53.3021	929.735
1504	53.3445	929.64
1505	53.3873	929.529
1506	53.4295	927.368
1507	53.4716	927.302
1508	53.5137	926.88
1509	53.5559	926.667
1510	53.5983	924.763
1511	53.6397	924.448
1512	53.6815	924.431
1513	53.7237	923.169
1515	53.807	923.157
1516	53.8492	916.328
1517	53.8907	916.267
1519	54.0158	916.211
1520	54.0603	915.868
1521	54.104	915.716
1522	54.1459	915.35
1523	54.188	915.304
1524	54.2301	914.561
1525	54.276	914.457
1526	54.3206	914.069
1527	54.3626	914.021
1528	54.4053	913.783
1529	54.4475	913.65
1530	54.4898	913.569
1531	54.5318	913.3
1532	54.5737	913.195
1533	54.6156	911.181
1534	54.6581	911.03
1536	54.7442	910.882
1537	54.7864	910.518
1538	54.8287	909.182
1539	54.8707	909.031
1540	54.9134	908.777
1541	54.9549	908.742
1542	54.9967	907.517
1543	55.0398	907.504
1545	55.1238	907.115
1546	55.1662	906.911
1547	55.2083	906.849
1548	55.2509	906.423
1549	55.293	906.374
1550	55.3352	906.37
1551	55.3774	905.639
1552	55.4197	905.04
1553	55.4614	902.969
1554	55.5034	902.859
1555	55.5453	901.465
1556	55.5873	901.393
1557	55.6287	901.157
1558	55.67	900.387
1559	55.7117	900.38
1560	55.753	900.072
1561	55.7946	899.96
1562	55.8359	899.386
1563	55.8773	899.372
1564	55.9187	899.364
1566	56.0019	899.31
1567	56.0436	899.003
1568	56.0856	898.923
1569	56.128	898.87
1570	56.1697	898.762
1571	56.2119	898.598
1572	56.254	898.206
1573	56.2961	898.033
1574	56.3376	898.003
1575	56.379	895.845
1576	56.4204	895.596
1577	56.462	895.22
1578	56.508	895.216
1579	56.5516	894.165
1580	56.5954	893.737
1581	56.641	893.713
1583	56.7273	893.568
1584	56.7701	893.567
1585	56.8123	892.183
1587	56.8972	892.116
1588	56.9397	892.037
1589	56.9813	891.851
1590	57.0233	891.428
1591	57.0653	890.753
1592	57.1085	890.664
1593	57.1502	890.599
1594	57.1928	890.106
1598	57.3602	889.375
1599	57.4016	889.345
1600	57.444	889.286
1601	57.4858	889.004
1602	57.5276	888.912
1603	57.5694	888.89
1604	57.6108	888.557
1605	57.6522	888.334
1606	57.6935	888.257
1607	57.7349	888.243
1608	57.7762	887.706
1609	57.8179	887.686
1610	57.8593	887.138
1611	57.9006	886.949
1612	57.942	886.638
1613	57.9833	886.552
1614	58.0255	886.459
1615	58.0668	885.992
1616	58.1082	885.791
1617	58.1503	885.259
1618	58.1914	885.02
1619	58.2335	884.78
1620	58.2748	884.438
1621	58.3163	884.231
1622	58.3582	884.159
1623	58.3994	884.005
1624	58.4417	883.729
1626	58.5261	883.137
1627	58.5686	881.687
1628	58.6109	881.676
1630	58.6951	881.579
1632	58.7811	881.306
1633	58.8234	881.247
1634	58.8659	881.035
1635	58.9085	880.988
1636	58.9514	880.834
1637	58.9941	880.065
1638	59.0358	869.457
1639	59.0776	868.979
1640	59.1193	867.601
1641	59.1613	867.371
1642	59.2038	867.128
1645	59.3319	866.989
1646	59.3746	866.336
1647	59.4179	866.319
1648	59.4606	866.078
1649	59.5027	858.503
1650	59.5449	858.494
1651	59.5873	858.366
1652	59.6298	857.944
1655	59.755	857.417
1658	59.8796	853.63
1659	59.9211	853.03
1660	59.9626	851.823
1661	60.004	851.726
1663	60.0877	851.146
1664	60.13	851.107
1666	60.2136	850.533
1667	60.2552	849.53
1668	60.2965	849.494
1669	60.3379	849.161
1670	60.3796	849.042
1671	60.4217	848.535
1673	60.5062	848.389
1674	60.5478	848.201
1675	60.5895	847.358
1676	60.6312	842.768
1677	60.6725	842.465
1678	60.7143	841.396
1680	60.797	838.739
1681	60.8385	838.481
1682	60.8797	838.359
1683	60.9253	837.998
1684	60.9682	836.416
1685	61.011	836.313
1686	61.0537	836.127
1687	61.096	836.011
1688	61.138	834.829
1689	61.1801	834.699
1691	61.2644	834.568
1693	61.3469	833.912
1694	61.3886	833.179
1695	61.4305	832.916
1696	61.4717	832.506
1697	61.5136	832.445
1698	61.555	832.355
1699	61.5963	832.33
1700	61.6379	832.313
1701	61.6792	832.295
1702	61.7206	832.271
1703	61.7627	830.26
1704	61.8045	830.129
1705	61.8472	829.889
1706	61.8892	829.867
1707	61.9317	829.804
1708	61.9732	827.597
1709	62.0148	827.311
1710	62.0563	827.17
1711	62.0977	827.046
1712	62.1391	820.019
1713	62.1807	819.113
1714	62.2227	818.809
1715	62.2645	818.789
1716	62.3067	816.978
1718	62.3917	815.049
1719	62.4334	814.854
1720	62.4757	814.837
1721	62.5174	814.703
1722	62.559	814.672
1723	62.6009	814.659
1724	62.6424	814.627
1725	62.6843	814.549
1726	62.726	814.461
1727	62.7673	814.447
1728	62.809	814.354
1729	62.8507	813.995
1730	62.8923	813.983
1731	62.934	813.875
1732	62.9757	813.782
1733	63.0175	813.515
1734	63.0587	813.507
1735	63.1014	813.474
1736	63.1484	813.143
1737	63.1916	813.114
1738	63.2335	812.706
1739	63.2761	812.685
1740	63.3186	812.678
1741	63.3613	812.667
1742	63.4032	812.006
1743	63.4451	811.938
1744	63.4864	811.901
1745	63.528	811.837
1746	63.5701	811.715
1747	63.6112	811.671
1748	63.6529	811.53
1749	63.6957	811.34
1750	63.7379	811.171
1751	63.78	811.123
1752	63.8222	810.683
1753	63.8644	810.634
1754	63.9062	809.986
1755	63.9477	809.983
1756	63.9893	809.957
1757	64.0313	809.247
1758	64.0724	809.229
1759	64.1139	808.921
1762	64.2388	808.712
1763	64.2801	808.524
1764	64.3224	808.348
1765	64.3641	808.33
1766	64.4053	808.08
1767	64.4471	807.892
1768	64.4888	807.873
1769	64.5303	807.871
1770	64.572	807.84
1771	64.614	807.817
1772	64.6562	807.713
1773	64.6979	794.469
1774	64.7394	794.433
1775	64.7816	794.285
1776	64.8238	793.989
1777	64.8657	792.656
1778	64.3936	792.605
1779	64.4354	792.54
1780	64.4767	792.368
1781	64.5186	792.241
1782	64.56	791.486
1783	64.6022	791.378
1784	64.6438	791.329
1785	64.6853	791.16
1787	64.7685	791.12
1788	64.8144	790.818
1789	64.8612	790.749
1790	64.9035	790.735
1791	64.9463	790.713
1792	64.9886	790.662
1794	65.0737	789.704
1795	65.1152	780.698
1796	65.1572	780.552
1797	65.199	780.412
1798	65.2413	780.366
1799	65.2832	780.248
1800	65.325	780.131
1801	65.3664	779.949
1802	65.4079	779.801
1804	65.4914	779.73
1805	65.5329	779.708
1806	65.5751	779.672
1807	65.6172	779.418
1808	65.6588	779.356
1809	65.7005	779.325
1810	65.7424	778.885
1811	65.7839	778.826
1812	65.8273	778.215
1813	65.8691	778.212
1814	65.9111	778.163
1815	65.9537	777.988
1816	65.9959	777.393
1817	66.0383	776.48
1818	66.0814	776.395
1819	66.1239	776.006
1820	66.1657	775.962
1822	66.2489	775.952
1823	66.2907	775.723
1824	66.3325	775.712
1825	66.3751	775.675
1826	66.4169	775.644
1827	66.4597	772.849
1828	66.5028	772.837
1829	66.5455	772.809
1832	66.6715	772.588
1833	66.7138	772.37
1834	66.7557	772.361
1835	66.7977	772.178
1836	66.8399	771.961
1837	66.8821	771.829
1838	66.9242	771.77
1839	66.9666	771.738
1840	67.0093	771.712
1841	67.0539	771.57
1842	67.0971	771.457
1843	67.1394	771.18
1844	67.1819	770.981
1845	67.2244	770.721
1846	67.2667	768.86
1848	67.351	767.961
1849	67.3935	767.892
1850	67.4353	767.532
1851	67.477	767.334
1852	67.5195	767.318
1853	67.5621	767.036
1854	67.604	766.869
1855	67.6456	766.856
1856	67.6872	764.36
1857	67.729	764.332
1859	67.8129	764.32
1860	67.8558	764.11
1861	67.8983	764.07
1862	67.9405	763.854
1863	67.9824	763.81
1864	68.0244	763.109
1865	68.0668	763.019
1866	68.1085	762.987
1867	68.1503	762.758
1869	68.2338	762.608
1870	68.276	762.549
1871	68.3194	762.085
1872	68.3622	762.06
1873	68.4046	761.683
1874	68.4468	761.467
1876	68.5318	761.437
1877	68.5737	761.17
1878	68.6152	759.595
1879	68.6569	759.373
1880	68.6985	759.276
1881	68.7399	759.272
1882	68.7817	758.884
1883	68.8235	758.825
1884	68.866	758.799
1885	68.9081	758.661
1886	68.9505	758.435
1887	68.9928	758.432
1888	69.0356	758.074
1889	69.0779	758.054
1891	69.1612	756.737
1892	69.203	756.46
1893	69.2497	754.226
1894	69.2935	754.131
1895	69.3358	753.178
1896	69.3788	753.121
1897	69.421	752.98
1898	69.4634	752.099
1899	69.5064	752.024
1900	69.5492	751.819
1901	69.5909	751.705
1902	69.6333	750.954
1903	69.6752	750.851
1904	69.7172	750.833
1906	69.8009	750.762
1908	69.8856	750.744
1909	69.9277	750.582
1910	69.9694	750.437
1911	70.0121	750.308
1912	70.0546	749.992
1913	70.0971	749.98
1914	70.1393	749.881
1915	70.1815	749.725
1916	70.223	749.683
1917	70.2652	749.535
1918	70.3069	749.534
1919	70.3486	749.167
1920	70.3905	748.983
1921	70.4324	748.959
1922	70.4738	748.74
1923	70.5156	748.597
1924	70.557	748.582
1925	70.5989	747.914
1926	70.6408	747.914
1927	70.6822	747.862
1928	70.7244	747.682
1929	70.7667	747.66
1930	70.8089	747.594
1931	70.8511	747.317
1932	70.8938	747.238
1933	70.936	747.235
1934	70.9783	746.904
1935	71.0212	746.826
1936	71.064	746.796
1937	71.1055	746.779
1938	71.1473	746.506
1939	71.1899	746.362
1940	71.2314	746.317
1941	71.2733	745.365
1942	71.315	745.343
1943	71.3567	745.27
1944	71.3984	745.268
1945	71.4432	744.958
1947	71.5322	744.944
1948	71.5753	744.394
1949	71.6177	744.331
1950	71.6602	744.094
1951	71.7034	744.02
1952	71.7464	743.839
1953	71.7889	743.785
1954	71.8308	743.766
1955	71.8731	743.572
1956	71.9153	743.506
1957	71.9573	743.193
1958	71.9993	742.894
1959	72.0419	742.832
1960	72.0845	742.63
1961	72.1262	742.567
1962	72.169	742.455
1963	72.2119	742.369
1964	72.2541	742.052
1966	72.3388	741.648
1967	72.3808	740.301
1968	72.4225	740.292
1970	72.5068	740.128
1971	72.5489	740.125
1973	72.6327	740.059
1974	72.6746	739.09
1975	72.7167	738.985
1976	72.7586	738.895
1977	72.8005	738.661
1978	72.843	737.237
1979	72.8851	736.836
1980	72.9277	736.748
1981	72.9704	736.635
1982	73.0124	736.513
1985	73.1395	736.343
1986	73.1816	736.185
1987	73.2233	736.167
1988	73.2654	736.005
1989	73.3082	713.244
1990	73.3502	713.229
1991	73.3926	713.172
1992	73.4345	713.002
1995	73.5627	712.927
1998	73.6943	712.202
1999	73.7384	711.81
2000	73.7807	711.107
2001	73.824	711.03
2002	73.8675	710.934
2003	73.9104	710.606
2004	73.9526	710.57
2006	74.0386	709.099
2007	74.0814	708.321
2009	74.1659	704.639
2010	74.2076	704.543
2011	74.2495	704.251
2013	74.3337	704.062
2014	74.3763	703.933
2015	74.4187	703.633
2016	74.4606	700.754
2018	74.5448	699.847
2020	74.6285	698.812
2021	74.6702	698.779
2022	74.7123	698.654
2023	74.754	697.954
2024	74.7958	696.822
2025	74.8378	696.749
2026	74.8796	696.606
2027	74.9214	696.605
2028	74.9635	695.874
2029	75.0063	695.826
2030	75.0481	695.367
2033	75.1752	694.935
2034	75.2177	694.681
2035	75.261	694.558
2036	75.3041	694.434
2037	75.3464	694.433
2038	75.3886	694.262
2039	75.4304	694.249
2041	75.5142	694.148
2042	75.5563	694.109
2043	75.5986	692.18
2044	75.6402	692.127
2045	75.6821	692.007
2046	75.7241	691.984
2047	75.7662	691.877
2048	75.8079	685.515
2049	75.8499	685.26
2050	75.8954	685.093
2051	75.9406	685.091
2052	75.9832	682.255
2053	76.0259	682.065
2054	76.0688	681.924
2055	76.1112	681.918
2056	76.1539	679.827
2057	76.2352	679.774
2058	76.3023	679.303
2059	76.3465	679.177
2060	76.3897	679.158
2061	76.4322	678.706
2062	76.4747	678.659
2063	76.5171	678.657
2064	76.5598	678.611
2065	76.6024	678.591
2066	76.6452	678.5
2067	76.6873	678.42
2068	76.7293	678.315
2069	76.7716	678.221
2070	76.8136	678.218
2071	76.856	678.114
2072	76.8989	678.049
2073	76.9416	677.892
2074	76.9832	677.864
2075	77.0262	677.816
2076	77.0682	677.549
2077	77.1107	677.531
2078	77.1534	677.456
2079	77.196	677.447
2080	77.2376	677.022
2081	77.2798	676.985
2082	77.3217	676.589
2083	77.3642	676.497
2084	77.4065	676.439
2085	77.4484	676.4
2086	77.4908	676.351
2087	77.5333	676.327
2088	77.575	675.779
2089	77.6171	675.561
2090	77.6592	675.467
2091	77.701	675.448
2092	77.7434	675.252
2093	77.7854	675.246
2094	77.8276	674.467
2095	77.8696	674.432
2096	77.9117	674.34
2097	77.9538	673.816
2098	77.9956	673.805
2099	78.0376	673.706
2102	78.1671	673.578
2103	78.2105	673.402
2104	78.2543	673.305
2105	78.2969	673.289
2106	78.3388	672.48
2107	78.3822	672.414
2108	78.4245	672.403
2109	78.4664	672.166
2110	78.5085	672.131
2111	78.5508	671.982
2112	78.5928	671.896
2113	78.635	670.265
2114	78.6789	670.253
2115	78.7213	670.128
2116	78.7639	670.035
2117	78.8066	669.682
2118	78.8483	669.673
2119	78.8904	669.624
2120	78.9333	669.505
2121	78.9758	669.398
2122	79.0178	669.15
2123	79.0607	669.064
2124	79.1034	669.047
2125	79.146	668.824
2127	79.2314	668.806
2128	79.2736	668.753
2129	79.316	668.748
2131	79.4001	668.685
2133	79.485	668.66
2134	79.5271	668.185
2135	79.5691	667.388
2136	79.6112	667.268
2137	79.6531	667.025
2138	79.6954	667.014
2139	79.7376	666.925
2140	79.7803	666.463
2141	79.8222	666.188
2142	79.8641	666.085
2143	79.9067	666.042
2144	79.9491	665.82
2145	79.9916	665.774
2146	80.0336	665.722
2147	80.0769	665.554
2148	80.1219	665.461
2149	80.1655	665.421
2150	80.2083	665.227
2151	80.2515	664.687
2152	80.2948	664.443
2154	80.3837	664.433
2155	80.427	664.337
2156	80.4707	663.853
2157	80.5133	663.354
2158	80.5559	663.276
2159	80.5985	663.137
2160	80.6413	663.127
2162	80.7252	663.113
2163	80.7673	663.066
2164	80.8092	663.052
2165	80.8512	663.048
2166	80.8939	662.986
2167	80.9361	662.38
2168	80.9783	662.353
2169	81.0206	662.331
2170	81.0623	662.216
2172	81.1468	662.097
2173	81.1886	661.988
2174	81.2309	661.97
2175	81.2731	661.962
2176	81.3156	661.616
2177	81.3588	661.589
2178	81.4009	661.562
2179	81.4433	661.518
2180	81.4857	661.499
2181	81.5279	661.416
2182	81.5696	661.377
2183	81.6124	661.214
2184	81.6553	661.134
2185	81.6974	660.766
2186	81.7398	660.716
2188	81.8244	660.618
2189	81.8665	660.61
2190	81.9086	660.332
2191	81.9509	660.193
2192	81.9932	660.18
2193	82.0351	659.943
2194	82.0772	659.833
2195	82.1197	659.697
2196	82.1627	657.992
2197	82.2047	657.89
2199	82.289	657.887
2200	82.3311	657.707
2201	82.3735	657.588
2202	82.4155	657.188
2203	82.4574	657.16
2204	82.4995	656.498
2205	82.5457	656.462
2206	82.5904	656.433
2207	82.6336	656.22
2209	82.7195	656.032
2210	82.7615	655.929
2211	82.8038	655.647
2212	82.8466	655.608
2213	82.8892	655.561
2214	82.9313	655.551
2215	82.9735	655.346
2216	83.016	655.298
2217	83.058	655.163
2218	83.1008	654.532
2219	83.1438	654.372
2220	83.1874	654.307
2221	83.2303	654.304
2222	83.2734	653.817
2223	83.3174	653.806
2225	83.4025	653.739
2226	83.4451	653.652
2228	83.5295	653.648
2229	83.5723	653.631
2230	83.6142	653.24
2231	83.6564	652.638
2232	83.6989	652.516
2233	83.7418	651.615
2234	83.7845	651.597
2235	83.8279	651.159
2236	83.8709	651.122
2237	83.9135	651.101
2238	83.9562	650.599
2240	84.0417	650.397
2241	84.0839	650.31
2242	84.1272	649.749
2243	84.1698	649.557
2244	84.2129	649.551
2245	84.2556	649.543
2246	84.2985	649.512
2248	84.3828	649.499
2249	84.4251	649.46
2250	84.4675	649.42
2251	84.5095	649.334
2252	84.5517	648.908
2253	84.5942	648.858
2254	84.6371	648.848
2255	84.6802	646.984
2256	84.7228	646.945
2257	84.7678	646.824
2258	84.8152	646.432
2259	84.8581	646.191
2260	84.9007	646.029
2262	84.9861	646.024
2263	85.0289	645.81
2264	85.0706	645.782
2265	85.1129	645.416
2266	85.155	645.399
2267	85.197	645.049
2268	85.2396	644.877
2269	85.2814	644.796
2270	85.3237	644.746
2273	85.4499	644.704
2274	85.4926	644.519
2276	85.5768	644.489
2277	85.6193	644.437
2279	85.7035	644.372
2281	85.7872	644.258
2282	85.8292	644.004
2283	85.8712	643.99
2286	86	643.955
2287	86.0425	643.946
2288	86.0854	642.638
2289	86.1274	642.534
2290	86.1693	642.333
2291	86.2115	642.233
2292	86.2542	642.232
2293	86.296	642.191
2294	86.3384	642.175
2295	86.3802	642.088
2296	86.4221	642.062
2297	86.4643	642.046
2298	86.5063	642.023
2299	86.5488	641.963
2300	86.5921	641.781
2301	86.6389	641.697
2303	86.7299	641.627
2304	86.7724	641.57
2306	86.8586	641.457
2307	86.9016	640.548
2308	86.9446	640.54
2310	87.0359	640.475
2311	87.0783	640.444
2313	87.1636	640.36
2314	87.2057	640.278
2316	87.2915	639.943
2317	87.3342	639.905
2318	87.3769	639.156
2319	87.419	639.021
2321	87.5048	639
2322	87.5475	638.994
2323	87.5901	638.963
2325	87.6756	638.912
2326	87.718	638.672
2327	87.7602	638.655
2329	87.8441	632.49
2331	87.928	632.421
2332	87.9705	632.302
2333	88.0123	632.298
2335	88.0963	632.176
2338	88.222	631.72
2339	88.2648	631.275
2340	88.3073	630.878
2341	88.3499	630.496
2343	88.4344	630.337
2344	88.4764	630.313
2346	88.5607	630.281
2347	88.603	629.583
2349	88.6872	629.252
2350	88.7422	629.248
2351	88.7896	628.981
2353	88.8766	628.939
2354	88.9191	628.867
2355	88.9621	628.606
2356	89.0055	627.617
2358	89.0916	627.066
2360	89.1762	626.693
2361	89.2218	626.688
2362	89.265	626.607
2363	89.3078	626.233
2364	89.3505	625.381
2365	89.3931	625.334
2366	89.4356	625.278
2367	89.4783	625.253
2368	89.5213	624.446
2370	89.6065	624.204
2372	89.6908	624.068
2373	89.7327	623.77
2374	89.7754	623.591
2375	89.8176	623.518
2376	89.86	623.183
2377	89.9024	623.17
2378	89.9443	622.907
2380	90.0285	622.871
2381	90.071	622.816
2382	90.1131	622.74
2383	90.1552	622.14
2384	90.1969	622.042
2385	90.2392	621.973
2386	90.2819	621.964
2387	90.3241	621.922
2388	90.3669	620.959
2389	90.4093	620.758
2390	90.4516	620.683
2391	90.4937	620.663
2392	90.5356	619.606
2393	90.5779	619.336
2394	90.6202	619.218
2395	90.6622	619.216
2396	90.7045	617.722
2397	90.7469	617.693
2398	90.7896	617.315
2399	90.8319	617.092
2400	90.8736	617.075
2401	90.9157	617.071
2402	90.9575	617.051
2404	91.0411	617.036
2405	91.0835	617.019
2406	91.1255	616.954
2407	91.1685	616.932
2408	91.211	616.874
2410	91.2957	616.772
2411	91.3385	616.64
2412	91.3807	616.599
2413	91.4263	616.388
2414	91.4712	616.297
2415	91.5138	616.278
2416	91.5563	616.099
2417	91.5996	616.094
2418	91.643	616.051
2419	91.6857	616.03
2420	91.7291	616.011
2421	91.7717	616.007
2422	91.8148	615.829
2423	91.8581	615.812
2424	91.9009	615.778
2425	91.9436	615.746
2426	91.9864	615.719
2427	92.0291	615.682
2428	92.0714	615.243
2429	92.1134	615.034
2430	92.1558	614.942
2431	92.1977	614.929
2432	92.24	614.801
2433	92.2831	614.789
2434	92.3253	614.47
2435	92.3685	614.448
2436	92.4115	614.432
2437	92.4549	614.162
2438	92.497	614.145
2439	92.5393	614.114
2441	92.6235	614.103
2442	92.6666	614.08
2443	92.7092	613.977
2445	92.7937	613.961
2446	92.8367	613.533
2447	92.8799	613.481
2448	92.9229	613.476
2449	92.965	613.457
2450	93.0079	613.45
2451	93.0508	613.315
2452	93.094	613.265
2453	93.1364	611.307
2454	93.1788	611.299
2455	93.2217	611.276
2456	93.2644	611.192
2457	93.3067	611.028
2458	93.3494	610.963
2459	93.3917	610.942
2460	93.4338	610.862
2461	93.4763	610.846
2462	93.5185	610.664
2463	93.5605	610.615
2464	93.6029	610.605
2465	93.6496	610.454
2467	93.737	610.409
2468	93.7799	610.393
2469	93.8228	610.381
2470	93.8658	610.351
2471	93.9084	610.32
2472	93.9513	610.217
2473	93.9938	610.174
2474	94.0361	610.025
2475	94.0781	609.804
2476	94.1208	609.742
2477	94.1644	609.565
2478	94.2069	609.554
2479	94.25	609.512
2480	94.2926	609.214
2481	94.3349	609.066
2482	94.3774	608.931
2483	94.4205	608.903
2484	94.4635	608.841
2485	94.5058	608.832
2486	94.5481	608.81
2487	94.5898	608.747
2488	94.6321	608.647
2489	94.6746	608.626
2490	94.7168	608.51
2491	94.7594	608.358
2492	94.8016	608.269
2494	94.8867	608.247
2495	94.929	608.174
2496	94.9713	607.957
2497	95.0135	607.81
2498	95.0558	607.733
2500	95.1402	607.683
2501	95.1823	607.668
2502	95.2251	607.641
2504	95.3097	607.589
2506	95.3949	607.503
2507	95.4375	607.296
2508	95.4805	607.289
2509	95.5231	607.266
2510	95.5653	607.105
2512	95.6499	607.088
2514	95.7349	607.052
2515	95.7773	607.04
2516	95.8203	606.813
2517	95.8686	606.787
2518	95.9134	606.785
2519	95.9565	606.756
2520	95.9998	606.548
2521	96.0428	606.472
2522	96.0855	606.413
2523	96.1283	606.305
2524	96.1707	606.253
2525	96.2128	606.228
2526	96.2555	606.117
2528	96.3399	606.054
2529	96.382	606.031
2530	96.4245	605.949
2531	96.4667	605.832
2532	96.5092	605.815
2533	96.5521	605.648
2536	96.1297	605.067
2539	96.2621	605.012
2540	96.3058	604.84
2541	96.3502	604.814
2542	96.3947	604.565
2543	96.4395	604.529
2544	96.4835	604.182
2545	96.5277	603.609
2546	96.5719	603.591
2547	96.6171	603.481
2548	96.6606	603.409
2549	96.7039	603.387
2550	96.7474	603.339
2551	96.7907	603.231
2552	96.8359	603.173
2553	96.8791	602.89
2554	96.922	602.769
2556	97.0075	602.752
2557	97.05	602.725
2558	97.0929	602.28
2559	97.1359	602.2
2560	97.1797	602.122
2561	97.2244	602.12
2562	97.2684	601.973
2563	97.3115	601.964
2565	97.3972	601.881
2566	97.4406	601.681
2567	97.4828	601.648
2569	97.5748	601.543
2570	97.6174	601.422
2571	97.6605	601.069
2573	97.7476	599.651
2574	97.7908	599.638
2575	97.8333	599.366
2576	97.8757	599.353
2577	97.9191	599.138
2578	97.9621	598.838
2581	98.0913	598.751
2582	98.1346	598.349
2583	98.1783	598.285
2585	98.2654	598.263
2586	98.3085	598.242
2588	98.3954	598.227
2589	98.4393	598.204
2590	98.4828	598.191
2591	98.5258	598.113
2592	98.5697	597.911
2593	98.6143	597.893
2594	98.6572	597.881
2596	98.7445	597.844
2597	98.7884	597.789
2598	98.8317	597.716
2599	98.875	597.617
2600	98.9187	597.264
2602	99.0054	597.061
2603	99.0484	597.053
2604	99.0918	597.043
2605	99.1357	597.007
2607	99.2257	596.865
2608	99.2695	596.812
2609	99.315	596.743
2610	99.3653	596.699
2612	99.4541	596.623
2613	99.4993	596.609
2614	99.5446	596.538
2616	99.6641	596.514
2617	99.721	596.445
2618	99.7757	596.425
2621	99.9228	596.377
2623	100.013	596.357
2624	100.063	596.354
2625	100.119	596.231
2627	100.206	596.226
2628	100.25	595.962
2629	100.293	595.924
2630	100.343	595.609
2631	100.391	595.563
2633	100.477	595.444
2634	100.521	595.443
2638	100.693	595.439
2639	100.736	595.423
2641	100.822	595.303
2642	100.866	595.282
2643	100.909	595.256
2644	100.952	595.246
2646	101.039	595.183
2647	101.082	594.195
2648	101.125	594.188
2649	101.169	593.437
2650	101.213	593.419
2651	101.256	593.387
2652	101.299	593.243
2653	101.342	593.227
2654	101.386	592.991
2655	101.429	592.88
2656	101.472	592.838
2657	101.515	592.634
2658	101.558	592.23
2659	101.601	591.951
2660	101.645	591.867
2661	101.687	591.848
2663	101.774	591.823
2665	101.86	591.721
2666	101.903	591.369
2667	101.947	591.349
2669	102.035	590.796
2670	102.079	590.785
2673	102.208	590.776
2674	102.251	590.754
2675	102.294	590.456
2678	102.423	589.933
2679	102.466	589.647
2680	102.51	589.297
2681	102.555	589.257
2683	102.641	589.207
2684	102.685	589.187
2686	102.772	589.073
2687	102.814	588.659
2689	102.9	588.607
2690	102.944	588.602
2691	102.986	588.503
2692	103.03	588.445
2693	103.074	588.398
2694	103.117	588.378
2695	103.16	588.302
2696	103.205	588.242
2697	103.247	588.191
2698	103.29	587.89
2700	103.376	586.762
2701	103.419	586.743
2702	103.463	586.678
2703	103.507	586.584
2704	103.55	586.325
2706	103.637	586.308
2707	103.681	586.208
2708	103.725	585.719
2709	103.768	585.703
2710	103.811	584.385
2711	103.855	584.316
2713	103.944	584.182
2714	103.987	584.098
2715	104.03	584.049
2716	104.074	583.941
2721	104.292	583.923
2722	104.335	583.899
2723	104.38	583.366
2724	104.423	583.34
2725	104.467	583.289
2727	104.554	583.274
2728	104.597	583.213
2729	104.641	583.07
2730	104.684	583.026
2731	104.727	583.014
2732	104.771	582.544
2733	104.814	582.401
2734	104.857	581.925
2735	104.901	581.915
2736	104.944	581.108
2737	104.987	580.964
2738	105.03	580.698
2739	105.073	580.358
2740	105.117	580.337
2741	105.16	580.325
2742	105.204	580.277
2745	105.335	580.266
2746	105.379	580.252
2747	105.422	579.968
2748	105.465	579.933
2749	105.509	579.782
2750	105.552	579.772
2751	105.595	579.731
2752	105.639	579.663
2753	105.683	579.522
2754	105.726	579.476
2755	105.769	579.448
2756	105.813	579.417
2757	105.856	579.385
2758	105.9	578.47
2759	105.943	578.46
2760	105.987	578.449
2761	106.03	578.397
2762	106.073	578.182
2763	106.118	578.156
2764	106.161	578.143
2765	106.205	578.115
2766	106.249	578.083
2767	106.292	578.073
2768	106.336	577.89
2769	106.381	577.802
2770	106.426	577.687
2771	106.47	577.634
2772	106.514	577.543
2774	106.601	577.478
2775	106.645	577.469
2776	106.688	577.452
2777	106.732	577.37
2778	106.775	577.364
2779	106.819	577.322
2780	106.862	577.32
2781	106.906	577.255
2782	106.95	577.246
2783	106.994	577.139
2785	107.081	577.131
2786	107.125	576.983
2787	107.169	576.875
2788	107.213	576.83
2789	107.263	576.825
2790	107.356	576.811
2791	107.401	576.668
2792	107.445	576.441
2793	107.49	575.861
2794	107.534	575.857
2795	107.579	575.831
2796	107.623	575.712
2797	107.668	575.66
2798	107.713	575.62
2799	107.758	575.586
2800	107.802	575.539
2801	107.846	575.524
2802	107.89	575.439
2803	107.935	575.316
2804	107.979	575.302
2807	108.111	575.287
2808	108.157	575.25
2809	108.201	575.248
2810	108.245	575.217
2811	108.29	575.184
2812	108.333	574.951
2813	108.377	574.853
2815	108.467	574.523
2816	108.511	574.49
2817	108.558	574.432
2818	108.603	574.363
2819	108.649	574.31
2820	108.694	574.233
2821	108.739	574.195
2822	108.783	574.018
2823	108.827	573.952
2825	108.914	573.932
2826	108.957	573.901
2828	109.044	573.849
2829	109.087	573.821
2830	109.131	573.796
2831	109.175	573.692
2832	109.218	573.634
2833	109.262	573.634
2834	109.306	573.609
2835	109.35	573.542
2836	109.393	573.218
2837	109.437	573.171
2838	109.481	573.096
2840	109.568	573.09
2841	109.613	573.088
2842	109.657	573.078
2844	109.744	573.042
2847	109.874	572.82
2848	109.918	572.815
2849	109.961	572.766
2850	110.004	572.512
2851	110.049	572.509
2852	110.093	572.488
2854	110.18	572.465
2856	110.267	572.293
2857	110.311	572.276
2858	110.354	572.193
2859	110.398	572.172
2860	110.441	572.014
2861	110.484	571.986
2862	110.529	571.925
2863	110.572	571.87
2865	110.66	571.814
2866	110.703	571.732
2868	110.79	571.668
2869	110.836	571.629
2870	110.881	571.515
2871	110.936	571.408
2872	110.98	571.393
2873	111.023	571.098
2874	111.067	571.097
2876	111.155	571.075
2877	111.199	571.072
2878	111.246	571.05
2879	111.296	570.979
2880	111.34	570.955
2881	111.383	570.9
2882	111.426	570.487
2883	111.47	570.461
2884	111.513	570.214
2886	111.6	570.211
2889	111.729	570.196
2890	111.771	570.152
2891	111.815	570.101
2892	111.858	570.06
2893	111.901	569.945
2894	111.945	569.914
2897	112.09	569.869
2899	112.188	569.807
2900	112.232	569.792
2902	112.318	569.605
2903	112.362	569.577
2905	112.45	569.551
2906	112.495	569.204
2907	112.541	569.168
2908	112.584	569.05
2909	112.627	569.024
2911	112.714	568.685
2913	112.801	567.458
2914	112.855	567.442
2915	112.902	567.275
2916	112.951	567.258
2917	112.996	567.198
2918	113.039	566.836
2921	113.171	566.743
2922	113.214	566.54
2923	113.258	566.471
2924	113.3	566.461
2925	113.343	566.329
2926	113.385	566.32
2928	113.47	566.311
2929	113.513	566.297
2930	113.556	566.277
2931	113.599	566.267
2932	113.642	566.043
2933	113.684	565.964
2934	113.727	565.959
2936	113.812	565.934
2938	113.897	565.9
2939	113.94	565.809
2941	114.025	565.808
2942	114.067	565.697
2944	114.152	565.691
2945	114.195	565.19
2947	114.282	565.072
2948	114.326	565.007
2950	114.412	564.919
2951	114.454	564.888
2952	114.497	564.864
2953	114.54	564.853
2954	114.582	564.767
2956	114.667	564.755
2961	114.88	564.727
2962	114.923	564.699
2963	114.966	564.676
2964	115.009	564.66
2965	115.052	564.566
2967	115.139	564.562
2968	115.183	564.521
2969	115.226	564.481
2970	115.27	563.871
2971	115.316	563.734
2973	115.402	563.499
2974	115.445	563.491
2975	115.489	563.487
2977	115.574	563.418
2978	115.618	563.369
2979	115.66	563.353
2980	115.703	563.246
2981	115.746	563.23
2982	115.788	563.228
2983	115.83	563.215
2986	115.958	563.061
2987	116.001	562.489
2988	116.044	562.482
2989	116.086	562.169
2990	116.129	562.07
2991	116.171	562.013
2994	116.299	561.922
2996	116.384	561.897
2997	116.426	561.851
2998	116.469	560.205
2999	116.513	559.997
3000	116.555	559.911
3001	116.605	559.891
3006	116.83	559.86
3007	116.873	559.843
3009	116.959	559.791
3010	117.001	559.787
3012	117.086	559.443
3014	117.171	559.395
3015	117.214	559.261
3018	117.342	558.9
3019	117.385	558.817
3020	117.427	558.619
3021	117.471	558.585
3022	117.515	558.57
3024	117.602	558.552
3026	117.689	558.525
3027	117.732	558.032
3028	117.775	557.902
3029	117.817	557.814
3031	117.902	557.597
3033	117.987	557.593
3034	118.03	557.579
3035	118.073	557.567
3037	118.159	557.553
3038	118.202	557.473
3040	118.286	557.33
3042	118.371	557.313
3043	118.415	556.984
3044	118.457	556.616
3047	118.585	556.403
3048	118.627	556.12
3049	118.67	556.108
3050	118.713	555.815
3053	118.841	555.767
3054	118.883	555.573
3055	118.926	555.568
3056	118.968	555.466
3057	119.011	555.451
3059	119.105	555.45
3061	119.213	555.42
3062	119.257	555.405
3063	119.3	555.02
3064	119.343	554.981
3065	119.386	554.956
3066	119.432	554.733
3067	119.475	554.711
3068	119.519	554.665
3069	119.562	554.565
3070	119.605	554.52
3071	119.649	554.518
3072	119.693	553.626
3073	119.737	553.526
3074	119.781	553.401
3075	119.825	553.4
3076	119.868	552.96
3077	119.911	552.946
3078	119.954	552.739
3079	119.998	552.588
3080	120.041	552.516
3081	120.085	552.509
3082	120.134	552.498
3083	120.179	552.492
3084	120.225	552.484
3085	120.269	552.481
3086	120.314	552.419
3087	120.357	552.292
3088	120.4	552.286
3089	120.443	552.219
3090	120.486	552.206
3091	120.529	552.158
3092	120.572	552.114
3093	120.616	551.996
3094	120.659	551.951
3095	120.701	551.917
3096	120.744	551.812
3097	120.787	551.729
3098	120.83	551.363
3099	120.872	551.357
3100	120.915	551.331
3101	120.958	551.328
3102	121.001	550.954
3103	121.043	550.937
3104	121.086	550.93
3105	121.128	550.9
3106	121.171	550.886
3107	121.216	550.841
3109	121.302	550.623
3110	121.346	550.587
3111	121.389	550.286
3112	121.432	550.103
3113	121.475	550.091
3114	121.518	550.009
3115	121.561	549.996
3116	121.603	549.979
3117	121.647	549.897
3118	121.69	549.894
3120	121.776	549.859
3122	121.862	549.817
3123	121.906	549.761
3124	121.951	549.693
3125	121.994	549.689
3126	122.037	549.63
3127	122.08	549.492
3128	122.124	549.49
3129	122.167	549.484
3130	122.21	549.469
3131	122.253	549.442
3132	122.296	549.401
3133	122.339	548.941
3134	122.382	548.933
3135	122.425	548.915
3136	122.468	548.797
3137	122.512	548.718
3138	122.555	548.691
3139	122.597	548.677
3140	122.64	548.654
3141	122.683	548.623
3142	122.726	548.575
3143	122.769	548.44
3144	122.811	548.436
3147	122.939	548.425
3148	122.983	548.357
3149	123.026	548.356
3150	123.069	548.289
3151	123.112	548.227
3152	123.156	548.029
3155	123.287	547.968
3156	123.33	547.953
3157	123.373	547.927
3158	123.415	547.924
3160	123.504	547.873
3161	123.548	547.844
3162	123.591	547.714
3163	123.634	547.703
3164	123.677	547.684
3165	123.719	547.669
3166	123.762	547.654
3168	123.849	547.571
3169	123.893	547.57
3170	123.936	547.545
3171	123.979	547.472
3172	124.022	547.408
3173	124.065	547.407
3174	124.11	547.393
3175	124.158	547.345
3176	124.202	547.061
3178	124.29	547.033
3180	124.377	547.018
3182	124.464	547.006
3184	124.552	546.982
3185	124.597	546.955
3186	124.641	546.941
3187	124.684	546.84
3188	124.727	546.833
3189	124.77	546.768
3190	124.813	546.672
3191	124.856	546.58
3192	124.898	546.577
3194	124.983	546.555
3196	125.069	546.18
3197	125.113	546.156
3198	125.156	546.112
3199	125.199	546.101
3200	125.242	546.082
3201	125.286	546.072
3202	125.329	546.059
3203	125.372	546.027
3205	125.46	546.009
3206	125.503	545.946
3208	125.59	545.913
3209	125.633	545.835
3210	125.677	545.757
3211	125.72	545.684
3212	125.763	545.676
3213	125.806	545.605
3214	125.849	545.58
3216	125.934	545.494
3217	125.977	545.494
3218	126.019	545.482
3220	126.104	545.373
3221	126.147	545.344
3222	126.189	544.889
3223	126.232	544.869
3224	126.277	544.607
3227	126.409	544.518
3228	126.452	544.509
3230	126.539	544.465
3231	126.582	544.446
3232	126.625	544.392
3233	126.667	543.895
3236	126.794	543.856
3237	126.837	543.719
3239	126.924	543.697
3240	126.967	543.688
3242	127.053	543.376
3243	127.096	543.369
3245	127.181	543.347
3246	127.223	543.223
3248	127.31	543.184
3249	127.353	543.172
3251	127.439	542.9
3252	127.482	542.871
3253	127.525	541.535
3254	127.568	541.508
3255	127.612	541.358
3257	127.698	541.326
3258	127.741	541.096
3261	127.868	541.048
3262	127.911	540.75
3263	127.953	540.737
3264	127.996	540.734
3266	128.082	540.728
3268	128.167	540.721
3269	128.209	540.711
3272	127.773	540.513
3274	127.859	540.491
3275	127.902	540.479
3276	127.946	540.456
3277	127.99	540.337
3279	128.077	540.325
3280	128.12	539.806
3281	128.163	539.806
3282	128.206	539.738
3285	128.334	539.546
3286	128.378	539.541
3287	128.421	539.471
3288	128.464	539.466
3290	128.55	539.408
3291	128.593	539.359
3292	128.636	539.355
3293	128.679	539.346
3294	128.722	539.272
3301	129.023	539.252
3302	129.066	539.184
3303	129.109	539.171
3305	129.196	539.166
3306	129.239	539.153
3307	129.282	539.151
3308	129.325	538.982
3309	129.37	538.79
3310	129.412	538.704
3311	129.455	538.667
3312	129.497	538.625
3313	129.539	538.568
3315	129.624	538.51
3316	129.666	538.499
3317	129.709	538.498
3318	129.752	538.414
3319	129.796	538.342
3320	129.839	538.285
3321	129.882	538.244
3322	129.924	538.22
3323	129.967	538.215
3326	130.095	538.174
3327	130.138	537.535
3328	130.183	537.525
3330	130.269	537.502
3331	130.312	537.203
3332	130.356	537.14
3334	130.444	537.06
3336	130.529	537.04
3337	130.572	536.596
3338	130.614	534.813
3339	130.657	534.686
3341	130.741	534.664
3343	130.829	534.654
3344	130.871	534.644
3345	130.914	534.625
3346	130.956	533.415
3347	130.999	533.398
3349	131.085	533.363
3352	131.212	533.271
3353	131.254	533.257
3358	131.466	532.981
3359	131.508	532.818
3360	131.551	532.686
3361	131.593	532.483
3362	131.636	532.46
3364	131.722	532.448
3366	131.809	532.423
3367	131.852	532.033
3368	131.895	531.969
3371	132.026	531.934
3372	132.069	531.869
3375	132.199	531.85
3377	132.284	531.845
3378	132.326	531.71
3379	132.372	531.612
3380	132.419	531.552
3381	132.462	531.544
3383	132.548	531.376
3384	132.592	531.323
3387	132.721	531.163
3388	132.763	531.02
3389	132.806	530.999
3390	132.85	530.907
3391	132.892	530.899
3393	132.978	530.876
3394	133.021	530.643
3395	133.063	530.643
3396	133.105	530.536
3397	133.148	530.507
3399	133.232	530.507
3400	133.274	530.49
3401	133.317	530.465
3402	133.359	530.46
3403	133.401	530.137
3404	133.444	530.123
3405	133.486	530.113
3406	133.53	529.973
3407	133.573	529.961
3408	133.615	529.814
3409	133.658	529.651
3410	133.7	529.628
3411	133.743	529.623
3412	133.787	529.013
3413	133.83	528.956
3414	133.874	528.892
3415	133.918	528.889
3416	133.962	528.723
3417	134.005	528.684
3418	134.048	528.57
3419	134.091	528.503
3420	134.134	528.491
3421	134.177	528.488
3422	134.22	528.479
3423	134.264	528.462
3424	134.311	528.456
3426	134.397	528.419
3427	134.44	528.309
3428	134.482	528.193
3429	134.526	528.163
3430	134.57	528.155
3431	134.619	528.143
3432	134.662	528.105
3433	134.705	527.987
3434	134.748	527.947
3435	134.792	527.915
3436	134.836	527.862
3437	134.879	527.813
3438	134.922	527.702
3439	134.965	527.697
3440	135.008	527.687
3441	135.05	527.67
3442	135.093	527.567
3443	135.135	527.556
3444	135.178	527.546
3445	135.221	527.519
3446	135.264	527.515
3447	135.307	527.511
3448	135.35	527.461
3449	135.394	527.195
3450	135.437	527.183
3451	135.48	527.166
3452	135.522	527.136
3454	135.607	527.132
3455	135.652	527.127
3456	135.75	527.097
3458	135.842	527.084
3462	136.017	527.016
3463	136.061	526.948
3465	136.148	526.941
3466	136.192	526.844
3467	136.235	526.785
3468	136.279	526.775
3469	136.323	526.732
3470	136.366	526.711
3471	136.41	526.618
3472	136.453	526.553
3473	136.497	526.299
3474	136.54	526.286
3475	136.584	526.267
3476	136.628	526.169
3477	136.672	526.088
3478	136.715	526.058
3479	136.758	526.032
3480	136.805	525.975
3481	136.853	525.933
3482	136.896	525.911
3483	136.94	525.86
3484	136.984	525.856
3487	137.115	525.845
3488	137.159	525.821
3489	137.203	525.82
3490	137.247	525.793
3491	137.29	525.751
3492	137.334	525.695
3493	137.378	525.681
3496	137.51	525.663
3497	137.554	525.611
3498	137.598	525.609
3499	137.642	525.606
3500	137.685	525.547
3501	137.729	525.483
3502	137.773	525.444
3503	137.817	525.427
3504	137.861	525.419
3505	137.905	525.411
3506	137.948	525.408
3508	138.035	525.358
3509	138.079	525.316
3511	138.166	525.256
3512	138.21	525.145
3515	138.341	525.09
3516	138.385	524.816
3517	138.43	524.77
3518	138.474	524.769
3519	138.519	524.747
3520	138.563	524.746
3522	138.65	524.737
3523	138.694	524.737
3524	138.738	524.727
3525	138.782	524.568
3526	138.825	524.552
3527	138.87	524.309
3528	138.914	524.305
3529	138.958	524.159
3530	139.002	524.146
3531	139.047	523.967
3532	139.092	523.96
3533	139.136	523.957
3534	139.18	523.938
3535	139.223	523.922
3536	139.267	523.816
3537	139.311	523.812
3538	139.355	523.795
3539	139.398	523.773
3540	139.443	523.743
3541	139.486	523.723
3542	139.53	523.691
3545	139.66	523.676
3546	139.704	523.627
3548	139.791	523.624
3549	139.834	523.556
3550	139.878	523.538
3551	139.921	523.492
3552	139.966	523.488
3553	140.01	523.486
3554	140.055	523.461
3556	140.143	523.198
3557	140.187	523.19
3559	140.275	523.189
3560	140.318	523.149
3562	140.405	522.808
3563	140.449	522.791
3564	140.492	522.573
3567	140.622	522.551
3568	140.665	522.535
3569	140.708	522.53
3570	140.751	522.502
3572	140.837	522.471
3573	140.88	522.386
3576	141.012	522.361
3577	141.056	522.177
3578	141.099	522.175
3579	141.143	522.09
3580	141.186	522.035
3581	141.231	522.035
3583	141.325	522.029
3584	141.369	522.027
3586	141.457	521.942
3587	141.501	521.928
3589	141.589	521.924
3591	141.676	521.773
3592	141.72	521.758
3593	141.764	520.846
3594	141.807	520.831
3595	141.851	520.754
3596	141.895	520.735
3598	141.985	520.334
3601	142.117	520.318
3602	142.162	520.062
3603	142.206	520.048
3605	142.293	520.025
3606	142.336	520.017
3608	142.423	520.004
3609	142.466	519.994
3610	142.51	519.972
3611	142.553	519.935
3612	142.596	519.824
3614	142.684	519.817
3616	142.771	519.718
3617	142.815	519.704
3620	142.945	519.525
3621	142.988	519.525
3622	143.032	519.509
3623	143.076	519.508
3625	143.162	519.299
3626	143.206	519.296
3627	143.249	519.264
3628	143.295	519.237
3629	143.338	519.23
3630	143.381	519.215
3632	143.468	519.192
3633	143.512	519.185
3634	143.557	519.053
3636	143.644	519.05
3640	143.82	519.038
3641	143.863	518.989
3642	143.906	518.978
3643	143.948	518.956
3644	143.991	518.952
3645	144.035	518.952
3646	144.08	518.924
3647	144.123	518.882
3648	144.167	518.85
3649	144.21	518.581
3653	144.382	518.559
3654	144.425	518.554
3656	144.511	518.554
3657	144.554	518.552
3658	144.597	518.428
3659	144.642	518.413
3661	144.729	518.288
3662	144.773	518.256
3663	144.816	518.252
3664	144.859	518.213
3666	144.944	518.211
3667	144.988	517.773
3668	145.031	517.768
3670	145.118	517.75
3672	145.205	517.664
3674	145.292	517.605
3676	145.378	517.558
3677	145.422	517.511
3678	145.466	517.354
3679	145.51	517.232
3680	145.553	517.188
3681	145.597	517.166
3683	145.682	517.166
3685	145.774	517.107
3686	145.817	515.129
3687	145.861	515.121
3689	145.947	515.081
3690	145.991	515.08
3692	146.078	514.988
3693	146.122	514.98
3698	146.336	514.768
3699	146.379	514.709
3700	146.422	514.655
3701	146.465	514.622
3703	146.551	514.609
3704	146.595	514.599
3706	146.682	514.589
3707	146.725	514.26
3708	146.768	514.232
3710	146.855	514.221
3711	146.898	514.206
3712	146.942	513.985
3714	147.03	513.977
3715	147.073	513.969
3717	147.161	513.959
3720	147.29	513.915
3723	147.419	513.752
3726	147.549	513.677
3727	147.592	513.67
3728	147.635	513.599
3735	147.937	513.595
3736	147.981	513.399
3737	148.025	513.391
3738	148.068	513.386
3741	148.199	513.377
3742	148.243	513.373
3743	148.287	513.118
3744	148.33	513.104
3746	148.417	513.052
3747	148.46	513.027
3748	148.504	512.877
3749	148.548	512.744
3750	148.591	512.731
3751	148.635	512.73
3752	148.679	512.581
3753	148.722	512.51
3755	148.809	512.505
3756	148.854	512.101
3757	148.897	512.084
3758	148.94	511.963
3759	148.984	511.924
3760	149.027	511.897
3761	149.07	511.89
3762	149.113	511.888
3763	149.157	511.887
3764	149.201	511.877
3765	149.244	511.866
3766	149.288	511.824
3767	149.332	511.725
3768	149.375	511.719
3770	149.462	511.707
3771	149.505	511.645
3772	149.549	511.62
3773	149.592	511.61
3774	149.635	511.574
3775	149.678	511.546
3776	149.721	511.488
3777	149.764	511.468
3778	149.808	511.424
3779	149.852	511.418
3780	149.895	511.386
3781	149.939	511.38
3782	149.982	511.314
3783	150.024	511.311
3784	150.067	511.302
3785	150.11	511.293
3786	150.158	511.277
3787	150.203	511.254
3789	150.29	511.135
3790	150.334	511.122
3791	150.377	511.108
3792	150.421	510.849
3793	150.464	510.837
3795	150.549	510.835
3796	150.593	510.823
3797	150.635	510.805
3798	150.679	510.8
3801	150.807	510.777
3802	150.851	510.745
3803	150.894	510.66
3804	150.936	510.588
3806	151.022	510.481
3807	151.065	510.44
3809	151.153	510.431
3810	151.196	510.428
3811	151.24	510.393
3812	151.283	510.348
3813	151.326	510.108
3815	151.412	510.091
3816	151.455	510.021
3817	151.498	509.99
3818	151.541	509.964
3819	151.584	509.96
3820	151.628	509.929
3822	151.715	509.916
3823	151.757	509.905
3824	151.8	509.901
3826	151.888	509.901
3827	151.932	509.883
3828	151.975	509.875
3829	152.018	509.874
3830	152.061	509.844
3831	152.105	509.835
3832	152.149	509.802
3837	152.369	509.739
3838	152.416	509.738
3839	152.46	509.734
3840	152.503	509.711
3843	152.634	509.699
3844	152.677	509.689
3845	152.72	509.688
3846	152.763	509.667
3848	152.848	509.666
3849	152.891	509.637
3851	152.977	509.592
3853	153.063	509.572
3854	153.105	509.564
3855	153.148	509.515
3856	153.192	509.32
3858	153.279	509.308
3860	153.364	509.303
3862	153.45	509.298
3864	153.538	509.291
3865	153.581	509.274
3866	153.625	509.266
3868	153.712	509.263
3869	153.755	509.196
3870	153.799	509.168
3871	153.842	509.113
3872	153.885	509.11
3873	153.928	509.059
3874	153.971	509.042
3876	154.058	508.989
3877	154.101	508.987
3878	154.144	508.937
3879	154.188	508.923
3880	154.232	508.902
3881	154.276	508.901
3882	154.32	508.893
3883	154.363	508.885
3885	154.448	508.881
3886	154.492	508.263
3889	154.628	508.248
3890	154.672	508.241
3891	154.715	508.201
3892	154.759	508.197
3893	154.802	508.109
3896	154.933	507.971
3897	154.978	507.965
3899	155.064	507.957
3900	155.108	507.933
3901	155.152	507.92
3902	155.195	507.723
3903	155.239	507.712
3904	155.282	507.519
3905	155.325	507.471
3910	155.54	507.444
3911	155.583	507.346
3912	155.626	507.331
3913	155.669	507.3
3914	155.712	507.262
3917	155.839	507.141
3918	155.883	507.13
3919	155.927	507.025
3920	155.969	506.992
3921	156.013	506.991
3922	156.057	506.951
3923	156.1	506.947
3926	156.23	506.892
3927	156.274	506.882
3929	156.36	506.87
3931	156.447	506.75
3932	156.49	506.748
3933	156.533	506.116
3934	156.576	506.093
3936	156.663	506.087
3938	156.751	505.872
3939	156.794	505.855
3940	156.84	505.839
3941	156.884	505.793
3942	156.927	505.573
3943	156.971	505.558
3944	157.014	505.547
3945	157.057	505.503
3948	157.187	505.498
3949	157.23	505.481
3950	157.274	505.442
3951	157.318	505.435
3952	157.361	505.345
3954	157.447	505.339
3956	157.531	505.216
3957	157.574	505.183
3958	157.617	505.169
3960	157.703	505.043
3962	157.788	504.682
3963	157.832	504.655
3965	157.918	504.595
3966	157.96	504.591
3967	158.003	504.475
3968	158.045	504.47
3969	158.088	504.461
3970	158.13	504.432
3971	158.174	504.389
3973	158.261	504.293
3974	158.304	504.244
3977	158.433	504.195
3979	158.519	504.194
3980	158.561	504.19
3982	158.647	504.18
3983	158.69	504.17
3985	158.777	504.158
3986	158.82	504.135
3987	158.863	504.129
3989	158.95	504.086
3990	158.992	504.06
3991	159.038	504.045
3992	159.083	503.999
3993	159.126	503.988
3996	159.256	503.981
3997	159.299	503.978
3998	159.342	503.946
3999	159.386	503.94
4000	159.43	503.922
4001	159.473	503.815
4002	159.517	503.76
4003	159.56	503.756
4005	159.646	503.751
4007	159.733	503.427
4008	159.776	503.423
4009	159.818	503.402
4010	159.861	503.391
4012	159.947	503.335
4014	159.485	503.322
4017	159.616	503.309
4018	159.659	503.306
4019	159.703	503.232
4021	159.79	503.212
4023	159.877	503.209
4024	159.919	503.169
4026	160.004	503.07
4027	160.047	503.061
4029	160.132	502.982
4032	160.259	502.942
4033	160.302	502.93
4035	160.386	502.928
4036	160.428	502.928
4038	160.514	502.733
4039	160.557	502.711
4041	160.642	502.679
4042	160.686	502.67
4043	160.73	502.668
4044	160.774	502.659
4046	160.86	502.657
4047	160.903	502.41
4048	160.946	502.384
4049	160.989	502.363
4051	161.073	502.356
4053	161.159	502.349
4055	161.246	502.346
4060	161.46	502.274
4061	161.502	502.269
4063	161.588	502.233
4066	161.715	502.152
4069	161.845	502.151
4071	161.93	502.138
4073	162.014	502.136
4075	162.1	502.127
4076	162.142	502.025
4078	162.228	502.024
4079	162.271	502.023
4081	162.355	502.008
4082	162.398	501.987
4083	162.44	501.811
4084	162.483	501.807
4086	162.567	501.79
4088	162.652	501.761
4089	162.694	501.713
4090	162.737	501.7
4091	162.78	501.687
4092	162.823	501.662
4093	162.866	501.639
4095	162.954	501.634
4096	162.999	501.454
4097	163.042	501.41
4098	163.085	501.366
4099	163.128	501.352
4100	163.171	501.337
4101	163.214	501.317
4102	163.257	501.316
4103	163.3	501.299
4104	163.343	501.278
4105	163.386	501.268
4106	163.429	501.249
4107	163.472	501.128
4108	163.516	501.08
4109	163.559	501.068
4110	163.603	501.062
4111	163.647	501.059
4112	163.689	501.047
4113	163.732	501.037
4114	163.775	501.004
4115	163.82	500.98
4116	163.863	500.971
4117	163.906	500.932
4118	163.949	500.914
4119	163.992	500.912
4120	164.035	500.902
4122	164.12	500.896
4123	164.163	500.895
4124	164.205	500.886
4125	164.248	500.864
4126	164.29	500.853
4127	164.333	500.851
4129	164.419	500.661
4131	164.504	500.651
4132	164.547	500.505
4133	164.589	500.499
4135	164.675	500.498
4136	164.719	500.494
4137	164.763	500.484
4138	164.806	500.475
4141	164.936	500.468
4142	164.978	500.441
4143	165.021	500.409
4145	165.111	500.401
4146	165.179	500.146
4147	165.248	500.121
4148	165.294	500.111
4149	165.338	500.105
4150	165.381	500.103
4151	165.424	500.089
4152	165.467	500.076
4153	165.509	500.003
4155	165.593	500
4156	165.636	499.975
4157	165.678	499.886
4158	165.72	499.862
4159	165.764	499.836
4160	165.809	499.823
4162	165.894	499.811
4163	165.937	499.774
4164	165.98	499.771
4167	166.108	499.763
4168	166.152	499.746
4169	166.196	499.746
4170	166.239	499.735
4171	166.283	499.715
4174	166.412	499.68
4176	166.497	499.653
4177	166.539	499.636
4178	166.582	499.633
4180	166.667	499.584
4182	166.752	499.58
4183	166.795	499.574
4184	166.841	499.572
4186	166.927	499.552
4187	166.971	499.297
4188	167.013	499.266
4189	167.058	499.247
4191	167.143	499.229
4193	167.229	499.224
4194	167.272	499.133
4195	167.315	499.079
4196	167.362	498.933
4197	167.407	498.932
4198	167.451	498.92
4200	167.538	498.91
4201	167.582	498.909
4202	167.625	498.905
4204	167.711	498.888
4205	167.754	498.832
4206	167.797	498.825
4208	167.884	498.823
4209	167.927	498.797
4211	168.014	498.784
4212	168.058	498.764
4214	168.144	498.744
4215	168.189	498.738
4216	168.231	498.711
4217	168.274	498.676
4218	168.318	498.66
4219	168.362	498.65
4220	168.405	498.638
4222	168.492	498.607
4223	168.534	498.583
4225	168.621	498.561
4226	168.664	498.542
4227	168.707	498.521
4228	168.752	498.492
4229	168.796	498.471
4230	168.84	498.468
4231	168.885	498.419
4233	168.973	498.351
4234	169.017	498.315
4235	169.06	498.305
4236	169.104	498.182
4237	169.147	498.167
4238	169.19	498.159
4239	169.233	498.159
4240	169.276	498.155
4241	169.319	498.15
4242	169.362	497.933
4243	169.406	497.922
4244	169.449	497.804
4245	169.492	497.804
4247	169.584	497.754
4248	169.628	497.738
4250	169.715	497.72
4252	169.802	497.71
4253	169.846	497.688
4256	169.977	497.686
4257	170.021	497.584
4258	170.064	497.564
4259	170.107	497.541
4261	170.194	497.541
4263	170.28	497.537
4264	170.323	497.537
4266	170.41	497.502
4267	170.455	497.497
4269	170.541	497.489
4271	170.629	497.374
4273	170.714	496.823
4274	170.758	496.811
4275	170.802	496.811
4276	170.846	496.81
4277	170.889	496.796
4278	170.933	496.672
4280	171.02	496.651
4281	171.063	496.63
4282	171.106	496.539
4283	171.149	496.528
4284	171.192	496.526
4286	171.277	496.495
4288	171.363	496.488
4289	171.406	496.481
4290	171.45	496.48
4291	171.494	496.461
4292	171.537	496.353
4294	171.623	496.343
4296	171.709	496.26
4297	171.756	496.259
4298	171.804	496.237
4300	171.892	496.188
4302	171.979	496.18
4303	172.022	496.166
4304	172.066	496.164
4305	172.11	496.144
4306	172.153	496.13
4307	172.197	496.107
4308	172.24	496.094
4309	172.284	496.089
4310	172.327	496.079
4312	172.414	496.058
4313	172.457	496.031
4314	172.501	496.012
4316	172.587	496.002
4317	172.63	495.982
4319	172.717	495.976
4320	172.761	495.96
4321	172.804	495.952
4323	172.891	495.949
4324	172.935	495.935
4325	172.98	495.664
4326	173.024	495.65
4327	173.067	495.642
4329	173.155	495.616
4330	173.199	495.423
4332	173.284	495.166
4333	173.327	495.158
4334	173.371	495.151
4336	173.458	495.151
4337	173.502	495.146
4338	173.546	495.077
4339	173.59	495.046
4340	173.633	495.002
4341	173.677	494.965
4342	173.72	494.961
4343	173.763	494.957
4344	173.807	494.952
4345	173.851	494.951
4347	173.94	494.713
4348	173.985	494.709
4349	174.03	494.698
4351	174.12	494.691
4352	174.165	494.659
4354	174.253	494.615
4357	174.382	494.579
4360	174.511	494.573
4361	174.554	494.518
4362	174.597	494.515
4364	174.682	494.461
4365	174.725	494.436
4366	174.767	494.434
4367	174.81	494.426
4371	174.983	494.402
4372	175.027	494.372
4373	175.07	494.371
4375	175.157	494.355
4376	175.201	494.351
4378	175.289	494.217
4381	175.42	494.21
4382	175.463	494.207
4383	175.507	494.18
4384	175.552	494.172
4386	175.639	494.169
4387	175.682	494.005
4388	175.725	493.99
4389	175.768	493.985
4391	175.856	493.978
4393	175.943	493.974
4394	175.986	493.972
4395	176.03	493.965
4397	176.116	493.947
4400	176.248	493.924
4401	176.292	493.924
4402	176.336	493.92
4403	176.38	493.916
4405	176.47	493.895
4406	176.515	493.867
4408	176.606	493.792
4411	176.74	493.791
4415	176.915	493.781
4416	176.958	493.719
4417	177.003	493.719
4418	177.047	493.714
4421	177.176	493.706
4422	177.22	493.689
4423	177.263	493.535
4424	177.308	493.509
4425	177.352	493.504
4426	177.396	493.48
4427	177.44	493.439
4428	177.485	493.42
4429	177.529	493.225
4430	177.573	493.215
4431	177.616	493.213
4432	177.661	493.105
4433	177.705	493.084
4435	177.792	493.079
4436	177.836	492.983
4437	177.88	492.956
4438	177.924	492.933
4439	177.968	492.92
4440	178.012	492.905
4441	178.056	492.899
4442	178.1	492.893
4443	178.143	492.869
4444	178.186	492.858
4445	178.23	492.849
4446	178.274	492.842
4447	178.318	492.725
4449	178.406	492.723
4450	178.45	492.714
4451	178.495	492.712
4452	178.539	492.707
4453	178.583	492.697
4454	178.627	492.665
4455	178.671	492.654
4456	178.716	492.646
4457	178.76	492.632
4459	178.848	492.63
4460	178.892	492.622
4462	178.981	492.596
4463	179.025	492.593
4464	179.069	492.589
4465	179.114	492.584
4466	179.158	492.569
4467	179.202	492.566
4469	179.289	492.505
4471	179.376	492.499
4472	179.419	492.432
4475	179.549	492.432
4476	179.593	492.424
4477	179.637	492.399
4478	179.68	492.383
4479	179.724	492.37
4482	179.854	492.348
4483	179.897	492.331
4484	179.941	492.292
4485	179.985	492.288
4486	180.029	492.278
4487	180.073	492.263
4488	180.117	492.26
4489	180.162	492.254
4490	180.206	492.223
4491	180.25	492.22
4492	180.294	492.189
4493	180.338	492.178
4494	180.382	492.177
4495	180.426	492.164
4496	180.47	492.16
4497	180.514	492.137
4498	180.558	492.077
4499	180.602	492.075
4500	180.65	492.07
4502	180.742	492.066
4503	180.785	492.051
4505	180.873	492.034
4507	180.961	492.031
4508	181.005	492.013
4509	181.05	492.013
4510	181.094	492.003
4511	181.138	492.002
4514	181.27	491.288
4516	181.358	491.251
4517	181.401	491.235
4518	181.445	491.233
4519	181.489	491.231
4520	181.533	491.2
4522	181.622	491.183
4523	181.666	491.173
4524	181.71	491.171
4525	181.755	491.169
4526	181.799	491.15
4527	181.843	491.149
4528	181.887	491.118
4529	181.931	491.104
4531	182.018	491.098
4534	182.15	491.041
4535	182.194	490.966
4536	182.238	490.808
4538	182.325	490.791
4540	182.411	490.789
4541	182.453	490.789
4542	182.497	490.766
4544	182.584	490.759
4545	182.628	490.755
4546	182.672	490.754
4548	182.758	490.753
4549	182.801	490.732
4550	182.844	490.718
4552	182.932	490.716
4553	182.977	490.703
4554	183.021	490.687
4555	183.065	490.571
4556	183.11	490.564
4557	183.153	490.558
4558	183.196	490.533
4559	183.239	490.521
4560	183.282	490.512
4561	183.326	490.508
4563	183.411	490.487
4565	183.497	490.443
4566	183.541	490.423
4567	183.585	490.417
4568	183.628	490.393
4569	183.673	490.364
4570	183.717	490.348
4571	183.76	490.311
4573	183.846	490.248
4576	183.976	490.169
4578	184.063	490.167
4579	184.107	490.161
4580	184.151	490.144
4581	184.194	490.14
4582	184.237	490.019
4583	184.282	490.01
4584	184.326	489.897
4585	184.369	489.893
4586	184.413	489.892
4587	184.457	489.81
4588	184.501	489.794
4589	184.544	489.789
4590	184.588	489.772
4592	184.675	489.738
4593	184.718	489.689
4595	184.804	489.683
4597	184.891	489.608
4598	184.934	489.552
4599	184.977	489.537
4600	185.021	489.515
4601	185.065	489.515
4602	185.11	489.508
4603	185.155	489.499
4604	185.199	489.495
4606	185.285	489.468
4607	185.329	489.458
4609	185.416	489.453
4611	185.502	489.356
4612	185.545	489.347
4613	185.589	488.972
4614	185.631	488.952
4616	185.716	488.931
4617	185.76	488.892
4619	185.846	488.88
4622	185.977	488.777
4623	186.02	488.77
4624	186.063	488.767
4627	186.194	488.76
4628	186.237	488.75
4629	186.281	488.746
4630	186.325	488.649
4632	186.412	488.531
4634	186.497	488.524
4636	186.583	488.464
4638	186.67	488.432
4640	186.758	488.405
4643	186.888	488.399
4644	186.931	488.391
4645	186.974	488.326
4646	187.016	488.324
4647	187.059	488.304
4648	187.102	488.294
4649	187.144	488.29
4651	187.231	488.289
4652	187.275	488.275
4653	187.32	488.258
4654	187.365	488.228
4655	187.408	488.221
4656	187.451	488.187
4657	187.495	488.174
4659	187.58	488.169
4660	187.623	488.155
4662	187.708	488.142
4663	187.751	488.139
4665	187.837	488.102
4667	187.922	488.095
4669	188.009	488.075
4670	188.052	488.031
4671	188.095	488.003
4672	188.138	487.954
4673	188.181	487.943
4674	188.225	487.941
4676	188.312	487.928
4678	188.398	487.477
4679	188.441	487.468
4680	188.484	487.114
4681	188.526	487.082
4682	188.569	487.077
4684	188.654	487.043
4686	188.739	486.898
4687	188.781	486.686
4688	188.825	486.683
4690	188.911	486.68
4691	188.954	486.669
4692	188.997	486.666
4693	189.041	486.633
4695	189.129	486.613
4696	189.172	486.61
4697	189.216	486.587
4698	189.259	486.587
4699	189.303	486.541
4701	189.389	486.527
4703	189.477	486.524
4705	189.566	486.491
4706	189.61	486.402
4707	189.653	486.399
4710	189.783	486.397
4711	189.827	486.372
4712	189.87	486.351
4714	189.957	486.35
4715	190.001	486.346
4717	190.088	486.339
4718	190.131	486.244
4719	190.175	486.244
4721	190.262	486.239
4722	190.305	486.237
4723	190.348	486.235
4724	190.392	486.23
4726	190.478	486.165
4727	190.522	486.024
4728	190.565	486.015
4729	190.608	485.979
4731	190.696	485.977
4734	190.825	485.975
4735	190.869	485.975
4738	190.998	485.942
4739	191.041	485.941
4740	191.084	485.921
4741	191.126	485.916
4743	191.212	485.913
4745	191.299	485.903
4746	191.342	485.837
4749	191.471	485.836
4751	191.558	485.822
4753	191.644	485.799
4756	191.27	485.795
4757	191.314	485.786
4759	191.401	485.78
4760	191.444	485.775
4761	191.487	485.764
4762	191.531	485.759
4763	191.573	485.586
4765	191.659	485.565
4766	191.703	485.542
4767	191.746	485.526
4768	191.79	485.495
4769	191.833	485.414
4770	191.878	485.4
4771	191.922	485.39
4772	191.965	485.384
4773	192.008	485.369
4774	192.052	485.345
4775	192.095	485.341
4776	192.138	485.3
4777	192.182	485.275
4780	192.311	485.262
4781	192.354	485.253
4783	192.441	485.236
4785	192.528	485.233
4786	192.571	485.231
4787	192.614	485.167
4790	192.743	485.151
4791	192.787	485.098
4792	192.83	485.077
4793	192.874	485.071
4794	192.917	485.051
4795	192.96	485.031
4796	193.004	484.999
4797	193.047	484.985
4798	193.091	484.951
4799	193.133	484.941
4800	193.175	484.938
4801	193.218	484.936
4802	193.26	484.907
4803	193.303	484.903
4804	193.345	484.896
4805	193.388	484.888
4806	193.431	484.836
4807	193.478	484.809
4809	193.566	484.758
4812	193.695	484.72
4815	193.824	484.715
4816	193.868	484.707
4822	194.196	484.703
4823	194.239	484.676
4824	194.282	484.659
4825	194.325	484.654
4826	194.368	484.627
4827	194.411	484.614
4828	194.455	484.609
4829	194.497	484.604
4830	194.541	484.587
4831	194.583	484.583
4832	194.626	484.562
4833	194.668	484.561
4834	194.711	484.56
4835	194.755	484.549
4837	194.842	484.528
4838	194.885	484.507
4840	194.971	484.483
4842	195.056	484.483
4843	195.099	484.476
4844	195.143	484.473
4846	195.229	484.467
4848	195.315	484.431
4849	195.358	484.431
4851	195.444	484.421
4853	195.53	484.418
4854	195.573	484.372
4855	195.616	484.369
4858	195.753	484.368
4860	195.84	484.364
4861	195.884	484.356
4862	195.927	484.349
4863	195.97	484.336
4866	196.098	484.328
4867	196.14	484.256
4868	196.184	484.225
4869	196.227	484.223
4871	196.312	484.215
4874	196.439	484.203
4875	196.482	484.167
4876	196.525	484.023
4877	196.567	483.944
4878	196.61	483.929
4881	196.737	483.928
4884	196.867	483.91
4885	196.911	483.906
4886	196.955	483.905
4888	197.04	483.903
4889	197.083	483.89
4890	197.126	483.859
4893	197.254	483.82
4894	197.297	483.807
4895	197.34	483.804
4897	197.425	483.799
4898	197.469	483.782
4899	197.512	483.773
4900	197.556	483.756
4903	197.685	483.737
4905	197.771	483.724
4907	197.861	483.724
4908	197.906	483.704
4910	197.992	483.702
4911	198.036	483.667
4912	198.079	483.664
4913	198.123	483.614
4915	198.209	483.609
4916	198.252	483.581
4917	198.294	483.575
4918	198.337	483.571
4919	198.38	483.571
4920	198.424	483.543
4922	198.51	483.396
4923	198.553	483.391
4924	198.596	483.268
4925	198.639	483.264
4926	198.682	483.25
4927	198.725	483.202
4928	198.768	483.175
4930	198.856	483.165
4932	198.943	483.159
4933	198.987	483.135
4937	199.16	483.083
4939	199.246	483.072
4940	199.29	483.058
4943	199.419	483.052
4944	199.462	483.048
4946	199.548	483.016
4947	199.592	483.011
4949	199.677	483.004
4951	199.762	482.918
4953	199.849	482.703
4954	199.893	482.68
4955	199.937	482.662
4956	199.98	482.63
4958	200.069	482.564
4959	200.113	482.541
4961	200.2	482.491
4962	200.245	482.441
4963	200.289	482.429
4968	200.505	482.412
4969	200.548	482.41
4971	200.636	482.399
4972	200.68	482.323
4974	200.767	482.321
4976	200.857	482.263
4978	200.947	482.236
4980	201.037	482.228
4983	201.17	482.22
4984	201.214	482.217
4985	201.258	482.183
4986	201.302	482.183
4987	201.346	482
4989	201.434	482
4991	201.521	481.995
4992	201.566	481.989
4993	201.611	481.984
4994	201.655	481.962
4996	201.744	481.955
4997	201.789	481.943
4999	201.877	481.943
5000	201.922	481.933
# FIN	201.922	481.933

