# target=instancias/klimt.png T=340 iters=5000 K=32 seed=auto
iter	segundos	MSE
0	0.00516209	7024.46
1	0.033529	6996.91
2	0.0608326	6992.82
3	0.0873493	6967.12
4	0.114318	6947.82
5	0.141339	6923.56
6	0.167955	6876.59
7	0.195848	6853.61
8	0.226275	6809.88
9	0.254626	6807.71
10	0.282869	6798.29
11	0.309306	6794.39
12	0.341291	6788.18
13	0.371226	6782.8
14	0.39833	6700.64
15	0.426662	6698.28
16	0.453985	6697.54
17	0.481829	6697.51
18	0.5104	6686.54
19	0.539501	6685.64
20	0.567301	6679.1
21	0.597178	6679.09
22	0.628212	6644.45
23	0.654922	6643.66
24	0.693829	6638.76
25	0.724163	6564.61
26	0.753617	6559.8
27	0.781382	6557.11
28	0.810309	6541.25
29	0.838437	6504.46
30	0.865186	6496.47
31	0.891973	6496.01
32	0.919676	6490.67
33	0.947778	6479.08
34	0.977188	6470.49
35	1.01171	6440.91
36	1.03971	6438.43
37	1.06778	6424.97
38	1.09498	6414.11
39	1.13483	6412.15
40	1.16246	6411.8
41	1.1918	6394.34
42	1.22037	6384.84
43	1.24909	6366.18
44	1.27874	6366.09
45	1.30565	6362.79
46	1.335	6362.57
47	1.36378	6349.6
48	1.39159	6338.56
49	1.41873	6338.19
50	1.44674	6323.65
51	1.48183	6305.46
52	1.51089	6279.5
53	1.53976	6270.04
54	1.56915	6231.84
55	1.59768	6212.09
56	1.62805	6175.38
57	1.65666	6174.91
58	1.6849	6153.06
59	1.71347	6133.23
60	1.74162	6133.13
61	1.77134	6127.19
62	1.80064	6127.12
63	1.82843	6125.83
64	1.85603	6118.08
65	1.88488	6114.8
66	1.91385	6072.54
67	1.94447	6055.3
68	1.97398	6009.09
69	2.00549	5973.69
70	2.0345	5967.56
71	2.06204	5957.85
72	2.09471	5946.38
73	2.12379	5938.66
74	2.15712	5926.54
75	2.18671	5919.28
76	2.21738	5913.7
77	2.24691	5912.52
78	2.28074	5886.67
79	2.31393	5872.57
80	2.34178	5867.76
81	2.37077	5854.55
82	2.40072	5853.62
83	2.4294	5831.62
84	2.46091	5823.01
85	2.49447	5818.82
86	2.53566	5814.64
87	2.56416	5782.15
88	2.59237	5774.67
89	2.62115	5774.33
90	2.65001	5768.42
91	2.67885	5765.8
92	2.70717	5758.25
93	2.73838	5755.5
94	2.76653	5755.13
95	2.79691	5754.47
96	2.82838	5749.84
97	2.86157	5745.47
98	2.8913	5743.73
99	2.92152	5739.75
100	2.95125	5738.59
101	2.98464	5720.87
102	3.01897	5720.87
103	3.04898	5715.59
104	3.08028	5714.01
105	3.11092	5703.06
106	3.14419	5691.94
107	3.17521	5671.16
108	3.20938	5665.82
109	3.24118	5665.65
110	3.2727	5656.67
111	3.30174	5633.2
112	3.33019	5631.2
113	3.35953	5629.75
114	3.38972	5627.39
115	3.423	5627.08
116	3.45469	5622.89
117	3.4909	5621.26
118	3.52136	5618.2
119	3.55308	5599.54
120	3.5871	5594.89
121	3.61704	5594.26
122	3.65103	5583.22
123	3.68471	5575.68
124	3.71526	5558.47
125	3.75448	5556.72
126	3.78628	5547.84
127	3.81594	5539.82
128	3.84519	5524.21
129	3.87572	5522.05
130	3.90631	5521.23
131	3.93801	5516.02
132	3.96906	5509.92
133	4.00158	5509.68
134	4.03087	5509.62
135	4.06081	5498.68
136	4.09239	5487.41
137	4.12724	5487.11
138	4.16164	5481.94
139	4.19502	5463.73
140	4.22422	5451.53
141	4.25429	5442.77
142	4.28641	5442.73
143	4.3183	5424.42
144	4.35535	5405.09
145	4.39341	5381.63
146	4.42608	5381.13
147	4.4605	5379.83
148	4.49198	5377.72
149	4.52265	5355.01
150	4.55281	5346.34
151	4.58908	5334.84
152	4.61897	5323.5
153	4.65873	5291.62
154	4.70032	5286.81
155	4.73277	5241.19
156	4.76374	5224.2
157	4.79519	5223.81
158	4.82654	5217.71
159	4.85795	5208.18
160	4.89453	5207.24
161	4.92608	5202.42
162	4.95606	5200.95
163	4.98674	5200.14
164	5.01821	5195.76
165	5.05157	5195.73
166	5.08631	5192.78
167	5.12367	5160.54
168	5.1559	5151.93
169	5.1857	5150.57
170	5.21516	5150.55
171	5.24532	5131.72
172	5.27757	5131.57
173	5.31131	5130.89
174	5.34533	5111.2
175	5.3768	5110.11
176	5.41104	5104.64
177	5.44963	5104.37
178	5.48057	5102.47
179	5.51092	5102.47
180	5.54093	5099.13
181	5.57891	5096.31
182	5.61026	5094.13
183	5.64282	5073.96
184	5.67411	5071.94
185	5.70538	5068.03
186	5.7471	5066.66
187	5.77915	5061.28
188	5.80938	5060.76
189	5.84107	5035.68
190	5.87406	5033.17
191	5.90418	5024.73
192	5.93696	5019.55
193	5.96781	5019.42
194	5.99831	5013.17
195	6.02843	5013.14
196	6.05983	5006.98
197	6.0927	4982.47
198	6.12571	4958.09
199	6.15833	4955.3
200	6.19515	4930.1
201	6.22715	4925.58
203	6.29475	4912.64
204	6.3334	4912.25
205	6.3656	4905.8
206	6.39835	4899
207	6.43044	4897.28
208	6.46193	4892.87
209	6.49334	4887.47
210	6.52509	4866.28
211	6.55729	4866.27
212	6.59338	4841.46
213	6.62779	4840.8
214	6.66022	4834.35
215	6.69275	4829.33
216	6.72627	4800.85
217	6.76035	4800.15
218	6.7937	4797.26
219	6.82668	4796.83
220	6.85915	4794.48
221	6.89565	4767.21
222	6.92731	4766.99
223	6.96168	4766.07
224	6.99241	4763.91
225	7.02478	4763.4
226	7.06975	4756.28
227	7.14014	4752.3
228	7.17737	4752.27
229	7.20938	4751.17
230	7.2462	4747.4
231	7.27728	4726.52
232	7.31075	4719.24
233	7.34504	4701.16
234	7.37661	4658.43
235	7.40725	4654.32
236	7.44242	4654
237	7.47938	4649.09
238	7.51075	4644.76
239	7.54294	4644.29
240	7.57499	4640.41
241	7.60707	4640.2
242	7.63819	4637.81
243	7.67047	4602.92
244	7.70158	4600.76
245	7.74007	4599.4
246	7.77181	4576.49
247	7.80366	4576.36
248	7.83801	4561.55
249	7.8709	4559.33
250	7.90337	4558.39
251	7.93601	4553.05
252	7.9694	4552.06
253	8.00226	4550.14
254	8.03412	4545.31
255	8.06626	4535.97
256	8.10348	4518.64
257	8.13636	4517.14
258	8.16758	4491.14
259	8.19941	4490.24
260	8.24018	4488.54
261	8.27265	4486.28
262	8.30669	4463.68
263	8.33886	4461.58
264	8.37001	4461.42
265	8.40183	4461.23
266	8.43399	4458.55
267	8.47192	4453.02
268	8.50573	4429.03
269	8.53845	4405.73
270	8.57069	4401.69
271	8.60214	4401.63
272	8.63512	4376.77
273	8.6734	4369.95
274	8.70586	4343.27
275	8.73888	4337.93
276	8.77976	4334.53
277	8.81766	4323.99
278	8.85112	4321.94
279	8.88455	4321.62
280	8.91774	4321.56
281	8.94977	4305.64
282	8.98552	4304.23
283	9.01797	4292.08
284	9.05287	4258.4
285	9.10942	4257.05
286	9.14537	4256.42
287	9.18037	4253.06
288	9.21518	4250.75
289	9.25078	4250.67
290	9.28651	4247.62
291	9.3213	4245.72
292	9.35446	4239.97
293	9.39346	4239.05
294	9.42646	4237.37
295	9.45902	4223.24
296	9.4922	4212.66
297	9.52573	4211.31
298	9.56626	4202.67
299	9.59995	4194.51
300	9.63453	4158.26
301	9.66971	4156.19
302	9.70442	4121.62
303	9.74745	4118.29
304	9.7887	4114.15
305	9.82198	4112.8
306	9.85626	4109.97
307	9.89102	4108.19
308	9.928	4107.78
309	9.96123	4103.58
310	10.0064	4101.09
311	10.0457	4084.1
312	10.0799	4060.9
313	10.1143	4060.84
314	10.1477	3972.76
315	10.1822	3952.62
316	10.2206	3951.71
317	10.2545	3918.16
318	10.2891	3915.18
319	10.3237	3912.42
320	10.3574	3906.67
321	10.3991	3904.04
322	10.4425	3889.17
323	10.4763	3884.62
324	10.5096	3859.8
325	10.5422	3846.98
326	10.5746	3842.49
327	8.10757	3837.64
328	8.14094	3801.68
329	8.17623	3797.78
330	8.20881	3783.33
331	8.2468	3775.6
332	8.28124	3774.46
333	8.31827	3773.53
334	8.35527	3710.36
335	8.38906	3710.19
336	8.42192	3687.36
337	8.45991	3685.1
338	8.49883	3667.59
339	8.53474	3666.58
340	8.57026	3666.49
341	8.60265	3655.02
342	8.6369	3654.38
343	8.66998	3622.19
344	8.71161	3605.42
345	8.74551	3600.1
346	8.77938	3585.61
347	8.81437	3574.42
348	8.85216	3557.66
349	8.88587	3556.6
350	8.91964	3552.46
351	8.95509	3548.35
352	8.98998	3547.57
353	9.0257	3512.8
354	9.06961	3496.26
355	9.10461	3495.91
356	9.1376	3495.7
357	9.17198	3495.44
358	9.20647	3490.62
359	9.24888	3490.04
360	9.28418	3477.31
361	9.31861	3477.11
362	9.35793	3440.72
363	9.39486	3440.63
364	9.43363	3438.29
365	9.46931	3369.85
366	9.50352	3367.66
367	9.53978	3367.43
368	9.57937	3366.33
369	9.61311	3360.46
370	9.64826	3358.93
371	9.68273	3357.72
372	9.71692	3355.65
373	9.75349	3335.18
374	9.78956	3318.97
375	9.82536	3316.77
376	9.86197	3315.93
377	9.89558	3314.7
378	9.93449	3308.99
379	9.96893	3306.04
380	10.0038	3305.66
381	10.0432	3286.07
382	10.0823	3271.33
383	10.1222	3248.08
384	10.1624	3247.02
385	10.2063	3241.97
386	10.2423	3240.01
387	10.286	3229.38
388	10.3263	3225.49
389	10.3668	3225.21
390	10.4071	3221.19
391	10.4411	3221.14
392	10.479	3220.25
393	10.5144	3219.46
394	10.5502	3206.34
395	10.5859	3195.46
396	10.6198	3173.01
397	10.6573	3172.73
398	10.6929	3136.61
399	10.7327	3106.02
400	10.772	3105.98
401	10.8076	3101.44
402	10.8454	3100.83
403	10.8951	3100.29
404	10.9316	3098.06
405	10.9664	3097.97
406	11.0011	3086.35
407	11.037	3083.19
408	11.077	3046.31
409	11.1144	3015.53
410	11.154	3012.49
411	11.1971	3006.51
412	11.2321	3003.76
413	11.2686	2988.65
414	11.3045	2988.42
415	11.3396	2984.65
416	11.3768	2983.86
417	11.4143	2982.99
418	11.4542	2982.38
419	11.4903	2980.91
420	11.5266	2978.91
421	11.5626	2978.01
422	11.5992	2977.87
423	11.6358	2974.26
424	11.6742	2972.43
425	11.7107	2970.88
426	11.7471	2970.15
427	11.786	2967.62
428	11.8209	2967.42
429	11.8567	2964.38
430	11.8933	2962.28
431	11.9296	2959.28
432	11.968	2959.22
433	12.0055	2958.47
434	12.0506	2958.4
435	12.0886	2958.11
436	12.1241	2956.79
437	12.16	2949.26
438	12.1955	2949.21
439	12.2307	2948.09
440	12.268	2947.91
441	12.3066	2947.52
442	12.3452	2947.5
443	12.3819	2946.75
444	12.4186	2945.69
445	12.4592	2938.41
446	12.4973	2936.95
447	12.5333	2935.72
448	12.5701	2934.98
449	12.6077	2934.81
450	12.6448	2933.48
451	12.6809	2929.15
452	12.7178	2929.02
453	12.7528	2928.67
454	12.7877	2894.7
455	12.8232	2894.32
456	12.8608	2893.59
457	12.9004	2893.46
458	12.946	2891.8
459	12.9859	2889.23
460	13.0232	2884.96
461	13.0617	2884.85
462	13.0985	2883.55
463	13.1397	2879.5
464	13.1846	2868.54
465	13.2221	2867.81
466	13.2589	2861.54
467	13.2979	2859.79
468	13.334	2858.75
469	13.3691	2857.38
470	13.4059	2857.25
471	13.4419	2855.81
472	13.4808	2844.85
473	13.5169	2844.68
474	13.5598	2844.42
475	13.6029	2841.11
476	13.64	2840.36
477	13.6766	2840.26
478	13.7204	2838
479	13.7611	2814.22
480	13.799	2810.09
481	13.8397	2808.99
482	13.8767	2804.66
483	13.9138	2797.34
484	13.9584	2789.11
485	13.9951	2788.39
486	14.0307	2787.95
487	14.0674	2784.76
488	14.1045	2783.67
489	14.1427	2780.75
490	14.179	2766.55
491	14.2167	2766.09
492	14.2532	2759.21
493	14.289	2740.64
494	14.3319	2739.72
495	14.374	2728.58
496	14.4124	2728.36
497	14.4507	2728.17
498	14.489	2724.82
499	14.5271	2720.35
500	14.5649	2720.23
501	14.6021	2720.08
502	14.6438	2714.56
503	14.6812	2714.28
504	14.7167	2713.62
505	14.7545	2712.56
506	14.7934	2712.46
507	14.8307	2708.33
508	14.8677	2701.59
509	14.9076	2700.6
510	14.9511	2700.38
511	14.988	2700.12
512	15.0254	2700.09
513	15.0676	2698.74
514	15.1073	2692.25
515	15.1448	2691.91
516	15.1819	2689.77
517	15.2261	2687.11
518	15.2698	2685.23
519	15.3081	2685.09
520	15.3488	2680.41
521	15.3851	2678.71
522	15.4256	2678.21
523	15.4672	2660.27
524	15.5041	2660.16
525	15.5409	2659.69
526	15.5781	2652.52
527	15.6149	2652.08
528	15.6509	2650.16
529	15.6932	2647.61
530	15.7305	2646.7
531	15.7719	2642.6
532	15.8082	2642.52
533	15.8448	2642.38
534	15.8829	2641.31
535	15.9339	2641.2
536	15.9761	2629.43
537	16.0138	2612.13
538	16.0571	2609.16
539	16.0976	2606.6
540	16.1355	2600.93
541	16.1742	2600.84
542	16.2209	2600.68
543	16.258	2583.86
544	16.2961	2583.72
545	16.3466	2579.03
546	16.3842	2574.42
547	16.4209	2574.29
548	16.4653	2573.83
549	16.5036	2572.02
550	16.5511	2556.17
551	16.5872	2556.17
552	16.626	2553.03
553	16.7114	2552.62
554	16.7693	2549.52
555	16.8177	2537.73
556	16.8545	2530.74
557	16.8909	2530.43
558	16.9299	2530.01
559	16.9666	2529.93
560	17.0082	2529.11
561	17.0456	2516.17
562	17.0841	2515.65
563	17.1276	2515.14
564	17.1645	2510.59
565	17.2072	2510.53
566	17.2474	2509.7
567	17.2922	2508.01
568	17.3317	2507.99
569	17.3741	2506.92
570	17.4102	2506.13
571	17.4511	2491.96
572	17.4929	2487.58
573	17.5358	2481.81
574	17.5747	2463.65
575	17.614	2461.25
576	17.6533	2461.03
577	17.6982	2456.74
578	17.7371	2455.68
579	17.7757	2451.96
580	17.8121	2450.75
581	17.8498	2444.78
582	17.8877	2444.35
583	17.9277	2419.98
584	17.968	2418.25
585	18.0101	2407.38
586	18.0534	2404.67
587	18.0921	2404.42
588	18.1291	2401.25
589	18.1705	2400.62
590	18.2083	2400.24
591	18.2447	2396.83
592	18.284	2396.47
593	18.3235	2396.46
594	18.3637	2395.64
595	18.4082	2394.29
596	18.4468	2391.6
597	18.4911	2390.31
598	18.5323	2377.11
599	18.5736	2376.28
600	18.612	2372.94
601	18.6487	2371.97
602	18.6878	2358.26
603	18.7291	2357.98
604	18.7666	2357.36
605	18.81	2356.92
606	18.8541	2356.73
607	18.8919	2356.38
608	18.9347	2338.86
609	18.9761	2317.19
610	19.0139	2316.35
611	19.052	2316.25
612	19.0928	2315.37
613	19.1308	2313.06
614	19.1689	2291.7
615	19.2061	2291
616	19.2441	2290.27
617	19.287	2283.91
618	19.3251	2283.8
619	19.3682	2283.56
620	19.412	2283.5
621	19.4538	2280.4
622	19.4906	2280.25
623	19.5287	2271.43
624	19.5707	2267.88
625	19.6107	2267.35
626	19.6486	2249.48
627	19.6965	2248.21
628	19.7414	2246.99
629	19.7856	2246.31
630	19.8244	2244.92
631	19.8622	2243.94
632	19.9047	2240.13
633	19.9417	2239.94
634	19.9798	2239.81
635	20.0193	2232.12
636	20.0586	2232.06
637	20.0983	2231.89
638	20.1384	2231.26
639	20.1761	2230.06
640	20.215	2217.35
641	20.254	2216.22
642	20.2944	2212.23
643	20.3437	2210.59
644	20.3839	2209.96
645	20.4313	2208.63
646	20.4716	2207.94
647	20.5234	2205.43
648	20.5607	2204.87
649	20.6014	2203.31
650	20.649	2202.98
651	20.6973	2198.89
652	20.7422	2197.05
653	20.7809	2197.04
654	20.8229	2128.79
655	20.8606	2111.07
656	20.8995	2110.33
657	20.9416	2106.2
658	20.9807	2105.96
659	21.0201	2105.48
660	21.059	2104.55
661	21.0963	2104.25
662	21.1333	2102.97
663	21.1706	2099.97
664	21.2098	2099.17
665	21.2486	2096.26
666	21.2925	2092.91
667	21.3311	2089.85
668	21.3698	2088.47
669	21.4085	2088.16
670	21.4456	2085.26
671	21.4854	2082.16
672	21.5257	2081.91
673	21.5646	2080.51
674	21.6023	2060.95
675	21.6498	2060.83
676	21.6911	2048.47
677	21.7353	2047.08
678	21.774	2045.71
679	21.816	2045.52
680	21.8562	2044.71
681	21.8963	2041.02
682	21.9381	2040.76
683	21.9781	2030.72
684	22.0155	2028.22
685	22.0553	2027.59
686	22.0947	2025.26
687	22.1343	1989.68
688	22.1738	1985.04
689	22.2135	1984.51
690	22.2525	1983.5
691	22.2929	1982.54
692	22.332	1982.42
693	22.3735	1979.5
694	22.4139	1979.17
695	22.4551	1976.15
696	22.4949	1975.91
697	22.5324	1975.9
698	22.5729	1973.42
699	22.6126	1973.31
700	22.6516	1972.59
701	22.6892	1972.52
702	22.7281	1961.84
704	22.8143	1960.83
705	22.8551	1955.06
706	22.9034	1954.73
707	22.9491	1954.56
708	22.987	1954.39
709	23.0279	1952.2
710	23.0744	1952.18
711	23.1174	1951.86
712	23.1563	1949.27
713	23.197	1948.06
714	23.2371	1916.53
715	23.2811	1914.98
716	23.3225	1914.74
717	23.3652	1913.83
718	23.4062	1908.99
719	23.4455	1907.28
720	23.4835	1906.42
721	23.532	1905.68
722	23.5846	1904.46
723	23.6283	1901.88
724	23.6752	1901.55
725	23.7173	1901.2
726	23.7582	1893.69
727	23.7985	1888.65
728	23.841	1887.3
729	23.8866	1885.39
730	23.9268	1884.48
731	23.9689	1884.45
732	24.0085	1883.75
733	24.0558	1883.54
734	24.0946	1878.45
735	24.137	1862.76
736	24.1808	1860.76
737	24.22	1860.58
738	24.2587	1842.84
739	24.3036	1839.49
740	24.3461	1839.45
741	24.3867	1839.11
742	24.428	1838.69
743	24.4697	1838.47
744	24.5091	1837.89
745	24.549	1837.76
746	24.5897	1828.93
747	24.6309	1826.72
748	24.6728	1813.53
749	24.7123	1797.05
750	24.7582	1796.47
751	24.8053	1792.73
752	24.8502	1789.33
753	24.891	1784.78
754	24.9302	1779.31
755	24.9692	1774.58
756	25.0091	1774.12
757	25.0587	1774.05
758	25.1003	1773.31
759	25.1443	1772.88
760	25.1929	1770.31
761	25.2396	1770.09
762	25.2813	1769.62
763	25.3225	1767.37
764	25.3642	1766.9
765	25.4062	1766.68
766	25.4493	1765.92
767	25.4891	1764.29
768	25.5302	1761.43
769	25.5711	1760.93
770	25.619	1753.41
771	25.6626	1746.94
772	25.704	1746.9
773	25.7455	1746.59
774	25.7945	1746.5
775	25.8362	1746.2
776	25.8782	1745.98
777	25.9198	1728.81
778	25.9604	1728.26
779	26.0017	1728.17
780	26.0413	1728.03
781	26.0841	1727.58
782	26.1245	1727.5
783	26.1695	1727.1
784	26.2088	1727.05
785	26.2565	1723.66
786	26.2994	1722.85
787	26.3409	1722.18
788	26.3868	1722.12
789	26.427	1722.12
790	26.4688	1720.74
791	26.5125	1707.01
792	26.5541	1706.41
793	26.5943	1706.28
794	26.6362	1700.4
795	26.6774	1700.07
796	26.7187	1699.73
797	26.7596	1699.61
798	26.801	1699.54
799	26.8481	1699.32
800	26.8898	1697.74
801	26.9306	1697.73
802	26.9753	1696.8
803	27.0163	1694.38
804	27.0588	1688.47
805	27.0996	1688.17
806	27.1418	1686.67
807	27.1812	1685.78
808	27.2237	1683.89
809	27.2632	1683.33
810	27.3067	1681.68
811	27.3539	1681.17
812	27.4358	1676.81
813	27.4901	1676.76
814	27.5348	1676.74
815	27.5799	1676.53
816	27.6207	1676.2
817	27.6634	1676.07
818	27.7073	1672.93
819	27.7487	1658.61
820	27.7895	1658.36
821	27.8348	1658.24
822	27.8802	1658.06
823	27.9213	1653.12
824	27.9641	1644.82
825	28.0115	1644.16
826	28.0541	1644.14
827	28.1013	1642.89
828	28.1486	1642.27
829	28.1918	1638.97
830	28.2485	1637.28
831	28.2887	1637.18
832	28.3313	1636.55
833	28.3769	1635.03
834	28.4241	1634.65
835	28.4699	1632.59
836	28.5148	1628.52
837	28.5562	1628.21
838	28.5975	1615.92
839	28.6458	1615.65
840	28.6871	1615.59
841	28.7282	1615.54
842	28.7681	1614.94
843	28.8099	1614.75
844	28.8515	1614.7
845	28.898	1614.68
846	28.9391	1614.57
847	28.9847	1614.23
848	29.0277	1603.3
849	29.068	1603.12
850	29.1103	1603.11
851	29.1591	1602.84
852	29.2035	1602.57
853	29.2457	1602.53
854	29.2858	1600.06
855	29.3268	1599.94
856	29.3692	1597.1
857	29.411	1596.94
858	29.4549	1596.14
859	29.5036	1596.01
860	29.5525	1595.31
861	29.5987	1594.46
862	29.6505	1594.24
863	29.6927	1584.26
864	29.7367	1584.11
865	29.7835	1583.92
866	29.8261	1583.76
867	29.8685	1583.26
868	29.9094	1583.13
869	29.9495	1580.35
870	29.9919	1579.23
871	30.0364	1576.95
872	30.0786	1576.79
873	30.1217	1576.72
874	30.1647	1575.34
875	30.213	1575.2
876	30.2579	1565.92
877	30.3033	1556.14
878	30.3469	1555.34
879	30.3938	1554.13
880	30.4404	1553.53
881	30.4834	1552.61
882	30.5268	1552.22
883	30.5738	1551.65
884	30.6168	1551.63
885	30.6604	1541.22
886	30.7095	1534.01
887	30.7519	1533.94
888	30.7974	1533.81
889	30.8395	1533.44
890	30.88	1512.07
891	30.9223	1511.97
892	30.964	1509.21
893	31.006	1509.05
894	31.0492	1502.07
895	31.0913	1498.66
896	31.1318	1490.84
897	31.1724	1490.26
898	31.2181	1490.08
899	31.2656	1490.07
900	31.3169	1490.03
901	31.3605	1488.15
902	31.4014	1487.05
903	31.454	1485.84
904	31.4992	1484.81
905	31.5409	1484.8
906	31.5837	1484.66
907	31.626	1484.36
908	31.6691	1484.32
909	31.7129	1483.87
910	31.7546	1483.21
911	31.8029	1470.21
912	31.8441	1468.06
913	31.8865	1457.59
914	31.9303	1453.32
915	31.973	1453.21
916	32.0142	1453.19
917	32.0548	1452.99
918	32.0952	1452.06
919	32.1396	1450.9
920	32.1842	1450.86
921	32.231	1444.23
922	32.2768	1443.85
923	32.3233	1430.66
924	32.3772	1430.19
925	32.4204	1429.6
926	32.4613	1429.2
927	32.5037	1429.01
928	32.5595	1428.67
929	32.6039	1428.16
930	32.6498	1428.13
931	32.6943	1426.82
932	32.7397	1426.35
933	32.7865	1426.23
934	32.8328	1426.06
935	32.8758	1424.57
936	32.9177	1416.42
937	32.9737	1413.71
938	33.015	1412.63
939	33.0578	1412.32
940	33.1066	1411.55
941	33.1542	1409.64
942	33.1972	1405.85
943	33.2415	1405.13
944	33.2886	1404.97
945	33.3334	1404.57
946	33.3754	1404.39
947	33.4183	1404.05
948	33.4618	1397.98
949	33.5052	1380.89
950	33.5464	1379.94
951	33.5872	1379.88
952	33.6289	1379.6
953	33.671	1377.51
954	33.7127	1376.77
955	33.7579	1376.47
956	33.8023	1376.02
957	33.8442	1374.24
959	33.9315	1372.78
960	33.9807	1372.75
961	34.0243	1371.73
962	34.0655	1371.68
963	34.1075	1370.74
964	34.1546	1369.41
966	34.2419	1352.26
967	34.2862	1351.56
968	34.3309	1350.62
969	34.3718	1350.56
970	34.4147	1348.79
971	34.458	1348.62
972	34.5015	1346.77
973	34.5442	1346.28
974	34.5859	1346.15
975	34.6294	1345.54
976	34.6719	1345.51
977	34.7149	1344.71
978	34.7641	1343.86
979	34.8112	1343.26
980	34.8583	1327.45
981	34.9086	1327.22
982	34.9503	1327.12
983	34.9934	1327
984	35.0363	1326.05
985	35.0821	1325.43
986	35.1269	1325.38
987	35.1749	1324.79
988	35.2201	1324.62
989	35.2647	1323.42
990	35.3088	1321.3
991	35.3527	1320.28
992	35.3962	1320.2
993	35.4385	1320.2
994	35.4895	1308.12
995	35.5309	1307.69
996	35.5732	1307.65
997	35.6163	1294.01
998	35.6585	1293.62
999	35.7042	1293.54
1000	35.7483	1293.19
1001	35.7932	1293.04
1002	35.8358	1292.66
1003	35.8768	1292.23
1004	35.92	1291.62
1005	35.9633	1290.91
1006	36.008	1288.61
1007	36.0496	1284.65
1008	36.0935	1280.01
1009	36.1354	1279.96
1010	36.1778	1279.43
1011	36.2203	1274.44
1012	36.2631	1274.38
1013	36.3063	1273.81
1014	36.3604	1242.56
1015	36.4044	1242.35
1016	36.4561	1236.83
1017	36.5068	1236.5
1018	36.5529	1232.6
1019	36.6008	1232.09
1020	36.6455	1231.24
1021	36.6932	1230.04
1022	36.7374	1228.99
1023	36.7856	1228.13
1024	36.8271	1228.09
1025	36.8748	1227.98
1026	36.9199	1227.53
1027	36.9652	1206.32
1028	37.0077	1202.15
1029	37.066	1201.68
1030	37.1165	1201.04
1031	37.1597	1201.02
1032	37.203	1200.75
1033	37.2545	1199.93
1034	37.3034	1198.46
1035	37.3458	1197.59
1036	37.3918	1197.49
1037	37.434	1197.48
1038	37.4804	1197.23
1039	37.5279	1197.04
1040	37.5723	1196.66
1041	37.6141	1196.54
1042	37.6584	1195.09
1043	37.7032	1195.09
1044	37.7457	1194.86
1045	37.7961	1189.43
1046	37.8396	1189.33
1047	37.882	1189.28
1048	37.9274	1187.13
1049	37.9747	1186.21
1050	38.0229	1186.2
1051	38.0676	1186.15
1052	38.113	1186
1053	38.1729	1184.83
1054	38.2156	1183.76
1055	38.2582	1182.69
1056	38.3035	1182.58
1057	38.3554	1182.3
1058	38.4127	1180.6
1059	38.4558	1179.87
1060	38.4981	1179.72
1061	38.5407	1179.29
1062	38.5822	1178.69
1063	38.6246	1176.48
1064	38.6751	1176.47
1065	38.7198	1176.46
1066	38.7648	1176.33
1067	38.8088	1171.37
1068	38.8501	1171.14
1069	38.8965	1170.85
1070	38.9472	1170.68
1071	39.0091	1170.58
1072	39.0895	1170
1073	39.136	1169.86
1074	39.1851	1164.34
1075	39.2298	1163.79
1076	39.2843	1162.81
1077	39.3363	1162.62
1078	39.3821	1160.77
1079	39.4252	1159.43
1080	39.4684	1159.38
1081	39.5116	1158.61
1082	39.5566	1157.43
1083	39.6017	1157.24
1084	39.6444	1156.32
1085	39.6942	1156.26
1086	39.7454	1153.91
1087	39.8048	1153.84
1088	39.8555	1152.52
1089	39.9012	1151.55
1090	39.9455	1151.46
1091	39.9911	1150.34
1092	40.0355	1150.2
1093	40.0853	1148.21
1094	40.1299	1147.77
1095	40.1744	1146.22
1096	40.2167	1146.18
1097	40.2585	1146.14
1098	40.3022	1145.53
1099	40.3453	1145.49
1100	40.3913	1144.64
1101	40.4391	1144.35
1102	40.4816	1144.04
1103	40.5261	1144
1104	40.5739	1143.64
1105	38.1354	1143.61
1106	38.1777	1143.53
1107	38.2223	1142.74
1108	38.2643	1141.92
1109	38.3208	1140.62
1110	38.3628	1137.43
1111	38.4058	1136.74
1112	38.4499	1136.67
1113	38.4945	1136.61
1114	38.5366	1136.6
1115	38.5847	1136.12
1116	38.6279	1135.65
1117	38.6714	1135.04
1118	38.7141	1134.87
1119	38.7622	1134.66
1120	38.8141	1134.56
1121	38.8564	1134.46
1122	38.9004	1134.37
1123	38.9438	1134.19
1124	39.0052	1134.17
1125	39.0511	1132.29
1126	39.106	1131.13
1127	39.1497	1130.88
1128	39.2026	1130.19
1129	39.2466	1130.04
1130	39.2902	1129.63
1131	39.3338	1128.79
1132	39.3899	1128.78
1133	39.4368	1128.66
1134	39.4823	1126.41
1135	39.5251	1126.2
1136	39.5743	1125.81
1137	39.6174	1125.65
1138	39.661	1125.62
1139	39.7055	1125.21
1140	39.755	1123.16
1141	39.8003	1123.16
1142	39.8427	1122.26
1143	39.8889	1121.48
1144	39.9334	1114.77
1145	39.9788	1113.9
1146	40.0304	1113.2
1147	40.0759	1112.5
1148	40.1207	1111.35
1149	40.164	1111.03
1150	40.2154	1110.66
1151	40.2596	1110.31
1152	40.3073	1109.73
1153	40.3609	1109.71
1154	40.4067	1109.7
1156	40.5094	1109.42
1157	40.5605	1109.33
1158	40.6073	1106.87
1159	40.6625	1106.53
1160	40.7184	1105.89
1161	40.7644	1105.57
1162	40.8068	1105.33
1163	40.8527	1104.53
1164	40.8962	1103.92
1165	40.9454	1103.08
1166	41.0029	1102.99
1167	41.0495	1101.83
1168	41.0939	1101.3
1169	41.148	1099.16
1170	41.2062	1099.01
1171	41.2578	1098.98
1172	41.3017	1098.89
1173	41.348	1098.63
1174	41.3931	1098.53
1175	41.4377	1095.9
1176	41.4819	1095.8
1177	41.5359	1095.71
1178	41.5948	1090.77
1179	41.6376	1089.92
1180	41.6881	1089.9
1181	41.7319	1089.88
1182	41.7817	1089.42
1183	41.8322	1089.39
1184	41.8854	1089.35
1185	41.9313	1089.14
1186	41.9786	1088.96
1187	42.0242	1087.66
1188	42.0671	1087.23
1189	42.1133	1087.15
1190	42.1596	1087.12
1191	42.2044	1086.68
1192	42.2615	1086.66
1193	42.3193	1086.6
1194	42.3721	1084.85
1195	42.4178	1084.76
1196	42.4646	1084.69
1197	42.5071	1083.74
1198	42.5588	1081.81
1199	42.6102	1081.72
1200	42.6662	1081.32
1201	42.7128	1080.38
1202	42.7576	1080.3
1203	42.8005	1079.24
1205	42.887	1079.1
1206	42.9398	1078.54
1207	42.9976	1078.46
1208	43.0417	1078.3
1209	43.088	1077.17
1210	43.1349	1076.42
1211	43.1974	1073.1
1212	43.2488	1072.74
1213	43.3038	1072.67
1214	43.3567	1071.62
1215	43.4019	1071.56
1216	43.4467	1070.45
1217	43.4983	1068.53
1218	43.5437	1067.83
1219	43.5888	1067.08
1220	43.6327	1066.7
1221	43.686	1064.36
1222	43.7355	1064.35
1223	43.7812	1064.07
1225	43.8733	1060.12
1226	43.9222	1058.38
1227	43.9679	1058.05
1228	44.0134	1058.01
1229	44.0728	1057.68
1230	44.1282	1031.85
1231	44.1729	1031.84
1232	44.2226	1031.14
1233	44.2731	1031.05
1234	44.3178	1030.91
1235	44.3637	1029.22
1236	44.4096	1029.06
1237	44.4654	1028.96
1238	44.5157	1028.87
1239	44.5624	1028.84
1240	44.6168	1028.77
1241	44.6644	1027.57
1242	44.7131	1023.97
1243	44.7584	1023.68
1244	44.806	1023.02
1245	44.8578	1023.01
1247	44.954	1022.94
1248	45.0048	1022.9
1249	45.06	1020.99
1250	45.1091	1020.18
1251	45.1608	1006.77
1252	45.2076	1005.28
1253	45.2587	1002.14
1254	45.304	995.992
1255	45.352	995.774
1256	45.3966	995.77
1257	45.4472	995.764
1258	45.4931	995.452
1259	45.5403	995.15
1260	45.5976	995.143
1261	45.6448	994.248
1262	45.6912	994.035
1263	45.7362	993.296
1264	45.7809	992.931
1265	45.8276	991.958
1266	45.8732	991.131
1267	45.9258	990.988
1269	46.0213	990.921
1270	46.0668	990.866
1271	46.1191	990.158
1272	46.169	989.842
1273	46.2163	988.774
1274	46.2679	988.556
1275	46.3116	987.676
1276	46.363	985.295
1277	46.4146	984.341
1278	46.4607	984.108
1279	46.5124	983.505
1280	46.5627	983.32
1281	46.6117	982.546
1282	46.6645	981.586
1283	46.7114	981.08
1284	46.7569	980.793
1285	46.8036	980.48
1286	46.8663	980.398
1288	46.9649	976.425
1289	47.0145	973.462
1290	47.0599	973.236
1291	47.1083	973.227
1292	47.1599	973.09
1293	47.2103	968.039
1294	47.2638	958.42
1295	47.3104	958.179
1296	47.3563	957.968
1297	47.4142	957.839
1298	47.4575	957.776
1299	47.501	957.205
1300	47.5446	957.186
1301	47.5949	956.366
1302	47.6416	956.306
1303	47.6886	956
1304	47.7363	954.5
1305	47.784	952.022
1306	47.8361	945.69
1307	47.8878	945.079
1308	47.9406	944.147
1309	47.9862	944.047
1310	48.034	943.521
1311	48.0787	943.4
1312	48.1408	942.12
1313	48.1893	941.314
1314	48.2365	941.223
1315	48.294	941.064
1316	48.365	940.936
1317	48.4177	940.758
1318	48.4657	940.605
1319	48.5191	940.224
1320	48.5649	931.328
1321	48.6144	931.054
1322	48.6636	930.402
1323	48.709	930.135
1324	48.7578	929.04
1325	48.805	928.738
1326	48.8518	928.638
1327	48.8985	928.547
1328	48.9467	928.412
1329	48.9984	927.505
1330	49.0445	927.394
1331	49.1011	924.737
1332	49.1481	924.574
1333	49.1939	924.573
1334	49.2533	923.213
1335	49.3034	922.614
1336	49.3534	922.555
1337	49.4178	919.61
1338	49.4775	919.391
1339	49.529	919.373
1340	49.5747	919.344
1341	49.619	918.908
1343	49.7199	918.573
1344	49.7653	918.25
1345	49.8088	914.919
1346	49.865	913.255
1347	49.9124	909.823
1348	49.9573	907.815
1349	50.0056	907.805
1350	50.0565	907.615
1351	50.1081	904.252
1352	50.1583	904.045
1353	50.2054	903.467
1354	50.2519	899.023
1355	50.3011	898.984
1356	50.3558	897.662
1358	50.4544	896.156
1359	50.5076	895.451
1360	50.5662	895.38
1361	50.6181	890.805
1362	50.6658	889.731
1363	50.7154	889.491
1364	50.7657	889.14
1365	50.817	888.693
1366	50.8614	887.772
1367	50.9121	884.595
1368	50.9658	883.969
1369	51.0132	883.528
1370	51.0698	883.257
1371	51.1161	882.822
1372	51.1609	882.655
1373	51.2066	881.559
1374	51.2538	880.789
1375	51.2983	880.141
1376	51.3438	880.081
1377	51.3917	880.061
1378	51.4371	879.896
1379	51.4851	879.312
1380	51.5354	879.169
1381	51.5796	879.158
1382	51.6298	878.211
1383	51.6784	878.192
1384	51.7236	878.058
1385	51.7886	877.581
1386	51.8435	877.418
1388	51.968	877.368
1389	52.0299	876.39
1390	52.087	875.99
1392	52.1868	875.964
1393	52.2414	875.7
1394	52.2929	874.48
1395	52.3384	872.882
1396	52.3863	872.827
1397	52.4379	872.23
1398	52.4867	872.021
1399	52.5436	871.462
1400	52.5898	871.397
1401	52.6464	871.232
1402	52.6951	871.003
1403	52.7482	868.27
1405	52.8602	868.245
1406	52.9056	868.082
1407	52.9624	866.151
1408	53.0088	865.929
1409	53.0604	865.905
1410	53.1065	865.897
1411	53.1561	865.887
1412	53.2065	865.178
1413	53.2556	865.048
1414	53.3056	863.463
1415	53.3544	863.002
1416	53.4084	861.966
1417	53.4646	861.954
1418	53.5113	861.542
1419	53.5576	859.197
1420	53.6062	859.173
1421	53.6599	858.749
1422	53.707	858.703
1423	53.755	858.337
1425	53.8568	858.192
1426	53.9203	856.667
1427	53.9686	856.488
1428	54.0257	855.632
1429	54.0776	853.983
1430	54.1352	853.79
1431	54.2459	853.263
1432	54.3731	852.979
1433	54.4538	852.231
1434	54.5317	851.447
1435	54.585	851.036
1436	54.6307	850.979
1437	54.6873	850.964
1438	54.7402	850.286
1439	54.802	850.263
1440	54.8552	848.906
1441	54.933	848.574
1442	54.9954	848.471
1443	55.0682	847.11
1444	55.1581	846.985
1445	55.2083	846.961
1446	55.2631	846.88
1447	55.3121	846.325
1448	55.3606	845.861
1449	55.4152	845.787
1450	55.4651	843.744
1451	55.5314	843.138
1452	55.5815	842.848
1453	55.6296	842.651
1454	55.6758	842.645
1455	55.7316	842.558
1456	55.7884	842.396
1457	55.8394	839.464
1458	55.8926	839.298
1459	55.9409	839.241
1460	55.9895	839.215
1461	56.035	839.186
1462	56.0849	839.16
1463	56.1381	838.944
1465	56.2432	838.923
1466	56.2891	838.324
1467	56.341	838.081
1468	56.394	837.741
1469	56.4426	837.707
1470	56.4871	837.102
1471	56.5402	836.958
1472	56.5891	836.887
1474	56.6954	836.661
1475	56.7497	836.559
1476	56.7995	836.167
1477	56.8532	836.077
1479	56.9517	836.028
1480	57.0076	834.745
1481	57.0569	834.741
1482	57.1053	834.231
1483	57.1517	834.082
1484	57.2014	832.844
1485	57.2545	832.275
1486	57.3051	831.605
1487	57.3554	831.069
1488	57.4042	830.33
1489	57.4583	830.05
1490	57.5175	829.766
1491	57.566	829.569
1492	57.6139	829.155
1493	57.6608	829.132
1494	57.7164	829.123
1495	57.7706	828.979
1496	57.8322	828.835
1497	57.8784	828.813
1498	57.9265	828.66
1499	57.9816	828.52
1500	58.0372	827.714
1501	58.0824	827.503
1502	58.1274	827.461
1503	58.1763	826.351
1504	58.2282	825.854
1505	58.2763	825.604
1506	58.3311	825.459
1507	58.3799	825.362
1508	58.4257	824.947
1509	58.4744	824.502
1510	58.5315	824.091
1511	58.5825	823.936
1512	58.6333	823.919
1513	58.6897	823.511
1514	58.738	823.479
1515	58.7929	822.892
1516	58.8471	822.285
1517	58.8985	822.236
1518	58.9519	822.06
1519	59	821.998
1520	59.0522	821.952
1521	59.1027	821.932
1522	59.156	821.805
1523	59.2096	821.769
1524	59.2648	821.53
1525	59.3112	821.4
1526	59.3585	821.24
1527	59.4085	820.937
1528	59.4583	820.466
1529	59.5045	820.239
1530	59.554	820.139
1532	59.6557	820.126
1533	59.7118	820.029
1534	59.7582	819.006
1535	59.8067	818.515
1536	59.8577	818.287
1537	59.9063	816.26
1538	59.9534	815.878
1539	60.0012	815.463
1540	60.0494	815.444
1541	60.0982	814.977
1542	60.1511	814.584
1543	60.2031	810.925
1544	60.2547	810.819
1545	60.3074	810.486
1546	60.3581	810.005
1547	60.4083	809.909
1549	60.5154	809.545
1550	60.5638	809.142
1551	60.6192	808.129
1552	60.6756	808.099
1553	60.7359	808.004
1554	60.7868	807.704
1555	60.8407	807.69
1556	60.8908	806.931
1557	60.9492	806.562
1558	60.9996	806.122
1559	61.0661	805.716
1560	61.1261	805.703
1561	61.1733	804.315
1562	61.2311	804.22
1563	61.2846	803.972
1565	61.4047	800.748
1566	61.4587	799.445
1567	61.5197	799.422
1568	61.5729	799.196
1569	61.629	798.659
1570	61.6769	782.311
1572	61.7763	782.003
1573	61.828	781.959
1574	61.894	781.882
1575	61.9453	780.863
1576	61.9963	780.457
1577	62.0451	780.385
1578	62.0954	780.335
1579	62.1506	780.322
1580	62.1988	779.981
1581	62.2471	779.145
1582	62.3032	778.302
1583	62.3592	778.145
1584	62.4092	776.362
1585	62.4667	776.308
1586	62.5145	776.308
1587	62.5659	776.193
1588	62.614	776.16
1589	62.6608	776.05
1590	62.7202	774.878
1591	62.7798	774.237
1592	62.8295	773.823
1593	62.8923	771.022
1594	62.9498	770.332
1595	62.9997	769.734
1596	63.0499	769.72
1597	63.1033	769.712
1598	63.1585	769.508
1599	63.2081	769.082
1600	63.2564	769.059
1601	63.3031	768.274
1602	63.362	768.051
1603	63.412	767.458
1604	63.4567	767.291
1605	63.51	767.284
1606	63.561	767.171
1607	63.6152	767.062
1608	63.6614	766.966
1609	63.7132	766.848
1610	63.7718	766.785
1611	63.8218	766.505
1612	63.8776	766.3
1613	63.9316	766.212
1614	63.9827	765.554
1615	64.0411	765.15
1616	64.0926	762.931
1617	64.1405	762.664
1618	64.1901	762.594
1619	64.2396	762.015
1620	64.2988	761.88
1621	64.3676	761.441
1622	64.4284	760.697
1623	64.4963	760.502
1624	64.5607	760.461
1625	64.6115	760.115
1626	64.6603	760.059
1627	64.7148	760.044
1628	64.7648	758.416
1629	64.8161	757.393
1630	64.8646	757.268
1632	64.967	756.945
1633	65.0242	756.894
1634	65.0747	753.196
1635	65.1271	752.879
1636	65.177	752.76
1637	65.2278	752.102
1638	65.2787	751.927
1639	65.3288	751.653
1640	65.3854	751.598
1641	65.4391	751.519
1642	65.4915	751.47
1643	65.5411	751.371
1644	65.6097	750.992
1645	65.6672	750.91
1646	65.7143	750.178
1647	65.7739	749.797
1648	65.8211	749.543
1650	65.9261	749.429
1651	65.9738	749.392
1652	66.0262	748.517
1653	66.0769	747.538
1654	66.1366	747.481
1655	66.1868	747.441
1656	66.242	746.805
1657	66.2892	746.728
1658	66.3426	745.729
1659	66.3919	745.446
1660	66.4393	745.275
1661	66.4888	745.203
1662	66.5422	744.981
1663	66.5907	744.882
1664	66.6444	744.342
1665	66.6945	744.016
1666	66.7472	743.936
1667	66.7935	743.861
1668	66.8504	743.807
1669	66.901	743.591
1670	66.9488	741.599
1671	67.0033	741.462
1672	67.0574	741.416
1674	67.1514	741.033
1675	67.1966	739.708
1676	67.2507	739.675
1677	67.303	738.518
1678	67.3634	738.381
1681	67.5113	738.272
1683	67.6156	738.116
1684	67.6735	738.003
1685	67.7198	737.913
1686	67.7677	736.772
1687	67.8159	735.899
1688	67.8676	735.337
1689	67.9152	735.307
1690	67.962	735.232
1691	68.015	733.936
1692	68.0682	733.651
1693	68.124	732.78
1694	68.1938	731.304
1695	68.3072	731.292
1696	68.3598	730.4
1698	68.454	729.008
1699	68.5106	728.926
1700	68.5751	728.835
1701	68.6213	728.38
1702	68.6693	728.324
1703	68.7179	728.269
1704	68.7628	728.183
1705	68.8105	728.138
1706	68.8564	727.6
1707	68.9059	726.916
1708	68.9601	726.716
1709	69.0144	726.659
1710	69.0626	726.53
1711	69.1217	726.225
1712	69.1722	726.104
1713	69.221	725.862
1714	69.2701	725.662
1715	69.3225	725.291
1716	69.3712	725.174
1717	69.4264	725.161
1718	69.4868	725.114
1719	69.536	725.065
1720	69.5842	724.936
1721	69.6366	724.918
1722	69.6928	724.339
1723	69.7412	724.319
1724	69.8025	724.319
1725	69.8561	723.856
1726	69.9046	723.796
1727	69.9567	723.756
1728	70.0075	723.59
1729	70.0534	722.747
1730	70.1016	722.742
1733	70.2512	722.618
1734	70.2999	722.49
1735	67.8783	722.319
1736	67.9376	722.209
1737	67.9878	722.055
1738	68.039	721.958
1739	68.0919	721.775
1740	68.1522	721.749
1741	68.2013	721.691
1742	68.2487	721.342
1743	68.302	720.851
1745	68.4119	720.811
1746	68.4758	720.643
1747	68.5272	720.242
1748	68.5811	720.06
1749	68.6307	719.984
1750	68.6758	719.961
1751	68.7251	719.944
1752	68.7729	719.554
1753	68.8267	719.149
1754	68.8776	718.807
1755	68.9268	718.573
1756	68.9761	718.19
1757	69.0254	718.107
1758	69.0728	718.036
1759	69.1341	717.675
1760	69.1828	717.64
1761	69.2333	717.539
1762	69.2842	717.494
1763	69.336	717.428
1764	69.3857	717.42
1765	69.4383	717.368
1766	69.4966	716.662
1767	69.5439	716.606
1768	69.5987	716.257
1770	69.7067	716.052
1771	69.7665	715.698
1772	69.8246	715.631
1773	69.8733	715.085
1774	69.9375	714.81
1775	69.99	714.617
1776	70.0445	714.59
1777	70.0952	714.553
1778	70.1434	713.917
1779	70.1925	713.909
1780	70.2493	713.454
1781	70.2993	713.32
1782	70.3514	713.3
1783	70.4237	712.458
1784	70.5094	712.022
1785	70.5753	712.002
1786	70.6219	711.961
1787	70.6694	711.728
1788	70.7193	711.318
1789	70.7699	711.237
1790	70.8324	710.497
1791	70.8881	709.275
1792	70.9426	709.269
1793	70.9978	709.175
1794	71.0496	709.169
1795	71.095	709.027
1796	71.1448	708.653
1797	71.2278	707.811
1798	71.2865	707.672
1800	71.4091	707.663
1801	71.4614	707.639
1802	71.5076	707.612
1803	71.5708	707.483
1805	71.6685	706.88
1806	71.7219	706.668
1807	71.7741	706.395
1808	71.8208	706.201
1809	71.8684	706.177
1810	71.9253	705.873
1811	71.9943	705.791
1812	72.0553	705.502
1814	72.1606	705.233
1815	72.2079	704.943
1816	72.2569	704.851
1817	72.308	704.729
1818	72.3595	704.668
1819	72.4127	704.549
1820	72.4631	703.209
1821	72.5148	703.162
1822	72.5752	702.359
1823	72.6295	702.059
1824	72.6922	701.432
1825	72.7439	701.332
1826	72.8004	701.039
1827	72.8631	700.476
1828	72.9228	700.338
1829	72.9875	699.715
1830	73.0758	699.657
1831	73.1349	699.462
1832	73.2365	699.142
1833	73.3116	699.139
1834	73.3681	699.132
1835	73.4315	699.124
1836	73.4868	698.917
1837	73.5371	698.862
1838	73.5923	698.714
1839	73.6445	698.611
1840	73.7135	698.49
1841	73.7682	698.36
1842	73.8177	698.353
1843	73.87	698.208
1844	73.9247	698.042
1845	73.9758	697.898
1846	74.032	697.892
1847	74.0886	697.82
1848	74.1523	697.584
1849	74.2024	697.261
1850	74.2517	697.132
1851	74.2975	697.106
1852	74.3522	697.101
1854	74.4501	696.905
1855	74.5057	696.8
1856	74.5977	695.927
1857	74.6469	695.839
1858	74.6951	695.093
1859	74.7561	695.08
1860	74.8114	695.069
1861	74.8625	694.96
1862	74.9103	694.908
1863	74.9589	694.896
1864	75.0071	694.876
1865	75.0553	694.724
1866	75.1018	694.598
1867	75.1518	694.572
1868	75.1993	694.558
1869	75.2585	694.477
1870	75.3056	694.465
1871	75.3541	694.39
1872	75.4029	694.336
1873	75.452	694.328
1874	75.4984	693.592
1875	75.5542	693.454
1876	75.6035	693.033
1877	75.6574	692.937
1878	75.7059	692.795
1879	75.7549	692.723
1880	75.814	692.095
1881	75.8674	691.884
1882	75.929	691.557
1883	75.9824	690.854
1884	76.0308	690.852
1885	76.0794	690.786
1886	76.1321	690.432
1887	76.1812	690.385
1889	76.2881	689.951
1890	76.3354	689.669
1891	76.3822	688.861
1892	76.4341	688.825
1893	76.4968	688.654
1894	76.5517	688.414
1895	76.5989	688.408
1896	76.6457	688.123
1897	76.6932	687.795
1898	76.7518	687.625
1899	76.8005	687.305
1900	76.853	687.09
1901	76.9211	686.4
1902	76.978	686.351
1903	77.0291	686.144
1904	77.0772	686.132
1905	77.1264	685.735
1906	77.1777	683.906
1907	77.2296	683.797
1908	77.279	683.703
1909	77.3269	683.324
1910	77.3902	682.595
1912	77.491	682.524
1913	77.5452	682.494
1914	77.6001	682.368
1915	77.6635	681.492
1916	77.7175	681.308
1917	77.7697	681.257
1918	77.8239	681.118
1919	77.8828	681.105
1921	77.9979	680.624
1922	78.0556	680.029
1923	78.1057	680.005
1924	78.1527	678.966
1925	78.2262	678.949
1926	78.2852	678.92
1928	78.4028	678.891
1929	78.4591	678.746
1930	78.5127	678.317
1931	78.5645	677.349
1932	78.6177	677.012
1933	78.6846	674.849
1934	78.7388	674.54
1935	78.81	674.215
1936	78.8588	674.197
1938	78.968	674.065
1939	79.0192	673.723
1941	79.1393	673.114
1942	79.1929	673.05
1943	79.252	672.491
1945	79.3689	672.434
1946	79.4226	672.408
1947	79.489	672.32
1948	79.544	672.28
1949	79.6094	672.215
1950	79.665	672.167
1951	79.7161	671.511
1952	79.7756	671.367
1953	79.8262	671.281
1954	79.8874	670.827
1955	79.9733	670.661
1956	80.0583	669.539
1957	80.1111	669.386
1958	80.1604	669.194
1959	80.2168	668.854
1960	80.2675	668.694
1961	80.3167	668.469
1962	80.363	667.758
1963	80.4176	667.493
1964	80.4672	667.492
1967	80.6339	667.442
1968	80.6881	666.341
1969	80.7426	664.108
1970	80.8013	664.044
1972	80.9038	663.841
1974	81.0127	662.128
1975	81.0716	661.991
1976	81.1258	661.843
1978	81.3087	661.819
1979	81.3611	661.683
1980	81.4107	661.645
1981	81.4643	661.627
1982	81.5276	661.597
1983	81.5789	661.586
1984	81.6308	661.388
1985	81.6803	661.208
1986	81.729	660.485
1987	81.7851	660.155
1988	81.8406	659.715
1990	81.9406	659.696
1991	81.9909	659.594
1992	82.0462	658.839
1993	82.0992	658.678
1994	82.1495	658.63
1995	82.2014	658.539
1996	82.25	658.197
1997	82.3049	658.184
1998	82.3549	657.753
1999	82.4043	657.603
2000	82.4589	657.6
2001	82.5145	657.56
2002	82.5614	657.549
2003	82.6111	657.463
2004	82.6623	657.316
2005	82.7198	656.97
2006	82.7767	656.96
2007	82.831	656.908
2008	82.8842	656.871
2009	82.9357	656.826
2010	82.986	654.413
2011	83.0479	654.376
2013	83.1549	654.375
2014	83.2037	654.274
2015	83.2607	654.108
2016	83.3088	654.08
2017	83.356	652.375
2018	83.4121	652.146
2019	83.4663	652.139
2021	83.5615	652.053
2022	83.6123	652.034
2023	83.6697	651.943
2025	83.833	651.497
2026	83.8815	650.886
2027	83.9301	650.549
2028	83.9787	650.091
2029	84.0291	650.089
2031	84.1241	649.853
2032	84.1768	649.702
2033	84.2255	649.397
2034	84.2785	647.016
2035	84.3314	646.984
2036	84.3804	646.906
2038	84.4848	646.455
2041	84.6345	646.089
2042	84.6848	646.058
2043	84.7388	645.99
2044	84.7875	645.95
2045	84.8413	645.921
2046	84.8902	645.772
2047	84.9556	645.436
2048	85.0074	645.26
2049	85.0655	645.197
2050	85.1153	645.073
2051	85.1625	645.025
2052	85.2101	644.984
2053	85.2808	643.922
2054	85.332	643.911
2055	85.3785	643.788
2056	85.4349	643.764
2057	85.4816	643.679
2058	85.5294	643.64
2059	85.5786	643.601
2061	85.6833	643.597
2062	85.7358	643.316
2063	85.7886	643.311
2065	85.9074	642.878
2066	85.9542	642.865
2067	86.0064	642.859
2068	86.0581	642.701
2069	86.112	642.134
2070	86.1598	642.102
2073	86.3211	641.966
2074	86.3666	641.877
2075	86.4141	641.804
2076	86.4622	641.67
2077	86.5094	641.55
2078	86.5624	641.523
2079	86.6098	641.402
2080	86.6588	641.128
2081	86.7075	641.092
2082	86.7671	640.849
2083	86.8147	640.537
2085	86.9105	640.476
2086	86.9596	640.336
2087	87.0069	640.127
2088	87.0534	640.021
2089	87.1028	639.989
2090	87.1492	639.899
2091	87.1953	639.895
2092	87.243	639.643
2093	87.2915	639.393
2094	87.3404	639.131
2095	87.3946	638.925
2096	87.4461	638.831
2097	87.4955	638.785
2098	87.545	638.712
2099	87.5954	638.549
2100	87.6421	638.418
2101	87.6901	638.189
2102	87.7365	638.175
2103	87.7892	638.099
2104	87.8384	638.071
2105	87.895	638.045
2106	87.945	637.742
2107	88.0025	637.688
2108	88.0617	637.432
2109	88.1228	636.764
2110	88.2039	636.676
2111	88.271	636.358
2112	88.3254	636.259
2113	88.3756	635.844
2114	88.4287	635.761
2115	88.4839	635.636
2116	88.5351	635.617
2117	88.5934	635.611
2118	88.6498	635.354
2119	88.6974	635.347
2120	88.7513	635.224
2121	88.7998	635.092
2122	88.8522	635.085
2123	88.9021	634.82
2124	88.9602	634.71
2125	89.0281	634.655
2126	89.0778	634.532
2127	89.129	634.361
2128	89.1786	633.659
2129	89.2303	633.125
2130	89.2847	632.926
2131	89.3376	632.809
2132	89.3972	632.806
2133	89.4482	632.725
2134	89.5011	632.718
2135	89.559	632.614
2136	89.6068	632.527
2137	89.6569	631.927
2138	89.711	631.797
2139	89.7702	631.723
2140	89.8227	631.72
2141	89.8727	631.624
2142	89.9246	631.596
2143	89.9762	631.504
2144	90.03	631.392
2145	90.0797	631.301
2146	90.1416	631.035
2147	90.1973	630.932
2148	90.2472	630.86
2149	90.2966	630.712
2150	90.3441	630.502
2152	90.4464	630.314
2154	90.5429	630.12
2155	90.5886	630.103
2156	90.643	630.065
2157	90.6956	629.96
2158	90.7507	629.956
2160	90.8777	629.448
2161	90.9464	629.439
2162	91.0031	628.913
2163	91.0554	628.723
2164	91.1043	628.254
2165	91.1622	628.198
2166	91.2163	628.086
2167	91.269	627.586
2168	91.323	627.437
2169	91.381	627.436
2170	91.441	627.385
2171	91.495	627.18
2172	91.5458	626.787
2173	91.6037	626.771
2174	91.6532	626.765
2175	91.7049	626.744
2176	91.7612	626.625
2177	91.809	626.563
2178	91.8629	626.118
2179	91.9143	626.061
2180	91.9653	625.952
2181	92.0125	625.902
2182	92.0684	625.804
2183	92.1169	625.642
2184	92.1722	625.628
2185	92.2227	625.228
2186	92.2765	625.225
2187	92.3289	625.219
2189	92.4356	625.073
2190	92.488	624.983
2191	92.5452	624.961
2192	92.6019	624.951
2194	92.7015	624.907
2195	92.7511	624.581
2196	92.8016	624.058
2197	92.8542	624.017
2198	92.9125	623.782
2199	92.9622	623.755
2200	93.0161	623.692
2201	93.0673	623.668
2202	93.1378	622.958
2203	93.2355	622.847
2204	93.3342	622.818
2205	93.3882	622.759
2206	93.4338	622.698
2207	93.4821	622.697
2208	93.531	622.677
2209	93.5832	622.628
2210	93.6321	622.622
2211	93.6789	622.615
2212	93.7321	622.596
2213	93.7942	622.594
2214	93.8436	622.171
2215	93.892	622.134
2216	93.9403	622.076
2217	93.9886	622.032
2218	94.0585	621.998
2219	94.1282	621.896
2220	94.2493	621.66
2221	94.3539	621.626
2222	94.4142	621.43
2223	94.4702	620.767
2224	94.5307	620.599
2225	94.5813	620.572
2226	94.6418	620.312
2229	94.8142	620.067
2230	94.8703	619.805
2231	94.9268	619.569
2232	94.9849	619.563
2233	95.0446	619.433
2234	95.1011	619.223
2235	95.1529	619.215
2236	95.2065	618.962
2237	95.2628	618.775
2238	95.3107	618.692
2239	95.3624	618.525
2240	95.4304	618.443
2241	95.4859	618.405
2242	95.5344	618.234
2243	95.5928	618.023
2244	95.6441	618.02
2245	95.6973	617.717
2246	95.756	616.806
2247	95.8117	616.771
2248	95.8614	616.737
2249	95.9195	616.3
2250	95.9903	614.715
2251	96.0522	614.687
2252	96.1064	614.591
2253	96.1729	614.562
2254	96.2236	614.5
2255	96.2727	613.238
2256	96.3256	613.167
2257	96.3768	613.094
2258	96.4288	613.026
2259	96.4799	613.025
2260	96.5388	613.005
2261	96.5944	612.809
2262	96.6445	611.843
2263	96.697	611.68
2264	96.7451	610.954
2265	96.8022	610.94
2266	96.8555	610.912
2267	96.9137	610.882
2268	96.9662	610.867
2270	97.1942	610.668
2271	97.2494	610.36
2272	97.3011	610.281
2273	97.3555	609.284
2275	97.4597	608.982
2276	97.5105	608.967
2277	97.5668	608.949
2278	97.6174	608.853
2279	97.6743	608.776
2280	97.7283	608.76
2281	97.7929	608.283
2283	97.9816	607.553
2285	98.0864	607.54
2286	98.1413	607.455
2287	98.2485	607.389
2288	98.3249	607.379
2289	98.3861	607.351
2290	98.4406	607.335
2291	98.4945	607.125
2292	98.5521	607.013
2293	98.6084	606.923
2294	98.6675	606.89
2295	98.7199	606.605
2296	98.777	606.1
2297	98.8281	606.05
2298	98.8796	606.007
2299	98.9359	605.819
2300	98.9927	605.78
2301	99.0458	605.285
2302	99.0998	605.168
2303	99.149	604.792
2304	99.1998	604.678
2307	99.3528	604.611
2308	99.4141	603.68
2309	99.4716	603.305
2310	99.5219	603.238
2311	99.5718	603.238
2312	99.6228	602.799
2313	99.6738	602.726
2314	99.7284	602.442
2315	99.7779	602.406
2316	99.8294	602.383
2317	99.8766	602.381
2319	99.9853	602.296
2320	100.042	602.264
2321	100.102	602.261
2322	97.6575	602.252
2323	97.7104	602.245
2324	97.7628	601.81
2325	97.8148	601.707
2326	97.8802	601.108
2327	97.9427	600.803
2328	97.9904	600.579
2330	98.1007	600.252
2331	98.1552	600.232
2332	98.2059	599.633
2333	98.2726	599.59
2334	98.3883	599.553
2335	98.4464	599.515
2336	98.4997	599.434
2337	98.5495	599.421
2338	98.5995	599.339
2339	98.649	599.237
2341	98.7545	599.198
2343	98.8589	599.008
2345	98.9605	598.947
2346	99.0136	598.914
2347	99.0696	598.872
2348	99.121	598.844
2349	99.1736	598.78
2350	99.2293	598.535
2352	99.3316	598.47
2355	99.4856	597.903
2356	99.5434	597.893
2357	99.5914	597.388
2358	99.6421	597.334
2363	99.8977	597.333
2366	100.051	596.629
2367	100.106	596.589
2369	100.204	596.586
2371	100.308	596.463
2372	100.356	596.343
2373	100.407	596.319
2374	100.459	595.008
2375	100.508	595.005
2376	100.557	594.998
2378	100.669	594.322
2381	100.833	593.962
2382	100.881	593.912
2383	100.93	593.882
2384	100.978	593.862
2385	101.026	593.842
2386	101.075	593.781
2387	101.125	593.743
2388	101.179	593.607
2389	101.233	593.52
2390	101.281	593.469
2391	101.331	593.434
2392	101.379	593.381
2393	101.437	593.063
2394	101.493	592.848
2395	101.544	592.811
2396	101.596	592.798
2397	101.653	592.791
2398	101.705	592.784
2399	101.755	592.756
2401	101.856	592.746
2403	101.96	592.741
2404	102.011	592.705
2405	102.06	592.514
2406	102.123	592.486
2407	102.173	592.474
2408	102.222	592.384
2409	102.269	591.987
2410	102.316	591.984
2412	102.413	591.976
2413	102.467	591.859
2414	102.516	591.791
2415	102.565	591.766
2416	102.624	591.665
2417	102.674	591.615
2418	102.731	591.567
2419	102.784	591.439
2420	102.832	591.416
2421	102.881	591.379
2422	102.933	591.149
2423	102.981	591.059
2425	103.091	591.017
2426	103.14	590.974
2427	103.19	590.87
2428	103.242	590.708
2429	103.293	590.685
2430	103.343	590.611
2431	103.391	590.596
2432	103.438	590.525
2433	103.497	590.405
2434	103.544	590.145
2435	103.597	590.051
2436	103.648	590
2437	103.698	589.993
2438	103.747	589.973
2440	103.864	589.849
2441	103.919	589.698
2442	103.968	589.678
2443	104.024	589.615
2444	104.075	589.594
2445	104.137	589.568
2446	104.183	589.44
2447	104.231	589.419
2448	104.28	588.993
2449	104.332	588.55
2450	104.384	588.373
2451	104.432	588.184
2453	104.534	587.962
2454	104.583	587.836
2455	104.634	587.799
2456	104.687	587.785
2457	104.745	587.781
2458	104.797	587.429
2459	104.85	587.427
2460	104.896	587.383
2461	104.947	587.298
2462	105.001	587.233
2463	105.055	586.891
2464	105.104	586.842
2465	105.157	586.787
2466	105.203	586.612
2467	105.253	586.525
2468	105.301	586.1
2469	105.35	586.018
2470	105.407	585.683
2471	105.461	585.586
2472	105.509	585.573
2473	105.565	585.55
2474	105.612	585.542
2475	105.669	585.451
2476	105.724	585.441
2477	105.778	584.957
2478	105.824	584.885
2479	105.881	584.881
2480	105.932	584.872
2481	105.985	584.822
2482	106.041	584.803
2483	106.09	584.668
2484	106.139	584.611
2485	106.198	584.594
2487	106.297	584.512
2489	106.395	584.446
2490	106.448	584.286
2492	106.548	584.249
2494	106.649	584.085
2495	106.71	584.073
2496	106.762	584.022
2497	106.813	583.895
2498	106.872	583.878
2500	106.965	583.425
2501	107.013	583.412
2502	107.071	583.303
2503	107.128	583.247
2504	107.177	582.933
2505	107.225	582.89
2506	107.272	582.825
2507	107.327	582.426
2508	107.381	582.339
2509	107.431	582.165
2510	107.478	582.14
2511	107.533	581.986
2512	107.584	581.627
2513	107.632	581.547
2514	107.679	581.541
2515	107.728	581.436
2516	107.775	581.412
2517	107.823	581.377
2518	107.87	580.864
2519	107.916	580.836
2520	107.972	580.754
2521	108.034	580.735
2523	108.136	580.719
2524	108.186	580.624
2525	108.233	580.587
2526	108.286	580.585
2527	108.346	580.571
2528	108.394	580.487
2529	108.444	580.094
2530	108.493	580.062
2531	108.541	580.006
2532	108.593	579.921
2534	108.714	579.892
2535	108.77	579.829
2536	108.886	579.448
2537	108.938	579.361
2538	108.992	579.258
2539	109.046	579.256
2540	109.094	579.159
2541	109.149	579.148
2542	109.208	579.139
2543	109.262	579.093
2544	109.31	579.078
2546	109.404	579.019
2547	109.453	579.016
2548	109.51	579.014
2549	109.558	578.997
2550	109.607	578.99
2551	109.655	578.987
2552	109.703	578.903
2553	109.756	578.901
2554	109.807	578.572
2556	109.903	578.531
2557	109.951	578.52
2558	109.999	578.505
2560	110.101	578.292
2562	110.197	578.027
2563	110.251	577.402
2564	110.305	577.368
2566	110.408	577.213
2569	110.555	575.622
2570	110.604	575.402
2571	110.659	574.514
2572	110.711	574.511
2573	110.76	574.381
2575	110.855	574.375
2576	110.904	574.321
2578	111.013	574.313
2579	111.062	574.304
2580	111.11	574.236
2581	111.163	574.234
2582	111.21	574.17
2583	111.265	574.071
2585	111.363	573.901
2586	111.414	573.189
2587	111.468	573.171
2588	111.518	573.127
2589	111.574	572.977
2590	111.622	572.569
2591	111.671	572.562
2592	111.72	572.513
2593	111.789	572.501
2594	111.843	572.494
2595	111.904	572.4
2596	111.951	572.324
2597	112.004	572.28
2601	112.224	571.932
2602	112.273	571.636
2603	112.338	571.505
2604	112.389	571.275
2605	112.438	571.263
2606	112.486	571.247
2607	112.534	571.215
2608	112.583	571.2
2610	112.704	571.085
2611	112.755	570.948
2612	112.801	570.87
2613	112.856	569.832
2614	112.906	569.744
2615	112.957	569.437
2616	113.015	569.429
2617	113.078	569.425
2618	113.135	569.272
2619	113.195	569.241
2621	113.302	568.766
2622	113.358	568.725
2623	113.414	568.402
2625	113.511	568.397
2626	113.558	568.327
2627	113.605	568.284
2628	113.656	568.238
2629	113.704	568.229
2630	113.754	568.128
2631	113.801	567.971
2633	113.907	567.962
2634	113.955	567.592
2635	114.007	567.406
2636	114.056	567.037
2637	114.102	566.998
2639	114.208	566.928
2640	114.259	566.821
2641	114.311	566.422
2643	114.418	565.364
2644	114.47	565.235
2646	114.575	565.232
2648	114.674	565.187
2649	114.723	564.973
2650	114.769	564.946
2651	114.82	564.938
2652	114.876	564.934
2654	114.984	564.709
2657	115.146	564.632
2658	115.202	564.622
2659	115.25	564.042
2660	115.297	564.03
2661	115.347	563.95
2662	115.396	563.93
2664	115.489	563.819
2666	115.594	563.567
2667	115.642	563.448
2668	115.69	563.163
2670	115.788	562.991
2671	115.847	562.981
2672	115.907	562.604
2674	116.008	562.493
2675	116.057	562.486
2676	116.103	562.324
2677	116.159	562.321
2679	116.264	562.295
2680	116.312	562.286
2681	116.372	562.279
2683	116.47	561.988
2684	116.522	561.809
2685	116.568	561.63
2687	116.668	561.61
2688	116.726	561.593
2690	116.821	561.524
2691	116.88	561.507
2694	117.061	561.375
2695	117.114	561.303
2697	117.211	560.586
2698	117.264	560.36
2700	117.358	560.358
2702	117.455	560.343
2703	117.505	560.017
2706	117.667	559.731
2707	117.715	559.414
2708	117.769	559.188
2711	117.928	558.771
2712	117.984	558.66
2714	118.081	557.414
2715	118.129	557.409
2718	118.279	557.393
2719	118.34	557.391
2720	118.396	557.031
2721	118.447	556.827
2722	118.496	556.779
2723	118.546	556.743
2724	118.593	556.72
2725	118.639	556.711
2726	118.686	556.627
2727	118.735	556.575
2728	118.783	556.489
2729	118.839	556.459
2730	118.892	556.427
2731	118.943	556.393
2732	119	556.361
2733	119.052	556.245
2735	119.149	556.174
2736	119.2	556.171
2737	119.316	556.107
2738	119.374	556.011
2739	119.424	555.99
2740	119.473	555.969
2741	119.521	555.969
2742	119.577	555.951
2743	119.625	555.931
2744	119.673	555.923
2745	119.732	555.815
2746	119.785	555.813
2747	119.84	555.798
2748	119.89	555.732
2749	119.938	555.143
2750	119.986	555.132
2753	120.139	555.075
2754	120.191	555.038
2755	120.241	555.037
2756	120.288	554.932
2758	120.385	554.887
2759	120.435	554.765
2760	120.483	554.759
2761	120.534	554.737
2762	120.594	554.655
2763	120.643	554.089
2765	120.743	554.032
2766	120.795	553.974
2767	120.86	553.901
2768	120.913	553.742
2769	120.959	553.74
2770	121.017	553.599
2771	121.063	553.581
2772	121.113	553.463
2773	121.164	553.387
2774	121.223	553.214
2775	121.275	553.138
2776	121.324	553.069
2777	121.377	553.044
2779	121.482	552.881
2780	121.536	552.834
2781	121.589	552.824
2782	121.637	552.803
2783	121.687	552.757
2785	121.809	552.741
2786	121.857	552.571
2787	121.909	552.512
2788	121.963	552.35
2789	122.012	551.987
2790	122.06	551.984
2791	122.108	551.786
2793	122.215	551.679
2795	122.309	551.637
2796	122.36	551.629
2797	122.41	551.555
2798	122.459	551.546
2799	122.514	551.542
2800	122.564	551.508
2801	122.611	551.416
2802	122.659	551.386
2804	122.757	551.374
2805	122.815	551.363
2806	122.871	551.272
2808	122.976	551.02
2809	123.024	550.964
2810	123.071	550.93
2811	123.121	550.918
2812	123.169	550.912
2814	123.28	550.905
2815	123.331	550.827
2816	123.379	550.825
2817	123.436	550.408
2818	123.485	550.368
2819	123.534	550.365
2820	123.594	550.293
2821	123.652	550.272
2822	123.703	550.251
2823	123.753	550.18
2824	123.799	550.159
2825	123.851	550.126
2827	123.957	550.072
2828	124.006	549.526
2829	124.056	549.47
2830	124.111	549.115
2832	124.221	549.021
2833	124.275	548.907
2834	124.329	548.77
2835	124.377	548.768
2836	124.432	548.751
2837	124.483	548.119
2838	124.537	548.088
2840	124.644	547.547
2841	124.693	547.539
2842	124.746	547.504
2843	124.794	547.488
2844	124.845	547.313
2845	124.908	547.283
2846	124.962	547.259
2847	125.011	546.944
2848	125.061	546.899
2849	125.115	546.791
2850	125.164	546.765
2851	125.213	546.679
2852	125.265	546.549
2853	125.314	546.507
2854	125.363	546.501
2855	125.419	546.484
2856	125.468	546.446
2857	125.515	546.427
2858	125.577	546.174
2859	125.632	546.093
2860	125.686	546.09
2861	125.736	545.992
2862	125.786	545.989
2863	125.852	545.942
2864	125.918	545.918
2866	126.022	545.908
2868	126.129	545.899
2869	126.178	545.672
2870	126.232	545.646
2871	126.283	545.636
2875	126.485	545.55
2876	126.542	545.328
2877	126.594	545.318
2878	126.656	544.951
2879	126.705	544.897
2880	126.76	544.817
2881	126.815	544.812
2883	126.927	544.776
2884	126.984	544.758
2885	127.037	544.755
2886	127.091	544.712
2887	127.138	544.681
2888	127.187	544.68
2890	127.296	544.661
2892	127.403	544.588
2893	127.45	544.583
2894	127.497	544.461
2895	127.546	544.401
2896	127.606	544.391
2897	127.654	544.055
2898	127.704	543.822
2899	127.754	543.78
2900	127.803	543.494
2902	127.908	543.359
2903	127.956	542.897
2904	128.007	542.881
2905	128.063	542.864
2906	128.113	542.785
2907	128.167	542.777
2909	128.34	542.33
2910	128.39	542.172
2911	128.44	540.644
2912	128.488	540.642
2913	128.537	540.544
2914	128.585	540.526
2915	128.632	540.52
2918	128.783	540.509
2920	128.891	540.412
2922	128.989	540.409
2923	129.036	540.355
2925	129.134	540.199
2926	129.184	539.628
2927	129.238	539.6
2928	129.286	539.594
2929	129.335	539.445
2930	129.391	539.146
2931	129.441	539.142
2933	129.56	539.133
2934	129.61	539.095
2935	129.657	538.637
2936	129.706	538.613
2937	129.755	538.497
2938	129.811	538.405
2939	129.86	538.405
2941	129.962	538.211
2942	130.012	538.028
2943	130.063	537.961
2944	127.64	537.356
2945	127.695	537.351
2946	127.743	537.313
2948	127.852	537.307
2950	127.95	537.29
2951	128	537.136
2953	128.095	536.74
2954	128.148	536.737
2955	128.2	536.594
2956	128.248	536.585
2957	128.303	536.569
2958	128.351	536.534
2959	128.412	536.48
2961	128.512	536.084
2962	128.565	536.05
2963	128.619	535.809
2965	128.723	535.793
2966	128.777	535.781
2967	128.828	535.742
2968	128.882	535.692
2969	128.932	535.687
2970	128.984	535.63
2975	129.229	535.468
2976	129.277	535.326
2978	129.375	535.322
2980	129.47	534.98
2981	129.521	534.649
2983	129.617	534.258
2984	129.671	534.243
2986	129.77	534.235
2987	129.824	534.181
2988	129.877	534.004
2989	129.923	533.569
2990	129.981	533.444
2991	130.03	533.373
2992	130.098	533.197
2993	130.148	533.156
2994	130.196	532.821
2995	130.259	532.807
2997	130.363	532.759
2998	130.41	532.735
2999	130.459	532.531
3000	130.506	532.519
3001	130.564	532.498
3002	130.615	532.485
3004	130.721	532.403
3005	130.767	532.372
3006	130.82	532.224
3007	130.875	532.141
3008	130.925	531.642
3011	131.081	531.604
3012	131.134	531.105
3013	131.201	531.09
3014	131.249	531.074
3016	131.346	531.03
3017	131.394	531.004
3019	131.488	530.996
3020	131.535	530.995
3023	131.69	530.829
3025	131.788	530.815
3026	131.839	530.796
3027	131.891	530.788
3028	131.941	530.779
3030	132.036	530.736
3031	132.089	530.706
3034	132.237	530.592
3035	132.292	530.55
3036	132.347	530.541
3037	132.399	530.189
3038	132.445	530.119
3040	132.542	530.109
3043	132.688	530.008
3046	132.848	529.784
3047	132.901	529.773
3051	133.103	529.702
3052	133.158	529.667
3055	133.316	529.663
3058	133.48	529.627
3061	133.629	529.542
3062	133.68	529.517
3063	133.729	529.484
3064	133.776	529.468
3066	133.874	529.377
3067	133.924	529.356
3068	133.975	529.283
3070	134.074	529.254
3071	134.125	529.224
3072	134.177	529.21
3073	134.226	529.072
3074	134.277	529.052
3075	134.331	529.001
3076	134.381	528.981
3077	134.431	528.93
3078	134.479	528.918
3079	134.526	528.901
3082	134.674	528.854
3083	134.728	528.85
3084	134.776	528.849
3085	134.833	528.808
3086	134.888	528.799
3087	134.935	528.738
3088	134.982	528.666
3089	135.039	528.589
3090	135.086	528.574
3091	135.148	528.572
3092	135.2	528.567
3093	135.247	528.539
3094	135.299	528.499
3095	135.348	528.498
3096	135.397	528.429
3098	135.495	528.412
3099	135.545	528.249
3100	135.601	528.247
3101	135.652	528.228
3102	135.7	528.193
3103	135.749	528.028
3104	135.8	528.026
3105	135.853	527.976
3106	135.904	527.969
3107	135.965	527.892
3108	136.014	527.819
3109	136.072	527.768
3110	136.133	527.736
3111	136.184	527.728
3113	136.296	527.658
3114	136.345	527.453
3115	136.397	527.424
3116	136.452	527.364
3117	136.505	527.323
3118	136.566	527.304
3119	136.668	527.22
3120	136.734	527.197
3121	136.789	527.104
3122	136.839	527.093
3123	136.888	527.081
3125	136.991	527.056
3126	137.048	527.045
3128	137.152	526.971
3130	137.27	526.868
3131	137.319	526.83
3132	137.378	526.768
3133	137.433	526.674
3134	137.482	526.646
3136	137.579	526.45
3137	137.634	526.441
3138	137.693	526.33
3139	137.749	526.328
3140	137.8	526.322
3141	137.849	526.272
3142	137.898	526.137
3143	137.949	525.543
3144	138.006	525.541
3145	138.055	525.533
3146	138.107	525.506
3148	138.218	525.429
3149	138.271	525.366
3150	138.329	525.339
3151	138.378	525.261
3152	138.427	525.258
3153	138.484	525.192
3154	138.532	525.184
3155	138.583	525.179
3156	138.632	525.152
3157	138.687	524.813
3158	138.74	524.81
3159	138.79	524.799
3160	138.847	524.758
3161	138.899	524.739
3162	138.949	524.723
3163	138.999	524.693
3165	139.105	524.643
3167	139.201	524.612
3168	139.25	524.519
3169	139.298	524.508
3170	139.346	524.345
3172	139.442	524.338
3173	139.489	524.32
3174	139.539	524.209
3175	139.602	524.18
3176	139.654	524.152
3177	139.708	523.92
3178	139.758	523.912
3179	139.817	523.795
3180	139.866	523.629
3181	139.922	523.62
3182	139.972	523.611
3184	140.086	523.453
3185	140.144	523.42
3186	140.199	523.38
3187	140.247	523.127
3188	140.305	523.082
3190	140.408	523.06
3191	140.464	522.978
3192	140.513	522.892
3193	140.561	522.877
3194	140.618	522.866
3195	140.67	522.798
3196	140.719	522.774
3197	140.769	522.744
3198	140.817	522.542
3199	140.87	522.519
3200	140.919	522.491
3201	140.969	522.482
3202	141.031	522.453
3203	141.085	522.4
3206	141.241	522.399
3207	141.289	522.387
3208	141.335	522.343
3209	141.383	522.198
3210	141.435	522.177
3211	141.489	522.169
3212	141.547	522.16
3214	141.643	522.153
3215	141.702	522.095
3216	141.751	521.809
3217	141.802	521.793
3218	141.852	521.785
3219	141.9	521.775
3220	141.949	521.75
3221	142.008	521.74
3222	142.062	521.729
3223	142.112	521.716
3224	142.17	521.688
3225	142.222	521.685
3226	142.276	521.656
3227	142.324	521.631
3228	142.385	521.627
3229	142.434	521.588
3230	142.482	521.558
3231	142.532	521.552
3232	142.579	521.499
3233	142.635	521.485
3235	142.734	521.437
3236	142.783	521.403
3237	142.839	521.064
3238	142.889	520.898
3239	142.942	520.894
3240	143	520.789
3241	143.057	520.737
3242	143.106	520.683
3243	143.156	520.432
3245	143.265	520.417
3246	143.319	520.381
3247	143.376	520.371
3248	143.427	520.315
3249	143.48	520.053
3250	143.532	519.947
3252	143.644	519.946
3253	143.698	519.915
3254	143.747	519.871
3255	143.801	519.866
3256	143.848	519.855
3258	143.954	519.844
3260	144.052	519.726
3265	144.307	519.682
3266	144.364	519.332
3267	144.415	519.319
3268	144.466	519.288
3269	144.514	519.257
3270	144.562	519.048
3271	144.61	519.028
3272	144.66	518.953
3273	144.715	518.892
3274	144.772	518.87
3276	144.867	518.847
3277	144.914	518.728
3278	144.969	518.692
3281	145.137	518.651
3282	145.191	518.19
3283	145.24	518.149
3284	145.288	517.999
3289	145.55	517.965
3290	145.597	517.831
3291	145.645	517.74
3292	145.694	517.729
3293	145.743	517.61
3295	145.851	517.586
3296	145.901	517.579
3297	145.958	517.57
3298	146.006	517.454
3299	146.055	517.43
3301	146.15	517.136
3303	146.252	516.953
3305	146.364	516.929
3307	146.464	516.894
3310	146.613	516.878
3311	146.661	516.238
3315	146.865	516.206
3316	146.921	516.142
3318	147.034	516.13
3319	147.093	516.054
3320	147.144	515.9
3321	147.203	515.604
3322	147.258	515.067
3323	147.305	514.7
3324	147.355	514.684
3325	147.414	514.677
3326	147.461	514.65
3327	147.511	514.633
3329	147.615	514.4
3330	147.663	514.378
3331	147.723	514.362
3332	147.771	514.24
3334	147.869	514.206
3338	148.067	514.193
3339	148.116	514.153
3340	148.164	514.142
3347	148.52	514.053
3348	148.569	514.022
3351	148.719	514.017
3352	148.767	513.8
3354	148.864	513.792
3355	148.919	513.775
3359	149.119	513.77
3360	149.167	513.739
3361	149.215	513.725
3362	149.264	513.724
3363	149.316	513.655
3366	149.468	513.613
3367	149.518	513.603
3371	149.739	513.534
3372	149.789	513.515
3377	150.049	513.301
3379	150.15	513.287
3380	150.2	513.278
3382	150.297	513.277
3383	150.396	513.21
3385	150.495	513.19
3387	150.593	513.182
3388	150.643	513.076
3389	150.695	513.069
3390	150.756	513.052
3391	150.806	512.854
3392	150.865	512.847
3394	150.982	512.261
3395	151.046	512.261
3396	151.115	512.231
3397	151.199	512.209
3398	151.251	512.176
3399	151.311	512.155
3401	151.41	512.074
3402	151.462	512.059
3403	151.523	512.043
3404	151.575	512.034
3405	151.625	512.03
3406	151.672	511.994
3407	151.723	511.942
3408	151.772	511.892
3409	151.824	511.871
3410	151.871	511.863
3411	151.919	511.852
3412	151.967	511.838
3413	152.017	511.74
3414	152.066	511.7
3415	152.117	511.64
3416	152.166	511.615
3417	152.215	511.593
3419	152.314	511.55
3420	152.374	511.522
3421	152.436	511.522
3422	152.494	511.469
3423	152.547	511.465
3424	152.597	511.454
3425	152.654	511.418
3426	152.703	511.411
3427	152.75	511.328
3428	152.798	511.224
3429	152.846	511.175
3430	152.904	511.169
3432	153.008	511.152
3433	153.058	511.111
3434	153.107	511.08
3437	153.296	511.077
3439	153.397	510.984
3440	153.46	510.979
3441	153.516	510.962
3442	153.577	510.931
3443	153.627	510.855
3444	153.675	510.846
3445	153.725	510.808
3446	153.781	510.79
3447	153.834	510.736
3448	153.883	510.694
3449	153.943	510.672
3450	153.993	510.638
3451	154.046	510.619
3452	154.103	510.614
3453	154.154	510.563
3454	154.206	510.449
3455	154.258	510.444
3456	154.307	510.422
3457	154.355	510.391
3458	154.403	510.333
3460	154.513	510.331
3461	154.563	510.14
3462	154.61	510.125
3463	154.661	510.096
3464	154.713	510.053
3465	154.761	510.047
3466	154.821	510.024
3467	154.871	509.996
3468	154.921	509.963
3470	155.023	509.957
3472	155.129	509.915
3473	155.192	509.82
3474	155.25	509.807
3475	155.303	509.555
3476	155.356	509.525
3477	155.404	509.505
3478	155.453	509.323
3480	155.552	509.272
3481	155.601	509.241
3482	155.662	509.205
3484	155.775	509.19
3485	155.829	509.186
3486	155.888	509.114
3487	155.936	509.11
3488	155.983	509.008
3490	156.084	508.999
3492	156.195	508.992
3493	156.247	508.91
3494	156.297	508.903
3495	156.347	508.898
3497	156.448	508.657
3498	156.504	508.65
3499	156.555	508.595
3500	156.608	508.595
3501	156.694	508.579
3502	156.776	508.568
3503	156.828	508.562
3504	156.885	508.546
3505	156.934	508.518
3506	156.983	508.492
3507	157.033	508.454
3508	157.081	508.378
3509	157.13	508.357
3510	157.178	508.268
3512	157.286	508.26
3513	157.342	508.256
3514	157.398	508.127
3515	157.446	508.123
3516	157.505	508.096
3517	157.561	508.058
3518	157.611	508.035
3519	157.664	507.832
3520	157.717	507.712
3521	157.763	507.68
3524	157.909	507.612
3526	158.025	507.572
3527	158.084	507.339
3528	158.135	507.336
3530	158.254	507.323
3531	158.304	507.275
3533	158.408	507.26
3534	158.457	507.247
3535	158.506	507.234
3536	158.553	507.222
3538	158.661	507.154
3539	158.708	507.135
3540	158.756	507.121
3541	158.818	507.086
3542	158.873	507.082
3543	158.928	507.058
3545	159.025	507.023
3546	159.089	507.02
3548	159.201	507.009
3549	159.251	506.922
3550	159.301	506.903
3551	159.348	506.898
3552	159.397	506.893
3553	159.45	506.806
3554	159.498	506.79
3555	159.554	506.672
3556	159.617	506.573
3558	159.718	506.27
3559	159.773	506.243
3560	159.827	506.229
3563	157.491	506.138
3564	157.54	506.11
3565	157.594	506.106
3566	157.647	506.09
3567	157.701	506.084
3568	157.759	506.048
3569	157.85	505.971
3570	157.91	505.953
3571	157.964	505.945
3572	158.012	505.898
3573	158.06	505.708
3574	158.119	505.691
3575	158.174	505.686
3576	158.235	505.638
3577	158.285	505.625
3578	158.343	505.526
3580	158.452	505.306
3581	158.499	505.264
3582	158.556	505.256
3583	158.614	505.025
3585	158.715	504.948
3586	158.764	504.907
3587	158.815	504.887
3588	158.863	504.862
3589	158.91	504.62
3590	158.96	504.585
3591	159.012	504.556
3592	159.062	504.555
3593	159.112	504.522
3595	159.211	504.517
3596	159.259	504.511
3599	159.409	504.476
3600	159.465	504.323
3601	159.514	504.316
3602	159.573	504.309
3603	159.625	504.247
3605	159.722	504.094
3606	159.771	503.878
3607	159.832	503.868
3608	159.886	503.866
3609	159.939	503.838
3610	159.988	503.708
3611	160.039	503.703
3612	160.087	503.675
3613	160.137	503.646
3614	160.189	503.613
3615	160.24	503.171
3617	160.347	503.091
3621	160.577	502.978
3622	160.625	502.775
3623	160.674	502.764
3624	160.73	502.704
3626	160.827	502.7
3628	160.933	502.695
3629	161.001	502.658
3631	161.108	502.624
3633	161.214	502.602
3635	161.32	502.506
3636	161.384	502.5
3637	161.441	502.492
3638	161.491	502.332
3639	161.543	502.302
3640	161.593	502.247
3641	161.644	502.023
3643	161.742	501.879
3645	161.845	501.83
3646	161.895	501.796
3647	161.941	501.775
3650	162.087	501.772
3651	162.136	501.413
3654	162.308	501.303
3655	162.358	501.138
3656	162.405	501.045
3658	162.506	501.031
3659	162.557	500.924
3660	162.608	500.805
3661	162.657	500.58
3662	162.705	500.268
3663	162.765	499.976
3664	162.821	499.965
3665	162.868	499.958
3667	162.975	499.956
3668	163.023	499.937
3669	163.085	499.751
3670	163.137	499.746
3671	163.185	499.699
3672	163.242	499.536
3674	163.351	499.526
3678	163.557	499.511
3679	163.606	499.476
3680	163.66	499.469
3682	163.763	499.465
3683	163.815	499.456
3687	164.028	499.441
3688	164.083	499.409
3691	164.237	499.387
3692	164.29	499.267
3694	164.396	499.26
3695	164.452	499.238
3697	164.562	499.2
3699	164.66	499.179
3700	164.713	499.167
3702	164.812	499.163
3703	164.864	499.135
3704	164.92	499.127
3705	164.967	499.122
3706	165.018	499.089
3707	165.073	499.086
3709	165.177	499.074
3711	165.291	499.014
3715	165.491	498.971
3719	165.708	498.868
3720	165.758	498.864
3725	166.087	498.799
3727	166.186	498.793
3729	166.28	498.789
3731	166.383	498.696
3732	166.43	498.695
3734	166.534	498.294
3735	166.584	498.287
3738	166.787	498.276
3739	166.84	498.265
3740	166.898	498.234
3741	166.946	498.163
3742	166.993	498.134
3743	167.042	498.1
3746	167.193	498.033
3747	167.244	498.023
3748	167.294	497.923
3749	167.343	497.918
3750	167.394	497.911
3751	167.455	497.889
3752	167.507	497.882
3753	167.56	497.799
3754	167.618	497.78
3755	167.666	497.767
3756	167.715	497.702
3757	167.764	497.695
3758	167.815	497.632
3759	167.871	497.604
3762	168.02	497.583
3763	168.079	497.564
3765	168.174	497.547
3766	168.221	497.543
3767	168.273	497.479
3768	168.323	497.417
3769	168.374	497.376
3770	168.431	497.374
3771	168.483	497.374
3772	168.538	497.337
3773	168.587	497.306
3774	168.639	497.287
3775	168.688	497.284
3776	168.743	497.232
3778	168.862	497.181
3779	168.918	497.108
3780	168.981	497.106
3781	169.038	497.099
3782	169.093	497.087
3783	169.143	497.066
3785	169.256	497.03
3786	169.306	497.022
3787	169.358	496.996
3788	169.411	496.996
3789	169.47	496.984
3790	169.521	496.941
3791	169.572	496.895
3792	169.622	496.876
3793	169.686	496.868
3794	169.737	496.789
3795	169.785	496.788
3796	169.837	496.749
3797	169.887	496.658
3798	169.938	496.644
3800	170.039	496.636
3801	170.093	496.627
3802	170.141	496.597
3803	170.19	496.579
3804	170.241	496.563
3805	170.295	496.556
3807	170.41	496.54
3808	170.457	496.53
3809	170.516	496.487
3810	170.568	496.478
3811	170.623	496.468
3812	170.675	496.381
3813	170.724	496.342
3814	170.775	496.314
3815	170.822	496.295
3816	170.876	496.275
3817	170.928	496.268
3818	170.989	496.255
3819	171.047	496.254
3820	171.113	496.213
3822	171.216	496.159
3823	171.268	496.149
3825	171.373	496.148
3826	171.423	496.098
3827	171.474	496.088
3828	171.529	496.061
3829	171.581	496.032
3830	171.629	496.005
3831	171.689	495.974
3832	171.74	495.972
3833	171.794	495.808
3834	171.848	495.807
3837	172.072	495.573
3838	172.135	495.549
3839	172.187	495.493
3841	172.295	495.484
3842	172.347	495.476
3843	172.4	495.459
3844	172.45	495.45
3847	172.607	495.429
3848	172.669	495.409
3849	172.724	495.403
3852	172.889	495.398
3854	172.998	495.307
3855	173.048	495.306
3856	173.098	495.301
3858	173.195	495.294
3859	173.243	495.202
3860	173.293	495.147
3861	173.345	495.108
3863	173.442	495.084
3864	173.494	495.002
3865	173.542	494.99
3866	173.595	494.974
3867	173.643	494.828
3870	173.803	494.817
3871	173.855	494.783
3873	173.955	494.776
3874	174.009	494.772
3875	174.066	494.745
3876	174.126	494.734
3877	174.18	494.719
3879	174.285	494.711
3881	174.384	494.689
3882	174.432	494.681
3883	174.481	494.653
3884	174.54	494.636
3886	174.647	494.631
3887	174.696	494.627
3889	174.806	494.55
3890	174.853	494.54
3891	174.9	494.533
3892	174.948	494.524
3893	175.013	494.518
3894	175.068	494.503
3896	175.176	494.459
3898	175.274	494.3
3899	175.323	494.246
3900	175.371	494.219
3901	175.43	494.214
3902	175.487	494.196
3903	175.536	494.179
3904	175.585	494.161
3906	175.687	494.152
3907	175.735	494.147
3908	175.785	494.146
3909	175.838	494.12
3910	175.888	494.111
3911	175.936	494.079
3912	175.987	494.035
3913	176.036	493.945
3914	176.093	492.495
3915	176.144	492.487
3916	176.195	492.471
3917	176.245	492.471
3918	176.303	492.402
3919	176.354	492.386
3920	176.413	492.295
3922	176.512	492.277
3923	176.576	491.783
3924	176.629	491.779
3926	176.739	491.765
3927	176.788	491.753
3929	176.892	491.574
3930	176.94	491.482
3932	177.056	491.472
3933	177.106	491.412
3935	177.218	491.406
3936	177.266	491.37
3938	177.364	491.352
3940	177.462	491.267
3941	177.518	491.26
3942	177.567	491.257
3943	177.615	491.23
3945	177.715	491.177
3946	177.767	491.056
3947	177.815	491.048
3948	177.872	491.045
3949	177.937	491.042
3950	177.985	490.92
3951	178.039	490.914
3952	178.087	490.882
3953	178.141	490.86
3954	178.19	490.828
3955	178.239	490.34
3957	178.352	490.262
3958	178.405	490.258
3959	178.455	490.257
3961	178.559	490.231
3962	178.611	490.077
3968	178.926	490.073
3971	179.081	490.059
3974	179.23	490.04
3975	179.278	490.032
3976	179.327	490.028
3978	179.427	490.024
3979	179.477	490.006
3981	179.579	489.91
3983	179.685	489.712
3985	179.784	489.709
3986	179.831	489.649
3987	179.887	489.633
3988	179.948	489.614
3990	180.045	489.613
3991	180.092	489.612
3994	180.243	489.577
3995	180.294	489.293
3996	180.356	489.235
3999	180.514	489.143
4000	180.567	489.119
4001	180.627	488.538
4002	180.679	488.463
4003	180.73	488.209
4004	180.786	488.181
4005	180.896	488.166
4006	180.955	488.157
4008	181.053	488.131
4009	181.114	487.946
4010	181.167	487.919
4011	181.216	487.901
4012	181.278	487.796
4013	181.335	487.754
4014	181.385	487.74
4016	181.49	487.739
4020	181.756	487.738
4021	181.816	487.643
4022	181.864	487.64
4023	181.92	487.633
4026	182.088	487.612
4028	182.182	487.576
4029	182.231	487.575
4032	182.373	487.45
4034	182.475	487.445
4035	182.531	487.433
4037	182.637	487.432
4040	182.792	487.405
4044	182.989	487.372
4045	183.036	487.372
4049	183.263	487.356
4051	183.373	487.343
4055	183.57	487.34
4058	183.724	487.322
4059	183.771	487.268
4067	184.187	487.265
4071	184.388	487.196
4073	184.49	487.132
4074	184.543	486.611
4076	184.643	486.604
4078	184.748	486.591
4079	184.798	486.581
4081	184.893	486.557
4082	184.943	486.522
4083	184.992	486.516
4084	185.045	486.501
4085	185.097	486.49
4086	185.147	486.429
4087	185.198	486.402
4088	185.251	486.32
4089	185.3	486.304
4090	185.348	486.293
4091	185.395	486.29
4093	185.493	486.245
4094	185.555	486.244
4095	185.604	486.233
4096	185.654	486.202
4097	185.709	486.198
4098	185.762	486.169
4099	185.817	486.148
4103	186.028	486.131
4104	186.081	486.124
4105	186.131	486.072
4106	186.18	486.067
4107	186.228	486.05
4108	186.281	486.007
4109	186.332	485.944
4110	186.393	485.941
4111	186.451	485.935
4112	186.501	485.923
4113	186.556	485.899
4114	186.604	485.877
4115	186.652	485.85
4116	186.701	485.803
4117	186.754	485.797
4118	186.803	485.758
4119	186.85	485.701
4120	186.911	485.7
4121	186.959	485.693
4122	187.007	485.67
4123	187.055	485.627
4125	187.167	485.601
4127	187.27	485.567
4128	187.32	485.561
4129	187.37	485.551
4130	187.417	485.549
4131	187.466	485.526
4133	187.562	485.467
4134	187.613	485.415
4135	187.666	485.412
4136	187.715	485.392
4137	187.763	485.372
4140	187.93	485.368
4141	187.981	485.365
4142	188.099	485.351
4143	188.166	485.35
4144	188.242	485.339
4145	188.295	485.334
4147	188.398	485.326
4150	188.556	485.317
4151	188.604	485.27
4152	188.653	485.232
4153	188.701	485.177
4155	188.797	485.141
4156	188.844	485.116
4157	188.902	485.108
4158	188.959	485.093
4160	189.064	485.081
4161	189.113	485.061
4162	189.165	485.026
4163	189.218	485.016
4167	189.438	485.002
4169	189.536	484.993
4170	189.586	484.978
4172	189.694	484.978
4173	189.743	484.063
4174	189.793	484.056
4175	189.848	484.045
4176	187.409	484.035
4177	187.466	482.897
4178	187.513	482.892
4179	187.567	482.862
4182	187.716	482.855
4184	187.818	482.822
4185	187.876	482.81
4188	188.05	482.789
4189	188.105	482.774
4190	188.154	482.722
4191	188.208	482.554
4192	188.26	482.534
4193	188.308	482.503
4194	188.357	482.458
4196	188.456	482.441
4197	188.503	482.379
4198	188.555	482.367
4199	188.614	482.359
4201	188.715	482.349
4203	188.812	482.34
4204	188.859	482.303
4205	188.91	482.22
4207	189.013	482.098
4208	189.063	482.07
4210	189.175	482.061
4211	189.225	482.035
4212	189.281	482.026
4213	189.334	482.018
4214	189.382	482.014
4215	189.43	481.968
4216	189.478	481.952
4217	189.53	481.939
4218	189.578	481.919
4220	189.672	481.916
4221	189.722	481.896
4222	189.777	481.889
4223	189.829	481.889
4224	189.88	481.878
4225	189.934	481.877
4226	189.993	481.875
4227	190.041	481.86
4229	190.142	481.797
4230	190.195	481.792
4231	190.249	481.791
4232	190.301	481.79
4235	190.463	481.769
4238	190.632	481.755
4239	190.682	481.688
4240	190.739	481.688
4241	190.79	481.673
4242	190.839	481.667
4243	190.885	481.644
4244	190.934	481.641
4245	190.986	481.632
4246	191.035	481.622
4247	191.09	481.616
4248	191.141	481.615
4249	191.19	481.593
4250	191.242	481.591
4252	191.344	481.566
4253	191.39	481.519
4254	191.447	481.479
4255	191.495	481.475
4256	191.545	481.468
4257	191.595	481.466
4258	191.644	481.447
4259	191.692	481.438
4260	191.74	481.291
4262	191.846	481.262
4263	191.895	481.132
4264	191.947	481.122
4265	192.01	481.107
4266	192.057	481.106
4268	192.151	481.105
4269	192.202	480.963
4270	192.25	480.948
4273	192.416	480.919
4274	192.465	480.837
4275	192.513	480.834
4276	192.561	480.824
4278	192.656	480.817
4279	192.708	480.799
4280	192.756	480.764
4282	192.86	480.755
4283	192.92	480.735
4284	192.971	480.728
4285	193.03	480.715
4286	193.08	480.577
4287	193.129	480.567
4289	193.226	480.535
4290	193.276	480.48
4292	193.373	480.478
4293	193.423	480.463
4294	193.483	480.447
4295	193.533	480.309
4297	193.633	480.242
4298	193.688	480.232
4300	193.802	480.226
4301	193.853	480.216
4303	193.951	480.215
4305	194.049	480.212
4307	194.145	480.21
4308	194.194	480.209
4314	194.5	480.1
4315	194.549	480.067
4316	194.604	480.062
4317	194.655	480.062
4319	194.759	480.051
4320	194.808	480.033
4321	194.856	479.997
4323	194.965	479.924
4324	195.022	479.923
4325	195.077	479.919
4326	195.132	479.902
4327	195.189	479.89
4328	195.238	479.813
4334	195.537	479.805
4335	195.587	479.706
4339	195.809	479.619
4340	195.858	479.186
4341	195.913	478.94
4342	195.964	478.873
4343	196.013	478.626
4344	196.062	478.469
4346	196.163	478.465
4348	196.259	478.412
4349	196.316	478.293
4350	196.366	478.254
4351	196.415	478.248
4352	196.463	478.195
4354	196.572	478.05
4360	196.872	478.049
4361	196.927	477.998
4362	196.989	477.995
4363	197.037	477.982
4364	197.087	477.955
4367	197.235	477.937
4368	197.284	477.888
4369	197.332	477.874
4372	197.479	477.809
4373	197.528	477.807
4374	197.587	477.804
4377	197.738	477.709
4380	197.886	477.659
4381	197.94	477.653
4382	197.993	477.613
4384	198.093	477.602
4385	198.144	477.592
4386	198.201	477.551
4388	198.303	477.548
4390	198.409	477.514
4391	198.458	477.513
4394	198.629	477.509
4395	198.686	477.497
4396	198.737	477.496
4399	198.96	477.458
4407	199.352	477.452
4411	199.556	477.42
4412	199.612	477.412
4413	199.664	477.375
4414	199.714	477.124
4415	199.776	477.123
4416	199.823	477.075
4418	199.928	477.069
4419	199.98	477.066
4421	200.08	477.055
4422	200.132	477.05
4423	200.188	477.025
4424	200.242	477.024
4426	200.345	476.983
4428	200.45	476.949
4430	200.567	476.942
4431	200.625	476.924
4433	200.72	476.885
4435	200.821	476.877
4436	200.881	476.851
4437	200.933	476.849
4438	200.981	476.827
4439	201.035	476.811
4440	201.096	476.808
4442	201.206	476.78
4443	201.256	476.762
4444	201.31	476.753
4445	201.364	476.733
4447	201.464	476.722
4448	201.519	476.682
4449	201.578	476.593
4450	201.635	476.591
4452	201.741	476.569
4453	201.798	476.547
4454	201.848	476.528
4455	201.896	476.527
4456	201.944	476.489
4458	202.039	476.458
4459	202.093	476.417
4462	202.242	476.389
4463	202.293	476.243
4465	202.391	476.229
4466	202.439	476.206
4467	202.486	476.189
4469	202.591	476.169
4470	202.643	476.143
4471	202.698	476.136
4472	202.749	476.118
4473	202.809	476.112
4474	202.859	476.092
4475	202.909	476.078
4476	202.958	476.043
4477	203.007	476.029
4481	203.213	476.01
4482	203.262	475.994
4483	203.312	475.975
4484	203.359	475.973
4485	203.413	475.958
4486	203.466	475.946
4488	203.576	475.936
4490	203.703	475.921
4491	203.754	475.888
4492	203.802	475.858
4495	203.957	475.834
4496	204.009	475.806
4497	204.057	475.801
4498	204.105	475.799
4500	204.21	475.799
4501	204.266	475.748
4502	204.319	475.723
4503	204.373	475.655
4505	204.478	475.654
4506	204.532	475.594
4509	204.704	475.577
4510	204.753	475.567
4512	204.866	475.564
4513	204.914	475.544
4514	204.967	475.538
4517	205.15	475.295
4518	205.206	475.275
4519	205.267	475.257
4521	205.374	475.256
4522	205.436	475.251
4523	205.489	475.237
4525	205.596	475.202
4527	205.692	475.194
4528	205.746	475.057
4529	205.809	475.036
4531	205.906	475.01
4532	205.954	475.007
4534	206.055	474.972
4535	206.103	474.97
4536	206.151	474.933
4537	206.209	474.916
4538	206.257	474.913
4539	206.304	474.91
4541	206.405	474.906
4545	206.62	474.859
4546	206.675	474.788
4547	206.723	474.674
4548	206.77	474.669
4550	206.874	474.653
4551	206.93	474.641
4552	206.984	474.594
4553	207.039	474.583
4554	207.091	474.58
4555	207.155	474.547
4556	207.204	474.531
4557	207.301	474.484
4558	207.367	474.463
4559	207.424	474.46
4561	207.527	474.45
4562	207.582	474.445
4563	207.642	474.42
4564	207.695	474.405
4565	207.744	474.405
4566	207.794	474.4
4568	207.899	474.379
4570	207.994	474.373
4571	208.05	474.369
4572	208.107	474.36
4574	208.214	474.357
4575	208.263	474.343
4576	208.315	473.981
4578	208.413	473.972
4581	208.559	473.963
4582	208.62	473.962
4583	208.685	473.952
4584	208.74	473.9
4585	208.795	473.895
4586	208.852	473.875
4590	209.052	473.874
4591	209.103	473.8
4592	209.153	473.77
4593	209.202	473.743
4594	209.27	472.942
4596	209.374	472.942
4597	209.429	472.93
4598	209.477	472.912
4600	209.573	472.783
4601	209.636	472.587
4602	209.697	472.532
4603	209.752	472.401
4608	210.016	472.395
4609	210.065	472.331
4610	210.115	472.287
4611	210.185	472.282
4612	210.246	472.28
4613	210.299	472.28
4614	210.348	472.224
4615	210.398	472.22
4616	210.453	472.202
4619	210.622	472.166
4620	210.68	472.147
4621	210.74	472.117
4622	210.792	472.091
4625	210.942	472.067
4626	210.993	471.978
4627	211.04	471.976
4629	211.142	471.955
4630	211.191	471.867
4632	211.288	471.862
4633	211.34	471.854
4634	211.398	471.843
4637	211.543	471.796
4638	211.594	471.782
4639	211.647	471.781
4640	211.7	471.774
4643	211.858	471.769
4645	211.974	471.768
4646	212.025	471.759
4650	212.226	471.503
4651	212.278	471.501
4652	212.336	471.333
4653	212.4	471.291
4654	212.449	471.283
4655	212.499	471.261
4656	212.554	471.258
4657	212.606	471.257
4658	212.657	471.254
4659	212.704	471.248
4660	212.752	471.236
4661	212.81	471.212
4663	212.915	471.151
4665	213.021	471.146
4666	213.078	471.12
4667	213.158	471.113
4671	213.386	471.087
4675	213.596	471.003
4677	213.693	471.002
4678	213.743	470.998
4679	213.792	470.963
4680	213.843	470.687
4681	213.892	470.502
4682	213.94	470.469
4683	214.001	470.291
4684	214.049	470.274
4686	214.174	470.266
4688	214.279	470.238
4689	214.328	470.178
4690	214.378	470.161
4691	214.43	470.128
4694	214.592	470.118
4697	214.746	469.975
4700	214.904	469.974
4702	215.021	469.97
4703	215.073	469.956
4704	215.123	469.943
4706	215.224	469.941
4708	215.333	469.931
4709	215.384	469.925
4710	215.433	469.924
4711	215.484	469.919
4712	215.545	469.866
4714	215.655	469.865
4715	215.705	469.864
4717	215.812	469.846
4718	215.866	469.84
4720	215.968	469.828
4725	216.221	469.809
4726	216.27	469.794
4728	216.372	469.786
4730	216.475	469.766
4731	216.536	469.749
4734	216.691	469.717
4735	216.74	469.702
4736	216.79	469.702
4738	216.91	469.685
4739	216.966	469.647
4740	217.014	469.638
4742	217.112	469.622
4747	217.38	469.596
4749	217.497	469.587
4750	217.553	469.585
4751	217.608	469.558
4752	217.66	469.543
4753	217.709	469.519
4754	217.763	469.516
4756	217.863	469.513
4757	217.911	469.507
4758	217.963	469.503
4759	218.011	469.493
4760	218.06	469.49
4761	218.109	469.475
4762	218.158	469.47
4763	218.206	469.47
4764	218.265	469.331
4766	218.367	469.305
4768	218.467	469.251
4769	218.519	469.246
4770	218.577	469.243
4771	218.639	469.241
4772	218.69	469.218
4773	218.742	469.185
4775	218.848	469.169
4776	218.902	469.132
4777	218.956	469.132
4778	219.009	469.122
4779	219.063	469.108
4780	219.116	469.1
4782	219.22	469.081
4783	219.275	469.078
4784	219.331	469.057
4785	219.388	469.05
4786	219.441	469.047
4788	219.55	469.025
4789	219.601	468.953
4790	219.662	468.951
4792	219.778	468.95
4793	219.828	468.935
4794	219.88	468.92
4795	217.419	468.916
4796	217.469	468.889
4799	217.632	468.831
4801	217.734	468.824
4803	217.842	468.799
4805	217.938	468.786
4806	217.989	468.783
4807	218.038	468.745
4809	218.149	468.729
4810	218.203	468.715
4811	218.254	468.705
4812	218.304	468.635
4813	218.378	468.626
4814	218.477	468.596
4815	218.538	468.527
4816	218.59	468.397
4817	218.644	468.388
4818	218.693	468.35
4819	218.746	468.313
4820	218.798	468.312
4821	218.853	468.307
4822	218.904	468.29
4823	218.967	468.27
4824	219.024	468.237
4825	219.074	468.228
4828	219.223	468.217
4830	219.323	468.215
4831	219.375	468.042
4832	219.43	468.03
4833	219.482	468.014
4834	219.543	467.997
4835	219.595	467.981
4836	219.65	467.975
4837	219.7	467.969
4840	219.847	467.968
4841	219.898	467.951
4842	219.945	467.946
4843	219.994	467.901
4844	220.049	467.884
4845	220.097	467.883
4846	220.15	467.861
4849	220.306	467.856
4850	220.358	467.846
4852	220.463	467.845
4853	220.511	467.805
4856	220.667	467.783
4857	220.723	467.559
4858	220.782	467.556
4859	220.842	467.529
4862	220.997	467.526
4863	221.051	467.522
4864	221.106	467.506
4865	221.158	467.502
4866	221.207	467.49
4867	221.259	467.489
4869	221.363	467.47
4870	221.418	467.468
4871	221.473	467.461
4872	221.544	467.453
4873	221.594	467.45
4874	221.654	467.422
4875	221.715	467.421
4876	221.775	467.385
4878	221.876	467.381
4879	221.934	467.371
4881	222.041	467.361
4883	222.149	467.355
4885	222.251	467.313
4887	222.349	467.205
4888	222.396	467.188
4890	222.505	467.175
4891	222.555	467.174
4892	222.602	467.146
4893	222.652	467.138
4894	222.701	467.134
4895	222.753	467.049
4896	222.806	467.043
4897	222.86	467.022
4900	223.015	467.02
4901	223.074	467.001
4902	223.134	466.998
4903	223.202	466.986
4905	223.302	466.972
4906	223.362	466.971
4908	223.462	466.965
4909	223.521	466.963
4910	223.575	466.944
4912	223.671	466.942
4914	223.767	466.932
4915	223.819	466.931
4916	223.871	466.871
4920	224.086	466.863
4921	224.141	466.859
4922	224.189	466.856
4924	224.294	466.849
4925	224.343	466.846
4926	224.392	466.841
4927	224.441	466.835
4928	224.5	466.835
4929	224.554	466.832
4930	224.618	466.831
4931	224.672	466.81
4932	224.721	466.782
4933	224.768	466.755
4934	224.818	466.633
4935	224.868	466.632
4940	225.137	466.599
4943	225.296	466.458
4946	225.453	466.452
4949	225.607	466.424
4950	225.656	466.421
4954	225.871	466.383
4955	225.93	466.379
4958	226.104	466.372
4961	226.26	466.354
4962	226.308	466.352
4966	226.523	466.296
4967	226.576	466.284
4969	226.683	466.264
4970	226.732	466.181
4973	226.886	466.178
4974	226.956	466.178
4975	227.008	466.094
4976	227.06	466.081
4977	227.117	466.036
4978	227.177	466.019
4980	227.296	466.014
4983	227.464	465.966
4985	227.57	465.964
4988	227.728	465.963
4990	227.836	465.948
4991	227.889	465.943
4992	227.938	465.861
4993	227.987	465.684
4994	228.038	465.646
4995	228.09	465.639
4996	228.138	465.637
4997	228.2	465.635
5000	228.363	465.605
# FIN	228.363	465.605

