# target=instancias/mona.png T=340 iters=5000 K=32 seed=auto
iter	segundos	MSE
0	0.00480567	9311.59
1	0.031031	9227.77
2	0.0563734	9216.18
3	0.0816888	9198.79
4	0.106527	9159.56
5	0.131956	9132.67
6	0.157699	9130.04
7	0.183061	9127.28
8	0.209169	9126.79
9	0.234418	9098.07
10	0.259946	9083.83
11	0.285671	9061.98
12	0.310863	9061.66
13	0.336298	9007.86
14	0.361735	9006.48
15	0.387429	9006.06
16	0.412905	9005.78
17	0.438683	8972.8
18	0.464718	8941.78
19	0.490691	8923.28
20	0.516192	8860.33
21	0.54165	8852.53
22	0.567988	8799.44
23	0.594301	8753.66
24	0.620828	8657.07
25	0.647259	8654.97
26	0.674387	8618.86
27	0.702033	8618.06
28	0.728669	8516.48
29	0.755073	8502.84
30	0.780935	8470.69
31	0.809295	8435.11
32	0.835929	8387.79
33	0.862516	8364.5
34	0.888651	8316.1
35	0.916791	8313.45
36	0.94353	8304.23
37	0.969955	8282.8
38	0.996663	8258.31
39	1.02392	8192.09
40	1.05133	8178.21
41	1.07764	8132.51
42	1.10474	8092.76
43	1.13277	8092.48
44	1.15982	8077.31
45	1.18626	8040.85
46	1.21242	8039.42
47	1.24023	8020.48
48	1.26656	8006.23
49	1.29314	7993.42
50	1.32015	7992.84
51	1.34862	7946.44
52	1.37571	7914.84
53	1.40274	7898.44
54	1.42958	7845.73
55	1.45822	7836.7
56	1.48502	7805.63
57	1.5128	7744.03
58	1.54053	7742.62
59	1.56875	7718.92
60	1.59603	7706.76
61	1.62317	7680.18
62	1.6504	7661.58
63	1.67748	7660.85
64	1.70659	7660.71
65	1.73564	7651.82
66	1.7642	7633.72
67	1.79443	7604.76
68	1.82716	7573.25
69	1.85772	7566.58
70	1.8852	7566.41
71	1.91293	7537.64
72	1.94124	7536.46
73	1.96954	7458.48
74	1.99776	7447.51
75	2.02492	7373.43
76	2.05345	7367.46
77	2.08254	7363.62
78	2.11243	7265.47
79	2.14442	7264.18
80	2.17328	7229.99
81	2.20196	7224.77
82	2.23293	7216.57
83	2.26143	7174.36
84	2.28913	7149.45
85	2.31803	7144.06
86	2.34996	7106.49
87	2.37771	7104.67
88	2.40553	7083.25
89	2.4337	7023.72
90	2.46217	7023.71
91	2.49052	7023.39
92	2.5185	7015.85
93	2.54598	7015.63
94	2.57471	7007.35
95	2.60232	6981.34
96	2.63009	6981.07
97	2.65783	6968.9
98	2.68555	6945.16
99	2.71294	6935.01
100	2.74177	6934.95
101	2.76872	6914.02
102	2.79668	6850.47
103	2.82623	6837.79
104	2.85411	6791.67
106	2.9108	6789.64
107	2.93923	6765.78
108	2.96729	6762.8
109	2.99512	6746.04
110	3.02405	6735.96
111	3.05462	6732.24
112	3.11363	6719.46
113	3.18767	6690.83
114	3.23388	6690.68
115	3.2971	6630.73
116	3.35969	6603.87
117	3.42063	6577.91
118	3.46847	6487.54
119	3.49732	6485.75
120	3.53729	6439.59
121	3.56968	6405.42
122	3.59859	6396.29
123	3.6273	6391.65
124	3.65753	6391.57
125	3.68801	6370.17
126	3.7201	6330.39
127	3.75797	6305.91
128	3.79865	6300.2
129	3.84044	6299.79
130	3.88622	6294.75
131	3.92074	6285.62
132	3.95058	6264.12
133	3.98436	6251.56
134	4.01634	6191.24
135	4.05479	6191.22
136	4.08564	6158.65
137	4.12075	6155.68
138	4.15083	6148.24
139	4.18006	6146.75
140	4.20985	6122.25
141	4.24137	6121.42
142	4.27428	6087.42
143	4.30312	6069.6
144	4.33376	6028.82
145	4.36595	6015.41
146	4.39873	5990.66
147	4.42915	5990.31
148	4.45865	5984.39
149	4.49043	5953.63
150	4.52168	5935.18
151	4.55189	5896.09
152	4.5836	5864.84
153	4.61648	5850.91
154	4.64671	5823.83
155	4.67866	5823.06
156	4.70979	5798.27
157	4.74102	5748.17
158	4.7723	5739.65
159	4.80389	5715.36
160	4.83423	5672.91
161	4.86627	5667.83
162	4.89771	5664.6
163	4.93048	5662.81
164	4.96419	5661.78
165	4.99383	5657.91
166	5.02279	5640.37
167	5.0549	5628.87
168	5.08794	5628.62
169	5.1189	5627.05
170	5.15105	5625
171	5.18139	5618.11
172	5.21392	5614.05
173	5.24541	5608.92
174	5.27544	5598.58
175	5.30627	5575.73
176	5.33961	5573.51
177	5.36962	5544.55
178	5.40151	5525.39
179	5.44358	5523.96
180	5.49078	5522.28
181	5.52322	5492.05
182	5.55684	5489.72
183	5.58682	5487.64
184	5.61723	5486.91
185	5.64906	5479.67
186	5.68367	5447.59
187	5.7166	5444.24
188	5.75508	5444.12
189	5.79749	5400.84
190	5.86204	5377.31
191	5.90819	5376.15
192	5.94718	5375.67
193	5.98831	5364.29
194	6.02199	5364.12
195	6.0545	5306.43
196	6.08817	5230.75
197	6.12033	5228.38
198	6.15266	5189.23
199	6.18754	5159.66
200	6.22468	5159.66
201	6.26318	5154.32
202	6.30348	5153.38
203	6.34113	5151.56
204	6.38274	5151.01
205	6.42545	5132.56
206	6.45986	5115.75
207	6.49159	5112.72
208	6.52338	5111.7
209	6.55843	5111.34
210	6.5899	5102.51
211	6.62333	5102.47
212	6.65775	5099.44
213	6.68974	5086.72
214	6.72187	5086.34
215	6.75651	5051.89
216	6.78755	5028.52
217	6.8223	5016.13
218	6.85378	5012.78
219	6.88409	5007.16
220	6.91476	5004.9
221	6.94829	5000.8
222	6.98152	4977.83
223	7.01251	4975.64
224	7.05181	4974.16
225	7.08373	4963.66
226	7.11628	4946.54
227	7.14777	4941.67
228	7.18461	4940.84
229	7.21821	4928.42
230	7.24901	4921.13
231	7.28113	4920.79
232	7.31861	4917.61
233	7.35267	4899.01
234	7.38753	4898.55
235	7.42464	4880.16
236	7.45845	4880.13
237	7.4909	4867.14
238	7.52529	4866.25
239	7.56306	4849.56
240	7.59444	4849.23
241	7.62649	4849.07
242	7.66174	4844.27
243	7.69587	4842.57
244	7.72801	4842.44
245	7.76617	4835.81
246	7.80137	4822.45
247	7.8338	4822.36
248	7.8678	4793.83
249	7.9046	4789.01
250	7.93611	4785.58
251	7.96751	4785.52
252	8.00225	4747.38
253	8.03527	4726.85
254	8.06675	4724.2
255	8.1024	4720.54
256	8.13692	4720.09
257	8.16819	4718.85
258	8.20052	4715.1
259	8.23357	4704.48
260	8.26859	4701.8
261	8.30034	4693.34
262	8.33352	4688.83
263	8.36699	4681.1
264	8.39931	4670.73
265	8.43093	4662.7
266	8.46291	4660.62
267	8.49642	4657.52
268	8.52831	4653.75
269	8.56014	4649.49
270	8.59158	4593.91
271	8.62712	4589.08
272	8.66184	4561.47
273	8.69661	4558.63
274	8.7283	4556.41
275	8.76282	4532.72
276	8.79883	4530.31
277	8.83172	4489.66
278	8.86702	4488.69
279	8.90297	4451.21
280	8.93584	4451.13
281	8.97075	4450.06
282	9.00689	4447.07
283	9.04163	4446.71
284	9.07431	4446.54
285	9.10661	4446.43
286	9.14275	4443.81
287	9.17704	4432.1
288	9.20914	4423.54
289	9.24221	4394.45
290	9.27638	4361.25
291	9.3103	4357.47
292	9.34416	4357.18
293	9.37604	4345.61
294	9.40789	4342.79
295	9.44417	4340.65
296	9.47784	4340.64
297	9.51006	4323.15
298	9.54494	4306.34
300	9.61158	4296.9
301	9.64397	4295.76
302	9.67888	4292.92
303	9.71205	4277.95
304	9.74614	4276.26
305	9.78023	4273.29
306	9.81348	4243.7
307	9.84594	4239.31
308	9.88109	4235.89
309	9.91742	4234.9
310	9.94956	4221.13
311	9.98206	4197.47
312	10.0185	4193.6
313	10.0528	4189.81
314	10.0857	4179.46
315	10.1182	4175.77
316	10.1535	4169.59
317	10.1865	4169.58
318	10.2192	4160.61
319	10.2561	4159.81
320	10.2892	4157.25
321	10.3235	4156.05
322	10.3584	4143.78
323	10.3915	4142.72
324	10.4245	4138.56
325	10.4599	4137.04
326	10.4934	4134.07
327	10.5263	4130.53
328	10.5637	4130.44
329	10.5983	4128.65
330	10.6311	4102.96
331	10.6678	4092.96
332	10.7033	4092.41
333	10.7403	4084.14
334	10.7733	4074.42
335	10.808	4071.69
336	10.8436	4067.93
337	10.8758	4059.77
338	10.9098	4047.98
339	10.9452	4047.16
340	10.9806	4020.75
341	11.0134	3982.24
342	11.0497	3968.61
343	11.0825	3968.2
344	11.1156	3948.76
345	11.1511	3945.55
346	11.1872	3944.17
347	11.2225	3942.52
348	11.2592	3939.86
349	11.2948	3938.89
350	11.3282	3938.29
351	11.3642	3911.78
352	11.3994	3911.46
353	11.4328	3906.94
354	11.4685	3906.92
355	11.5069	3906.69
356	11.5414	3905.69
357	11.5761	3905.34
358	11.6139	3891.43
359	11.6475	3890.72
360	11.6831	3866.47
361	11.7208	3854.06
362	11.7546	3838.46
363	11.7882	3815.87
364	11.8268	3782.77
365	11.8623	3782.69
366	11.8984	3766.45
367	11.9353	3766.44
368	11.9717	3737.26
369	12.0061	3710.51
370	12.0426	3702.89
371	12.0801	3668.39
372	12.1154	3623.48
373	12.1511	3619.44
374	12.189	3603.23
375	12.2236	3603.22
376	12.2575	3583.72
377	12.2929	3583.28
378	12.3288	3580.91
379	12.3636	3550.98
380	12.4012	3548.55
381	12.4392	3527.44
382	12.4742	3525.04
383	12.5114	3523.64
384	12.5499	3522.67
385	12.5859	3513.44
386	12.6213	3510.39
387	12.6591	3509.84
388	12.6979	3505.2
389	12.7353	3499.83
390	12.7719	3499.16
391	12.812	3497.4
392	12.8495	3479.67
393	12.8844	3474.53
394	12.9213	3468.33
395	10.4729	3466.8
396	10.5084	3460.43
397	10.5449	3458.85
398	10.5813	3455.21
399	10.6165	3451.73
400	10.651	3448.64
401	10.6889	3438.45
402	10.7256	3437.43
403	10.7635	3437.34
404	10.7979	3435.31
405	10.8361	3429.35
406	10.8708	3426.11
407	10.905	3422.05
408	10.9425	3403.68
409	10.982	3403.31
410	11.017	3403.23
411	11.052	3395.56
412	11.088	3395.19
413	11.1324	3345.6
414	11.1682	3338.42
415	11.204	3287.32
416	11.2394	3282.21
417	11.276	3277.54
418	11.311	3230.32
419	11.3466	3229.83
420	11.3845	3182.47
421	11.424	3181.15
422	11.4594	3180.32
423	11.4972	3162.31
424	11.5321	3158.83
425	11.5704	3154.69
426	11.6102	3153.93
427	11.6448	3151.55
428	11.6836	3142.99
429	11.7232	3135.91
430	11.759	3135.9
431	11.7984	3135.84
432	11.8345	3134.3
433	11.8699	3134.15
434	11.9089	3132.42
435	11.9471	3106.87
436	11.9872	3106.78
437	12.0227	3103.14
438	12.0583	3102.93
439	12.0964	3091.09
440	12.1328	3090.81
441	12.1682	3076.46
442	12.2057	3069.03
443	12.2437	3068.37
444	12.2845	3048.19
445	12.32	3047.64
446	12.3591	3047.61
447	12.3948	3046.26
448	12.4302	3046.01
449	12.4668	3042.37
450	12.5066	3030.13
451	12.5426	3029.92
452	12.5789	3028.21
453	12.6191	3006.93
454	12.6577	3006.66
455	12.6928	2973.58
456	12.7279	2971.87
457	12.7634	2964.09
458	12.803	2924.77
459	12.8437	2922.35
460	12.8834	2916.1
461	12.9233	2913.45
462	12.9609	2910.78
463	12.9987	2909.49
464	13.0374	2908.07
465	13.0733	2905.45
466	13.1108	2878.62
467	13.1526	2842.87
468	13.1885	2841.07
469	13.2309	2839.41
470	13.2695	2839.24
471	13.3054	2838.5
472	13.3428	2835.88
473	13.3825	2794.2
474	13.4228	2763.44
475	13.4707	2762.33
476	13.5115	2745.33
477	13.5508	2724.9
478	13.5872	2721.98
479	13.6278	2719.42
480	13.6642	2716.62
481	13.7004	2716.37
482	13.7386	2713.29
483	13.7802	2709.59
484	13.8191	2699.6
485	13.8555	2699.4
486	13.8956	2697.35
487	13.9321	2696.29
488	13.9711	2693.37
489	14.0152	2649.92
490	14.0517	2609.91
491	14.09	2606.7
492	14.1284	2585.08
493	14.1645	2564.05
494	14.2065	2559.53
495	14.2455	2559.51
496	14.2818	2558.35
497	14.3214	2556.82
498	14.3607	2554.56
499	14.3976	2553.59
500	14.4341	2546.57
501	14.4775	2544.43
502	14.5152	2541.92
503	14.5546	2541.43
504	14.5979	2541.28
505	14.635	2541.08
506	14.6717	2534.78
507	14.7151	2533.03
508	14.752	2532.97
509	14.791	2530.41
510	14.8338	2530.23
511	14.8757	2527.07
512	14.9149	2526.63
513	14.9529	2525.8
514	14.9946	2522.64
515	15.0316	2510.36
516	15.0685	2506.73
517	15.1111	2503.13
518	15.1479	2490.85
519	15.1854	2487.26
520	15.2229	2486.82
521	15.264	2472.26
522	15.3018	2471.3
523	15.3393	2470.88
524	15.3827	2470.84
525	15.4198	2468.91
526	15.4567	2466.32
527	15.498	2466.14
528	15.5359	2466.06
529	15.5734	2439.56
530	15.6134	2401.83
531	15.6551	2401.39
532	15.6931	2399.71
533	15.7317	2391.63
534	15.773	2390.52
535	15.8108	2348.03
536	15.8552	2268.39
537	15.8935	2267.28
538	15.9315	2248.25
539	15.9775	2237.39
540	16.015	2237.39
541	16.0565	2237.19
542	16.0952	2236.64
543	16.1323	2236.04
544	16.1772	2235.89
545	16.2166	2234.25
546	16.2541	2230.38
547	16.2958	2229.84
548	16.3392	2227.34
549	16.3765	2226.76
550	16.4166	2226.29
551	16.4584	2225.96
552	16.5022	2224.23
553	16.5463	2215.47
555	16.6261	2176.87
556	16.665	2176.11
557	16.7024	2167.25
558	16.7401	2166.67
559	16.7822	2164.78
560	16.8218	2163.05
561	16.8635	2162.96
562	16.9054	2140.86
563	16.9451	2140.62
564	16.9828	2140.16
565	17.0261	2139.75
566	17.067	2132.7
567	17.1046	2123.99
568	17.1431	2123.93
569	17.1861	2091.11
570	17.2243	2087.76
571	17.2663	2086.85
572	17.304	2084.11
573	17.3431	2057.81
574	17.3876	2056.77
575	17.428	2056.32
576	17.4692	2056.31
577	17.5081	2046.99
578	17.5503	2044.49
579	17.5926	2038.32
580	17.633	2037.88
581	17.6722	2037.74
582	17.7164	2037.24
583	17.7544	2029.59
584	17.794	2029.21
585	17.8369	2026.19
586	17.8768	2011.69
587	17.9161	2011.59
588	17.9566	1998.69
589	17.9991	1995.45
590	18.0378	1994.73
591	18.0799	1994.72
592	18.1191	1973.32
593	18.1576	1964.62
594	18.1997	1957.89
595	18.2443	1957.01
596	18.2932	1957
597	18.3316	1954.56
598	18.3733	1951.6
599	18.4154	1941.73
600	18.4542	1938.79
601	18.4963	1932.18
602	18.5373	1928.31
603	18.579	1927.5
604	18.6203	1925.28
605	18.6605	1924.09
606	18.6993	1923.9
607	18.7437	1923.42
608	18.7821	1922.06
609	18.8205	1921.66
610	18.865	1883.78
611	18.9083	1880.07
612	18.9476	1876.32
613	18.9875	1872.1
614	19.0284	1870.54
615	19.0681	1868.48
616	19.1116	1865
617	19.1526	1837.96
618	19.1951	1835.74
619	19.2356	1830.94
620	19.2744	1830.63
621	19.3188	1827.22
622	19.3578	1826.17
623	19.3998	1825.82
624	19.4419	1825.61
625	19.4824	1824.63
626	19.5215	1824
627	19.5622	1821.65
628	19.6055	1812.49
629	19.6468	1800.22
630	19.69	1788.45
631	19.7286	1782.79
632	19.7696	1781.97
633	19.8109	1756.3
634	19.8499	1756.15
635	19.8894	1752.82
636	19.9348	1752.77
637	19.9741	1748.21
638	20.0152	1739.03
639	20.055	1738.98
640	20.101	1729.18
641	20.1418	1728.98
642	20.1821	1727.43
643	20.2247	1726.81
644	20.2666	1725.25
645	20.3058	1725.21
646	20.349	1714.8
647	20.3972	1713.22
648	20.4372	1710.15
649	20.4783	1710.11
650	20.5198	1708.75
651	20.5597	1706.69
652	20.6044	1703.95
653	20.6485	1703.41
654	20.6883	1701.59
656	20.7743	1701.28
657	20.8157	1701.26
658	20.8556	1697.06
659	20.8977	1696.5
660	20.9387	1693.8
661	20.979	1693.04
662	21.0215	1672.78
663	21.0624	1672.45
664	21.1068	1669.87
665	21.1503	1669.23
666	21.1898	1666.76
667	21.236	1660.66
668	21.2784	1660.64
669	21.321	1660.58
670	21.3626	1658.23
671	21.4022	1655.77
672	21.4471	1655.53
673	21.4869	1654.49
674	21.5312	1652.38
675	21.5796	1652.11
676	21.6201	1648.61
677	21.6649	1645.96
678	21.7044	1635.59
679	21.7468	1633.76
680	21.7863	1595.41
681	21.8331	1594.8
682	21.8772	1586.2
683	21.9217	1586.13
684	21.9614	1558.56
685	22.0012	1557.48
686	22.0441	1556.87
687	22.0859	1555.61
688	22.1271	1554.94
689	22.1689	1554.8
690	22.2124	1554.63
691	22.253	1553.41
692	22.2952	1552.87
693	22.3388	1551.81
694	22.3791	1551.7
695	22.4273	1551.64
696	22.468	1551.12
697	22.5114	1551.09
698	22.552	1534.68
699	22.5942	1534.49
700	22.6366	1533.82
701	22.6812	1533.34
702	22.7286	1531.26
703	22.7693	1522.85
704	22.8124	1506.01
705	22.8573	1505.71
706	22.8995	1494.78
707	22.9426	1494.69
708	22.987	1488.2
709	23.0362	1487.87
710	23.0781	1487.78
711	23.1182	1478.88
712	23.1661	1468.14
713	23.2123	1467.98
714	23.257	1462.14
715	23.2988	1461.72
716	23.3439	1460.93
717	23.3848	1459.84
718	23.4286	1453.66
719	23.4693	1429.23
720	23.5156	1429.12
721	23.5617	1424.66
722	23.6026	1424.46
723	23.6439	1424.44
724	23.6948	1424.41
725	23.7395	1419.95
726	23.7837	1419.76
727	23.8245	1419.66
728	23.87	1418.91
729	23.9125	1418.71
730	23.9579	1418.47
731	23.9993	1393.82
732	24.0415	1393.45
733	24.085	1392.14
734	24.1292	1390.59
735	24.1698	1390.47
736	24.2127	1388.91
737	24.2571	1388.7
738	24.2997	1388.34
739	24.3423	1387.67
740	24.3861	1386.73
741	24.4334	1386.37
742	24.4754	1386.31
743	24.5245	1385.38
744	24.5657	1385.08
745	24.6114	1384.02
746	24.6526	1383.37
747	24.7009	1382.96
748	24.7459	1360.68
749	24.7896	1360.01
750	24.8406	1360.01
751	24.8841	1352.36
752	24.9276	1352.21
753	24.9693	1342.41
755	25.0565	1335.09
756	25.104	1334.52
757	25.1475	1334.46
758	25.1908	1328.64
759	25.2437	1328.47
760	25.2869	1327.49
761	25.3308	1327.43
762	25.3777	1326.77
763	25.4254	1324.97
764	25.4693	1323.53
765	25.5179	1323.48
766	25.5637	1323.27
767	25.6198	1322.53
768	25.6637	1322.48
769	25.7262	1319.36
770	25.7897	1319.35
771	25.8443	1319.29
772	25.8976	1316.74
773	25.9394	1316.73
774	25.9869	1316.39
775	26.0394	1308.63
776	26.0818	1308.22
777	26.132	1307.66
778	26.1775	1305.55
779	26.2252	1298.44
780	26.277	1298.36
781	26.3228	1298.14
782	26.3665	1298.05
783	26.4089	1298.05
784	26.4555	1293.54
785	26.4972	1293.54
786	26.5441	1293.37
787	26.591	1290.92
788	26.6393	1290.9
789	26.6949	1287.44
790	26.7454	1287.2
791	26.8016	1287.15
792	26.8513	1287.07
793	26.8977	1286.49
794	26.9497	1285.28
795	26.9923	1285.03
796	27.0522	1284.83
798	27.1658	1281.43
799	27.23	1281.14
800	27.2796	1280.36
801	27.327	1279.84
802	27.3705	1279.77
803	27.4153	1279.68
804	27.467	1279.43
805	27.5094	1275.53
806	27.5531	1261
807	27.6055	1237.54
808	27.6539	1234.13
809	27.7043	1234
810	27.7746	1232.92
811	27.8221	1232.2
812	27.8669	1230.57
813	27.9125	1214.52
814	27.9581	1200.91
815	28.0009	1200.77
816	28.0486	1197.33
817	28.0921	1192.88
818	28.1383	1181.62
819	28.1838	1181.55
820	28.2269	1178.19
821	28.2736	1178.18
822	28.3156	1174.71
823	28.3643	1174.03
824	28.4062	1172.75
825	28.4529	1172.7
826	28.4977	1172.07
827	28.5423	1171.57
828	28.5876	1169.78
829	28.6305	1148.82
830	28.6774	1144.98
831	28.7205	1144.1
832	28.7629	1142.86
833	28.8059	1131.35
834	28.8535	1131.27
835	28.8959	1131.1
836	28.9419	1130.26
837	28.9887	1129.83
838	29.0334	1128.96
839	29.0782	1128.7
840	29.1217	1126.68
841	29.1649	1125.48
842	29.2152	1121.06
843	29.2596	1120.51
844	29.3033	1120.35
845	29.3489	1119.83
846	29.3931	1119.72
847	29.4385	1118.81
848	29.4854	1118.77
849	29.5304	1116.46
850	29.5776	1116.17
851	29.6202	1114.35
852	29.6694	1114.14
853	29.7152	1114.08
854	29.7599	1113.89
855	29.8076	1101.4
856	29.8525	1100.24
857	29.8981	1099.44
858	29.9429	1098.95
859	29.989	1098.06
860	30.0343	1096.58
861	30.0781	1092.8
862	30.1261	1092.59
863	30.1722	1092.56
864	30.2174	1092.41
865	30.261	1091.84
866	30.3078	1089.7
867	30.3549	1089.56
868	30.3984	1089.53
869	30.4463	1085.78
870	30.4937	1049.46
871	30.5379	1048.84
872	30.5834	1048.53
873	30.6307	1047.32
874	30.6743	1046.95
875	30.7198	1005.37
876	30.7645	1004.12
877	30.8086	1003.6
878	30.8577	1003.29
879	30.9006	1002.48
880	30.9506	1002.47
881	30.9963	1002.32
882	31.0421	1002.25
883	31.0867	1001.68
884	31.1343	1001.62
885	31.1788	999.942
886	31.226	999.801
887	31.2705	999.749
888	31.3163	999.075
889	31.3597	997.872
891	31.4537	997.309
892	31.4965	995.103
893	31.5422	994.495
894	31.5887	994.253
895	31.632	993.377
896	31.6785	992.589
897	31.7219	991.851
898	31.7663	991.633
899	31.8152	991.134
900	31.8591	989.663
901	31.9072	989.494
902	31.9511	989.32
903	31.9977	989.069
904	32.0488	988.723
905	32.0923	988.681
906	32.1407	986.621
907	32.1847	986.562
908	32.2342	986.502
909	32.2853	980.808
910	32.3401	980.064
911	32.384	979.081
912	32.4337	978.55
913	32.4799	971.661
914	32.5267	970.171
915	32.5733	970.139
916	32.6167	970.113
917	32.6653	968.76
918	32.7114	967.799
919	32.7555	966.93
920	32.8027	966.013
921	32.8475	965.967
922	32.8948	965.958
923	32.9392	965.736
924	32.9882	965.727
925	33.0317	965.55
926	33.0782	964.111
927	33.1223	963.89
928	33.1694	957.955
929	33.2125	956.646
930	33.2599	955.665
931	33.3054	955.546
932	33.3512	951.05
933	33.3977	949.697
934	33.4416	949.231
936	33.5328	949.147
937	33.5765	948.753
938	33.6238	948.137
939	33.6671	947.533
940	33.7151	946.85
941	33.7618	946.324
942	33.8111	945.619
943	33.8557	945.507
944	33.9044	943.951
945	33.9483	942.966
946	33.9955	942.756
947	34.0423	940.788
948	34.0885	940.439
949	34.1352	940.054
950	34.1812	929.827
951	34.2275	928.967
952	34.2719	928.354
953	34.3172	928.33
954	34.3669	927.59
955	34.4183	915.386
956	34.4622	911.937
957	34.5077	909.819
958	34.5579	909.583
959	34.6038	909.075
960	34.6506	908.661
961	34.6967	907.475
962	34.7412	906.24
963	34.7896	906.082
964	34.8372	905.663
965	34.8859	905.537
966	34.9311	904.856
967	34.9825	900.143
968	35.0286	898.443
969	35.0737	897.766
970	35.1206	879.459
971	35.1655	877.813
972	35.2138	877.355
973	35.2584	875.147
975	35.352	874.637
976	35.3988	874.624
977	35.4458	870.694
978	35.4918	870.097
979	35.5382	869.515
980	35.5899	866.701
981	35.6358	866.567
982	35.6861	865.951
983	35.7323	865.748
984	35.7766	865.391
985	35.8257	865.261
986	35.8761	863.544
987	35.9237	860.69
988	35.9684	859.679
989	36.0154	859.677
990	36.0596	858.277
991	36.1037	854.903
992	36.1523	854.257
993	36.2021	851.377
994	36.2461	850.045
995	36.296	849.83
996	36.3404	849.534
997	36.3872	849.505
998	36.436	847.612
1000	36.5315	845.531
1002	36.6254	834.952
1003	36.6734	834.896
1004	36.7191	831.451
1005	36.767	830.891
1006	36.8151	829.46
1007	36.8595	828.973
1008	36.9084	828.956
1009	36.9526	828.859
1010	36.9972	828.345
1011	37.0491	828.247
1012	37.0932	828.078
1013	37.1415	827.886
1014	37.1889	827.148
1015	37.2359	826.853
1016	37.288	825.564
1017	37.3328	824.206
1018	37.381	823.779
1019	37.4314	823.221
1020	37.4764	794
1021	37.5239	793.652
1022	37.5721	790.301
1023	37.6168	790.225
1024	37.669	789.343
1025	37.7158	789.1
1026	37.7606	788.823
1027	37.8099	788.257
1028	37.8578	787.901
1029	37.9058	787.779
1030	37.9571	787.655
1031	38.0037	785.59
1032	38.0511	784.23
1033	38.0976	783.97
1034	38.1432	783.958
1035	38.1893	783.853
1036	38.2377	783.547
1037	38.2839	783.512
1038	38.3323	775.583
1039	38.3784	775.547
1040	38.4265	774.624
1041	38.4734	765.391
1042	38.5191	764.888
1043	38.5686	764.537
1044	38.6136	762.993
1045	38.6613	762.925
1046	38.7055	760.542
1047	38.7527	760.27
1048	38.8017	758.972
1049	38.85	752.563
1050	38.8975	752.518
1051	38.9456	750.788
1052	38.9942	749.596
1053	39.0413	749.583
1054	39.0894	749.063
1055	39.1363	749.04
1056	39.1814	748.646
1057	39.2278	748.241
1058	39.2752	742.214
1059	39.3238	741.379
1060	39.3683	741.369
1061	39.4177	740.185
1062	39.4644	740.083
1063	39.5114	740.076
1064	39.5579	740.061
1065	39.6074	739.972
1066	39.6551	739.891
1067	39.7061	739.788
1068	39.7535	739.317
1069	39.8002	739.008
1070	39.848	738.965
1071	39.8929	738.006
1072	39.9423	737.7
1073	39.9874	736.561
1074	40.0342	736.351
1075	40.0788	735.858
1076	40.1266	735.346
1078	40.2183	734.835
1079	40.2668	734.819
1080	40.313	734.438
1081	40.3596	733.911
1083	40.4534	733.89
1084	40.5001	733.832
1085	40.5448	733.607
1086	40.5943	732.675
1087	40.6409	732.237
1088	40.6884	717.293
1089	40.7383	717.094
1090	40.7848	717.084
1091	40.8311	714.494
1092	40.88	714.459
1093	40.9261	714.171
1094	40.975	713.615
1095	41.0248	713.35
1096	41.0696	713.271
1097	41.1192	713.189
1098	41.1661	713.062
1099	41.2128	712.901
1100	41.2598	712.372
1101	41.3067	712.085
1102	41.3574	711.965
1103	41.41	709.98
1104	41.4567	707.026
1105	41.5047	706.797
1106	41.5526	706.733
1107	41.6003	706.706
1108	41.6455	706.389
1109	41.6934	703.948
1110	41.7405	703.943
1111	41.7871	703.734
1112	41.8337	702.956
1113	41.8787	702.945
1114	41.9286	702.719
1115	41.9774	702.702
1116	42.0251	702.684
1117	42.0756	702.49
1118	42.1209	702.43
1119	42.1664	702.123
1120	42.2146	702.108
1121	42.2601	701.994
1122	42.3109	699.753
1123	42.3575	699.721
1124	42.4058	698.494
1125	42.4517	698.491
1126	42.4991	698.26
1127	42.5441	697.745
1128	42.5911	697.672
1129	42.6394	697.357
1130	42.6867	697.271
1131	40.2636	696.89
1132	40.3094	696.838
1133	40.3576	696.162
1134	40.405	694.772
1136	40.5012	694.676
1137	40.5469	694.086
1138	40.5956	693.088
1139	40.6462	692.734
1140	40.6927	691.55
1141	40.7413	691.269
1142	40.7901	691.195
1143	40.8368	691.151
1144	40.8869	691.081
1145	40.9342	690.691
1146	40.9834	689.995
1147	41.0301	684.099
1148	41.0808	683.484
1149	41.1296	683.322
1150	41.1797	682.924
1151	41.2253	682.127
1152	41.276	678.134
1153	41.3205	650.037
1154	41.3693	648.483
1155	41.418	648.46
1156	41.4666	647.331
1157	41.5136	644.897
1158	41.5636	642.995
1159	41.6093	642.752
1160	41.6587	640.138
1161	41.7053	640.125
1162	41.7573	639.931
1163	41.8028	639.631
1164	41.8487	639.158
1166	41.9473	638.617
1167	41.996	638.589
1168	42.0434	638.1
1169	42.0902	637.27
1170	42.1386	637.073
1171	42.1856	636.542
1172	42.2352	635.905
1173	42.2838	632.217
1174	42.3318	632.18
1176	42.4267	631.576
1177	42.4752	631.401
1178	42.523	630.605
1179	42.5704	630.406
1180	42.6181	628.461
1181	42.669	628.087
1182	42.7176	627.866
1183	42.765	626.953
1184	42.8141	626.937
1185	42.8621	626.909
1186	42.9147	626.883
1187	42.9623	626.863
1188	43.0114	626.798
1189	43.0581	611.269
1190	43.1045	610.879
1191	43.1584	609.538
1192	43.206	609.493
1193	43.2539	609.139
1194	43.3001	609.009
1195	43.3482	601.603
1196	43.3968	601.52
1197	43.4431	601.188
1198	43.4936	601.073
1199	43.5411	600.839
1200	43.5886	600.313
1201	43.6367	599.311
1202	43.6821	599.047
1203	43.7321	598.812
1204	43.7836	598.8
1205	43.8358	598.727
1206	43.8815	598.394
1207	43.9301	598.371
1208	43.982	598.371
1209	44.0306	597.116
1210	44.0777	589.799
1211	44.1298	589.579
1212	44.1786	589.466
1213	44.2293	588.543
1214	44.2843	588.508
1215	44.334	587.071
1216	44.3824	585.871
1217	44.43	585.38
1218	44.4801	585.036
1219	44.5295	582.156
1220	44.5822	582.136
1221	44.6308	581.992
1223	44.7334	581.672
1224	44.7841	581.583
1225	44.8356	581.133
1227	44.9313	581.067
1228	44.9774	580.047
1229	45.0264	580.037
1231	45.1312	580.002
1232	45.1916	579.962
1234	45.2866	579.894
1235	45.3358	579.434
1236	45.3836	579.237
1237	45.4361	578.34
1238	45.4831	578.273
1240	45.582	578.24
1241	45.6302	578.103
1242	45.6844	577.625
1243	45.7349	577.056
1244	45.783	576.882
1245	45.8294	576.839
1246	45.8855	575
1247	45.9371	574.803
1248	45.9886	574.795
1249	46.0407	573.918
1250	46.0951	573.008
1251	46.1452	572.97
1252	46.1961	572.766
1253	46.247	569.801
1254	46.2988	569.67
1255	46.3455	569.518
1256	46.3948	569.487
1257	46.4499	569.222
1258	46.5208	568.849
1259	46.6085	568.759
1260	46.6592	568.483
1261	46.7128	568.447
1262	46.76	568.401
1263	46.8083	568.277
1264	46.8587	568.264
1265	46.9082	568.252
1266	46.9597	567.915
1267	47.0126	567.83
1268	47.0687	564.57
1269	47.1242	564.018
1270	47.1724	563.565
1272	47.2746	562.383
1273	47.3351	562.102
1274	47.3879	561.716
1275	47.4395	561.442
1276	47.4893	561.303
1277	47.5371	560.93
1278	47.5899	560.464
1279	47.6384	560.336
1280	47.6888	560.309
1281	47.7382	560.028
1282	47.7873	559.798
1283	47.8376	559.621
1284	47.8845	558.738
1285	47.9356	558.555
1286	47.9874	558.303
1287	48.0335	557.746
1288	48.0885	557.596
1289	48.1375	557.498
1290	48.1987	550.746
1291	48.2514	549.824
1292	48.3045	549.632
1294	48.3985	549.388
1295	48.4535	523.191
1296	48.501	522.066
1297	48.5561	521.132
1298	48.6085	521.115
1299	48.6586	520.76
1300	48.7093	519.981
1301	48.7572	519.719
1302	48.8057	519.498
1303	48.8559	519.319
1304	48.9024	519.281
1305	48.9525	519.223
1306	48.9991	518.986
1307	49.0532	518.766
1308	49.1001	518.538
1310	49.1988	514.594
1311	49.2485	512.623
1312	49.2966	512.441
1313	49.3434	510.438
1314	49.3921	510.285
1315	49.4435	509.762
1316	49.4937	509.729
1317	49.5451	508.567
1318	49.5917	507.728
1319	49.6384	507.313
1320	49.6892	507.095
1321	49.7363	507.069
1323	49.8346	506.78
1324	49.8832	506.45
1325	49.929	506.206
1326	49.9808	505.218
1327	50.0282	504.642
1328	50.0767	504.135
1330	50.1748	503.043
1331	50.2255	501.788
1332	50.2752	501.554
1333	50.3245	501.531
1334	50.374	500.43
1335	50.4239	500.363
1336	50.4701	500.287
1337	50.5218	498.595
1338	50.5698	498.491
1339	50.6197	495.634
1340	50.6689	491.204
1342	50.7668	489.066
1343	50.8171	488.952
1344	50.8694	487.696
1345	50.9164	486.295
1346	50.9687	486.108
1348	51.0696	486.098
1349	51.1215	485.993
1350	51.1914	485.89
1351	51.2451	485.82
1352	51.2973	485.791
1353	51.3458	485.775
1354	51.3954	485.59
1356	51.4936	484.508
1357	51.5442	483.934
1358	51.5914	482.689
1359	51.6381	482.547
1360	51.6847	467.306
1361	51.7306	467.14
1362	51.7773	463.427
1363	51.8232	463.255
1364	51.8709	463.118
1365	51.9181	462.806
1366	51.9641	462.789
1367	52.0111	462.532
1368	52.0577	462.486
1369	52.1071	462.417
1370	52.1584	462.286
1371	52.2069	462.118
1372	52.2579	461.701
1373	52.3071	461.64
1374	52.354	461.469
1375	52.4013	461.305
1376	52.4477	461.246
1377	52.4942	461.242
1378	52.5409	459.883
1379	52.5868	459.872
1380	52.6339	459.438
1381	52.6803	459.283
1382	52.7266	459.235
1383	52.7733	459.202
1384	52.8193	458.367
1385	52.866	458.257
1386	52.9127	458.098
1387	52.9592	458.074
1388	53.0061	457.748
1390	53.0986	457.712
1391	53.145	457.547
1392	53.1917	457.275
1393	53.2379	457.181
1394	53.2845	456.982
1395	53.3317	456.98
1396	53.3781	456.693
1397	53.4248	456.635
1398	53.4709	456.522
1399	53.5171	456.002
1400	53.5635	455.916
1401	53.6109	455.524
1402	53.6578	455.516
1403	53.704	455.49
1404	53.7515	455.478
1405	53.7995	455.263
1406	53.8539	455.202
1407	53.9172	455.142
1408	53.9859	454.956
1409	54.0508	454.826
1410	54.1056	454.802
1411	54.1552	454.494
1412	54.2051	454.312
1413	54.2521	453.983
1414	54.2986	453.761
1415	54.3459	453.488
1416	54.3926	453.306
1417	54.4391	453.27
1418	54.4875	453.134
1419	54.5352	453.092
1420	54.582	453.061
1421	54.6304	452.897
1422	54.6778	452.855
1423	54.7253	452.722
1424	54.7734	452.713
1425	54.8207	452.651
1426	54.8683	452.297
1427	54.9148	452.257
1428	54.9619	447.794
1429	55.0086	447.705
1431	55.1029	446.474
1432	55.1499	446.44
1433	55.197	445.75
1434	55.2437	445.284
1435	55.2907	445.045
1436	55.3371	444.807
1437	55.3841	444.798
1438	55.431	444.772
1439	55.4779	444.623
1440	55.5248	444.516
1441	55.5717	444.416
1442	55.619	444.35
1443	55.6662	443.969
1444	55.7127	443.748
1445	55.7595	443.475
1446	55.807	443.438
1447	55.8539	443.416
1449	55.9469	442.725
1450	55.9942	442.71
1451	56.0405	442.605
1452	56.0862	442.346
1453	56.1345	442.334
1454	56.1835	442.032
1455	56.2301	441.409
1456	56.2769	441.323
1457	56.3235	441.059
1458	56.37	440.996
1459	56.4164	439.876
1460	56.4632	439.86
1461	56.5107	439.82
1462	56.5569	439.079
1463	56.6027	439.063
1464	56.6494	438.861
1465	56.6965	438.853
1466	56.7431	438.675
1467	56.7898	438.534
1468	56.837	438.498
1469	56.8833	438.186
1470	56.9309	438.053
1471	56.9772	437.839
1472	57.0237	437.786
1473	57.0699	437.641
1474	57.1168	437.051
1475	57.163	437.02
1476	57.2098	436.931
1477	57.257	436.888
1478	57.3036	435.623
1480	57.3975	432.559
1481	57.4441	432.041
1482	57.4914	431.997
1483	57.538	431.954
1484	57.5847	431.869
1485	57.6316	431.592
1486	57.6782	431.182
1487	57.725	430.127
1488	57.7724	429.711
1489	57.8185	429.483
1490	57.8659	429.315
1491	57.9124	428.857
1492	57.9592	427.656
1493	58.0057	427.085
1494	58.053	419.97
1495	58.1005	419.951
1496	58.1474	419.853
1497	58.1942	419.605
1498	58.2407	419.535
1499	58.2878	419.503
1500	58.3359	418.362
1501	58.3834	418.265
1503	58.4778	418.101
1504	58.5258	416.859
1505	58.5729	416.829
1506	58.6195	416.638
1507	58.6666	416.637
1508	58.7136	416.424
1509	58.7601	410.626
1510	58.8074	410.511
1511	58.8538	410.296
1512	58.9003	410.081
1513	58.9478	407.988
1514	58.9947	407.935
1516	59.0881	407.883
1517	59.1351	407.677
1518	59.182	407.161
1519	59.2289	407.044
1520	59.2764	406.955
1521	59.323	406.918
1522	59.3714	406.081
1523	59.4185	405.462
1524	59.4657	405.421
1525	59.5123	405.396
1526	59.5596	405.307
1527	59.6062	405.157
1528	59.6535	405.153
1529	59.7003	402.152
1530	59.7476	402.048
1531	59.7946	400.193
1532	59.8414	400.126
1533	59.8884	399.772
1534	59.9352	399.485
1535	59.982	399.425
1536	60.0294	398.465
1537	60.0764	398.334
1538	60.1239	398.278
1539	60.171	398.255
1540	60.2183	397.753
1541	60.2651	397.381
1542	60.3122	396.982
1543	60.3596	396.566
1544	60.4065	396.565
1545	60.4532	396.489
1546	60.5012	396.316
1547	60.5481	396.306
1548	60.595	396.238
1549	60.6423	395.382
1550	60.6891	390.452
1551	60.7358	390.136
1552	60.7829	390.085
1553	60.8297	389.211
1554	60.8784	389.195
1555	60.926	387.867
1556	60.9731	387.72
1557	61.0206	387.526
1558	61.0684	387.269
1559	61.1156	386.69
1560	61.1623	386.676
1561	61.2098	386.619
1563	61.3038	386.604
1564	61.3507	386.566
1565	61.3974	386.086
1567	61.4896	385.967
1568	61.536	385.795
1569	61.5821	385.789
1571	61.677	385.76
1572	61.7237	385.758
1573	61.7709	385.726
1574	61.8183	385.715
1575	61.8652	385.512
1576	61.9124	385.421
1577	61.9592	385.252
1578	62.0067	385.21
1579	62.0537	385.119
1580	62.1009	383.855
1581	62.1488	383.836
1582	62.197	383.722
1583	62.2445	383.718
1584	62.2918	383.545
1585	62.3388	383.522
1586	62.386	382.911
1587	62.4334	382.899
1588	62.4809	382.834
1589	62.528	382.754
1590	62.5753	381.697
1591	62.6221	381.639
1593	62.7165	381.354
1594	62.7634	381.138
1595	62.8107	381.013
1596	62.8575	381.007
1597	62.9049	379.817
1598	62.9522	379.44
1599	62.9985	379.296
1600	63.0452	379.22
1601	63.0923	379.128
1602	63.1395	379.09
1603	63.1857	379.046
1604	63.2364	379.042
1605	63.2865	378.973
1606	63.3335	378.605
1607	63.3809	378.564
1608	63.4277	377.843
1609	63.4752	377.827
1610	63.5227	377.786
1611	63.5697	377.784
1612	63.6169	377.144
1613	63.664	376.915
1614	63.7108	376.882
1615	63.7572	376.539
1616	63.8039	376.499
1617	63.8507	376.332
1618	63.8973	375.174
1619	63.9442	374.335
1620	63.9915	373.967
1621	64.0384	373.594
1622	64.0854	373.373
1624	64.1797	372.889
1625	64.2264	372.375
1626	64.2734	372.31
1627	64.3209	371.891
1628	64.3685	371.439
1629	64.4162	371.373
1630	64.4634	367.475
1631	64.51	367.051
1632	64.5572	366.737
1634	64.6516	366.507
1635	64.699	357.913
1636	64.745	356.746
1637	64.7916	356.571
1639	64.886	355.791
1640	64.934	354.889
1641	64.981	354.734
1642	65.0283	354.532
1643	65.076	354.509
1644	65.1236	354.486
1646	65.218	354.383
1647	65.2658	350.439
1648	65.3132	350.236
1649	65.3607	350.065
1650	65.4077	349.494
1651	65.455	348.25
1652	65.5031	348.162
1654	65.5993	347.955
1655	65.6475	347.707
1656	65.6951	347.665
1658	65.79	347.423
1659	65.8382	347.4
1660	65.8853	347.188
1661	65.9331	347.087
1662	65.9801	346.951
1663	66.0284	346.63
1664	66.078	346.323
1665	66.1254	345.863
1666	66.173	345.041
1667	66.2199	344.756
1668	66.2669	344.544
1669	66.3152	344.543
1671	66.4094	343.645
1672	66.4568	343.461
1673	66.5044	343.406
1674	66.5519	342.88
1678	66.7407	342.742
1679	66.7872	342.713
1680	66.8339	341.983
1682	66.9284	341.523
1683	66.9753	340.083
1684	67.0224	339.987
1685	67.0697	338.393
1686	67.1174	338.381
1688	67.2122	338.372
1689	67.2598	338.358
1690	67.3074	338.259
1691	67.3547	338.241
1692	67.402	338.231
1695	67.5428	338.197
1696	67.5904	337.895
1697	67.638	337.291
1698	67.6859	336.859
1699	67.7332	336.252
1700	67.7806	329.888
1701	67.8283	329.754
1702	67.8758	329.19
1703	67.9235	329.138
1704	67.9723	329.002
1705	68.0201	328.66
1706	68.0677	328.629
1707	68.115	328.53
1708	68.1638	328.512
1709	68.2116	328.474
1710	68.2586	328.437
1711	68.3062	328.155
1712	68.3539	327.939
1713	68.4017	327.919
1714	68.449	327.891
1715	68.4958	327.702
1716	68.5432	327.699
1717	68.5901	327.684
1718	68.6378	327.503
1719	68.6851	327.403
1720	68.7326	327.292
1721	68.7789	327.195
1722	68.8264	327.148
1723	68.8742	327.117
1724	68.9216	327.099
1725	68.9689	327.098
1726	69.0164	327.027
1727	69.063	327.007
1728	69.1094	326.729
1730	69.2046	326.728
1731	69.2519	326.524
1732	69.2992	326.473
1733	69.3466	326.354
1734	69.3939	326.03
1735	69.4411	326.026
1736	69.4884	325.428
1737	69.536	325.373
1738	69.583	325.17
1739	69.6309	324.564
1740	69.6784	324.475
1741	69.7259	323.85
1742	69.774	323.691
1743	69.8212	323.669
1744	69.8699	323.665
1745	69.9168	323.487
1746	69.9643	323.451
1747	70.0117	323.357
1748	70.0589	323.2
1749	70.1061	322.943
1750	70.1537	322.904
1751	70.2006	322.82
1752	70.247	322.808
1753	70.2951	322.325
1754	70.3436	321.937
1755	70.3916	321.662
1756	70.4397	321.549
1757	70.4873	321.538
1758	70.5347	321.496
1759	70.5818	321.493
1760	70.6294	321.474
1761	70.6767	320.018
1762	70.724	319.979
1763	70.7714	319.824
1764	70.8196	319.792
1765	70.867	319.759
1766	70.9136	319.634
1767	70.9607	319.401
1768	71.0085	319.266
1769	71.0558	319.252
1770	71.1033	319.248
1771	71.15	319.149
1772	71.1969	319.127
1773	71.2437	318.951
1774	71.2913	318.815
1777	71.4351	318.801
1778	71.4829	318.76
1779	71.531	318.69
1780	71.5786	318.663
1781	71.6264	318.641
1782	71.6738	318.532
1783	71.7219	318.143
1784	71.7696	318.065
1785	71.8167	318.03
1786	71.8647	318.012
1787	71.9123	317.976
1789	72.0083	317.814
1790	72.0563	317.812
1791	72.1047	317.773
1792	72.1522	317.763
1793	72.2001	317.708
1794	72.2478	317.686
1795	72.2957	317.595
1796	72.3441	317.584
1797	72.3908	317.471
1799	70.0058	315.779
1800	70.0538	315.769
1801	70.1026	315.752
1802	70.1499	315.37
1803	70.1992	315.358
1804	70.2478	315.188
1805	70.2954	315.18
1806	70.344	315.041
1807	70.3916	315
1808	70.4396	314.975
1809	70.488	314.942
1810	70.5357	314.916
1811	70.5836	314.883
1812	70.6313	314.803
1813	70.6797	314.726
1814	70.7266	314.708
1815	70.7745	314.68
1816	70.8227	314.636
1817	70.8701	314.491
1818	70.9181	313.816
1819	70.9655	313.607
1820	71.0128	313.202
1821	71.0612	312.864
1822	71.1092	312.849
1823	71.1578	312.81
1824	71.2055	312.748
1825	71.2533	312.614
1826	71.3013	312.417
1827	71.3485	310.623
1828	71.396	310.317
1829	71.444	310.252
1830	71.492	310.226
1831	71.5391	309.999
1832	71.5861	309.89
1833	71.6334	309.833
1834	71.681	309.768
1835	71.7294	309.767
1836	71.7773	309.682
1838	71.8731	309.525
1839	71.9211	309.524
1840	71.9735	308.509
1844	72.1866	308.172
1845	72.2381	308.149
1846	72.2875	307.8
1847	72.3363	307.763
1848	72.3846	307.576
1849	72.433	307.217
1851	72.5292	307.042
1852	72.5781	306.898
1853	72.6273	306.74
1854	72.6753	306.739
1855	72.7235	306.71
1856	72.7719	306.648
1857	72.8193	306.544
1858	72.8682	306.012
1860	72.964	305.725
1862	73.0598	305.581
1863	73.1072	305.294
1864	73.1561	305.285
1865	73.2096	305.247
1866	73.2678	305.119
1867	73.3168	304.988
1868	73.3645	304.974
1869	73.4119	303.728
1870	73.4601	303.607
1871	73.5079	302.655
1872	73.5567	302.645
1873	73.604	302.509
1874	73.6522	302.395
1875	73.6995	302.361
1876	73.7473	302.299
1877	73.7951	302.25
1879	73.8903	302.136
1880	73.9373	301.383
1881	73.9842	300.674
1882	74.0325	300.296
1883	74.0818	300.248
1884	74.1301	300.242
1885	74.1783	300.226
1886	74.2259	300.077
1887	74.2807	300.043
1888	74.3616	300.039
1889	74.4198	299.333
1890	74.4712	298.025
1891	74.5229	297.988
1892	74.5736	297.913
1893	74.6235	297.675
1894	74.6759	297.639
1895	74.7271	297.056
1896	74.7813	297.02
1897	74.8319	296.912
1898	74.8816	296.781
1899	74.9336	296.049
1900	74.9854	296.023
1901	75.0365	295.934
1902	75.086	295.926
1903	75.1366	295.835
1904	75.1855	295.799
1905	75.2343	295.744
1907	75.3304	295.737
1908	75.3794	295.713
1911	75.5246	295.599
1912	75.5725	295.592
1913	75.6209	295.552
1914	75.6678	295.544
1915	75.7154	295.465
1916	75.7642	295.392
1917	75.8119	295.334
1918	75.8601	295.197
1920	75.9559	295.118
1921	76.0032	295.083
1922	76.0506	294.998
1923	76.0984	294.952
1924	76.1461	294.946
1925	76.1943	294.859
1926	76.2424	294.462
1927	76.2907	294.447
1928	76.3388	294.43
1929	76.3868	293.773
1930	76.4355	293.306
1931	76.4837	293.291
1932	76.5317	293.273
1933	76.5798	293.088
1934	76.6278	293.038
1935	76.6766	292.96
1936	76.7252	292.949
1937	76.7735	292.577
1938	76.8221	292.276
1939	76.87	292.271
1940	76.9185	291.873
1941	76.967	291.866
1943	77.0629	291.844
1944	77.1116	291.844
1945	77.1598	291.802
1946	77.2083	291.648
1947	77.2565	291.607
1948	77.3102	291.548
1949	77.3618	291.474
1950	77.4104	291.442
1951	77.4587	291.433
1952	77.5068	291.297
1953	77.5547	290.981
1954	77.6032	290.932
1955	77.6511	290.059
1956	77.6996	290.009
1957	77.7482	290.005
1958	77.7966	289.777
1959	77.8454	289.426
1960	77.8938	288.916
1961	77.9419	288.7
1962	77.9903	288.342
1963	78.0385	288.317
1964	78.0869	288.129
1965	78.1353	287.821
1966	78.1833	287.805
1967	78.2319	287.341
1968	78.2803	287.272
1969	78.3285	287.191
1970	78.3767	286.75
1971	78.424	286.436
1972	78.4724	286.311
1973	78.5202	286.124
1974	78.5682	286.058
1975	78.6159	285.261
1976	78.6643	285.018
1977	78.7132	284.796
1978	78.7619	284.758
1979	78.8102	284.642
1980	78.8609	283.379
1981	78.9106	283.323
1982	78.9595	283.131
1983	79.012	282.964
1986	79.1623	282.919
1987	79.2112	282.168
1988	79.2596	282.07
1990	79.3558	281.642
1991	79.4045	281.096
1992	79.4523	281.081
1993	79.5002	281.052
1994	79.5488	280.84
1997	79.7	280.632
1998	79.7503	280.529
1999	79.7992	280.486
2000	79.8485	280.308
2001	79.8978	280.276
2003	79.9949	280.066
2004	80.0438	279.942
2005	80.092	279.841
2006	80.1412	279.735
2009	80.2872	279.718
2010	80.3358	279.577
2011	80.3847	278.9
2012	80.433	278.739
2013	80.482	278.372
2014	80.5303	278.095
2016	80.6275	278.075
2018	80.725	277.757
2019	80.7737	277.561
2020	80.8236	277.417
2022	80.9204	277.072
2023	80.969	276.069
2024	81.0169	275.989
2025	81.0654	275.395
2026	81.1143	275.346
2028	81.2103	275.332
2030	81.3072	275.306
2031	81.3566	275.292
2032	81.4046	275.27
2033	81.4522	275.208
2035	81.5498	274.991
2036	81.5988	274.245
2037	81.6476	274.191
2040	81.7933	272.63
2041	81.8437	272.616
2042	81.8927	271.257
2043	81.941	271.174
2044	81.99	271.165
2045	82.0391	271.159
2046	82.0894	271.152
2047	82.1382	271.049
2048	82.1873	271.042
2049	82.2359	270.978
2050	82.284	270.964
2051	82.3327	270.789
2052	82.382	270.778
2053	82.4308	270.774
2054	82.4789	270.763
2055	82.5281	270.744
2056	82.577	270.742
2057	82.6254	270.732
2058	82.6741	270.68
2059	82.7221	270.602
2060	82.7711	270.569
2061	82.8202	270.515
2062	82.8686	270.491
2063	82.9164	270.481
2064	82.9648	270.438
2065	83.0129	270.437
2066	83.0617	270.414
2067	83.1103	270.412
2068	83.1588	270.303
2069	83.2074	270.142
2070	83.2562	270.094
2071	83.3045	269.971
2072	83.3535	269.915
2073	83.4019	269.891
2074	83.4506	269.741
2075	83.4992	269.724
2076	83.5474	269.558
2077	83.5963	269.557
2078	83.6448	269.498
2079	83.6935	269.457
2080	83.7421	269.448
2081	83.7912	269.196
2082	83.84	269.192
2083	83.8878	269.183
2084	83.936	269.179
2085	83.9856	269.021
2086	84.0343	269.003
2087	84.0828	268.982
2088	84.1313	268.902
2089	84.1797	268.897
2090	84.2297	268.852
2091	84.2792	268.743
2092	84.3279	268.729
2093	84.3764	268.617
2094	84.4277	268.41
2095	84.477	268.25
2096	84.5261	268.172
2099	84.6721	268.171
2100	84.721	268.161
2101	84.7697	267.993
2102	84.8195	267.894
2103	84.8678	267.871
2104	84.9167	267.855
2105	84.9646	267.791
2106	85.0129	267.652
2107	85.0614	267.589
2108	85.1105	267.493
2109	85.1591	267.483
2110	85.2079	267.479
2111	85.2573	267.336
2113	85.355	267.233
2114	85.4037	267.196
2117	85.5501	267.194
2118	85.5991	267.169
2119	85.6482	267.118
2120	85.6972	267.068
2121	85.7456	267.034
2123	85.8426	266.849
2124	85.8908	266.714
2125	85.9395	266.546
2126	85.9887	266.538
2127	86.0371	266.536
2129	86.1347	266.44
2130	86.1833	266.436
2131	86.233	266.406
2132	86.2832	266.386
2133	86.3317	266.359
2134	86.3802	266.283
2136	86.477	266.28
2137	86.5257	266.196
2139	86.6236	265.411
2140	86.672	265.407
2141	86.7206	265.392
2142	86.7712	265.357
2143	86.8208	265.353
2144	86.8698	265.314
2145	86.919	265.309
2146	86.9681	265.24
2147	87.0174	265.214
2148	87.0661	265.153
2149	87.115	265.117
2150	87.164	265.075
2151	87.213	265.048
2152	87.2616	265.02
2153	87.3106	265.011
2154	87.3598	264.968
2155	87.4117	264.928
2156	87.4601	264.861
2157	87.5094	264.844
2158	87.5584	264.612
2159	87.6075	264.518
2160	87.6569	264.201
2161	87.7057	264.015
2162	87.7537	264
2163	87.8016	263.995
2164	87.8501	263.968
2165	87.8989	263.874
2166	87.9474	263.81
2167	87.9964	263.645
2168	88.0449	263.308
2169	88.0941	263.306
2170	88.1426	263.226
2171	88.1919	262.959
2173	88.2894	262.721
2174	88.3382	262.35
2175	88.3873	262.344
2177	88.4849	262.142
2178	88.5337	262.057
2179	88.5817	262.044
2180	88.63	261.783
2181	88.679	261.765
2182	88.7279	261.712
2184	88.8248	260.965
2185	88.8732	260.954
2186	88.9218	260.766
2187	88.9718	260.736
2188	89.0206	260.164
2189	89.0693	260.014
2190	89.1196	259.901
2191	89.1689	259.765
2192	89.2181	259.55
2193	89.2668	258.995
2194	89.3162	258.97
2195	89.3649	258.952
2197	89.4635	258.901
2198	89.5121	258.619
2200	89.61	258.528
2202	89.7077	258.412
2203	89.7566	258.254
2204	89.8059	258.231
2205	89.8547	258.197
2206	89.9032	258.109
2207	89.9516	257.974
2208	90.0003	257.957
2209	90.0489	257.848
2210	90.0977	257.761
2211	90.1471	257.602
2212	90.1956	257.586
2214	90.2939	257.57
2215	90.3433	257.388
2216	90.3923	257.358
2217	90.4411	257.341
2219	90.5391	257.184
2220	90.5882	256.683
2223	90.7344	256.679
2224	90.7837	256.674
2225	90.8334	256.664
2226	90.8823	256.629
2228	90.9796	256.623
2229	91.0292	256.507
2230	91.078	256.134
2231	91.1275	256.075
2232	91.1769	256.04
2233	91.2257	255.924
2234	91.2747	255.908
2235	91.3243	255.352
2237	91.4207	255.298
2238	91.4699	255.266
2239	91.5212	255.164
2240	91.5704	255.162
2241	91.6193	254.961
2242	91.6682	254.787
2243	91.7175	254.716
2244	91.7662	254.705
2245	91.8149	254.694
2247	91.9128	254.632
2248	91.9621	254.516
2249	92.0115	254.515
2253	92.2056	254.291
2254	92.2551	254.266
2255	92.3037	254.23
2256	92.3524	254.201
2257	92.4014	254.136
2258	92.45	253.957
2259	92.4991	253.84
2260	92.5485	253.104
2261	92.5976	253.081
2262	92.646	253.025
2263	92.6953	252.978
2264	92.7439	252.897
2265	92.7929	252.894
2266	92.8418	252.403
2267	92.8907	252.39
2268	92.94	252.362
2269	92.9887	251.966
2270	93.0386	251.742
2271	93.087	251.703
2272	93.135	251.696
2273	93.1838	251.36
2274	93.2324	251.27
2275	93.2808	251.233
2276	93.3295	251.221
2277	93.378	250.975
2278	93.4269	250.811
2279	93.4764	250.793
2280	93.5251	250.469
2281	93.5744	250.423
2283	93.6725	250.41
2284	93.7217	250.407
2285	93.7703	250.373
2286	93.8203	250.342
2287	93.8706	250.316
2288	93.9208	250.169
2289	93.9697	250.152
2290	94.0195	250.132
2291	94.069	250.113
2293	94.1675	250.075
2295	94.2658	250.071
2296	94.3148	250.025
2297	94.3638	249.976
2298	94.4134	249.789
2299	94.4623	249.513
2300	94.5114	249.454
2302	94.609	249.277
2303	94.6578	249.153
2304	94.7064	249.099
2305	94.7554	248.949
2307	94.854	248.774
2308	94.9032	248.653
2309	94.9523	248.599
2310	95.0022	248.435
2311	95.0509	248.132
2312	95.1003	248.047
2314	95.199	247.994
2315	95.2478	247.864
2316	95.2973	247.594
2317	95.346	247.514
2318	95.3958	247.484
2319	95.4453	247.475
2320	95.4943	247.364
2321	95.5438	247.321
2322	95.5931	247.211
2324	95.6912	247.207
2325	95.7401	247.205
2326	95.7891	247.154
2327	95.8376	246.928
2328	95.8871	246.904
2330	95.9847	246.668
2331	96.0338	246.371
2332	96.0831	246.347
2334	96.182	246.221
2336	96.2836	246.208
2337	96.3326	246.142
2338	96.3817	246.096
2339	96.4312	246.064
2340	96.4803	245.918
2341	96.5302	245.863
2342	96.5796	245.751
2343	96.6291	245.711
2344	96.6777	245.606
2345	96.7257	245.509
2347	96.8224	245.482
2348	96.8717	245.414
2351	97.0189	244.905
2353	97.1179	244.796
2354	97.1676	244.521
2358	97.3643	243.94
2360	97.4628	243.697
2362	97.5608	243.453
2363	97.6103	243.399
2364	97.6604	243.031
2365	97.7097	243.003
2366	97.7586	242.969
2368	97.8572	242.947
2369	97.9069	242.891
2370	97.9566	242.872
2371	98.0058	242.86
2372	98.0551	242.852
2374	98.1528	242.83
2375	98.2024	242.729
2376	98.2518	242.612
2379	98.3981	242.234
2380	98.4475	239.814
2381	98.4966	239.792
2382	98.5464	239.684
2385	98.6976	239.677
2386	98.7466	239.675
2387	98.796	239.658
2388	98.8455	239.584
2389	98.8944	239.572
2390	98.9444	239.556
2391	98.994	239.526
2392	99.0433	239.519
2393	99.0919	239.498
2394	99.1406	239.49
2395	99.1905	239.468
2396	99.2399	239.467
2397	99.2897	239.464
2398	99.3401	239.401
2399	99.3923	239.361
2400	99.4414	239.333
2401	99.4907	239.212
2402	99.5402	239.18
2403	99.5899	239.171
2404	99.6398	238.918
2405	99.689	238.917
2406	99.7381	238.897
2407	99.7873	238.89
2408	99.8371	238.509
2409	99.8864	238.256
2410	99.9357	238.255
2411	99.9853	238.237
2412	100.035	238.056
2413	100.084	238.032
2414	100.133	237.932
2415	100.181	237.913
2416	100.231	237.832
2417	100.281	237.814
2418	100.33	237.784
2419	100.38	237.778
2420	100.429	237.772
2422	100.528	237.766
2423	100.577	237.761
2424	100.627	237.759
2425	100.676	237.682
2426	100.726	237.669
2427	100.776	237.645
2428	100.825	237.638
2429	100.875	237.633
2430	100.924	237.604
2431	100.976	237.596
2432	101.025	237.582
2433	101.074	237.541
2434	101.124	237.457
2435	101.173	237.24
2436	101.223	237.13
2437	101.272	237.126
2439	101.372	237.114
2440	101.421	237.109
2441	101.471	237.021
2442	101.521	236.996
2443	101.57	236.988
2444	101.62	236.978
2445	101.67	236.845
2446	101.72	236.559
2447	101.769	236.49
2448	101.819	236.263
2449	101.868	236.169
2450	101.917	236.168
2451	101.967	236.082
2452	102.017	236.067
2453	102.066	236.037
2454	102.116	235.992
2456	102.215	235.957
2457	99.7833	235.956
2458	99.8333	235.912
2459	99.8825	235.856
2460	99.9321	235.856
2461	99.9806	235.822
2462	100.03	235.788
2463	100.08	235.705
2464	100.129	235.696
2465	100.178	235.575
2466	100.227	235.555
2467	100.276	235.554
2469	100.376	235.553
2470	100.426	235.55
2471	100.475	235.526
2473	100.574	235.508
2474	100.623	235.452
2475	100.673	235.434
2476	100.723	235.356
2477	100.773	235.305
2479	100.877	235.269
2480	100.927	235.267
2481	100.977	235.234
2482	101.027	235.229
2483	101.077	235.222
2484	101.127	235.21
2485	101.176	235.194
2486	101.226	235.143
2487	101.276	235.137
2488	101.326	235.054
2489	101.375	235.042
2490	101.424	234.975
2491	101.474	234.948
2492	101.523	234.804
2493	101.574	234.781
2494	101.623	234.771
2495	101.673	234.764
2496	101.723	234.732
2497	101.772	234.666
2498	101.821	234.483
2499	101.871	234.296
2500	101.92	234.219
2501	101.97	234.177
2503	102.068	234.173
2504	102.118	234.161
2505	102.168	234.047
2506	102.217	233.904
2508	102.317	233.69
2509	102.367	233.678
2510	102.417	233.641
2511	102.467	233.511
2513	102.566	233.491
2514	102.616	233.358
2515	102.666	233.357
2516	102.715	233.335
2517	102.766	233.219
2518	102.815	233.16
2519	102.866	233.154
2520	102.916	233.113
2521	102.966	233.102
2522	103.016	233.062
2526	103.216	233.017
2527	103.267	233.004
2528	103.317	232.854
2529	103.367	232.838
2530	103.417	232.786
2531	103.467	232.553
2532	103.516	232.49
2534	103.615	232.433
2535	103.665	232.42
2537	103.764	232.368
2538	103.814	232.254
2540	103.913	232.198
2541	103.962	232.19
2542	104.012	231.736
2544	104.111	231.709
2545	104.162	231.708
2546	104.211	231.7
2547	104.261	231.645
2548	104.311	231.641
2549	104.36	231.365
2550	104.41	231.284
2551	104.46	231.162
2552	104.511	231.151
2554	104.61	231.128
2555	104.662	231.128
2556	104.714	231.11
2557	104.765	231.103
2559	104.867	230.997
2560	104.917	230.665
2561	104.968	230.645
2562	105.018	230.344
2563	105.069	230.245
2564	105.12	230.241
2565	105.17	230.211
2566	105.22	230.168
2567	105.27	230.136
2568	105.32	230.12
2569	105.37	230.067
2570	105.421	229.798
2572	105.521	229.789
2573	105.573	229.705
2574	105.624	229.687
2575	105.674	229.43
2576	105.725	229.334
2577	105.775	229.273
2580	105.925	229.174
2581	105.975	229.128
2582	106.025	229.084
2583	106.075	229.072
2584	106.125	229.04
2585	106.175	229.02
2587	106.273	228.996
2588	106.323	228.986
2589	106.373	228.985
2593	106.572	228.026
2594	106.622	227.981
2597	106.772	227.98
2598	106.822	227.94
2599	106.872	227.602
2600	106.922	227.409
2601	106.972	227.318
2602	107.022	227.301
2603	107.072	227.266
2604	107.122	227.26
2605	107.172	227.222
2606	107.222	226.894
2607	107.272	226.862
2608	107.322	226.794
2609	107.372	226.503
2610	107.422	226.223
2611	107.472	226.182
2612	107.521	226.139
2613	107.571	225.867
2614	107.621	225.797
2615	107.671	225.768
2616	107.721	225.763
2618	107.82	225.498
2619	107.869	225.492
2620	107.92	225.364
2621	107.971	225.355
2623	108.071	225.341
2624	108.121	225.339
2625	108.171	225.334
2626	108.221	225.3
2627	108.272	225.275
2629	108.372	225.254
2630	108.421	225.241
2631	108.471	225.231
2632	108.52	225.175
2635	108.67	225.166
2636	108.72	225.128
2638	108.82	224.923
2639	108.869	224.859
2640	108.92	224.836
2642	109.02	224.714
2643	109.07	224.647
2644	109.12	224.593
2645	109.17	224.478
2646	109.221	224.456
2647	109.271	224.261
2648	109.321	224.14
2649	109.37	224.09
2650	109.42	223.943
2651	109.469	223.667
2652	109.52	223.661
2654	109.619	223.592
2655	109.669	223.537
2656	109.719	223.408
2657	109.768	223.401
2659	109.868	223.398
2660	109.918	223.312
2661	109.968	223.293
2662	110.018	223.19
2663	110.068	223.119
2664	110.117	223.115
2665	110.168	223.115
2666	110.219	223.072
2667	110.269	222.75
2668	110.32	222.737
2670	110.42	222.604
2671	110.471	222.355
2672	110.521	222.331
2674	110.621	222.234
2677	110.77	222.214
2678	110.819	221.957
2680	110.919	221.92
2681	110.969	221.9
2682	111.019	221.876
2683	111.069	221.859
2684	111.119	221.842
2685	111.169	221.778
2687	111.267	221.641
2690	111.417	221.547
2691	111.467	221.248
2693	111.567	221.216
2696	111.715	221.128
2697	111.764	221.102
2699	111.864	221.1
2700	111.915	220.749
2702	112.015	220.707
2703	112.065	220.688
2705	112.165	220.671
2706	112.215	220.597
2708	112.314	220.585
2709	112.364	220.526
2710	112.414	220.505
2711	112.465	220.504
2712	112.514	220.501
2715	112.664	220.302
2716	112.715	220.149
2718	112.815	220.067
2719	112.865	219.849
2720	112.915	218.577
2721	112.965	218.572
2722	113.015	218.342
2723	113.065	218.331
2724	113.115	218.32
2725	113.164	218.285
2726	113.213	218.265
2728	113.311	218.251
2729	113.362	218.232
2730	113.411	218.228
2731	113.461	218.195
2732	113.511	218.186
2733	113.561	218.148
2734	113.611	218.148
2735	113.661	218.115
2736	113.71	218.114
2737	113.76	218.109
2738	113.809	218.083
2739	113.857	218.08
2740	113.908	218.068
2741	113.957	217.971
2742	114.008	217.957
2743	114.058	217.956
2744	114.109	217.94
2745	114.159	217.94
2746	114.209	217.937
2747	114.259	217.918
2748	114.309	217.9
2749	114.36	217.867
2750	114.41	217.84
2751	114.459	217.83
2752	114.508	217.733
2753	114.558	217.731
2754	114.608	217.467
2755	114.658	217.444
2756	114.708	217.407
2757	114.758	217.393
2758	114.809	217.372
2759	114.864	217.337
2760	114.914	217.307
2762	115.016	217.291
2763	115.069	217.162
2764	115.119	217.16
2765	115.17	217.154
2766	115.22	217.143
2767	115.27	217.09
2768	115.32	217.067
2769	115.369	217.058
2770	115.419	217.019
2771	115.47	216.993
2772	115.52	216.991
2773	115.57	216.926
2774	115.621	216.798
2775	115.671	216.678
2776	115.721	216.654
2778	115.822	216.622
2779	115.872	216.62
2780	115.921	216.618
2781	115.971	216.534
2782	116.022	216.496
2783	116.071	216.478
2784	116.121	216.435
2785	116.17	216.42
2786	116.22	216.414
2787	116.27	216.354
2788	116.321	216.303
2789	116.37	216.293
2790	116.42	216.286
2791	116.47	216.225
2792	116.52	216.22
2793	116.57	216.113
2794	116.619	216.1
2795	116.668	216.08
2796	116.718	216.057
2797	116.767	216.055
2798	116.817	215.982
2799	116.868	215.972
2800	116.918	215.964
2801	116.967	215.951
2803	117.067	215.934
2804	117.116	215.883
2805	117.166	215.769
2806	117.217	215.764
2807	117.267	215.763
2809	117.368	215.736
2810	117.421	215.733
2811	117.471	215.719
2812	117.522	215.714
2813	117.573	215.693
2814	117.622	215.662
2815	117.673	215.578
2816	117.723	215.571
2817	117.773	215.547
2819	117.873	215.201
2820	117.923	215.188
2821	117.974	215.184
2823	118.073	215.177
2824	118.123	215.154
2825	118.173	215.151
2826	118.223	215.033
2827	118.273	215.03
2828	118.324	214.993
2829	118.374	214.979
2830	118.424	214.973
2831	118.478	214.933
2832	118.528	214.927
2834	118.628	214.915
2835	118.678	214.906
2836	118.729	214.862
2837	118.778	214.847
2838	118.829	214.696
2839	118.878	214.624
2840	118.929	214.454
2841	118.979	214.433
2842	119.029	214.42
2843	119.079	214.413
2844	119.128	214.399
2845	119.178	214.329
2847	119.279	214.063
2848	119.328	213.944
2849	119.377	213.941
2850	119.427	213.905
2851	119.477	213.811
2853	119.575	213.8
2854	119.625	213.744
2856	119.724	213.576
2857	119.776	213.477
2858	119.827	213.426
2859	119.877	213.422
2861	119.978	213.374
2863	120.078	213.104
2864	120.128	212.999
2865	120.179	212.984
2866	120.229	212.9
2867	120.28	212.892
2868	120.33	212.765
2869	120.38	212.734
2870	120.43	212.715
2871	120.48	212.694
2872	120.53	212.658
2873	120.581	212.642
2874	120.632	212.621
2875	120.682	212.613
2876	120.732	212.61
2877	120.782	212.571
2878	120.832	212.433
2880	120.933	212.424
2881	120.982	212.38
2882	121.032	212.288
2883	121.082	212.217
2884	121.132	212.212
2885	121.184	212.193
2886	121.234	212.15
2887	121.284	211.542
2888	121.334	211.529
2889	121.384	211.515
2890	121.435	211.46
2892	121.535	211.459
2894	121.635	211.43
2895	121.686	211.418
2896	121.736	211.396
2897	121.787	211.369
2898	121.837	211.348
2899	121.887	211.323
2900	121.937	211.236
2901	121.987	211.204
2902	122.037	211.143
2903	122.087	211.003
2904	122.138	211
2905	122.19	210.99
2906	122.241	210.891
2907	122.292	210.883
2908	122.342	210.882
2909	122.392	210.785
2910	122.442	210.45
2911	122.492	210.431
2912	122.543	210.323
2913	122.593	210.13
2914	122.643	210.124
2915	122.694	210.004
2917	122.793	209.934
2920	122.942	209.929
2921	122.993	209.91
2922	123.043	209.884
2923	123.093	209.773
2924	123.144	209.766
2925	123.194	209.749
2927	123.294	209.734
2928	123.344	209.723
2929	123.394	209.722
2930	123.443	209.599
2931	123.493	209.567
2933	123.593	209.48
2934	123.644	209.439
2937	123.795	209.293
2938	123.846	209.279
2939	123.896	209.151
2940	123.946	209.104
2941	123.995	209.092
2942	124.045	209.005
2943	124.095	208.969
2944	124.145	208.929
2945	124.197	208.927
2946	124.247	208.566
2947	124.297	208.561
2948	124.347	208.536
2949	124.398	208.384
2950	124.448	208.372
2951	124.499	208.35
2952	124.551	208.279
2953	124.601	208.192
2954	124.651	208.14
2955	124.701	208.125
2956	124.751	208.12
2957	124.802	208.111
2958	124.851	207.801
2959	124.902	207.745
2960	124.951	207.698
2961	125.001	207.686
2963	125.102	207.682
2967	125.302	207.666
2969	125.403	207.643
2970	125.453	207.638
2971	125.503	207.618
2973	125.603	207.603
2974	125.653	207.596
2975	125.703	207.573
2976	125.753	207.556
2977	125.803	207.523
2978	125.853	207.369
2979	125.904	207.309
2980	125.953	207.279
2981	126.003	207.227
2982	126.052	206.699
2983	126.102	206.19
2984	126.151	206.176
2985	126.202	206.093
2986	126.252	206.072
2987	126.302	206.063
2988	126.353	205.799
2989	126.402	205.798
2991	126.503	205.756
2992	126.553	205.371
2994	126.653	205.341
2995	126.703	205.169
2996	126.754	205.034
2999	126.906	204.975
3000	126.956	204.975
3001	127.007	204.952
3002	127.057	204.92
3003	127.107	204.84
3004	127.157	204.84
3007	127.306	204.656
3008	127.356	204.641
3011	127.505	204.258
3012	127.555	204.248
3013	127.605	204.246
3016	127.757	204.237
3017	127.807	204.205
3018	127.857	204.192
3021	128.008	204.187
3022	128.059	204.119
3023	128.109	204.094
3025	128.21	204.037
3026	128.26	204.02
3029	128.411	204.02
3031	128.512	203.99
3033	128.613	203.937
3036	128.763	203.924
3039	128.912	203.899
3040	128.962	203.838
3042	129.062	203.777
3045	129.215	203.766
3046	129.27	203.748
3049	129.422	203.708
3050	129.472	203.7
3051	129.523	203.696
3052	129.573	203.695
3055	129.721	203.624
3056	129.772	203.582
3061	130.023	203.562
3062	130.073	203.551
3063	130.124	203.511
3064	130.174	203.45
3065	130.224	203.443
3066	130.274	203.423
3067	130.325	203.418
3068	130.375	203.415
3069	130.426	203.39
3070	130.476	203.381
3071	130.526	203.258
3072	130.576	203.25
3073	130.626	203.209
3074	130.676	203.202
3075	130.725	203.177
3076	130.775	203.163
3077	130.825	203.16
3078	130.875	203.129
3079	130.926	203.119
3080	130.976	203.112
3081	131.025	203.058
3082	131.075	203.041
3083	131.126	203.035
3084	131.176	203.025
3085	131.226	203.025
3087	131.326	203.023
3089	131.426	203.01
3090	131.476	203.006
3091	131.527	202.976
3092	131.579	202.957
3093	131.631	202.949
3094	131.681	202.907
3095	131.732	202.902
3096	131.782	202.896
3097	131.832	202.89
3098	131.882	202.884
3101	132.033	202.876
3102	129.601	202.863
3103	129.652	202.825
3105	129.753	202.823
3107	129.853	202.801
3109	129.952	202.728
3110	130.002	202.711
3111	130.052	202.705
3112	130.102	202.684
3113	130.153	202.669
3114	130.203	202.568
3115	130.253	202.468
3116	130.303	202.453
3118	130.402	202.442
3119	130.452	202.441
3120	130.503	202.438
3121	130.553	202.305
3122	130.603	202.275
3123	130.653	202.251
3124	130.703	202.228
3125	130.754	202.226
3126	130.804	202.08
3127	130.855	202.042
3128	130.905	202.014
3129	130.955	202.002
3130	131.005	201.999
3131	131.055	201.968
3133	131.156	201.94
3134	131.206	201.858
3136	131.306	201.853
3137	131.356	201.852
3138	131.407	201.822
3139	131.457	201.784
3140	131.51	201.772
3141	131.56	201.742
3143	131.66	201.736
3144	131.71	201.695
3145	131.76	201.58
3146	131.811	201.572
3147	131.861	201.566
3149	131.961	201.536
3150	132.011	201.529
3151	132.06	201.517
3152	132.11	201.455
3153	132.16	201.444
3154	132.21	201.362
3155	132.261	201.286
3156	132.311	201.26
3157	132.361	201.248
3158	132.411	201.237
3159	132.462	201.062
3160	132.512	201.043
3161	132.563	201.041
3162	132.613	201.01
3163	132.664	201.007
3165	132.763	200.994
3166	132.814	200.964
3167	132.864	200.961
3170	133.016	200.925
3171	133.066	200.911
3172	133.117	200.857
3173	133.167	200.848
3174	133.217	200.847
3175	133.269	200.843
3176	133.32	200.805
3177	133.37	200.79
3178	133.42	200.711
3180	133.52	200.651
3182	133.621	200.645
3183	133.671	200.641
3184	133.722	200.632
3185	133.771	200.421
3187	133.873	200.39
3188	133.924	200.349
3190	134.024	200.315
3191	134.074	200.168
3193	134.175	200.163
3194	134.225	200.153
3196	134.329	200.132
3197	134.379	200.075
3198	134.43	200.057
3199	134.48	200.055
3200	134.53	199.994
3201	134.58	199.954
3202	134.629	199.953
3203	134.678	199.838
3205	134.778	199.829
3206	134.829	199.828
3207	134.879	199.822
3208	134.93	199.811
3209	134.98	199.79
3211	135.081	199.761
3212	135.132	199.744
3214	135.232	199.722
3215	135.281	199.718
3216	135.331	199.677
3217	135.381	199.612
3218	135.432	199.5
3220	135.532	199.475
3222	135.633	199.386
3224	135.734	199.38
3225	135.785	199.379
3226	135.836	199.364
3227	135.886	199.355
3228	135.937	199.353
3229	135.987	199.338
3230	136.037	199.305
3231	136.088	199.2
3232	136.138	199.118
3234	136.24	199.095
3236	136.34	198.964
3239	136.491	198.946
3240	136.542	198.858
3242	136.642	198.737
3243	136.694	198.718
3244	136.744	198.709
3245	136.794	198.701
3246	136.845	198.663
3247	136.896	198.648
3248	136.946	198.638
3249	136.996	198.532
3250	137.045	198.447
3251	137.095	198.327
3252	137.145	198.318
3254	137.245	198.314
3255	137.296	198.157
3257	137.397	198.156
3261	137.598	198.143
3262	137.648	198.124
3263	137.698	198.1
3264	137.75	198.082
3265	137.806	198.082
3267	137.908	198.076
3268	137.959	198.062
3269	138.01	198.061
3270	138.06	198.061
3273	138.211	197.976
3274	138.263	197.813
3276	138.364	197.793
3277	138.415	197.755
3278	138.465	197.685
3279	138.516	197.618
3280	138.566	197.5
3281	138.618	197.492
3286	138.87	197.366
3287	138.921	197.363
3288	138.971	197.328
3289	139.022	196.714
3290	139.072	196.689
3291	139.122	196.683
3293	139.223	196.562
3294	139.273	196.542
3295	139.324	196.538
3296	139.374	196.528
3297	139.424	196.381
3298	139.475	196.228
3299	139.525	196.205
3300	139.576	196.101
3301	139.626	196.084
3302	139.675	196.082
3303	139.724	196.074
3306	139.876	196.01
3307	139.926	195.996
3309	140.026	195.98
3311	140.126	195.97
3315	140.326	195.92
3316	140.376	195.916
3318	140.477	195.754
3320	140.577	195.69
3325	140.829	195.612
3326	140.879	195.6
3327	140.93	195.558
3328	140.982	195.534
3330	141.083	195.533
3331	141.134	195.355
3332	141.184	195.213
3333	141.235	195.174
3334	141.285	195.146
3336	141.386	195.052
3340	141.588	194.985
3341	141.638	194.839
3342	141.688	194.825
3343	141.739	194.788
3345	141.837	194.785
3347	141.938	194.646
3351	142.14	194.518
3352	142.191	194.516
3356	142.391	194.509
3357	142.442	194.485
3360	142.593	194.464
3361	142.644	194.46
3362	142.694	194.448
3363	142.745	194.441
3365	142.844	194.4
3367	142.944	194.319
3368	142.995	194.309
3369	143.045	194.306
3370	143.095	194.296
3371	143.146	194.075
3372	143.196	193.989
3373	143.247	193.938
3374	143.299	193.913
3376	143.404	193.891
3377	143.455	193.884
3380	143.628	193.879
3382	143.73	193.828
3386	143.932	193.801
3391	144.184	193.796
3392	144.235	193.792
3395	144.385	193.787
3398	144.536	193.728
3400	144.636	192.805
3401	144.687	192.727
3402	144.738	192.668
3403	144.788	192.645
3404	144.839	192.624
3405	144.889	192.609
3406	144.94	192.602
3407	144.99	192.6
3408	145.041	192.597
3409	145.092	192.574
3410	145.143	192.495
3411	145.194	192.475
3412	145.245	192.318
3413	145.296	192.303
3414	145.346	192.3
3415	145.396	192.268
3416	145.446	192.268
3418	145.547	192.253
3419	145.597	192.249
3420	145.647	192.24
3421	145.697	192.197
3422	145.75	192.187
3423	145.8	192.178
3425	145.902	192.177
3428	146.054	192.172
3429	146.106	192.127
3430	146.156	192.115
3431	146.206	192.075
3432	146.257	191.98
3433	146.308	191.979
3434	146.359	191.918
3435	146.409	191.917
3437	146.51	191.905
3438	146.561	191.89
3440	146.661	191.887
3442	146.76	191.886
3443	146.81	191.877
3444	146.86	191.876
3445	146.909	191.873
3446	146.96	191.868
3447	147.011	191.854
3448	147.061	191.849
3449	147.111	191.818
3450	147.161	191.814
3451	147.212	191.782
3452	147.262	191.778
3453	147.313	191.764
3454	147.364	191.751
3455	147.414	191.656
3456	147.464	191.638
3457	147.515	191.636
3458	147.565	191.628
3459	147.616	191.625
3461	147.716	191.427
3462	147.767	191.416
3463	147.817	191.39
3464	147.868	191.375
3465	147.918	191.356
3466	147.968	191.342
3467	148.018	191.32
3468	148.07	191.309
3469	148.123	191.302
3471	148.223	191.299
3472	148.274	191.298
3473	148.325	190.959
3474	148.375	190.922
3475	148.426	190.912
3476	148.477	190.902
3478	148.578	190.869
3479	148.628	190.852
3480	148.678	190.848
3481	148.728	190.828
3482	148.778	190.823
3483	148.829	190.81
3486	148.979	190.809
3487	149.03	190.807
3489	149.132	190.798
3490	149.182	190.778
3491	149.233	190.767
3492	149.283	190.725
3493	149.334	190.718
3494	149.384	190.717
3495	149.434	190.657
3496	149.484	190.65
3497	149.535	190.466
3499	149.635	190.355
3500	149.686	190.339
3501	149.737	190.337
3502	149.786	190.217
3503	149.836	190.216
3505	149.937	190.21
3506	149.987	190.178
3507	150.038	190.172
3508	150.087	190.157
3509	150.137	190.151
3510	150.187	190.138
3511	150.237	190.116
3512	150.287	190.108
3513	150.338	190.068
3514	150.388	190.067
3515	150.44	190.063
3516	150.492	190.035
3517	150.542	190.028
3518	150.593	189.984
3520	150.694	189.905
3521	150.745	189.903
3523	150.846	189.901
3524	150.896	189.897
3525	150.947	189.866
3526	150.997	189.798
3527	151.048	189.629
3528	151.098	189.531
3530	151.199	189.53
3531	151.249	189.178
3532	151.299	189.178
3533	151.35	189.174
3534	151.401	189.161
3535	151.452	189.161
3536	151.502	189.141
3537	151.553	189.117
3538	151.604	189.007
3541	151.754	188.971
3543	151.856	188.915
3546	152.007	188.912
3547	152.058	188.909
3549	152.159	188.894
3550	152.209	188.892
3551	152.259	188.858
3552	152.309	188.851
3553	152.359	188.772
3554	152.409	188.749
3555	152.459	188.747
3557	152.56	188.715
3558	152.61	188.649
3560	152.711	188.522
3562	152.814	188.462
3564	152.916	188.461
3565	152.967	188.458
3566	153.018	188.445
3567	153.069	188.44
3568	153.119	188.439
3569	153.169	188.429
3570	153.219	188.401
3571	153.27	188.359
3572	153.322	188.336
3574	153.421	188.32
3575	153.472	188.311
3576	153.523	188.299
3578	153.624	188.296
3579	153.675	188.285
3580	153.725	188.232
3582	153.827	188.223
3583	153.878	188.114
3584	153.928	188.109
3585	153.978	188.093
3586	154.028	188.089
3588	154.129	188.081
3589	154.181	187.906
3590	154.23	187.865
3591	154.28	187.745
3592	154.331	187.735
3593	154.381	187.715
3594	154.432	187.715
3595	154.483	187.708
3602	154.837	187.697
3603	154.887	187.685
3604	154.938	187.683
3605	154.989	187.68
3607	155.089	187.676
3609	155.193	187.675
3610	155.244	187.672
3611	155.294	187.664
3612	155.345	187.66
3613	155.395	187.615
3614	155.446	187.606
3616	155.547	187.585
3617	155.597	187.569
3618	155.647	187.513
3619	155.697	187.498
3620	155.747	186.417
3621	155.798	186.411
3622	155.849	186.395
3623	155.899	186.386
3624	155.949	186.349
3626	156.049	186.183
3627	156.099	186.181
3628	156.15	186.153
3631	156.301	186.139
3633	156.403	186.101
3634	156.454	186.071
3635	156.503	186.064
3636	156.553	186.06
3638	156.654	185.923
3640	156.755	185.846
3641	156.805	185.832
3642	156.856	185.775
3643	156.906	185.772
3644	156.957	185.769
3645	157.008	185.767
3646	157.059	185.743
3647	157.11	185.728
3649	157.211	185.714
3650	157.262	185.712
3651	157.312	185.707
3653	157.413	185.698
3656	157.567	185.698
3658	157.669	185.572
3660	157.77	185.417
3661	157.821	185.406
3665	158.022	185.358
3666	158.072	185.355
3668	158.173	185.343
3670	158.274	185.318
3672	158.375	185.273
3674	158.476	185.243
3684	158.981	185.235
3686	159.083	185.213
3690	159.285	185.211
3691	159.336	185.19
3692	159.387	185.188
3693	159.438	185.121
3695	159.538	185.107
3698	159.689	185.09
3699	159.739	185.032
3701	159.841	185.032
3702	159.893	184.947
3705	160.045	184.905
3706	160.096	184.19
3709	160.248	184.189
3710	160.298	183.851
3711	160.349	183.802
3713	160.45	183.762
3716	160.602	183.752
3718	160.703	183.727
3719	160.754	183.71
3720	160.805	183.682
3722	160.906	183.628
3723	160.956	183.628
3726	161.108	183.626
3730	161.31	183.605
3731	161.361	183.602
3732	161.413	183.59
3735	161.566	183.427
3736	161.617	183.41
3737	161.668	183.34
3740	159.34	183.135
3741	159.391	183.118
3742	159.441	183.075
3743	159.492	183.068
3744	159.543	183.067
3745	159.594	183.057
3746	159.645	183.051
3747	159.696	183.046
3748	159.746	183.041
3749	159.799	183.005
3750	159.85	182.994
3751	159.901	182.974
3752	159.952	182.955
3753	160.004	182.951
3754	160.055	182.95
3755	160.106	182.942
3756	160.156	182.942
3757	160.208	182.94
3758	160.258	182.931
3759	160.309	182.92
3760	160.36	182.915
3761	160.41	182.881
3762	160.461	182.861
3763	160.512	182.857
3764	160.563	182.835
3765	160.614	182.835
3767	160.714	182.833
3768	160.765	182.826
3769	160.815	182.809
3770	160.866	182.807
3771	160.917	182.778
3772	160.968	182.752
3773	161.019	182.752
3774	161.069	182.716
3775	161.121	182.707
3780	161.431	182.698
3782	161.532	182.692
3783	161.583	182.686
3784	161.634	182.681
3785	161.685	182.669
3786	161.735	182.651
3787	161.785	182.638
3789	161.886	182.543
3790	161.937	182.539
3791	161.988	182.53
3792	162.039	182.516
3795	162.193	182.439
3796	162.244	182.416
3797	162.295	182.414
3798	162.346	182.407
3799	162.396	182.407
3800	162.447	182.402
3801	162.498	182.384
3802	162.549	182.372
3803	162.599	182.366
3804	162.65	182.363
3805	162.701	182.35
3806	162.752	182.314
3808	162.852	182.304
3809	162.903	182.3
3810	162.954	182.298
3811	163.004	182.277
3812	163.055	182.275
3813	163.106	182.235
3814	163.156	182.185
3818	163.358	182.142
3819	163.409	182.132
3820	163.46	182.131
3821	163.511	182.115
3822	163.561	182.111
3823	163.612	182.085
3824	163.663	182.069
3825	163.714	182.039
3826	163.764	182.025
3827	163.815	182.022
3831	164.018	181.993
3832	164.07	181.991
3833	164.12	181.98
3834	164.171	181.979
3835	164.222	181.955
3836	164.273	181.954
3837	164.323	181.932
3838	164.374	181.928
3839	164.425	181.864
3840	164.476	181.852
3842	164.58	181.836
3843	164.631	181.835
3845	164.733	181.831
3846	164.784	181.779
3847	164.835	181.775
3848	164.886	181.771
3849	164.936	181.752
3850	164.987	181.735
3851	165.037	181.726
3852	165.087	181.72
3853	165.138	181.709
3854	165.189	181.705
3856	165.291	181.675
3858	165.393	181.674
3860	165.495	181.67
3861	165.547	181.669
3862	165.597	181.665
3863	165.647	181.661
3864	165.697	181.657
3865	165.747	181.637
3866	165.798	181.622
3867	165.849	181.59
3868	165.9	181.45
3869	165.951	181.447
3870	166.001	181.427
3871	166.053	181.31
3873	166.155	181.31
3874	166.207	181.303
3876	166.308	181.296
3877	166.359	181.27
3878	166.41	181.166
3880	166.512	181.065
3881	166.563	181.042
3882	166.614	181.039
3883	166.664	180.873
3884	166.715	180.854
3886	166.816	180.852
3887	166.871	180.843
3888	166.923	180.739
3889	166.975	180.73
3891	167.077	180.484
3892	167.128	180.465
3893	167.179	180.447
3894	167.23	180.435
3895	167.281	180.432
3897	167.382	180.423
3898	167.432	180.413
3900	167.534	180.321
3902	167.635	180.246
3904	167.735	180.24
3905	167.786	180.239
3906	167.836	180.229
3908	167.935	180.228
3909	167.986	180.223
3910	168.037	180.199
3911	168.088	180.18
3912	168.139	180.175
3913	168.19	180.162
3914	168.24	180.154
3916	168.341	180.14
3919	168.493	180.139
3920	168.543	180.105
3921	168.594	179.738
3922	168.645	179.732
3923	168.696	179.713
3924	168.748	179.709
3925	168.799	179.699
3926	168.85	179.641
3928	168.951	179.639
3929	169.002	179.436
3930	169.053	179.411
3931	169.103	179.393
3932	169.154	179.383
3933	169.205	179.352
3934	169.258	179.351
3935	169.309	179.349
3941	169.615	179.32
3942	169.667	179.304
3943	169.718	179.299
3944	169.769	179.297
3945	169.82	179.289
3948	169.973	179.281
3949	170.025	179.281
3950	170.076	179.264
3951	170.127	179.223
3952	170.177	179.208
3953	170.228	179.171
3954	170.278	179.155
3955	170.328	179.128
3958	170.481	179.093
3959	170.532	179.055
3960	170.583	178.774
3961	170.634	178.723
3963	170.736	178.722
3964	170.787	178.7
3966	170.889	178.683
3967	170.941	178.645
3968	170.991	178.634
3969	171.043	178.603
3970	171.093	178.579
3971	171.145	178.576
3972	171.196	178.57
3973	171.247	178.542
3974	171.297	178.532
3975	171.348	178.529
3976	171.399	178.526
3978	171.5	178.362
3980	171.603	178.313
3981	171.655	178.309
3982	171.706	178.274
3983	171.758	178.273
3984	171.809	178.272
3985	171.86	178.262
3987	171.962	178.253
3988	172.014	177.871
3989	172.065	177.863
3994	172.319	177.813
3996	172.421	177.812
3997	172.472	177.81
3998	172.523	177.711
4000	172.624	177.684
4001	172.676	177.683
4002	172.728	177.668
4003	172.778	177.566
4004	172.828	177.551
4005	172.879	177.528
4007	172.98	177.511
4008	173.031	177.495
4009	173.082	177.487
4011	173.184	177.436
4013	173.287	177.335
4014	173.338	177.138
4016	173.439	177.005
4017	173.49	176.974
4018	173.541	176.965
4020	173.642	176.963
4021	173.692	176.96
4023	173.795	176.957
4024	173.846	176.957
4025	173.897	176.956
4026	173.951	176.951
4027	174.005	176.916
4028	174.057	176.889
4030	174.159	176.886
4031	174.211	176.881
4032	174.262	176.879
4034	174.362	176.863
4035	174.413	176.832
4039	174.616	176.831
4041	174.718	176.825
4042	174.769	176.802
4043	174.82	176.8
4045	174.927	176.779
4046	174.982	176.203
4048	175.085	176.179
4049	175.136	176.178
4050	175.188	176.172
4053	175.34	176.15
4056	175.493	176.137
4058	175.595	176.066
4061	175.747	175.933
4062	175.798	175.899
4063	175.848	175.893
4066	175.999	175.875
4071	176.254	175.873
4072	176.306	175.853
4075	176.461	175.764
4078	176.614	175.759
4080	176.714	175.708
4081	176.764	175.702
4082	176.815	175.696
4083	176.865	175.69
4084	176.916	175.664
4085	176.967	175.625
4086	177.018	175.618
4088	177.121	175.615
4089	177.172	175.602
4090	177.223	175.599
4091	177.274	175.589
4092	177.325	175.583
4093	177.375	175.581
4094	177.427	175.58
4095	177.477	175.577
4096	177.528	175.572
4097	177.58	175.57
4098	177.631	175.563
4099	177.682	175.559
4100	177.733	175.545
4101	177.784	175.507
4102	177.834	175.492
4104	177.935	175.468
4106	178.037	175.413
4107	178.088	175.412
4109	178.19	175.39
4111	178.291	175.374
4112	178.341	175.348
4114	178.442	175.327
4115	178.494	175.326
4117	178.596	175.319
4118	178.646	175.311
4119	178.701	175.129
4120	178.752	175.117
4122	178.855	175.096
4123	178.906	175.095
4125	179.008	175.087
4127	179.11	175.081
4128	179.161	175.078
4129	179.212	175.076
4130	179.262	175.048
4131	179.313	175.044
4132	179.364	175.043
4135	179.517	174.984
4136	179.568	174.977
4137	179.619	174.974
4139	179.72	174.974
4140	179.771	174.973
4143	179.923	174.968
4144	179.973	174.965
4145	180.023	174.957
4147	180.123	174.949
4148	180.174	174.911
4149	180.225	174.883
4150	180.276	174.882
4151	180.327	174.767
4152	180.377	174.753
4153	180.428	174.732
4154	180.48	174.708
4155	180.531	174.704
4156	180.582	174.699
4157	180.633	174.698
4158	180.684	174.678
4159	180.735	174.676
4160	180.785	174.663
4161	180.835	174.648
4163	180.935	174.637
4164	180.985	174.621
4165	181.036	174.587
4166	181.09	174.583
4167	181.141	174.579
4170	181.294	174.575
4171	181.345	174.572
4173	181.446	174.568
4175	181.547	174.549
4176	181.597	174.537
4177	181.649	174.431
4178	181.7	174.395
4179	181.751	174.355
4180	181.804	174.344
4181	181.855	174.342
4185	182.059	174.338
4186	182.111	174.194
4187	182.162	174.19
4188	182.212	174.188
4189	182.263	174.179
4190	182.315	174.178
4191	182.366	174.173
4192	182.416	174.17
4194	182.518	174.162
4196	182.619	174.098
4197	182.671	174.095
4198	182.722	174.076
4200	182.825	174.071
4201	182.876	174.069
4202	182.927	174.065
4203	182.978	174.063
4204	183.029	174.053
4205	183.08	174.05
4207	183.181	173.925
4208	183.232	173.824
4210	183.334	173.773
4211	183.385	173.741
4213	183.489	173.741
4214	183.539	173.741
4217	183.692	173.722
4218	183.743	173.721
4219	183.793	173.713
4221	183.895	173.698
4223	183.997	173.675
4224	184.047	173.659
4226	184.15	173.616
4227	184.201	173.612
4228	184.251	173.597
4229	184.302	173.595
4230	184.352	173.592
4231	184.402	173.582
4232	184.453	173.578
4233	184.503	173.403
4234	184.554	173.384
4235	184.605	173.382
4237	184.707	173.36
4238	184.757	173.359
4239	184.807	173.355
4240	184.858	173.294
4242	184.96	173.254
4244	185.061	173.253
4245	185.111	173.249
4246	185.163	173.231
4247	185.213	173.225
4248	185.265	173.221
4249	185.316	173.221
4250	185.366	173.203
4251	185.417	173.203
4252	185.469	173.198
4253	185.519	173.192
4254	185.571	173.188
4255	185.621	173.179
4256	185.672	173.164
4259	185.829	173.107
4260	185.88	173.093
4261	185.93	172.708
4262	185.982	172.692
4263	186.033	172.684
4264	186.084	172.682
4265	186.137	172.678
4266	186.188	172.651
4267	186.239	172.65
4268	186.29	172.643
4269	186.341	172.494
4270	186.391	172.395
4271	186.442	172.281
4273	186.543	172.259
4274	186.595	172.259
4275	186.645	172.149
4277	186.747	172.137
4279	186.849	172.127
4281	186.951	172.119
4282	187.003	172.117
4287	187.257	172.108
4288	187.307	172.105
4289	187.359	172.101
4290	187.411	172.085
4292	187.511	172.072
4293	187.561	172.023
4294	187.613	172.003
4295	187.664	171.988
4298	187.816	171.974
4299	187.868	171.967
4300	187.919	171.816
4301	187.97	171.807
4302	188.021	171.805
4306	188.228	171.705
4307	188.28	171.701
4308	188.331	171.695
4309	188.381	171.67
4311	188.484	171.669
4312	188.535	171.651
4315	188.688	171.64
4316	188.739	171.64
4318	188.841	171.472
4320	188.943	171.417
4321	188.994	171.411
4322	189.045	171.396
4323	189.097	171.395
4324	189.148	171.394
4325	189.198	171.38
4327	189.3	171.368
4328	189.351	171.349
4329	189.402	171.341
4331	189.503	171.331
4332	189.554	171.319
4335	189.706	171.317
4337	189.808	171.309
4338	189.859	171.232
4340	189.961	171.224
4341	190.013	171.215
4342	190.063	171.154
4343	190.114	171.102
4345	190.216	171.085
4348	190.369	171.077
4352	190.575	171.041
4354	190.677	170.996
4356	190.779	170.988
4357	190.829	170.979
4358	190.881	170.957
4363	191.14	170.893
4364	191.19	170.877
4366	191.292	170.871
4367	191.343	170.862
4368	191.394	170.853
4370	191.495	170.849
4372	189.109	170.848
4374	189.211	170.826
4378	189.415	170.825
4379	189.466	170.794
4380	189.518	170.759
4381	189.568	170.752
4384	189.721	170.745
4385	189.772	170.72
4386	189.823	170.527
4387	189.873	170.521
4388	189.923	170.52
4389	189.973	170.52
4393	190.177	170.502
4394	190.228	170.485
4397	190.383	170.482
4398	190.435	170.28
4399	190.486	170.272
4402	190.64	170.262
4403	190.691	170.247
4407	190.892	170.243
4408	190.943	170.242
4411	191.095	170.24
4412	191.145	170.22
4413	191.197	170.209
4415	191.298	170.2
4418	191.448	170.133
4420	191.551	170.041
4421	191.602	170.038
4422	191.653	169.98
4423	191.703	169.974
4424	191.755	169.969
4425	191.806	169.964
4426	191.857	169.958
4427	191.908	169.952
4428	191.957	169.951
4429	192.008	169.937
4430	192.059	169.933
4431	192.11	169.908
4432	192.161	169.903
4433	192.212	169.901
4434	192.264	169.9
4435	192.314	169.897
4436	192.365	169.883
4437	192.415	169.882
4438	192.466	169.868
4439	192.517	169.867
4440	192.568	169.865
4441	192.618	169.836
4442	192.669	169.812
4444	192.773	169.811
4445	192.825	169.811
4446	192.876	169.803
4447	192.927	169.802
4449	193.028	169.788
4450	193.079	169.774
4451	193.131	169.756
4452	193.182	169.735
4454	193.285	169.704
4457	193.438	169.7
4458	193.489	169.676
4459	193.54	169.669
4460	193.591	169.66
4462	193.691	169.648
4463	193.742	169.643
4465	193.845	169.626
4466	193.896	169.571
4469	194.048	169.567
4472	194.201	169.559
4473	194.252	169.554
4475	194.353	169.506
4476	194.405	169.506
4477	194.456	169.504
4479	194.557	169.503
4480	194.608	169.499
4481	194.659	169.497
4482	194.71	169.486
4483	194.761	169.484
4484	194.813	169.48
4485	194.864	169.46
4486	194.914	169.456
4487	194.965	169.456
4488	195.016	169.425
4489	195.066	169.406
4490	195.117	169.405
4491	195.171	169.345
4492	195.222	169.338
4493	195.273	169.322
4494	195.324	169.318
4496	195.426	169.314
4497	195.477	169.312
4498	195.529	169.286
4499	195.58	169.28
4500	195.631	169.272
4501	195.682	169.255
4502	195.733	169.243
4503	195.784	169.215
4504	195.835	169.208
4506	195.937	169.2
4507	195.989	169.199
4512	196.243	169.198
4513	196.293	169.194
4514	196.344	169.189
4515	196.396	169.162
4518	196.548	169.152
4519	196.599	169.129
4520	196.65	169.127
4521	196.701	169.119
4522	196.753	169.063
4523	196.805	169.056
4525	196.906	169.055
4526	196.958	168.935
4527	197.009	168.925
4528	197.06	168.924
4531	197.212	168.921
4532	197.263	168.914
4533	197.314	168.91
4534	197.364	168.908
4536	197.465	168.867
4537	197.518	168.863
4543	197.824	168.841
4545	197.926	168.827
4546	197.977	168.823
4548	198.079	168.782
4549	198.129	168.778
4550	198.18	168.719
4551	198.23	168.674
4552	198.281	168.671
4553	198.332	168.67
4554	198.383	168.652
4557	198.536	168.624
4558	198.586	168.621
4559	198.638	168.618
4560	198.689	168.573
4561	198.741	168.532
4563	198.843	168.422
4566	198.996	168.373
4567	199.046	168.36
4568	199.098	168.345
4569	199.148	168.34
4570	199.2	168.338
4571	199.251	168.319
4572	199.302	168.315
4573	199.353	168.305
4574	199.404	168.295
4575	199.456	168.294
4576	199.507	168.285
4577	199.558	168.275
4578	199.609	168.252
4580	199.71	168.206
4581	199.76	168.197
4582	199.812	168.183
4584	199.916	168.182
4585	199.966	168.127
4586	200.017	168.122
4587	200.068	168.121
4588	200.119	168.119
4589	200.17	168.118
4590	200.222	168.112
4591	200.273	168.095
4592	200.323	168.093
4594	200.424	168.081
4596	200.526	168.072
4597	200.577	168.07
4600	200.728	168.061
4601	200.779	167.938
4602	200.83	167.925
4603	200.881	167.922
4604	200.932	167.92
4605	200.982	167.915
4606	201.034	167.892
4607	201.085	167.892
4608	201.137	167.887
4609	201.189	167.773
4610	201.239	167.718
4611	201.291	167.692
4612	201.342	167.692
4614	201.444	167.687
4615	201.495	167.674
4616	201.547	167.672
4619	201.698	167.67
4621	201.8	167.663
4622	201.851	167.658
4624	201.953	167.653
4627	202.105	167.591
4628	202.156	167.576
4629	202.206	167.548
4630	202.258	167.544
4632	202.361	167.54
4634	202.463	167.522
4635	202.515	167.507
4636	202.565	167.505
4638	202.667	167.492
4639	202.717	167.488
4640	202.768	167.433
4641	202.817	167.423
4642	202.869	167.404
4643	202.92	167.403
4645	203.021	167.396
4646	203.073	167.378
4647	203.124	167.376
4648	203.175	167.375
4649	203.225	167.355
4651	203.326	167.35
4654	203.478	167.337
4655	203.529	167.33
4657	203.631	167.305
4658	203.682	167.258
4660	203.783	167.197
4661	203.834	167.195
4662	203.885	167.192
4664	203.987	167.192
4666	204.089	167.185
4667	204.14	167.181
4669	204.243	167.175
4670	204.294	167.175
4672	204.395	167.16
4675	204.545	167.07
4676	204.597	167.069
4677	204.649	167.068
4678	204.7	167.019
4679	204.751	167.007
4680	204.803	167.006
4681	204.854	166.987
4682	204.905	166.834
4685	205.058	166.82
4687	205.16	166.813
4688	205.211	166.739
4689	205.262	166.738
4693	205.465	166.664
4694	205.516	166.662
4697	205.67	166.658
4698	205.721	166.65
4702	205.924	166.65
4703	205.974	166.627
4704	206.025	166.611
4712	206.431	166.61
4713	206.482	166.592
4714	206.533	166.545
4716	206.635	166.543
4719	206.789	166.532
4720	206.839	166.526
4722	206.941	166.512
4723	206.994	166.506
4724	207.045	166.484
4725	207.096	166.471
4726	207.146	166.441
4728	207.248	166.432
4729	207.299	166.431
4731	207.401	166.414
4736	207.652	166.407
4737	207.702	166.389
4739	207.804	166.365
4740	207.855	166.35
4743	208.006	166.35
4744	208.057	166.32
4746	208.159	166.315
4748	208.26	166.313
4751	208.411	166.311
4752	208.463	166.304
4754	208.565	166.299
4755	208.616	166.29
4757	208.718	166.262
4758	208.769	166.107
4760	208.87	165.967
4761	208.921	165.965
4762	208.972	165.958
4763	209.023	165.952
4764	209.075	165.947
4765	209.126	165.938
4766	209.177	165.916
4768	209.279	165.906
4769	209.331	165.665
4770	209.382	165.655
4771	209.434	165.638
4773	209.537	165.635
4774	209.587	165.623
4775	209.639	165.616
4776	209.69	165.615
4777	209.741	165.614
4778	209.793	165.613
4779	209.844	165.61
4780	209.895	165.609
4781	209.946	165.595
4782	209.997	165.54
4783	210.048	165.539
4784	210.099	165.535
4785	210.15	165.534
4786	210.201	165.529
4787	210.252	165.527
4788	210.303	165.526
4789	210.353	165.517
4790	210.403	165.516
4791	210.454	165.5
4792	210.505	165.493
4794	210.608	165.464
4796	210.71	165.453
4797	210.761	165.451
4798	210.812	165.441
4799	210.864	165.439
4800	210.914	165.435
4801	210.965	165.432
4802	211.016	165.427
4803	211.067	165.407
4805	211.169	165.39
4806	211.22	165.39
4807	211.271	165.375
4808	211.322	165.367
4809	211.373	165.363
4810	211.424	165.36
4811	211.475	165.358
4812	211.525	165.356
4813	211.575	165.277
4815	211.679	165.239
4816	211.733	165.236
4817	211.784	165.234
4818	211.835	165.226
4819	211.886	165.225
4821	211.989	165.219
4822	212.039	165.203
4823	212.09	165.202
4825	212.193	165.188
4827	212.296	165.147
4828	212.348	165.131
4829	212.399	165.128
4830	212.45	165.126
4831	212.5	165.057
4833	212.602	165.055
4834	212.652	165.025
4836	212.754	164.953
4837	212.806	164.953
4838	212.856	164.941
4839	212.907	164.936
4840	212.957	164.933
4841	213.007	164.921
4842	213.058	164.91
4843	213.109	164.903
4844	213.16	164.9
4845	213.211	164.886
4846	213.262	164.883
4847	213.313	164.878
4852	213.596	164.868
4853	213.655	164.832
4856	213.816	164.831
4857	213.872	164.8
4860	214.027	164.792
4861	214.08	164.791
4862	214.134	164.634
4863	214.185	164.629
4865	214.29	164.627
4867	214.395	164.623
4868	214.447	164.619
4869	214.498	164.615
4870	214.549	164.608
4872	214.651	164.605
4874	214.754	164.603
4876	214.857	164.596
4878	214.96	164.581
4880	215.063	164.581
4881	215.114	164.573
4882	215.165	164.573
4883	215.216	164.564
4885	215.318	164.563
4886	215.37	164.432
4887	215.421	164.406
4888	215.472	164.359
4889	215.523	164.358
4890	215.575	164.268
4891	215.626	164.243
4893	215.728	164.241
4894	215.779	164.237
4895	215.83	164.236
4896	215.881	164.233
4897	215.932	164.213
4898	215.984	164.202
4899	216.034	164.2
4900	216.086	164.178
4901	216.137	164.166
4903	216.239	164.13
4905	216.341	164.127
4906	216.393	164.098
4907	216.446	164.086
4909	216.549	164.082
4911	216.652	164.058
4913	216.754	164.055
4914	216.804	164.043
4915	216.855	164.042
4917	216.958	164.041
4918	217.009	163.998
4920	217.111	163.982
4921	217.162	163.977
4922	217.214	163.962
4924	217.316	163.961
4925	217.368	163.959
4927	217.47	163.955
4928	217.521	163.954
4930	217.623	163.949
4932	217.726	163.948
4934	217.828	163.939
4936	217.931	163.933
4937	217.982	163.932
4939	218.083	163.921
4940	218.133	163.912
4941	218.184	163.836
4942	218.236	163.825
4943	218.287	163.825
4944	218.338	163.823
4945	218.389	163.82
4947	218.491	163.818
4948	218.542	163.814
4949	218.594	163.677
4950	218.646	163.63
4951	218.697	163.618
4953	218.8	163.595
4954	218.853	163.593
4961	219.215	163.588
4964	219.369	163.583
4966	219.471	163.565
4967	219.522	163.56
4968	219.573	163.559
4969	219.624	163.557
4972	219.779	163.556
4975	219.932	163.551
4976	219.982	163.548
4977	220.033	163.533
4978	220.084	163.516
4981	220.237	163.508
4982	220.289	163.475
4985	220.442	163.47
4987	220.546	163.469
4988	220.597	163.465
4991	220.752	163.465
4994	220.905	163.459
4995	220.957	163.453
4998	221.111	163.394
5000	221.216	163.34
# FIN	221.216	163.34

