# target=instancias/mona.png T=340 iters=5000 K=32 seed=auto
iter	segundos	MSE
0	0.00584676	10500.2
1	0.0380998	10494
2	0.0700237	10479.2
3	0.0975049	10475
4	0.127887	10386.2
5	0.16057	10308.6
6	0.192004	10274.5
7	0.228594	10274.4
8	0.258524	10213.7
9	0.289608	10146.1
10	0.336502	10133.1
11	0.402729	10073.5
12	0.461222	10073.2
13	0.518192	10013.7
14	0.55414	9993.9
15	0.580727	9983.2
16	0.608043	9910.86
17	0.63633	9910.35
18	0.663657	9901.48
19	0.695614	9887.7
20	0.723521	9887.31
21	0.753091	9886.62
22	0.781995	9858.61
23	0.812828	9858.36
24	0.840633	9854.65
25	0.867912	9854.61
26	0.895191	9854.59
27	0.926921	9849.92
28	0.956783	9838.63
29	0.983849	9811.84
30	1.01229	9770.7
31	1.04221	9733.42
32	1.07367	9691.65
33	1.10694	9645.9
34	1.1393	9630.29
35	1.16971	9614.89
36	1.19879	9601.9
37	1.23775	9553.59
38	1.26846	9528.01
39	1.29777	9453.92
40	1.3287	9437.74
41	1.35969	9396.07
42	1.38868	9373.59
43	1.42148	9337.08
44	1.4526	9336.86
45	1.48267	9323.82
46	1.5117	9314.92
47	1.54311	9313.35
48	1.57092	9306.28
49	1.5993	9266.99
50	1.63059	9208.76
51	1.65999	9161.63
52	1.68964	9148.66
53	1.71854	9138.54
54	1.74708	9119.6
55	1.77762	9119.57
56	1.80752	9082.93
57	1.84314	9071.57
58	1.87867	9069.74
59	1.91186	9053.37
60	1.94326	9042.26
61	1.97178	9037.99
62	2.00934	9034.34
63	2.03878	9034.29
64	2.06999	8966.64
65	2.098	8933.36
66	2.12677	8927.71
67	2.15648	8927.43
68	2.18587	8883.31
69	2.21592	8864.7
70	2.2462	8864.03
71	2.27584	8843.41
72	2.30475	8746.63
73	2.33397	8740.55
74	2.36421	8708.56
75	2.39473	8661.41
76	2.42344	8632.14
77	2.45386	8613.82
78	2.48415	8613.1
79	2.51396	8606.49
80	2.54284	8598.27
81	2.57232	8591.63
82	2.60152	8567.46
83	2.6396	8564.74
84	2.66829	8564.27
85	2.69765	8561.78
86	2.72616	8559.59
87	2.75874	8559.32
88	2.79125	8555.21
89	2.82182	8555.11
90	2.85321	8554.76
91	2.88419	8527.2
92	2.92105	8419.69
93	2.95787	8402.6
94	2.98807	8396.83
95	3.01851	8380.36
96	3.04849	8370.62
97	3.07798	8354.2
98	3.10669	8319.96
99	3.13831	8319.69
100	3.16936	8311.15
101	3.2183	8285.63
102	3.27422	8271.01
103	3.31416	8240.62
104	3.34492	8224.78
105	3.37531	8178.79
106	3.40436	8176.72
107	3.43549	8176.24
108	3.46533	8176.18
109	3.49593	8159.3
110	3.52577	8139.84
111	3.55589	8127.36
112	3.59256	8070.59
113	3.62233	8017.8
114	3.65304	7985.31
115	3.68221	7975.01
116	3.7115	7974.6
117	3.74156	7974.08
119	3.8012	7967.4
120	3.8304	7966.77
121	3.86125	7942.1
122	3.89255	7880.7
123	3.92241	7878.05
124	3.95224	7851.87
125	3.98189	7825.96
126	4.0138	7825
127	4.04422	7787.37
128	4.07649	7707.72
129	4.10777	7697.02
130	4.13846	7692.22
131	4.1705	7663.37
132	4.20126	7644.37
133	4.2313	7632.75
134	4.26108	7630.44
135	4.29142	7550.72
136	4.32246	7527.96
137	4.3518	7527.36
138	4.38124	7527.09
139	4.41113	7477.21
140	4.44208	7477.05
141	4.47238	7436.59
142	4.50209	7436
143	4.53211	7423.55
144	4.56443	7423.28
145	4.5943	7410.43
146	4.62574	7395.56
147	4.65609	7278.58
148	4.68651	7248.69
149	4.71782	7213.74
150	4.74822	7210.41
151	4.77859	7210.22
152	4.81189	7206.53
153	4.84309	7206.48
154	4.87407	7205.74
155	4.90458	7204.89
156	4.93535	7199.57
157	4.96587	7198.28
158	4.9967	7197.55
159	5.02921	7135.07
160	5.06313	7113.92
161	5.09418	7106.32
162	5.12843	7097.98
163	5.16023	7097.53
164	5.19122	7073.6
165	5.2218	6945.7
166	5.25192	6945.63
167	5.28654	6923.81
168	5.31752	6923.07
169	5.35029	6918.12
170	5.38109	6903.54
171	5.41141	6893.1
172	5.44242	6891.2
173	5.47322	6889.8
174	5.50522	6879
175	5.53616	6878.98
176	5.56686	6878.74
177	5.5978	6851.15
178	5.62996	6795.2
179	5.66165	6777.2
180	5.69432	6666.43
181	5.72531	6651.51
182	5.75682	6630.87
183	5.78802	6628.2
184	5.81947	6623.14
185	5.85072	6597.75
186	5.88155	6550.69
187	5.91307	6546.62
188	5.9453	6543.97
189	5.97747	6531.31
190	6.01003	6508.37
191	6.04124	6499.6
192	6.07321	6463.1
193	6.10539	6452.4
194	6.13636	6433.08
195	6.16855	6421.65
196	6.19939	6420.79
197	6.23215	6406.22
198	6.26427	6378.01
199	6.2962	6376.83
200	6.32941	6359.98
201	6.37018	6303.18
202	6.40173	6276.46
203	6.43476	6276.44
204	6.47138	6272.84
205	6.50369	6268.48
206	6.53563	6222.19
207	6.56727	6218.11
208	6.6002	6216.51
209	6.63226	6172.4
210	6.67405	6153.12
211	6.70665	6151.94
212	6.73953	6141.17
213	6.77113	6139.35
214	6.80366	6124.24
215	6.8367	6072.61
216	6.86788	6071.79
217	6.89903	6070.42
218	6.93446	6055.7
219	6.96631	6055.29
220	6.99895	6027.07
221	7.03465	6008.76
222	7.0666	6003.4
223	7.09983	5980.46
224	7.13213	5976.53
225	7.17961	5976.5
226	7.22018	5967.26
227	7.25915	5967.17
228	7.29457	5947.42
229	7.33164	5947.39
230	7.36701	5939.37
231	7.40425	5924.32
232	7.44077	5920.38
233	7.47312	5919.98
234	7.50997	5879.97
235	7.54678	5864.58
236	7.57976	5862.64
237	7.61973	5862.16
238	7.67634	5846.74
239	7.71961	5846.52
240	7.75857	5844.53
241	7.79332	5840.87
242	7.82742	5835.55
243	7.86167	5833.95
244	7.89673	5829.63
245	7.93125	5817.96
246	7.96496	5814.12
247	7.99991	5807.67
248	8.03476	5789.81
249	8.06794	5778.93
250	8.1032	5772.42
251	8.13788	5765.63
252	8.17459	5763.07
253	8.20851	5762.85
254	8.24321	5762.49
255	8.27824	5761.73
256	8.31277	5761.72
257	8.34987	5760.62
258	8.38976	5758.65
259	8.4284	5753.29
260	8.46427	5746.79
261	8.50336	5737.81
262	8.5405	5737.66
263	8.57568	5712.27
264	8.61047	5703.68
265	8.64446	5676.41
266	8.67753	5666.03
267	8.71168	5665.07
268	8.7477	5664.67
269	8.78353	5664.61
270	8.81845	5657.18
271	8.85137	5649.74
272	8.88512	5648.79
273	8.91975	5634.88
274	8.98231	5634.43
275	9.03661	5632.17
276	9.07459	5628.08
277	9.11018	5626.93
278	9.14485	5623.64
279	9.18031	5619.25
280	9.21777	5618.18
281	9.26547	5543.93
282	9.3163	5542.73
283	9.36943	5540.27
284	9.40446	5530.51
285	9.44196	5522.67
286	9.47794	5504.07
287	9.52613	5483.18
288	9.575	5480.42
289	9.62097	5472.51
290	9.69315	5471.18
291	9.73037	5471.12
292	9.776	5469.25
293	9.81067	5445.53
294	9.85831	5432.93
295	9.89431	5432.91
296	9.9303	5426.97
297	9.98514	5423.91
298	10.0346	5423.85
299	10.0765	5418.51
300	10.1169	5418.39
301	10.1518	5418.22
302	10.1852	5418.18
303	10.2247	5416.97
304	10.2601	5401
305	10.2994	5397.88
306	10.333	5396.65
307	10.3671	5392.96
308	10.4021	5392.8
309	10.4371	5392.58
310	10.4714	5369.55
311	10.505	5318.43
312	10.5401	5315.75
313	10.5742	5296.18
314	10.6076	5292.5
315	10.6423	5292.11
316	10.6774	5291.9
317	10.7109	5287.93
318	10.7451	5285.73
320	10.8123	5248.5
321	10.8465	5228.28
322	10.8811	5224.29
323	10.9147	5222.29
324	10.95	5221.3
325	10.9877	5217.96
326	11.0216	5209.84
327	11.0559	5170.39
328	11.0892	5155.45
329	11.1235	5140.48
330	11.1573	5139.26
331	11.1918	5130.27
332	11.2268	5124.8
333	11.2632	5117.52
334	11.2986	5093.19
335	11.3321	5077.21
336	11.3668	5075.38
337	11.402	5071.07
338	11.4358	5028.9
339	11.4706	5028.72
340	11.5051	5016.74
341	11.5393	5010.05
342	11.5758	5008.24
343	11.6121	5007.89
344	11.6473	4970.88
345	11.6842	4929.27
346	11.7213	4929.15
347	11.7565	4929.14
348	11.7915	4914.31
349	11.826	4912.97
350	11.8604	4912.86
351	11.895	4894.93
352	11.9295	4891.1
353	11.9638	4885.75
354	11.9985	4884.68
355	12.0333	4883.57
356	12.0674	4871.93
357	12.1029	4871.74
358	12.1383	4869.9
359	12.1727	4869.55
360	12.2072	4866.49
361	12.2426	4865.81
362	12.2779	4854.24
363	12.3142	4853.62
364	12.349	4851.35
365	12.3848	4851.35
366	12.42	4851.08
367	12.4575	4848.07
368	12.4934	4845.9
369	12.5296	4770.66
370	12.565	4769.52
371	12.6005	4755.81
372	12.636	4704.59
373	12.6722	4652.28
374	12.7071	4639.2
375	12.7427	4639.15
376	12.7777	4630.62
377	12.8121	4628.1
378	12.8478	4614.3
379	12.8833	4604.73
380	12.9179	4588.23
381	12.9531	4557.01
382	12.988	4531.52
383	13.0237	4499.73
384	13.0604	4499.61
385	13.0964	4499.08
386	13.1325	4468.26
387	13.1676	4468.22
388	13.2039	4468.06
389	13.2396	4433.65
390	13.2748	4414.46
391	13.3183	4403.02
392	13.3566	4401.1
393	13.3913	4396.79
394	13.4278	4395.87
395	13.4632	4395.86
396	13.5019	4393.02
397	13.5377	4391.95
398	13.5742	4391.02
399	13.6122	4371.38
400	13.6502	4369.62
401	13.6868	4362.98
402	13.7253	4362.6
403	13.7622	4362.35
404	13.8046	4358.03
405	13.8428	4331.19
406	13.8802	4330.7
407	13.9165	4325.45
408	13.9519	4308.57
409	13.9872	4304.12
410	14.0235	4303.75
411	14.0588	4299.95
412	14.0941	4261.04
413	14.1299	4257.04
414	14.1672	4255.3
415	14.2037	4217.68
416	14.2392	4166.65
417	14.2755	4166.05
418	14.3143	4165.8
419	14.3515	4165.56
420	14.3893	4162.95
421	14.4273	4141.42
422	14.464	4139.02
423	14.5004	4138.45
424	14.5361	4135.94
425	14.5724	4135.57
426	14.6081	4134.47
427	14.644	4134.24
428	14.6811	4132.98
429	14.7183	4132.58
430	14.7552	4132.55
431	14.7913	4109.01
432	14.83	4057.65
433	14.8696	4045.43
434	14.9132	4045.19
435	14.9517	4031.2
436	14.9895	4028.68
437	15.0281	4027.17
438	15.0653	4024.17
439	15.1023	4023.18
440	15.1388	4022.42
441	15.1758	4014.86
442	15.2137	4011.73
443	15.2511	4005.35
444	15.2899	4002.21
445	15.3272	3999.62
446	15.365	3999.56
447	15.4024	3999.55
448	15.4404	3998.94
449	15.4786	3994.23
450	15.5186	3980.98
451	15.5647	3980.2
452	15.6041	3969.59
453	15.6433	3966.41
454	15.6834	3962.81
455	15.7225	3945.59
456	15.7611	3945.46
457	15.7998	3943.03
458	15.8388	3942.83
459	15.8772	3942.79
460	15.9169	3942.58
461	15.9556	3927.22
462	15.9937	3907.87
463	16.0313	3907.63
464	16.0679	3882.02
465	16.1059	3876.46
466	16.1428	3876.43
467	16.1791	3870.29
468	16.216	3738.07
469	16.2571	3722.65
470	16.2992	3721.76
471	16.3393	3691.06
472	16.3788	3688.56
473	16.4302	3687.79
474	16.4758	3686.64
475	16.5157	3582.51
476	16.5555	3574.84
477	16.595	3572.24
478	16.6472	3571.93
479	16.6945	3566.32
480	16.7338	3566.32
481	16.7744	3523.9
482	16.814	3523.87
483	16.8524	3519.38
484	16.8937	3519.01
485	16.9326	3518.21
486	16.9735	3510.74
487	17.0116	3455.33
488	17.0509	3433.05
489	17.0913	3432.54
490	17.1282	3432.25
491	17.1662	3432.18
492	17.2092	3431.91
493	17.2503	3431.9
494	17.2879	3431.43
495	17.3267	3430.75
496	17.3655	3421.43
497	17.4035	3419
498	17.4409	3417.71
499	17.4788	3386.08
500	17.5162	3378.59
501	17.5556	3371.35
502	17.5931	3367.16
503	17.6305	3366.77
504	17.6692	3343.93
505	17.7074	3254.56
506	17.7455	3254.56
507	17.7843	3253.93
508	17.8239	3252.1
509	17.8621	3251.85
510	17.9004	3248.4
511	17.9401	3246.31
512	17.9779	3245.39
513	18.0167	3245.18
514	18.0545	3232.59
515	18.0933	3232.58
516	18.1312	3232.1
517	18.1697	3217.41
518	18.2084	3198.97
519	18.247	3198.73
520	18.2844	3176.16
521	18.3236	3174.52
522	18.3617	3151.93
523	18.401	3151.84
524	18.4404	3149.2
525	18.4798	3148.07
526	18.518	3146.16
527	18.5577	3145.58
528	18.5975	3144.37
529	18.6356	3141.37
530	18.6738	3138.74
531	18.7123	3138.5
532	18.7508	3130.76
533	18.7889	3122.62
534	18.828	3120.37
535	18.8689	3120.22
536	18.9085	3118.41
537	18.9469	3108.6
538	18.9857	3104.88
539	19.0239	3104.45
540	19.0626	3102.49
541	19.1028	3099.5
542	19.1661	3092.4
543	19.2287	3092.16
544	19.3103	3089.51
545	19.3976	3089.34
546	19.4531	3086.86
547	19.4921	3081.64
548	19.5321	3081.35
549	19.5734	3063.26
550	19.6241	3041.18
551	19.6646	3040.59
552	19.705	3037.92
553	19.7448	3036.5
554	19.7847	3025.24
555	19.8257	3010.43
556	19.8642	3010.11
557	19.9027	3009.38
558	19.9429	3009.22
560	20.0196	3002.54
561	20.0598	2999.51
562	20.0995	2998.65
563	20.1402	2997.61
564	20.1799	2959.27
565	20.2205	2959.25
566	20.2596	2959
567	20.3	2957.87
568	20.3408	2939.12
569	20.379	2939.1
570	20.4191	2925.65
571	20.4582	2924.26
572	20.5025	2921.09
573	20.5443	2920.86
574	20.5831	2885.4
575	20.6218	2885.34
576	20.6611	2874.27
577	20.7006	2872.7
578	20.7402	2862.42
579	20.7802	2861.53
580	20.8196	2858.48
581	20.8585	2857.71
582	20.898	2854.63
583	20.938	2853.79
584	20.9771	2853.4
585	21.0164	2853.32
586	21.0601	2853.05
587	21.0996	2852.68
588	21.1395	2848.59
589	21.1784	2834.83
590	21.217	2833.16
591	21.2565	2831.42
592	21.2973	2829.96
593	21.336	2828.28
594	21.3782	2826.22
595	21.4192	2825.82
596	21.4584	2824.47
597	21.4982	2823.16
598	21.5398	2819.37
599	21.5808	2813.26
600	21.6207	2805.69
601	21.6595	2802.09
602	21.6998	2801.98
603	21.7396	2799.59
604	21.7803	2794.66
605	21.8209	2764.75
606	21.8605	2763.98
607	21.9009	2763.97
608	21.9405	2762.94
609	21.9861	2762.68
610	22.0282	2751.3
611	22.0674	2742.65
612	22.1067	2742.45
613	22.1479	2737.3
614	22.1867	2737.02
615	22.2403	2736.66
616	22.3289	2735.9
617	22.432	2735.81
618	22.5221	2734.5
619	22.6069	2731.44
620	22.6991	2729.66
621	22.7521	2724.76
622	22.8127	2723.61
623	22.9073	2721.86
624	22.9765	2721.29
625	23.0493	2716.1
626	23.1557	2711.84
627	23.2435	2710.7
628	23.3366	2682.24
629	23.4421	2682.04
630	23.5218	2681.84
631	23.6121	2681.81
632	23.707	2680.04
633	23.7851	2669.8
634	23.847	2653.73
635	23.903	2653.69
636	23.9529	2641.84
637	24.0167	2641.17
638	24.076	2641.12
640	24.1655	2641.08
641	24.2066	2640.71
642	24.258	2640.67
643	24.3025	2639.93
644	24.3495	2636.03
645	24.4007	2633.92
646	24.4447	2633.05
647	24.4954	2631.83
648	24.5867	2631.81
649	24.6628	2631.65
650	24.715	2617.79
651	24.7655	2581.76
652	24.8147	2580.7
653	24.8684	2577.11
654	24.9165	2577.02
655	24.9655	2575.68
656	25.0068	2575.47
657	25.0512	2574.04
658	25.0929	2572.89
659	25.1344	2571.27
660	25.179	2569.17
661	25.2683	2566.1
662	25.3115	2563.16
663	25.3544	2562.11
664	25.3963	2561.98
665	25.4383	2561.74
666	25.4836	2538.84
667	25.5255	2506.88
668	25.567	2504.97
669	25.6075	2503.05
670	25.6524	2502.98
671	25.7148	2502.4
672	25.7744	2499.92
673	25.8193	2496.95
674	25.8635	2475.55
675	25.9064	2475.42
676	25.9481	2474.21
677	25.9893	2473.87
678	26.0323	2432.46
679	26.074	2431.74
680	26.1149	2424.57
681	26.1569	2424
682	26.1969	2422.98
683	26.2383	2422.43
684	26.2858	2421.84
685	26.3307	2404
686	26.3728	2403.98
688	26.4538	2394.64
689	26.4947	2394.42
690	26.5353	2394.41
691	26.5777	2394.27
692	26.6208	2388.35
693	26.6615	2375.15
694	26.7021	2374.53
695	26.7429	2371.58
696	26.7872	2365.82
697	26.8311	2365.41
698	26.8778	2365.35
699	26.9215	2365.23
700	26.962	2364.77
701	27.0049	2364.47
702	27.0456	2356.93
703	27.0894	2356.68
704	27.1319	2356.23
705	27.1753	2356.23
706	27.2186	2355.93
707	27.2602	2355.77
708	27.3013	2355.01
709	27.3431	2322.68
710	27.3842	2322
711	27.425	2309.84
712	27.4654	2281.29
713	27.5071	2255.43
714	27.5479	2247.88
715	25.0951	2245.72
716	25.1371	2245.57
717	25.1791	2244.44
718	25.2216	2243.94
719	25.2643	2243.35
720	25.3066	2242.14
721	25.348	2216.85
722	25.3911	2199.28
723	25.4331	2198.62
724	25.4751	2198.61
725	25.5232	2198.49
726	25.5669	2190.56
727	25.6129	2190.11
728	25.6545	2189.94
729	25.6961	2184.74
730	25.7378	2173.04
731	25.7803	2169.58
732	25.8221	2168.5
733	25.8645	2168.36
734	25.9063	2167
735	25.9477	2166.98
736	25.9887	2164.39
737	26.0313	2163.43
738	26.0732	2163.35
739	26.115	2151.77
740	26.1563	2151.08
741	26.1976	2150.51
742	26.2396	2150.5
743	26.281	2149.91
744	26.3236	2148.7
745	26.366	2148.43
746	26.409	2148.37
747	26.452	2147.71
748	26.5003	2143.67
749	26.5481	2140
750	26.5926	2139.87
751	26.6366	2135.62
752	26.6826	2130.18
753	26.735	2129.63
754	26.7883	2129.57
755	26.8306	2123.47
756	26.8739	2111.2
757	26.9202	2110.89
758	26.9619	2110.67
759	27.0049	2110.59
760	27.0464	2110.18
761	27.0883	2105.95
762	27.1323	2105.82
763	27.1743	2105.35
764	27.2173	2104.87
765	27.2591	2104.53
766	27.3025	2104.08
767	27.344	2102.52
768	27.3866	2102.27
769	27.4296	2102.21
770	27.4725	2102.08
771	27.5148	2101.06
772	27.5583	2065.1
773	27.6047	2027.85
774	27.6481	2027.3
775	27.6905	2018.66
776	27.7325	2017.81
777	27.7748	2016.69
778	27.8174	2016.51
779	27.8591	2016.36
780	27.9018	2016.16
781	27.945	2015.28
782	27.991	2014.96
783	28.0342	2012.92
784	28.0766	2012.87
785	28.1215	2011.41
786	28.1629	2011.39
788	28.2514	2011.37
789	28.3041	2010.97
790	28.3477	2008.39
791	28.3952	2006.44
792	28.4372	2005.12
793	28.4798	2002.7
794	28.5219	2002.12
795	28.5649	1996.84
796	28.6079	1996.83
797	28.6533	1994.47
798	28.696	1994.47
799	28.7382	1993.81
800	28.7807	1993.8
801	28.8239	1993.64
802	28.8685	1986.31
803	28.9114	1985.62
804	28.9539	1976.89
805	28.9965	1972.95
806	29.0389	1972.7
807	29.0816	1971.66
808	29.1278	1929.49
809	29.176	1922.6
810	29.2206	1921.71
811	29.2625	1919.94
812	29.3068	1919.74
813	29.3502	1919.25
814	29.3926	1919.11
815	29.4368	1800.49
816	29.4798	1799.54
817	29.5224	1799.23
818	29.5645	1798.76
819	29.6068	1790.3
820	29.6487	1790.3
821	29.6934	1754.66
822	29.7369	1754.55
823	29.7812	1753.68
824	29.823	1753.5
825	29.8678	1753.08
826	29.9197	1752.08
827	29.9782	1731.25
828	30.0281	1727.59
829	30.0824	1727.13
830	30.1341	1726.78
831	30.179	1726.7
832	30.2319	1726.28
833	30.2754	1725.99
834	30.319	1725.97
835	30.3616	1725.81
836	30.4038	1725.76
837	30.4469	1725.72
838	30.4911	1725.55
839	30.5365	1723.56
840	30.5798	1723.45
841	30.6261	1721.24
842	30.6682	1720.98
843	30.7108	1720.94
844	30.7532	1702.49
845	30.8007	1665.37
846	30.8481	1665.37
847	30.9038	1665.22
848	30.9857	1664.85
849	31.0389	1664.77
850	31.0815	1662.81
851	31.126	1660.88
852	31.1688	1660.28
853	31.2122	1660.1
854	31.2565	1656.42
855	31.3046	1656.16
856	31.3489	1656.04
857	31.392	1655.69
858	31.4368	1655.25
859	31.4795	1654.93
860	31.5376	1631.29
861	31.5838	1627.23
862	31.6299	1616.57
863	31.6741	1616.41
864	31.7532	1613.56
865	31.8056	1613.05
866	31.8528	1612.43
867	31.8979	1612.31
868	31.9666	1611.85
869	32.0112	1611.33
870	32.0581	1611.22
871	32.1403	1610.64
872	32.2249	1607.77
873	32.332	1606.44
874	32.4279	1603.76
875	32.5495	1603.71
876	32.6481	1603.64
877	32.7099	1593.92
878	32.7599	1592.56
879	32.8104	1591.62
880	32.8557	1591.61
881	32.902	1591.57
882	32.949	1585.47
883	33.003	1585.27
884	33.0596	1582.93
885	33.1102	1582.75
886	33.1641	1574.85
887	33.2478	1574.81
888	33.3369	1574.72
889	33.3946	1566.75
890	33.453	1551.01
891	33.5085	1550.85
893	33.6177	1550.85
894	33.6641	1550.47
895	33.7231	1547.23
896	33.7862	1547.2
897	33.8314	1546.58
898	33.8776	1546.41
899	33.9222	1546.04
900	33.9707	1541.39
901	34.0175	1538.33
902	34.063	1538.21
903	34.1109	1532.11
904	34.1579	1522.87
905	34.2038	1522.74
906	34.2492	1522.59
907	34.3163	1521.94
908	34.3614	1517.32
909	34.4056	1517.3
910	34.47	1515.9
911	34.5169	1515.53
912	34.5612	1515.06
913	34.6081	1514.63
914	34.6527	1512.34
915	34.7018	1512.33
916	34.7515	1511.99
918	34.8497	1511.15
919	34.9114	1510.77
920	34.9579	1506.58
921	35.0025	1506.39
922	35.0487	1503.07
923	35.0933	1502.9
925	35.1817	1502.89
926	35.2307	1502.75
927	35.2803	1502.65
928	35.3254	1501.19
929	35.3681	1495.46
930	35.4132	1495.1
931	35.4567	1494.94
932	35.501	1494.76
933	35.5451	1494.31
934	35.5886	1493.72
935	35.6335	1493.49
936	35.677	1493.4
937	35.721	1493.04
938	35.7648	1492.81
940	35.8527	1492.03
941	35.8976	1489.26
942	35.9414	1489.05
943	35.9849	1487.98
944	36.0281	1485.87
945	36.0719	1457.58
946	36.1155	1457.58
947	36.1599	1457.54
948	36.2036	1456.78
949	36.2477	1456.74
950	36.2917	1450.24
951	36.3365	1448.57
952	36.384	1447.94
953	36.4277	1447.04
954	36.4717	1445.44
955	36.5156	1445.36
956	36.5589	1444.97
958	36.6467	1444.48
959	36.6905	1442.99
960	36.7348	1442.19
961	36.7785	1437.96
962	36.8219	1436.54
963	36.8652	1435.74
964	36.9093	1435.63
965	36.9537	1434.4
966	36.9984	1430.91
967	37.0422	1430.8
968	37.0864	1428.79
969	37.1305	1428.68
970	37.1738	1428.68
971	37.2181	1428.68
972	37.2621	1428.23
974	37.3507	1427.71
975	37.3964	1427.67
976	37.4932	1426.66
977	37.55	1426.49
978	37.595	1426.46
979	37.6413	1426.46
980	37.6853	1426.43
981	37.7292	1426.11
982	37.7738	1425.95
983	37.8185	1425.81
984	37.8627	1425.73
985	37.9066	1425.46
986	37.9503	1424.95
987	37.9939	1424.41
988	38.0376	1424.37
989	38.0821	1424.35
990	38.1296	1417.92
991	38.1775	1394.59
992	38.2634	1394.08
993	38.3222	1384.07
994	38.3927	1383.73
995	38.4669	1383.22
997	38.5848	1382.28
998	38.6475	1381.86
999	38.7035	1381.19
1000	38.7619	1379.82
1001	38.8073	1378.34
1002	38.8519	1377.87
1003	38.8971	1377.82
1004	38.942	1376.84
1005	38.99	1376.67
1006	39.0343	1363.94
1007	39.0803	1355.41
1008	39.1247	1355.18
1009	39.1693	1354.11
1010	39.2175	1354.1
1011	39.2627	1353.87
1012	39.3212	1349.89
1013	39.3659	1349.52
1014	39.4098	1348.91
1015	39.4559	1348.69
1016	39.5048	1345.85
1017	39.5489	1345.46
1018	39.5969	1337.64
1019	39.6414	1336.06
1020	39.686	1334.65
1021	39.7312	1334.62
1022	39.7774	1334.5
1023	39.8358	1334.48
1024	39.9057	1334.42
1025	39.9595	1332.39
1026	40.0121	1332.36
1028	40.1085	1331.87
1029	40.1535	1331.31
1030	40.2001	1331.05
1031	40.2443	1330.88
1032	40.2906	1330.44
1033	40.3355	1325.56
1034	40.3833	1325.19
1035	40.4387	1324.6
1036	40.4839	1323.98
1037	40.5291	1323.96
1038	40.5744	1323.83
1039	40.6203	1323.55
1040	40.6662	1323.22
1041	40.7147	1323.13
1042	40.7629	1322.81
1043	40.8109	1322.54
1044	40.8566	1322.5
1045	40.9058	1322.49
1046	40.9534	1322.45
1047	40.9992	1322.36
1048	41.0442	1321.76
1049	41.1114	1321.11
1050	41.1763	1321.06
1051	41.2251	1311.81
1052	41.2695	1285.19
1053	41.3161	1263.33
1054	41.3619	1262.51
1055	41.4121	1261.37
1056	41.4653	1261.29
1057	41.5136	1261.25
1058	41.5595	1260.77
1059	41.6057	1260.6
1060	41.6525	1260.22
1061	41.6983	1242.32
1062	41.7445	1230.6
1063	41.7911	1230.43
1064	41.8384	1230.4
1065	41.8832	1230.19
1066	41.9349	1226.84
1067	41.9984	1226.26
1068	42.0529	1226.24
1069	42.1038	1225.58
1070	42.1569	1223.77
1071	42.2693	1195.95
1072	42.338	1195.49
1073	42.4125	1195.44
1074	42.5002	1195.11
1075	42.5596	1195.08
1076	42.6332	1194.75
1077	42.691	1194.69
1078	42.7439	1194.66
1079	42.8075	1192.74
1080	42.9206	1191.85
1081	42.9838	1191.35
1082	43.0396	1191.35
1083	43.0918	1190.73
1084	43.1589	1190.62
1085	43.2141	1190.61
1086	43.2714	1190.6
1087	43.3613	1189.38
1088	43.415	1187.3
1089	43.4694	1187.15
1090	43.5222	1187.13
1091	43.5761	1186.44
1092	43.6413	1180.57
1094	43.7704	1180.53
1095	43.825	1173.85
1096	43.8939	1171.33
1097	43.9739	1170.06
1098	44.0502	1169.26
1099	44.0954	1169.21
1100	44.1415	1168.78
1101	44.1884	1168.33
1102	44.2349	1168.3
1103	44.2807	1168.22
1104	44.341	1168.1
1105	44.3929	1167.95
1106	44.4396	1167.8
1107	44.4909	1167.51
1108	44.5394	1167.37
1109	44.5863	1167.26
1110	44.6333	1166.89
1111	44.683	1166.61
1112	44.7438	1133.87
1113	44.81	1120.66
1114	44.8589	1120.64
1115	44.9043	1110.62
1116	44.9505	1110.29
1117	44.998	1109.18
1118	45.0456	1109.13
1119	45.0978	1109.03
1120	45.1488	1108.76
1121	45.1947	1108.65
1122	45.2409	1108.46
1123	45.2876	1108.3
1124	45.3346	1108.29
1125	45.3816	1107.36
1126	45.4287	1107.34
1127	45.4744	1107.33
1128	45.5201	1107.32
1129	45.5662	1107.08
1130	45.6117	1101.55
1131	45.6585	1099.68
1132	45.7044	1099.07
1133	45.7501	1098.35
1134	45.7957	1097.82
1135	45.8418	1097.67
1136	45.8881	1096.87
1137	45.9468	1096.86
1139	46.0419	1085.72
1140	46.0893	1085.63
1142	46.1843	1084.61
1143	46.2326	1084.52
1144	46.2791	1084.2
1145	46.3255	1080.59
1146	46.3712	1080.56
1147	46.4182	1080.5
1148	46.4675	1062.42
1149	46.515	1043.79
1150	46.5609	1043.71
1151	46.6076	1042.6
1152	46.655	1042.55
1153	46.7014	1042.37
1154	46.7525	1042.35
1155	46.8013	976.676
1156	46.8547	974.208
1157	46.9047	973.938
1158	46.9511	973.658
1159	46.9984	970.871
1160	47.0462	970.868
1161	47.0937	968.323
1162	47.1398	968.308
1163	47.1872	968.091
1164	47.2356	967.44
1165	47.2816	967.211
1166	47.329	966.969
1167	47.3757	964.871
1168	47.4214	963.328
1169	47.4681	963.03
1170	47.5163	962.408
1171	47.5637	962.39
1172	47.6101	962.321
1173	47.6568	962.293
1174	47.7031	962.281
1175	47.7494	961.222
1176	47.7955	961.187
1177	47.8433	961.179
1178	47.891	961.071
1179	47.9389	959.253
1180	47.9864	957.46
1181	48.0329	957.22
1182	48.0792	957.213
1183	48.1265	957.192
1184	48.1774	890.372
1185	48.2232	884.975
1186	48.2725	884.971
1187	48.3234	884.798
1188	48.3712	884.347
1189	48.4177	884.317
1190	48.4652	884.195
1191	48.5331	883.676
1192	48.6079	883.605
1193	48.6574	883.593
1194	48.7057	883.293
1195	48.7534	883.16
1196	48.8017	883.126
1197	48.8494	883.013
1198	48.8964	883.004
1199	48.9446	882.897
1200	48.9924	877.473
1201	49.0394	877.453
1202	49.0861	876.608
1203	49.1336	876.405
1204	49.1807	875.336
1205	49.2301	874.619
1206	49.2791	874.137
1207	49.3262	874.13
1208	49.373	874.083
1209	49.4208	873.952
1210	49.4683	873.8
1211	49.5151	873.36
1212	49.5614	871.15
1213	49.6075	870.853
1214	49.6547	869.691
1215	49.7014	869.651
1216	49.7485	869.418
1217	49.7954	868.404
1218	49.8436	868.151
1219	49.8904	867.972
1220	49.937	867.951
1221	49.983	867.928
1222	50.0315	863.139
1223	50.0789	863.071
1224	50.1263	862.996
1225	50.1737	862.881
1226	50.2216	862.293
1227	50.2698	862.1
1228	50.3165	862.072
1229	50.3648	859.215
1230	50.4113	845.694
1231	50.4583	845.602
1233	50.5544	845.601
1234	50.6027	845.519
1235	50.6515	844.812
1236	50.7024	844.797
1237	50.7497	844.322
1238	50.7967	843.251
1239	50.8441	843.235
1240	50.8913	842.905
1241	50.938	842.809
1242	50.9852	842.786
1243	51.0317	842.674
1244	51.0786	842.603
1245	51.1267	842.371
1246	51.1738	842.336
1247	51.2228	840.227
1248	51.2695	837.184
1249	51.3195	837.182
1250	51.3681	835.611
1251	51.4163	835.605
1252	51.465	835.505
1253	51.5152	835.288
1254	51.5647	834.098
1255	51.6124	834.049
1256	51.6597	833.464
1257	51.7064	833.311
1258	51.7533	833.018
1259	51.8008	832.904
1260	51.8527	832.566
1261	51.9012	832.393
1262	51.9481	831.442
1263	51.9993	831.341
1264	52.0464	830.725
1265	52.0947	830.693
1266	52.1415	830.575
1268	52.2369	830.317
1269	52.2853	828.606
1270	52.3337	828.167
1271	52.3819	828.051
1273	52.4795	827.942
1274	52.5262	826.191
1275	52.5731	826.027
1276	52.6219	825.979
1277	52.6711	825.557
1278	52.7188	825.392
1279	52.768	824.88
1280	52.8165	824.219
1281	52.8635	823.528
1282	52.9118	823.479
1283	52.9609	820.721
1284	53.0113	818.891
1285	53.0633	816.498
1286	53.1111	816.493
1287	53.1587	816.398
1288	53.2064	815.823
1289	53.2545	815.793
1290	53.3019	815.217
1291	53.3496	814.562
1292	53.4001	814.555
1293	53.4474	814.34
1294	53.4981	813.612
1296	53.5925	813.269
1297	53.6396	813.242
1298	53.6868	811.932
1299	53.7378	811.761
1300	53.7847	811.746
1301	53.8351	811.516
1302	53.8825	809.621
1303	53.9319	806.798
1305	54.0277	806.17
1306	54.0742	802.078
1307	54.122	800.502
1308	54.1698	799.298
1309	54.2176	799.182
1311	54.3126	799.14
1312	54.3616	798.831
1313	54.4092	798.295
1314	54.4577	797.785
1315	54.505	797.718
1316	54.5544	797.16
1317	54.6015	797.127
1318	54.6499	797.123
1319	54.6985	796.793
1320	54.7477	796.779
1321	54.7954	796.035
1322	54.8474	796.031
1324	54.9431	796.02
1325	54.9901	795.904
1326	55.0394	795.056
1327	55.0861	794.905
1328	55.1339	794.892
1329	55.1815	794.854
1330	55.2314	789.742
1331	55.2799	774.296
1332	55.33	773.309
1333	55.3797	772.957
1334	55.4315	772.549
1336	55.5264	772.463
1337	55.5808	772.091
1338	55.6272	772.039
1340	55.7256	770.908
1341	55.7725	769.089
1342	55.8198	769.044
1343	55.8685	769.009
1344	55.9176	768.867
1345	55.9646	768.67
1346	56.0138	766.287
1347	56.0613	763.345
1349	56.1574	762.439
1350	56.2046	762.433
1351	56.2549	762.318
1352	56.3079	761.196
1353	56.3552	758.779
1354	56.4057	758.119
1356	56.5007	755.75
1357	56.548	755.618
1358	56.5948	754.242
1359	56.6447	753.2
1360	56.6917	752.452
1361	56.741	752.429
1362	56.7882	751.988
1363	56.8355	751.968
1364	56.8821	751.917
1365	56.9295	751.415
1366	56.9781	751.227
1368	57.0776	750.793
1369	57.125	750.687
1370	57.1722	750.675
1371	57.2193	750.658
1372	57.2678	749.116
1373	57.3159	749.089
1374	54.881	749.036
1375	54.9432	748.113
1376	55.0136	747.714
1377	55.0612	747.477
1378	55.1103	747.462
1379	55.1591	747.199
1380	55.2059	747.068
1381	55.254	746.981
1382	55.3058	746.453
1383	55.3558	746.345
1384	55.4041	746.336
1386	55.4995	746.303
1387	55.5485	746.177
1388	55.6002	746.044
1389	55.648	745.179
1390	55.6992	745.165
1391	55.7462	744.229
1392	55.7934	732.037
1393	55.8411	725.384
1394	55.8892	724.954
1395	55.9366	724.767
1396	55.987	724.765
1397	56.0356	724.651
1398	56.083	724.486
1400	56.1802	724.329
1401	56.23	718.841
1402	56.2788	703.185
1403	56.3267	703.09
1405	56.4283	703.06
1406	56.4775	701.458
1407	56.5276	701.401
1408	56.5755	701.29
1410	56.6759	701.255
1411	56.7269	699.814
1412	56.7751	699.694
1413	56.8246	699.646
1414	56.8737	699.633
1415	56.9226	699.53
1416	56.9724	699.144
1417	57.0233	698.775
1418	57.0716	698.735
1419	57.1203	695.524
1420	57.1681	695.193
1421	57.2151	694.892
1422	57.2647	694.891
1423	57.3124	694.73
1424	57.3605	694.62
1426	57.4564	694.539
1427	57.506	694.526
1428	57.5546	693.811
1429	57.6035	693.762
1430	57.6543	693.723
1431	57.7051	688.203
1432	57.7544	683.554
1433	57.8045	683.522
1434	57.8533	683.506
1435	57.9021	683.194
1436	57.9494	682.729
1437	57.9972	682.683
1438	58.0457	682.633
1439	58.0948	682.459
1440	58.1428	681.94
1441	58.1924	681.881
1442	58.2421	681.81
1443	58.2902	681.791
1444	58.3402	681.457
1445	58.3879	681.432
1446	58.436	681.356
1447	58.4854	680.657
1448	58.5358	680.608
1449	58.5848	680.604
1450	58.633	680.488
1451	58.683	679.944
1452	58.7324	666.116
1453	58.7815	642.422
1454	58.8308	642.418
1455	58.8816	632.321
1456	58.9302	632.04
1458	59.081	632.007
1459	59.1303	631.935
1461	59.2277	631.542
1462	59.2758	631.528
1463	59.3257	631.024
1464	59.3744	630.965
1465	59.4226	630.138
1466	59.473	630.085
1467	59.5211	630.075
1468	59.5693	630.06
1469	59.6186	630.015
1470	59.6696	628.187
1471	59.7194	628.027
1472	59.7679	627.278
1473	59.8168	626.888
1474	59.8647	626.43
1475	59.9138	626.379
1476	59.9629	626.349
1477	60.0132	626.302
1478	60.0672	626.189
1479	60.1179	626.106
1480	60.1673	626.044
1481	60.2184	626.026
1482	60.269	625.122
1483	60.318	624.886
1484	60.3674	624.845
1485	60.415	622.137
1486	60.4647	622.114
1487	60.5131	621.994
1488	60.5625	605.45
1489	60.6116	603.989
1490	60.6604	603.979
1491	60.709	603.815
1492	60.7576	603.767
1493	60.8073	603.671
1494	60.8576	603.643
1495	60.9061	546.335
1496	60.9545	545.85
1497	61.0048	545.842
1498	61.0534	545.746
1499	61.1048	544.086
1500	61.1534	544.079
1501	61.2021	543.874
1502	61.2509	543.842
1503	61.2992	543.708
1504	61.3509	543.626
1505	61.4005	543.304
1506	61.4495	543.177
1507	61.4996	542.446
1509	61.5976	542.228
1510	61.646	542.086
1511	61.6971	542.084
1512	61.7456	541.987
1513	61.7949	541.971
1514	61.8442	541.944
1516	61.9422	541.926
1517	61.9909	541.919
1518	62.0399	541.728
1519	62.0892	540.974
1520	62.1385	540.146
1521	62.1883	539.141
1523	62.2882	539.077
1524	62.339	532.955
1525	62.3957	531.697
1526	62.4515	531.694
1527	62.5037	531.453
1528	62.5543	530.909
1529	62.6049	530.624
1530	62.656	530.44
1531	62.7054	529.896
1532	62.7549	529.694
1534	62.8551	529.546
1535	62.9034	529.474
1536	62.9526	529.462
1537	63.0043	529.198
1538	63.0554	529.088
1539	63.1058	529.02
1540	63.1549	519.455
1541	63.2071	518.168
1542	63.2564	517.338
1543	63.3061	517.286
1544	63.3557	516.607
1545	63.4043	516.48
1546	63.4545	515.755
1547	63.5045	515.654
1548	63.5569	515.641
1549	63.6077	515.286
1551	63.7072	515.206
1552	63.7563	514.9
1554	63.8571	514.155
1555	63.9072	514.033
1556	63.9556	513.976
1557	64.0052	513.584
1558	64.0545	513.492
1559	64.1055	513.345
1560	64.1548	513.191
1561	64.2049	513.166
1562	64.2548	512.609
1563	64.3052	512.516
1564	64.3552	512.48
1565	64.4042	512.399
1566	64.454	511.803
1567	64.5032	511.763
1569	64.6031	510.873
1570	64.6537	510.303
1571	64.7026	510.24
1572	64.7522	510.212
1573	64.8047	510.21
1574	64.8556	510.162
1575	64.9041	509.573
1576	64.9544	509.193
1577	65.0045	509.112
1578	65.0545	509.037
1579	65.1043	508.941
1580	65.1533	508.822
1581	65.2032	508.683
1582	65.2541	508.648
1584	65.3539	508.42
1585	65.4038	508.378
1588	65.555	507.459
1589	65.6068	507.434
1590	65.6596	505.682
1592	65.7621	505.622
1593	65.8122	505.588
1594	65.8619	479.746
1596	65.9604	479.35
1597	66.0094	479.154
1598	66.0606	478.829
1600	66.1608	478.758
1601	66.2096	478.534
1602	66.2598	478.424
1604	66.3593	478.345
1605	66.4083	478.233
1606	66.4577	478.089
1607	66.5074	478.089
1609	66.6066	476.071
1610	66.658	475.672
1611	66.7067	475.605
1613	66.8069	475.486
1614	66.8562	475.076
1615	66.9092	475.03
1616	66.96	475.006
1617	67.009	474.956
1618	67.0581	474.854
1619	67.1066	472.446
1620	67.1618	472.224
1621	67.2135	471.664
1623	67.3125	469.953
1624	67.3636	468.72
1625	67.4126	465.719
1626	67.4639	465.709
1627	67.5165	465.578
1628	67.5666	465.342
1629	67.6154	465.335
1630	67.6652	465.067
1631	67.715	464.978
1632	67.7662	464.975
1633	67.8163	464.458
1634	67.8771	463.386
1635	67.9574	463.244
1636	68.0084	462.124
1637	68.0581	462.092
1638	68.1088	461.785
1639	68.1584	460.535
1640	68.2079	460.525
1641	68.2593	460.321
1642	68.3119	458.496
1643	68.3617	457.599
1644	68.412	457.451
1646	68.5447	456.168
1647	68.5981	455.154
1648	68.6495	453.386
1649	68.7008	453.335
1650	68.7502	453.305
1651	68.8013	453.214
1652	68.8514	453.106
1653	68.9048	452.984
1654	68.9537	452.963
1655	69.0037	452.891
1656	69.0539	452.574
1657	69.1074	452.529
1658	69.1578	452.32
1659	69.2191	452.122
1660	69.281	452.053
1661	69.3329	451.508
1662	69.3839	451.503
1663	69.4335	451.399
1664	69.4858	451.32
1665	69.538	451.263
1666	69.5904	450.854
1667	69.6402	450.785
1668	69.691	450.782
1670	69.7896	448.909
1671	69.8387	445.722
1672	69.8895	445.454
1673	69.9407	445.44
1674	69.9921	445.435
1677	70.1433	445.025
1678	70.1943	444.928
1680	70.2954	444.116
1681	70.3442	443.352
1683	70.4441	443.248
1684	70.4949	443.224
1685	70.5458	443.122
1686	70.5969	442.974
1687	70.6458	442.247
1689	70.7444	441.951
1690	70.7942	441.945
1692	70.8971	439.586
1693	70.9464	439.338
1694	70.9975	439.129
1695	71.0488	439.067
1696	71.1005	438.727
1697	71.1512	438.543
1699	71.251	438.209
1700	71.3009	437.802
1701	71.3508	437.794
1702	71.4006	437.686
1703	71.4499	437.672
1704	71.5009	437.652
1705	71.5498	437.621
1706	71.6002	437.58
1707	71.6502	437.461
1708	71.7017	436.77
1709	71.7506	436.544
1710	71.8001	436.536
1711	71.8501	436.518
1712	71.9066	436.213
1713	71.9585	436.203
1714	72.0073	436.141
1715	72.0568	436.102
1716	72.1065	435.969
1717	72.1568	435.865
1718	72.2087	435.851
1719	72.2589	435.83
1720	72.3082	435.828
1721	72.3575	435.806
1722	72.4097	435.582
1723	72.462	435.571
1724	72.5133	435.465
1725	72.5638	435.464
1726	72.6154	435.416
1727	72.6657	435.39
1729	72.7681	435.225
1730	72.8175	435.201
1731	72.8665	434.819
1732	72.9157	434.635
1733	72.9656	434.448
1734	73.0187	434.317
1735	73.0686	434.186
1736	73.1177	434.178
1737	73.1678	434.151
1738	73.2177	434.129
1739	73.2689	434.105
1740	73.3207	433.915
1741	73.371	431.608
1742	73.421	429.591
1743	73.4713	429.531
1744	73.5229	429.528
1745	73.5733	429.504
1746	73.6239	428.857
1747	73.6751	428.816
1748	73.7253	428.766
1749	73.7769	428.654
1750	73.8287	428.056
1751	73.8806	427.729
1752	73.9319	427.694
1753	73.9819	427.678
1754	74.0314	427.662
1755	74.0825	427.616
1756	74.1324	427.58
1757	74.1824	427.498
1758	74.2327	427.477
1759	74.2905	427.397
1760	74.3453	427.335
1761	74.3972	427.261
1762	74.4493	427.256
1763	74.5004	426.888
1766	74.6533	426.882
1767	74.705	426.817
1768	74.7603	426.609
1769	74.8103	426.544
1770	74.8617	426.518
1771	74.9154	426.188
1772	74.9659	425.954
1773	75.0175	425.933
1774	75.0674	425.921
1775	75.1199	425.588
1776	75.1713	425.36
1777	75.221	425.351
1778	75.2717	425.203
1779	75.3212	425.177
1781	75.4219	425.024
1782	75.4726	424.878
1783	75.5245	424.864
1784	75.5753	424.712
1785	75.6263	424.663
1786	75.676	424.644
1787	75.7265	424.616
1788	75.7772	424.613
1789	75.83	424.6
1790	75.8794	424.492
1791	75.9308	424.228
1792	75.9804	419.584
1793	76.0319	405.195
1794	76.0817	405.184
1795	76.1333	403.878
1796	76.1835	403.622
1798	76.2836	403.615
1799	76.3355	403.438
1801	76.435	403.409
1802	76.4852	403.404
1803	76.5365	403.096
1804	76.5924	403.055
1805	76.6489	402.077
1806	76.7083	402.05
1807	76.7586	402.02
1808	76.8102	402.018
1809	76.8609	401.994
1810	76.9133	401.825
1811	76.9628	401.723
1812	77.0133	401.696
1813	77.0657	401.491
1814	77.118	401.432
1815	77.1689	401.373
1816	77.2202	401.369
1817	77.2699	401.367
1818	77.3217	401.364
1819	77.3734	400.571
1822	77.5272	400.073
1823	77.5767	399.908
1824	77.6276	399.785
1825	77.6823	398.809
1826	77.7334	398.789
1827	77.7841	398.532
1828	77.8338	395.933
1829	77.8842	395.393
1830	77.9345	395.365
1831	77.9857	395.32
1832	78.0369	395.293
1833	78.0875	395.204
1834	78.1369	395.197
1835	78.1878	377.698
1836	78.238	377.358
1837	78.305	377.263
1838	78.3927	377.142
1839	78.4456	376.841
1840	78.4963	376.831
1841	78.547	376.134
1842	78.5966	376.09
1843	78.6459	376.07
1844	78.6969	376.068
1845	78.748	376.019
1846	78.8006	375.953
1847	78.854	375.624
1849	78.9537	375.555
1850	79.0057	375.429
1851	79.0601	375.425
1852	79.1122	375.397
1853	79.1616	375.364
1854	79.2168	375.346
1856	79.3195	375.307
1857	79.373	375.264
1858	79.424	375.212
1859	79.4753	374.751
1860	79.526	374.576
1861	79.5765	373.467
1862	79.6282	373.446
1863	79.6792	373.382
1864	79.7298	372.321
1865	79.7796	371.661
1866	79.8324	371.647
1867	79.8835	371.278
1868	79.9363	371.034
1869	79.9886	370.982
1870	80.0387	370.888
1871	80.0891	370.809
1872	80.1405	370.712
1875	80.2947	370.682
1876	80.3455	370.619
1877	80.3971	370.117
1878	80.4494	370.114
1879	80.5038	370.109
1880	80.5554	367.396
1881	80.6066	366.2
1882	80.657	364.927
1883	80.7089	364.866
1884	80.7597	364.584
1885	80.8117	363.842
1886	80.8625	363.584
1887	80.9153	363.542
1888	80.9665	363.525
1889	81.0178	363.413
1890	81.0693	363.398
1893	81.2208	363.307
1894	81.2713	361.969
1895	81.322	361.839
1896	81.3757	361.835
1897	81.4305	361.611
1898	81.4812	361.571
1899	81.5324	361.236
1901	81.6345	361.225
1902	81.6847	360.632
1903	81.7351	360.599
1904	81.7892	360.566
1905	81.8392	360.472
1906	81.8903	360.397
1907	81.9406	360.364
1909	82.0409	360.031
1910	82.0907	359.922
1911	82.1415	359.888
1913	82.2438	359.86
1914	82.295	359.853
1915	82.3567	359.712
1917	82.4592	359.657
1919	82.559	359.634
1920	82.6087	359.359
1921	82.66	359.333
1922	82.7111	359.327
1923	82.7614	359.245
1925	82.8613	359.194
1926	82.912	359.079
1927	82.9617	358.984
1928	83.0126	358.418
1929	83.063	358.396
1930	83.1136	356.541
1931	83.1639	356.494
1932	83.2155	356.485
1933	83.2663	356.462
1934	83.3168	356.307
1935	83.3665	356.238
1936	83.4182	355.83
1937	83.4684	352.056
1938	83.5201	351.705
1939	83.5704	351.566
1940	83.6219	351.42
1941	83.6719	350.947
1942	83.7233	350.837
1943	83.7763	350.806
1944	83.8301	350.683
1945	83.8801	350.567
1946	83.9302	350.529
1947	83.9818	350.451
1949	84.0946	347.761
1950	84.1475	347.583
1951	84.1982	347.364
1954	84.3553	347.249
1956	84.4578	347.242
1957	84.5085	347.214
1958	84.5626	347.202
1960	84.6671	346.972
1961	84.7173	346.429
1963	84.8178	346.363
1964	84.869	346.359
1965	84.921	344.023
1966	84.9713	344.001
1967	85.021	343.977
1968	85.074	343.916
1969	85.1246	343.9
1970	85.177	343.718
1971	85.2269	343.669
1972	85.2785	343.644
1973	85.3282	343.626
1974	85.3796	343.211
1976	85.4814	343.136
1978	85.5844	343.029
1979	85.6354	342.766
1980	85.6868	342.741
1982	85.7893	342.344
1983	85.8404	341.912
1984	85.8908	341.718
1986	85.9942	340.94
1987	86.0454	340.681
1988	86.0963	339.725
1989	86.1473	339.463
1992	86.3038	339.216
1994	86.4058	339.18
1995	86.4566	339.131
1996	86.5547	338.889
1997	86.6224	338.868
1998	86.6737	338.853
2000	86.7772	338.829
2001	86.83	338.762
2002	86.8812	338.751
2003	86.9318	338.718
2006	87.0857	338.421
2007	84.6499	338.396
2008	84.7017	338.379
2009	84.7538	338.352
2010	84.8033	337.895
2011	84.8534	335.448
2013	84.9543	335.16
2014	85.0062	334.837
2015	85.0571	334.816
2017	85.1588	334.629
2018	85.2113	334.6
2020	85.3181	333.767
2023	85.4711	333.719
2024	85.5217	333.685
2026	85.6235	333.456
2027	85.6732	333.206
2029	85.7734	333.09
2030	85.8241	333.089
2031	85.8752	333.06
2032	85.9259	332.669
2033	85.9754	332.245
2034	86.0278	332.055
2036	86.135	331.696
2037	86.1861	331.677
2039	86.2864	331.183
2040	86.3398	331.129
2041	86.3899	331.121
2042	86.4409	331.093
2043	86.4934	331.074
2044	86.5434	331.068
2045	86.5955	331.05
2046	86.6474	330.993
2047	86.6978	330.99
2048	86.7477	330.868
2049	86.7992	330.711
2050	86.8495	330.695
2051	86.9031	330.638
2052	86.9533	330.365
2053	87.004	330.348
2054	87.0555	330.315
2055	87.1098	330.226
2056	87.1626	330.168
2057	87.2133	330.147
2058	87.2639	330.128
2059	87.3144	330.077
2060	87.3667	330.067
2061	87.4181	330.044
2062	87.4681	329.845
2063	87.5204	329.786
2064	87.57	329.722
2066	87.6738	329.719
2067	87.7248	329.696
2068	87.7773	329.658
2069	87.8273	329.6
2070	87.8782	329.584
2071	87.9284	329.297
2072	87.9795	328.982
2073	88.0304	328.85
2074	88.0808	328.776
2075	88.1326	328.667
2076	88.1835	328.664
2077	88.2339	328.247
2078	88.2848	328.062
2079	88.3348	328.029
2080	88.3847	327.914
2081	88.4399	326.706
2082	88.4908	326.227
2083	88.542	326.194
2084	88.5937	326.193
2085	88.6458	326.192
2086	88.6971	324.958
2087	88.7474	324.931
2088	88.7993	324.787
2089	88.8504	324.718
2090	88.9007	324.449
2091	88.9511	323.734
2092	89.0016	323.71
2093	89.0533	323.702
2094	89.1049	323.663
2095	89.1563	323.409
2096	89.2099	323.394
2097	89.2615	323.369
2098	89.3123	323.364
2099	89.3634	323.253
2100	89.414	323.137
2101	89.4657	322.856
2102	89.518	322.851
2103	89.5686	322.81
2104	89.6201	322.703
2105	89.6723	322.696
2106	89.7234	322.687
2107	89.7754	322.646
2108	89.8266	322.582
2109	89.8803	322.552
2110	89.9464	322.538
2111	90.0104	322.195
2112	90.0688	321.888
2113	90.1257	321.846
2114	90.1832	321.832
2115	90.2376	321.308
2116	90.2895	321.263
2117	90.3418	320.938
2118	90.3923	320.916
2119	90.4459	320.896
2121	90.5484	319.896
2122	90.5986	319.861
2123	90.6504	319.847
2124	90.7011	319.787
2125	90.7528	319.706
2126	90.8161	319.573
2127	90.8757	319.462
2128	90.9264	319.451
2129	90.9786	319.425
2130	91.0318	319.207
2131	91.0829	319.125
2132	91.133	318.971
2133	91.1844	304.054
2134	91.235	304.008
2135	91.2858	302.973
2136	91.3379	302.545
2138	91.4407	302.543
2139	91.4935	302.51
2141	91.5946	302.477
2142	91.6474	302.46
2143	91.6986	302.279
2144	91.7513	302.259
2145	91.8013	301.672
2146	91.8533	301.668
2147	91.9048	301.657
2148	91.9553	301.656
2149	92.0062	301.644
2150	92.0566	301.558
2151	92.1074	301.482
2152	92.1601	301.45
2153	92.2115	301.414
2154	92.2622	301.335
2155	92.3141	301.212
2156	92.3645	301.182
2157	92.416	301.178
2158	92.4672	301.169
2159	92.5178	300.716
2160	92.5689	300.685
2162	92.6709	299.992
2163	92.7229	299.897
2164	92.7733	299.883
2165	92.8245	299.873
2166	92.8748	299.858
2167	92.9254	299.754
2168	92.9782	299.117
2169	93.033	298.468
2170	93.087	298.411
2171	93.1385	298.374
2172	93.1966	298.324
2173	93.2517	298.266
2174	93.3038	298.25
2175	93.3539	294.703
2176	93.4072	294.567
2177	93.4592	294.523
2178	93.5111	294.435
2179	93.5632	294.38
2180	93.6182	294.375
2181	93.6711	293.928
2182	93.7215	293.888
2183	93.7732	293.871
2184	93.8261	293.851
2186	93.9314	293.817
2187	93.9841	293.768
2189	94.0894	293.68
2190	94.1412	293.58
2191	94.1925	293.52
2192	94.2433	293.508
2193	94.2964	293.504
2194	94.3474	293.491
2195	94.3991	293.45
2196	94.4506	293.449
2197	94.5032	293.444
2198	94.5534	293.422
2199	94.6041	293.38
2200	94.656	293.35
2202	94.7608	293.344
2203	94.812	293.296
2204	94.8637	292.771
2205	94.9204	292.31
2206	95.0327	292.294
2208	95.2518	292.187
2209	95.3052	292.09
2210	95.3577	292.075
2211	95.4089	291.942
2214	95.5652	291.857
2215	95.6196	291.845
2216	95.671	291.594
2217	95.7234	291.003
2218	95.7751	290.992
2219	95.8268	290.879
2220	95.8791	290.537
2221	95.9326	290.432
2222	95.9832	290.046
2223	96.035	290.016
2224	96.0867	289.786
2225	96.1388	289.694
2226	96.1914	289.565
2227	96.2424	289.562
2228	96.2953	289.546
2229	96.3474	289.403
2231	96.4671	289.401
2233	96.5752	289.372
2234	96.6257	288.811
2236	96.7309	288.81
2237	96.7825	288.5
2238	96.8343	288.39
2239	96.8874	288.207
2240	96.938	288.153
2242	97.042	287.875
2243	97.0961	287.705
2244	97.1482	287.696
2245	97.1997	287.65
2246	97.2552	287.568
2247	97.3068	287.523
2248	97.3597	287.495
2249	97.414	287.241
2250	97.4641	287.053
2251	97.5176	287.05
2252	97.57	287.025
2253	97.6216	287.014
2254	97.6728	286.964
2257	97.8253	286.957
2258	97.8767	286.954
2259	97.9296	286.951
2261	98.0399	286.942
2262	98.0923	286.939
2263	98.1445	286.89
2265	98.2473	286.877
2266	98.2976	286.871
2268	98.4004	286.47
2269	98.4519	286.469
2270	98.506	286.324
2271	98.5574	286.302
2272	98.6103	286.298
2273	98.6617	286.264
2274	98.7122	284.821
2275	98.764	284.795
2276	98.8166	284.029
2277	98.8676	283.744
2278	98.9189	283.716
2279	98.9708	283.713
2280	99.0226	283.68
2281	99.0756	283.413
2285	99.3121	283.386
2288	99.4664	283.328
2289	99.5185	282.563
2290	99.5697	282.413
2293	99.7271	282.363
2294	99.7796	282.291
2295	99.8322	282.285
2296	99.8839	282.251
2300	100.091	282.08
2301	100.143	281.88
2302	100.194	281.866
2303	100.245	281.716
2304	100.298	281.707
2305	100.351	281.38
2307	100.456	281.292
2308	100.507	281.24
2311	100.663	281.014
2313	100.766	280.725
2314	100.819	280.569
2315	100.87	280.509
2316	100.922	280.495
2317	100.974	280.481
2318	101.024	280.439
2320	101.128	280.435
2322	101.231	280.422
2323	101.283	280.311
2324	101.334	279.967
2326	101.437	279.178
2327	101.489	279.016
2328	101.541	276.953
2329	101.593	276.89
2335	101.905	276.849
2336	101.963	276.692
2337	102.015	276.656
2338	102.069	276.646
2339	102.121	276.638
2340	102.172	276.62
2341	102.224	276.583
2342	102.275	276.578
2344	102.382	276.549
2348	102.591	276.53
2350	102.698	276.476
2351	102.753	274.56
2353	102.856	274.072
2357	103.067	274.03
2358	103.121	274.01
2361	103.279	274.009
2363	103.385	273.965
2364	103.441	273.934
2365	103.501	273.92
2366	103.556	273.777
2367	103.614	273.661
2370	103.802	273.658
2371	103.917	273.652
2372	103.983	273.406
2373	104.049	273.279
2374	104.105	273.191
2375	104.161	273.157
2376	104.219	273.052
2379	104.396	272.327
2380	104.462	271.929
2381	104.545	271.925
2382	104.615	271.907
2383	104.67	271.845
2384	104.725	271.84
2385	104.783	271.837
2386	104.844	271.739
2388	104.962	271.645
2389	105.018	271.617
2390	105.095	271.612
2391	105.169	271.6
2392	105.225	271.306
2393	105.282	271.285
2394	105.345	271.269
2395	105.404	271.229
2396	105.461	271.181
2397	105.516	271.159
2399	105.645	271.157
2400	105.702	271.151
2401	105.762	271.148
2402	105.816	271.105
2403	105.876	271.084
2404	105.945	271.066
2406	106.077	271.054
2407	106.139	271.026
2408	106.197	271.009
2409	106.265	270.848
2410	106.32	270.844
2411	106.377	270.577
2412	106.437	270.303
2413	106.496	270.003
2415	106.615	269.942
2416	106.673	269.929
2417	106.73	269.902
2418	106.792	269.88
2420	106.907	269.691
2421	106.962	269.514
2422	107.017	268.872
2424	107.123	268.871
2425	107.175	268.868
2426	107.229	268.85
2427	107.281	268.831
2428	107.335	268.794
2429	107.391	268.765
2430	107.454	268.739
2431	107.517	267.998
2432	107.586	267.986
2433	107.698	267.982
2434	107.761	267.953
2435	107.815	267.928
2436	107.869	267.917
2437	107.923	267.899
2438	107.977	267.896
2439	108.03	267.846
2440	108.083	267.591
2441	108.139	267.567
2442	108.195	267.562
2443	108.25	267.532
2444	108.303	267.489
2445	108.36	267.464
2446	108.417	267.458
2447	108.472	267.45
2448	108.526	267.331
2449	108.579	267.31
2450	108.632	267.292
2451	108.684	267.027
2452	108.738	266.934
2453	108.789	266.744
2454	108.842	266.733
2455	108.896	266.721
2456	108.948	266.639
2457	109.003	266.635
2458	109.054	266.618
2459	109.107	266.599
2461	109.214	266.437
2462	109.266	266.394
2463	109.318	266.387
2464	109.375	266.358
2465	109.429	266.314
2466	109.483	266.305
2467	109.547	266.303
2468	109.641	266.266
2469	109.706	266.264
2470	109.781	266.258
2471	109.837	266.098
2472	109.892	265.451
2473	109.951	265.306
2474	110.004	265.284
2475	110.056	264.605
2476	110.109	264.064
2477	110.16	264.016
2478	110.227	264.008
2482	110.461	263.999
2483	110.536	263.873
2485	110.643	263.486
2486	110.695	263.483
2487	110.747	263.479
2488	110.799	263.478
2489	110.852	263.466
2490	110.905	263.373
2491	110.958	263.178
2492	111.011	263.126
2493	111.075	262.78
2494	111.128	262.762
2495	111.181	262.689
2496	111.232	262.681
2497	111.287	262.676
2498	111.34	262.671
2499	111.392	262.544
2500	111.446	262.527
2502	111.574	262.467
2503	111.626	262.439
2504	111.679	262.438
2505	111.731	262.43
2506	111.785	262.372
2507	111.838	262.242
2508	111.89	262.223
2509	111.957	261.365
2510	112.013	261.332
2511	112.068	261.288
2513	112.176	261.266
2514	112.229	261.214
2515	112.29	259.529
2516	112.373	259.327
2517	112.424	259.313
2518	112.477	259.25
2519	112.53	259.101
2520	112.586	259.1
2521	112.65	259.067
2523	112.806	259.056
2524	112.87	259.032
2526	113.109	258.972
2527	113.242	258.855
2529	113.507	258.846
2530	113.6	258.815
2531	113.687	258.792
2532	113.789	258.78
2533	113.904	258.779
2534	114.013	258.768
2536	114.201	258.766
2537	114.327	258.76
2538	114.485	258.742
2540	114.742	258.714
2541	114.913	258.683
2542	115.07	258.662
2543	115.201	258.64
2544	115.34	258.391
2545	115.496	257.929
2546	115.653	257.915
2548	115.955	257.854
2550	116.221	257.831
2551	116.389	257.691
2553	116.704	257.689
2554	116.866	257.674
2555	114.526	257.665
2556	114.682	257.574
2557	114.837	256.932
2559	115.152	256.887
2562	115.47	256.875
2563	115.572	256.862
2564	115.659	256.717
2565	115.737	256.069
2566	115.792	255.882
2568	115.908	255.875
2569	115.965	255.844
2571	116.086	255.697
2572	116.144	255.62
2573	116.206	255.516
2574	116.27	255.1
2576	116.412	254.993
2577	116.486	254.741
2578	116.569	254.623
2579	116.631	254.35
2581	116.739	254.348
2582	116.798	253.875
2583	116.873	253.81
2584	116.982	253.804
2585	117.077	253.766
2587	117.272	253.728
2588	117.344	253.722
2589	117.428	253.576
2590	117.531	253.262
2591	117.688	253.244
2593	117.855	253.244
2594	117.934	253.228
2597	118.243	253.182
2598	118.301	253.177
2599	118.354	253.174
2600	118.411	253.067
2601	118.466	253.063
2602	118.521	253.059
2603	118.575	252.916
2604	118.63	252.892
2605	118.699	252.865
2606	118.761	252.856
2608	118.897	252.61
2609	118.964	252.61
2610	119.027	252.549
2611	119.082	252.536
2613	119.193	252.491
2614	119.247	251.715
2616	119.356	251.258
2617	119.408	251.022
2620	119.569	251.021
2621	119.625	250.763
2622	119.729	250.759
2623	119.809	250.734
2624	119.864	250.729
2625	119.917	250.686
2626	119.984	250.674
2629	120.197	250.324
2630	120.251	250.289
2631	120.323	250.287
2632	120.441	250.273
2634	120.618	250.252
2636	120.768	250.244
2638	120.891	250.224
2640	121.006	250.185
2641	121.067	249.99
2642	121.124	249.977
2643	121.189	249.841
2644	121.251	249.829
2645	121.312	249.799
2646	121.368	249.783
2647	121.425	249.712
2648	121.485	249.692
2650	121.597	249.615
2652	121.716	249.596
2653	121.776	249.555
2654	121.834	249.409
2655	121.887	249.345
2656	121.946	249.174
2657	122.002	249.111
2658	122.061	249.109
2659	122.114	248.592
2663	122.376	248.547
2664	122.44	248.477
2666	122.567	247.759
2667	122.631	247.385
2668	122.688	247.021
2669	122.743	246.966
2671	122.857	246.951
2676	123.136	246.806
2677	123.215	246.799
2678	123.27	246.793
2680	123.383	246.763
2681	123.446	246.759
2685	123.733	246.709
2686	123.806	246.708
2688	123.917	246.647
2691	124.098	245.922
2693	124.229	245.648
2694	124.306	245.561
2695	124.43	245.549
2697	124.54	245.365
2698	124.594	245.357
2700	124.731	245.012
2701	124.832	244.951
2703	124.96	244.927
2705	125.074	244.921
2706	125.136	244.908
2707	125.194	244.871
2710	125.373	244.869
2711	125.439	244.835
2712	125.506	244.665
2713	125.565	244.557
2714	125.617	244.526
2715	125.673	244.152
2716	125.727	243.807
2719	125.888	242.506
2720	125.941	242.288
2721	125.993	242.285
2722	126.044	242.131
2723	126.097	242.106
2724	126.151	242.103
2725	126.203	242.101
2726	126.257	242.081
2727	126.31	242.078
2728	126.362	241.984
2729	126.415	241.953
2730	126.469	241.951
2731	126.523	241.938
2732	126.578	241.893
2733	126.63	241.873
2734	126.682	241.865
2735	126.736	241.829
2736	126.788	241.788
2737	126.842	241.78
2738	126.894	241.751
2739	126.946	241.73
2740	126.999	241.725
2741	127.053	241.719
2743	127.16	241.686
2744	127.223	241.655
2745	127.293	241.639
2746	127.354	241.634
2747	127.41	241.615
2748	127.471	241.604
2749	127.541	241.517
2750	127.618	241.51
2751	127.692	241.305
2752	127.757	241.219
2753	127.852	241.167
2754	127.948	241.162
2755	128.026	241.152
2756	128.123	241.147
2757	128.189	241.073
2758	128.267	241.055
2760	128.398	240.741
2761	128.467	240.673
2762	128.54	240.485
2763	128.609	240.471
2765	128.729	240.432
2767	128.84	240.304
2768	128.894	240.273
2770	129.01	240.263
2771	129.064	239.997
2772	129.115	239.99
2773	129.168	239.976
2774	129.222	239.945
2775	129.275	239.898
2777	129.382	239.729
2778	129.436	239.722
2779	129.489	239.68
2780	129.546	239.623
2781	129.601	239.603
2782	129.656	239.6
2783	129.713	239.579
2784	129.766	239.568
2785	129.819	239.557
2786	129.871	239.552
2787	129.924	239.534
2788	129.977	239.44
2789	130.032	239.437
2790	130.088	239.418
2791	130.142	239.306
2792	130.197	239.169
2793	130.25	239.143
2794	130.309	239.14
2795	130.363	239.111
2797	130.471	238.98
2798	130.526	238.953
2799	130.58	238.935
2801	130.688	238.737
2803	130.802	238.733
2804	130.856	238.719
2806	130.967	238.714
2807	131.019	238.705
2808	131.072	238.69
2809	131.125	238.68
2810	131.179	238.661
2811	131.233	238.622
2812	131.287	238.204
2813	131.341	237.817
2814	131.4	237.755
2815	131.46	237.501
2816	131.518	237.257
2818	131.634	237.251
2819	131.686	237.249
2820	131.742	237.24
2821	131.797	237.222
2822	131.85	237.215
2823	131.902	237.206
2824	131.955	237.189
2825	132.012	236.673
2826	132.067	236.667
2827	132.122	236.654
2828	132.175	236.646
2829	132.229	236.639
2830	132.284	236.622
2831	132.339	236.499
2832	132.395	236.47
2833	132.448	236.244
2834	132.502	236.236
2835	132.556	236.195
2836	132.61	236.178
2837	132.666	236.173
2838	132.73	236.171
2839	132.785	236.059
2840	132.839	236.021
2841	132.893	235.998
2842	132.948	235.533
2843	133.002	235.526
2845	133.112	235.492
2846	133.173	235.465
2847	133.231	235.388
2848	133.284	235.025
2849	133.337	234.69
2850	133.392	234.32
2854	133.665	234.315
2855	133.73	233.248
2856	133.789	233.213
2857	133.847	233.189
2858	133.904	233.163
2859	133.963	233.143
2860	134.025	233.142
2861	134.087	233.129
2862	134.142	233.128
2863	134.224	233.122
2864	134.325	232.992
2866	134.469	232.962
2867	134.534	232.863
2870	134.732	232.837
2871	134.82	232.82
2872	134.924	232.817
2873	134.996	232.815
2874	135.072	232.809
2875	135.164	232.774
2877	135.375	232.774
2878	135.478	232.675
2880	135.597	232.633
2882	135.739	232.627
2883	135.822	232.622
2884	135.896	232.429
2885	135.951	232.298
2886	136.056	232.296
2888	136.212	232.223
2889	136.27	232.2
2891	136.441	232.094
2893	136.557	232.072
2894	136.618	231.989
2895	136.68	231.98
2896	136.739	231.927
2897	136.792	231.78
2901	137.02	231.727
2902	137.075	231.668
2903	137.13	231.641
2904	137.191	231.626
2905	137.248	231.542
2906	137.306	231.349
2908	137.418	231.344
2909	137.478	231.282
2910	137.56	231.268
2911	137.631	231.21
2912	137.691	231.149
2913	137.751	231.139
2914	137.815	230.77
2915	137.885	230.76
2916	137.941	230.696
2917	137.995	230.534
2918	138.064	230.491
2919	138.167	230.472
2922	138.362	230.433
2923	138.417	230.397
2925	138.528	230.357
2926	138.581	230.35
2927	138.634	230.329
2928	138.689	230.328
2929	138.744	230.124
2930	138.798	229.977
2931	138.85	229.97
2933	138.957	229.97
2934	139.01	229.958
2935	139.062	229.909
2937	139.22	229.904
2939	139.366	229.896
2940	139.419	229.888
2942	139.525	229.881
2943	139.58	229.74
2944	139.632	229.555
2945	139.686	229.517
2948	139.847	229.372
2949	139.9	229.366
2951	140.007	229.359
2952	140.061	229.357
2953	140.115	229.341
2954	140.169	228.786
2955	140.236	228.777
2956	140.294	228.307
2957	140.36	228.083
2959	140.512	228.083
2960	140.566	227.936
2961	140.618	227.777
2963	140.727	227.708
2964	140.779	227.673
2965	140.834	227.619
2967	140.945	227.584
2969	141.054	227.25
2970	141.107	226.971
2971	141.16	226.945
2972	141.213	226.85
2974	141.32	226.848
2980	141.642	226.834
2981	141.696	226.713
2983	141.802	226.416
2984	141.855	226.388
2985	141.907	226.355
2986	141.962	226.352
2987	142.018	226.322
2990	142.181	226.294
2993	142.34	226.29
2994	142.392	225.887
2995	142.448	225.871
2996	142.501	225.761
2997	142.554	225.58
2998	142.606	225.565
2999	142.665	225.342
3000	142.72	225.338
3002	142.826	225.296
3004	142.931	225.221
3006	143.039	224.96
3007	143.091	224.873
3008	143.145	224.749
3009	143.199	224.738
3011	143.308	224.725
3012	143.36	224.54
3013	143.415	224.485
3015	143.521	224.447
3016	143.575	223.87
3017	143.629	223.834
3018	143.682	223.8
3019	143.737	223.783
3020	143.792	223.705
3021	143.846	223.704
3025	144.186	223.698
3026	144.245	223.691
3028	144.352	223.667
3031	144.515	222.864
3033	144.62	222.736
3034	144.673	222.726
3035	144.726	222.679
3037	144.834	222.471
3039	144.942	222.428
3043	145.156	222.407
3045	145.263	222.353
3048	145.423	221.726
3050	145.529	221.719
3051	145.581	221.615
3052	145.634	221.543
3053	145.687	221.479
3055	145.795	221.062
3056	145.848	220.998
3058	145.954	220.976
3059	146.007	220.252
3060	146.062	220.143
3062	146.169	220.117
3063	146.223	220.114
3064	146.275	220.113
3065	146.331	220.112
3066	146.384	220.098
3067	146.438	220.096
3068	146.492	220.028
3069	146.545	220.01
3070	146.599	219.996
3071	144.178	219.984
3072	144.232	219.944
3073	144.285	219.936
3074	144.338	219.884
3075	144.392	219.857
3076	144.444	219.822
3077	144.497	219.763
3079	144.604	219.762
3080	144.658	219.759
3081	144.71	219.758
3083	144.816	219.748
3084	144.87	219.737
3086	144.985	219.728
3087	145.038	219.672
3088	145.095	219.665
3089	145.149	219.638
3090	145.242	219.626
3091	145.304	219.459
3092	145.359	219.422
3094	145.466	219.333
3095	145.521	219.306
3096	145.574	219.289
3097	145.63	219.264
3098	145.683	219.248
3099	145.736	219.245
3100	145.79	219.149
3101	145.845	219.081
3102	145.898	218.995
3103	145.95	218.988
3104	146.004	218.971
3105	146.057	218.931
3106	146.111	218.879
3107	146.163	218.83
3108	146.217	218.816
3110	146.326	218.797
3111	146.379	218.748
3112	146.432	218.734
3113	146.484	218.715
3114	146.538	218.697
3115	146.591	218.676
3116	146.645	218.67
3117	146.699	218.573
3118	146.753	218.57
3119	146.805	218.485
3120	146.858	218.418
3122	146.974	218.407
3123	147.029	218.394
3124	147.083	218.368
3125	147.136	218.331
3126	147.19	218.278
3127	147.243	218.259
3128	147.303	218.037
3130	147.415	218.029
3131	147.47	217.978
3133	147.574	217.964
3134	147.632	217.96
3135	147.685	217.932
3136	147.739	217.917
3137	147.792	217.914
3138	147.848	217.891
3139	147.903	217.874
3141	148.012	217.536
3143	148.118	217.529
3144	148.172	217.526
3145	148.224	217.509
3146	148.277	217.499
3147	148.333	217.493
3148	148.388	217.486
3149	148.445	217.48
3150	148.505	217.45
3151	148.631	217.422
3152	148.693	217.276
3153	148.748	217.217
3155	148.856	217.024
3156	148.91	216.866
3162	149.231	216.864
3164	149.338	216.857
3165	149.39	216.496
3166	149.445	216.449
3167	149.501	216.447
3168	149.556	216.442
3169	149.61	216.439
3171	149.724	216.339
3172	149.782	216.311
3173	149.838	216.161
3175	149.951	216.092
3176	150.015	216.079
3177	150.081	216.045
3178	150.144	216.036
3179	150.206	215.945
3181	150.314	215.869
3183	150.42	215.807
3184	150.473	215.806
3185	150.526	215.802
3186	150.579	215.785
3187	150.633	215.756
3188	150.687	215.643
3189	150.742	215.406
3190	150.794	215.334
3191	150.848	215.327
3192	150.902	215.327
3195	151.061	214.63
3196	151.113	214.516
3197	151.165	214.499
3199	151.271	214.465
3200	151.324	214.461
3202	151.43	214.449
3203	151.485	214.446
3204	151.538	214.434
3206	151.646	214.411
3207	151.7	214.401
3209	151.811	214.401
3211	151.916	214.394
3212	151.969	214.39
3214	152.08	214.368
3215	152.138	214.34
3216	152.191	214.331
3217	152.245	214.33
3218	152.299	214.329
3220	152.406	214.273
3223	152.565	214.223
3224	152.618	213.959
3225	152.675	213.606
3226	152.729	213.602
3228	152.838	213.529
3230	152.945	213.501
3231	152.998	213.407
3233	153.105	213.402
3235	153.211	213.395
3236	153.264	213.356
3237	153.318	213.288
3242	153.582	213.273
3243	153.634	213.116
3244	153.686	213.067
3245	153.74	212.919
3246	153.795	212.801
3248	153.904	212.789
3249	153.964	212.584
3252	154.125	212.517
3253	154.186	212.515
3254	154.24	212.337
3255	154.293	212.291
3257	154.403	212.145
3258	154.457	212.109
3259	154.512	212.09
3264	154.781	212.084
3267	154.943	212.07
3268	154.995	212.056
3269	155.049	212.051
3271	155.155	212.051
3273	155.261	212.049
3274	155.313	212.008
3275	155.366	212.003
3277	155.474	211.986
3278	155.527	211.839
3279	155.579	211.828
3281	155.687	211.803
3282	155.741	211.802
3283	155.796	211.793
3284	155.849	211.775
3285	155.903	211.763
3286	155.957	211.752
3288	156.065	211.706
3289	156.118	211.688
3293	156.334	211.677
3294	156.386	211.229
3295	156.44	211.224
3296	156.494	210.996
3297	156.547	210.81
3299	156.652	210.807
3300	156.705	210.729
3301	156.758	210.633
3303	156.872	210.59
3304	156.926	210.569
3305	156.978	210.553
3307	157.085	210.549
3309	157.193	210.297
3310	157.248	209.674
3311	157.302	209.64
3314	157.501	209.605
3315	157.554	209.589
3321	157.877	209.495
3322	157.932	209.482
3323	157.986	209.199
3324	158.038	209.166
3325	158.092	209.138
3326	158.145	209.135
3327	158.243	209.116
3329	158.361	209.111
3333	158.577	209.021
3334	158.629	208.946
3335	158.686	208.896
3336	158.739	208.896
3337	158.792	208.771
3338	158.844	208.753
3339	158.898	208.699
3342	159.064	208.691
3343	159.116	208.636
3344	159.169	208.599
3346	159.281	208.404
3348	159.389	207.695
3349	159.441	207.693
3350	159.496	207.656
3351	159.55	207.613
3354	159.707	207.606
3355	159.76	207.599
3356	159.814	207.403
3357	159.867	207.387
3358	159.92	207.374
3359	159.973	207.352
3360	160.025	207.325
3361	160.078	207.311
3362	160.132	207.311
3364	160.239	207.245
3365	160.292	207.2
3366	160.344	207.128
3367	160.398	207.113
3368	160.453	207.106
3370	160.571	206.975
3371	160.674	206.606
3373	160.781	206.562
3374	160.835	206.551
3377	160.994	206.46
3378	161.047	206.416
3382	161.259	206.406
3383	161.312	206.389
3385	161.418	206.377
3386	161.472	206.357
3387	161.526	206.349
3388	161.585	206.313
3389	161.641	206.262
3390	161.693	206.261
3392	161.81	206.259
3394	161.919	206.257
3395	161.973	205.899
3396	162.028	205.822
3398	162.247	205.648
3399	162.326	205.473
3400	162.381	205.437
3401	162.436	205.434
3402	162.489	205.415
3403	162.543	205.411
3404	162.596	205.405
3405	162.651	205.379
3406	162.705	205.309
3407	162.76	205.307
3408	162.812	205.236
3409	162.866	205.211
3410	162.919	205.209
3411	162.973	205.166
3412	163.027	205.073
3413	163.079	205.05
3414	163.133	205.046
3415	163.188	205.026
3416	163.243	205.002
3417	163.298	204.959
3419	163.404	204.882
3420	163.458	204.874
3421	163.516	204.865
3423	163.622	204.861
3424	163.674	204.859
3425	163.728	204.854
3426	163.782	204.851
3427	163.836	204.847
3428	163.889	204.832
3429	163.947	204.813
3431	164.059	204.698
3433	164.167	204.686
3435	164.273	204.58
3436	164.326	204.576
3437	164.379	204.567
3438	164.433	204.544
3439	164.486	204.517
3440	164.54	204.409
3441	164.594	204.356
3442	164.648	204.203
3443	164.7	204.201
3445	164.809	204.183
3446	164.863	204.145
3447	164.916	204.122
3448	164.968	204.118
3450	165.076	204.111
3451	165.135	204.042
3452	165.189	204.018
3453	165.243	204.016
3454	165.298	204.011
3455	165.354	203.999
3457	165.465	203.966
3458	165.519	203.965
3459	165.571	203.916
3460	165.626	203.892
3461	165.682	203.89
3462	165.739	203.889
3463	165.792	203.875
3464	165.847	203.844
3465	165.9	203.836
3466	165.953	203.833
3467	166.008	203.816
3468	166.061	203.81
3470	166.166	203.792
3471	166.221	203.665
3473	166.329	203.65
3474	166.383	203.646
3475	166.436	203.615
3476	166.489	203.584
3477	166.542	203.57
3478	166.596	203.55
3479	166.649	203.542
3480	166.701	203.54
3481	166.755	203.514
3483	166.861	203.509
3484	166.914	203.459
3485	166.967	203.426
3486	167.021	203.412
3487	167.073	203.409
3488	167.128	203.4
3489	167.182	203.396
3490	167.234	203.381
3491	167.286	203.354
3492	167.34	203.277
3493	167.393	203.263
3494	167.446	203.259
3495	167.499	203.068
3496	167.552	202.651
3497	167.604	202.65
3498	167.657	202.643
3499	167.71	202.635
3500	167.762	202.635
3501	167.814	202.623
3502	167.868	202.616
3504	167.976	202.605
3505	168.029	202.26
3506	168.082	202.256
3507	168.135	202.243
3508	168.19	202.231
3509	168.246	202.228
3510	168.299	202.207
3511	168.351	201.972
3512	168.408	201.954
3513	168.467	201.918
3514	168.521	201.917
3515	168.573	201.885
3516	168.627	201.88
3517	168.68	201.876
3518	168.741	201.875
3519	168.796	201.829
3521	168.901	201.7
3522	168.954	201.697
3523	169.008	201.665
3524	169.061	201.659
3525	169.115	201.657
3526	169.169	201.643
3527	169.222	201.609
3529	169.334	201.41
3530	169.389	201.403
3532	169.564	201.373
3534	169.674	201.369
3535	169.728	201
3536	169.782	200.772
3537	169.836	200.765
3539	169.941	200.724
3540	169.995	200.722
3542	170.101	200.717
3543	170.157	200.712
3544	170.228	200.709
3546	170.376	200.691
3547	170.432	200.353
3550	170.591	200.254
3551	170.646	200.239
3552	170.698	200.235
3554	170.804	200.223
3555	170.856	200.204
3556	170.911	200.201
3557	170.966	200.199
3558	171.02	200.179
3560	171.128	200.12
3561	171.182	200.116
3563	171.293	200.113
3564	171.346	200.032
3565	171.399	199.901
3566	171.453	199.894
3568	171.562	199.662
3571	171.722	199.609
3573	171.831	199.606
3574	171.884	199.606
3575	171.937	199.601
3576	171.991	199.567
3582	172.311	199.515
3583	172.364	199.506
3584	172.42	199.44
3585	172.472	199.343
3586	172.526	199.302
3588	172.632	199.3
3589	172.686	199.26
3591	172.791	199.239
3593	172.898	199.234
3594	172.953	199.108
3597	173.113	199.081
3598	173.166	199.069
3601	173.324	199.065
3603	173.431	199.059
3604	173.486	199.056
3606	173.594	199.051
3607	173.646	199.043
3608	173.7	199.036
3609	173.753	198.954
3610	173.806	198.909
3613	173.966	198.909
3614	174.02	198.899
3615	174.075	198.89
3617	174.182	198.877
3618	174.236	198.726
3619	174.29	198.725
3621	174.401	198.706
3622	174.455	198.7
3624	174.565	198.696
3625	174.618	198.599
3626	174.673	198.584
3627	174.727	198.581
3628	174.78	198.567
3629	174.833	198.557
3631	174.944	198.556
3633	175.052	198.543
3634	175.111	198.308
3635	175.166	198.303
3636	175.22	198.193
3637	175.274	198.02
3640	175.433	198.002
3641	175.486	197.886
3643	175.591	197.874
3645	175.697	197.852
3649	175.913	197.742
3650	175.965	197.685
3651	176.02	197.684
3654	176.178	197.676
3655	176.231	197.671
3656	176.284	197.667
3658	176.403	197.649
3661	174.084	197.504
3662	174.137	197.5
3663	174.19	197.441
3664	174.243	197.404
3665	174.295	197.385
3666	174.347	197.379
3667	174.401	197.356
3668	174.453	197.324
3669	174.527	197.303
3670	174.583	197.295
3674	174.865	197.084
3675	174.923	197.054
3676	174.978	197.035
3677	175.032	197.001
3678	175.087	196.972
3679	175.14	196.907
3682	175.31	196.895
3683	175.364	196.875
3684	175.418	196.727
3686	175.526	196.625
3688	175.637	196.432
3691	175.809	196.409
3692	175.864	196.408
3695	176.032	196.405
3696	176.087	196.233
3697	176.146	196.224
3698	176.2	196.132
3699	176.255	196.117
3700	176.311	196.096
3701	176.365	196.096
3704	176.598	195.984
3705	176.655	195.967
3706	176.711	195.963
3707	176.77	195.948
3711	177.043	195.673
3712	177.13	195.395
3713	177.186	195.314
3714	177.243	195.274
3717	177.409	195.151
3723	177.749	194.946
3726	177.922	194.931
3729	178.088	194.922
3730	178.148	194.92
3733	178.321	194.848
3735	178.432	194.754
3736	178.489	194.655
3738	178.626	193.602
3742	178.988	193.581
3743	179.091	193.579
3744	179.158	193.562
3745	179.217	193.467
3746	179.313	193.454
3748	179.488	193.402
3749	179.553	193.38
3750	179.612	193.376
3751	179.685	193.36
3752	179.748	193.017
3753	179.815	193.006
3754	179.874	193.003
3755	179.93	192.972
3756	179.99	192.956
3757	180.048	192.907
3760	180.218	192.907
3761	180.273	192.904
3763	180.386	192.898
3764	180.446	192.894
3767	180.628	192.879
3768	180.682	192.876
3769	180.745	192.848
3770	180.802	192.847
3771	180.858	192.742
3772	180.915	192.707
3775	181.08	192.668
3776	181.135	192.665
3777	181.189	192.618
3778	181.247	192.608
3779	181.301	192.598
3780	181.358	192.553
3781	181.414	192.546
3782	181.47	192.524
3783	181.527	192.508
3784	181.586	192.503
3785	181.645	192.457
3786	181.701	192.446
3787	181.757	192.437
3788	181.814	192.43
3791	181.984	192.396
3792	182.039	192.39
3793	182.096	192.389
3794	182.152	192.352
3795	182.207	192.346
3796	182.262	192.345
3797	182.318	192.324
3798	182.377	192.323
3799	182.435	192.321
3800	182.491	192.296
3802	182.602	192.286
3803	182.658	192.264
3804	182.719	192.245
3805	182.776	192.207
3806	182.83	192.204
3807	182.891	192.197
3808	182.957	192.188
3809	183.015	192.179
3810	183.071	192.049
3811	183.125	192.013
3812	183.181	191.951
3813	183.237	191.945
3814	183.294	191.942
3816	183.407	191.929
3817	183.468	191.929
3818	183.526	191.92
3819	183.585	191.916
3821	183.698	191.914
3823	183.821	191.904
3824	183.879	191.728
3825	183.936	191.689
3826	183.999	191.687
3827	184.058	191.656
3828	184.115	191.652
3830	184.229	191.648
3831	184.29	191.638
3832	184.355	191.458
3833	184.418	191.441
3834	184.474	191.438
3835	184.532	191.393
3836	184.587	191.202
3837	184.643	191.18
3838	184.7	191.169
3839	184.755	191.094
3840	184.813	191.076
3842	184.928	191.07
3845	185.096	190.938
3847	185.212	190.933
3848	185.274	190.893
3849	185.333	190.882
3850	185.392	190.866
3851	185.452	190.794
3852	185.513	190.786
3853	185.569	190.723
3854	185.624	190.719
3855	185.682	190.712
3856	185.739	190.708
3857	185.798	190.705
3858	185.86	190.682
3859	185.922	190.632
3860	185.986	190.631
3861	186.043	190.606
3863	186.158	190.584
3865	186.276	190.582
3866	186.335	190.573
3868	186.448	190.545
3869	186.504	190.407
3870	186.559	190.312
3872	186.674	190.294
3874	186.792	190.283
3875	186.85	190.109
3876	186.91	190.089
3877	186.963	190.081
3880	187.134	190.08
3882	187.248	190.065
3883	187.305	190.056
3884	187.36	190.052
3886	187.488	190.028
3887	187.544	189.986
3890	187.73	189.979
3891	187.786	189.97
3893	187.905	189.958
3894	187.963	189.951
3896	188.075	189.95
3897	188.133	189.944
3900	188.309	189.902
3902	188.424	189.902
3903	188.483	189.901
3904	188.542	189.776
3905	188.597	189.744
3906	188.659	189.743
3908	188.775	189.728
3909	188.833	189.68
3910	188.89	189.678
3911	188.946	189.627
3912	189.009	189.614
3914	189.121	189.58
3915	189.178	189.574
3917	189.305	189.423
3918	189.363	189.422
3919	189.421	189.419
3922	189.601	189.391
3923	189.663	189.382
3924	189.722	189.319
3925	189.782	189.319
3926	189.841	189.3
3927	189.9	189.293
3929	190.017	189.265
3931	190.169	189.212
3932	190.229	189.161
3934	190.338	189.061
3937	190.51	189.055
3938	190.565	188.914
3941	190.737	188.897
3943	190.885	188.876
3944	190.949	188.869
3945	191.005	188.863
3946	191.066	188.857
3947	191.122	188.854
3948	191.18	188.852
3949	191.235	188.345
3951	191.346	188.342
3953	191.459	188.34
3954	191.517	188.324
3955	191.576	188.289
3957	191.689	188.265
3958	191.746	188.182
3959	191.802	188.18
3961	191.914	188.156
3962	191.971	188.151
3964	192.085	188.131
3965	192.143	188.078
3966	192.198	188.062
3967	192.253	187.635
3968	192.309	187.578
3969	192.364	187.561
3970	192.42	187.038
3973	192.594	187.023
3974	192.655	186.855
3975	192.711	186.845
3976	192.766	186.669
3977	192.822	186.565
3980	192.99	186.56
3983	193.155	186.532
3984	193.212	186.515
3985	193.268	186.499
3987	193.38	186.493
3989	193.496	186.404
3990	193.554	186.378
3991	193.639	186.358
3992	193.724	186.356
3995	193.904	186.346
3998	194.097	186.344
3999	194.159	186.325
4000	194.218	186.325
4001	194.284	186.223
4002	194.346	186.219
4004	194.459	186.196
4005	194.518	186.178
4007	194.634	186.143
4008	194.688	186.052
4010	194.81	186.043
4011	194.894	186.034
4014	195.076	185.944
4015	195.134	185.907
4018	195.303	185.904
4019	195.363	185.902
4022	195.534	185.882
4024	195.646	185.756
4026	195.763	185.745
4028	195.881	185.617
4032	196.126	185.613
4034	196.247	185.611
4035	196.305	185.607
4036	196.36	185.401
4037	196.417	185.389
4038	196.476	185.376
4040	196.602	185.342
4042	196.716	185.341
4044	196.832	185.335
4045	196.888	185.321
4046	196.946	185.303
4047	197.014	185.292
4048	197.098	185.282
4049	197.155	185.275
4050	197.217	185.251
4051	197.278	185.228
4052	197.336	185.228
4053	197.392	185.063
4056	197.58	185.054
4057	197.651	184.94
4063	197.997	184.892
4065	198.118	184.882
4066	198.179	184.815
4067	198.243	184.8
4068	198.303	184.796
4069	198.362	184.739
4070	198.429	184.737
4072	198.554	184.73
4073	198.621	184.687
4074	198.683	184.673
4075	198.8	184.59
4076	198.869	184.567
4078	198.996	184.223
4082	199.236	184.216
4083	199.297	184.214
4084	199.356	184.213
4085	199.417	184.207
4086	199.473	184.198
4087	199.532	184.197
4088	199.589	184.131
4089	199.656	184.115
4090	199.722	184.113
4092	199.837	184.08
4093	199.896	184.054
4094	199.958	184.053
4095	200.015	184.032
4096	200.076	184.02
4097	200.135	183.955
4098	200.196	183.947
4099	200.254	183.94
4100	200.313	183.932
4101	200.379	183.929
4104	200.567	183.924
4107	200.75	183.921
4108	200.809	183.917
4109	200.868	183.903
4110	200.932	183.903
4111	200.993	183.847
4113	201.105	183.843
4115	201.215	183.829
4117	201.327	183.828
4118	201.382	183.788
4119	201.44	183.726
4120	201.497	183.702
4121	201.551	183.679
4123	201.664	183.673
4124	201.72	183.672
4125	201.777	183.632
4126	201.834	183.605
4127	201.891	183.603
4128	201.946	183.591
4130	202.067	183.585
4131	202.128	183.557
4132	202.185	183.539
4133	202.242	183.538
4134	202.302	183.527
4135	202.357	183.524
4136	202.418	183.518
4137	202.474	183.507
4138	202.535	183.505
4139	202.594	183.469
4140	202.652	183.449
4141	202.709	183.445
4142	202.767	183.436
4143	202.824	183.402
4144	202.883	183.398
4145	202.938	183.393
4146	202.995	183.39
4147	203.05	183.384
4148	203.107	183.383
4149	203.165	183.381
4150	203.22	183.357
4151	203.275	183.261
4152	203.33	183.249
4153	203.388	183.248
4154	203.446	183.247
4156	203.563	183.244
4157	203.618	183.241
4158	203.678	183.224
4161	203.85	183.199
4163	203.965	183.188
4164	204.021	183.136
4165	204.079	183.122
4166	204.134	183.118
4167	204.191	183.105
4168	204.248	183.099
4169	204.306	183.094
4170	204.362	183.091
4171	204.42	183.064
4172	204.485	183.056
4173	204.547	183.048
4174	204.603	183.043
4175	204.662	182.995
4176	204.718	182.827
4177	204.777	182.794
4178	204.833	182.785
4179	204.889	182.744
4181	205	182.731
4182	205.057	182.728
4184	205.171	182.719
4185	205.227	182.619
4186	205.284	182.612
4187	205.341	182.611
4188	205.397	182.6
4189	205.453	182.599
4190	205.51	182.597
4191	205.566	182.554
4192	205.623	182.545
4193	205.681	182.502
4194	205.739	182.498
4195	205.796	182.48
4196	205.857	182.479
4197	205.912	182.477
4198	205.972	182.476
4199	206.033	182.439
4201	206.145	182.382
4202	203.712	182.363
4203	203.77	182.355
4206	203.94	182.347
4208	204.058	181.949
4209	204.115	181.866
4210	204.17	181.855
4212	204.284	181.846
4214	204.406	181.842
4215	204.464	181.721
4216	204.519	181.705
4217	204.577	181.697
4220	204.744	181.695
4221	204.813	181.692
4222	204.897	181.688
4223	204.953	181.685
4224	205.008	181.683
4226	205.12	181.668
4227	205.177	181.624
4231	205.49	181.611
4232	205.55	181.609
4233	205.611	181.607
4234	205.672	181.6
4236	205.787	181.598
4237	205.843	181.597
4240	206.016	181.561
4242	206.127	181.549
4243	206.184	181.536
4244	206.237	181.49
4246	206.351	181.487
4248	206.466	181.458
4249	206.522	181.457
4250	206.579	181.451
4251	206.636	181.368
4252	206.695	181.354
4254	206.817	181.265
4255	206.875	181.261
4257	206.985	181.249
4259	207.118	181.247
4263	207.381	181.246
4264	207.437	181.142
4265	207.492	181.138
4271	207.837	181.044
4272	207.895	181.008
4273	207.953	180.985
4276	208.12	180.977
4277	208.179	180.931
4278	208.233	180.86
4279	208.288	180.854
4281	208.4	180.848
4284	208.568	180.845
4286	208.702	180.836
4287	208.76	180.834
4288	208.816	180.833
4289	208.872	180.785
4291	208.986	180.782
4293	209.103	180.782
4294	209.163	180.781
4295	209.22	180.763
4297	209.337	180.759
4298	209.393	180.744
4299	209.447	180.742
4301	209.56	180.727
4302	209.615	180.724
4304	209.727	180.7
4305	209.783	180.69
4306	209.838	180.684
4307	209.892	180.481
4308	209.947	180.471
4309	210.01	180.463
4310	210.088	180.454
4311	210.154	180.451
4313	210.27	180.446
4314	210.331	180.375
4315	210.387	180.359
4316	210.444	180.317
4317	210.499	180.192
4319	210.641	180.191
4320	210.699	180.187
4322	210.843	180.185
4323	210.897	180.185
4328	211.191	180.171
4329	211.248	180.13
4330	211.304	180.122
4331	211.36	180.12
4334	211.566	180.119
4335	211.622	180.116
4336	211.683	180.113
4338	211.797	180.101
4341	211.972	180.051
4343	212.089	180.036
4344	212.148	180.017
4345	212.205	180.006
4346	212.262	180.006
4348	212.378	179.966
4350	212.491	179.959
4351	212.547	179.946
4354	212.746	179.92
4355	212.803	179.911
4356	212.861	179.903
4358	212.975	179.893
4359	213.03	179.879
4360	213.087	179.878
4362	213.198	179.86
4363	213.256	179.794
4364	213.316	179.719
4366	213.431	179.63
4368	213.543	179.463
4369	213.6	179.453
4374	213.919	179.449
4375	213.977	179.444
4376	214.045	179.118
4377	214.103	179.117
4378	214.159	179.116
4380	214.289	179.1
4381	214.35	179.098
4382	214.405	179.086
4385	214.584	179.086
4387	214.701	179.078
4388	214.768	179.075
4389	214.832	179.066
4391	214.946	179.014
4392	215.001	178.895
4393	215.062	178.887
4394	215.126	178.875
4398	215.352	178.873
4399	215.408	178.861
4402	215.572	178.851
4403	215.628	178.836
4404	215.686	178.818
4407	215.852	178.766
4409	215.965	178.753
4410	216.021	178.752
4416	216.37	178.737
4418	216.488	178.5
4421	216.675	178.499
4422	216.736	178.479
4423	216.792	178.473
4424	216.872	178.472
4425	216.928	178.452
4426	216.988	178.447
4427	217.102	178.447
4428	217.178	178.399
4429	217.243	178.377
4430	217.302	178.37
4431	217.355	178.368
4432	217.413	178.357
4433	217.469	178.353
4434	217.528	178.35
4435	217.591	178.346
4436	217.65	178.304
4437	217.71	178.276
4438	217.767	178.271
4439	217.828	178.264
4440	217.888	178.197
4441	217.947	178.194
4442	218.008	178.141
4443	218.064	178.141
4444	218.127	178.139
4445	218.185	178.138
4447	218.3	178.134
4449	218.415	178.093
4450	218.478	178.085
4451	218.536	178.027
4453	218.65	178.022
4455	218.77	177.997
4456	218.826	177.995
4457	218.881	177.978
4458	218.938	177.971
4459	218.997	177.958
4460	219.052	177.947
4461	219.109	177.941
4464	219.277	177.941
4465	219.334	177.921
4466	219.39	177.883
4467	219.448	177.879
4468	219.507	177.878
4469	219.564	177.719
4470	219.62	177.689
4471	219.677	177.679
4472	219.732	177.624
4473	219.791	177.624
4475	219.902	177.616
4477	220.012	177.592
4478	220.07	177.59
4479	220.128	177.576
4480	220.186	177.553
4481	220.243	177.534
4482	220.301	177.534
4483	220.359	177.503
4484	220.415	177.501
4485	220.472	177.493
4486	220.531	177.49
4487	220.591	177.473
4489	220.709	177.472
4490	220.764	177.451
4491	220.82	177.407
4493	220.937	177.406
4494	220.996	177.403
4495	221.058	177.378
4496	221.116	177.37
4497	221.174	177.369
4498	221.23	177.352
4500	221.343	177.332
4503	221.513	177.326
4504	221.572	177.291
4505	221.627	177.28
4506	221.684	177.263
4507	221.745	177.249
4508	221.802	177.247
4509	221.877	177.245
4510	221.936	177.229
4511	221.992	177.214
4513	222.104	177.206
4515	222.217	177.124
4516	222.276	176.969
4519	222.441	176.943
4521	222.551	176.936
4522	222.608	176.933
4523	222.664	176.926
4525	222.775	176.851
4526	222.833	176.849
4528	222.942	176.848
4529	223.012	176.846
4531	223.22	176.824
4533	223.343	176.768
4534	223.402	176.767
4537	223.575	176.766
4538	223.635	176.766
4539	223.691	176.749
4541	223.806	176.705
4542	223.866	176.687
4543	223.932	176.686
4546	224.111	176.684
4547	224.168	176.682
4548	224.23	176.533
4549	224.292	176.464
4550	224.352	176.443
4551	224.408	176.407
4552	224.477	176.4
4554	224.599	176.398
4555	224.659	176.329
4560	224.946	176.328
4562	225.061	176.324
4564	225.172	176.319
4565	225.227	176.289
4567	225.34	176.271
4570	225.508	176.256
4571	225.567	176.25
4572	225.625	176.248
4573	225.686	176.248
4574	225.747	176.243
4575	225.809	176.243
4577	225.926	176.242
4579	226.04	176.239
4580	226.103	176.215
4582	226.223	176.08
4583	226.281	176.076
4584	226.337	176.075
4585	226.394	176.016
4586	226.451	176.006
4588	226.626	175.996
4590	226.742	175.987
4591	226.797	175.97
4592	226.853	175.961
4593	226.923	175.958
4594	227.003	175.958
4595	227.059	175.952
4596	227.115	175.947
4597	227.172	175.921
4599	227.284	175.91
4603	227.507	175.908
4604	227.562	175.871
4605	227.617	175.856
4606	227.678	175.839
4608	227.794	175.835
4611	227.962	175.808
4613	228.077	175.805
4615	228.191	175.802
4617	228.313	175.714
4618	228.372	175.662
4621	228.542	175.662
4622	228.6	175.656
4623	228.658	175.653
4624	228.713	175.65
4626	228.825	175.613
4627	228.881	175.613
4628	228.936	175.612
4629	228.991	175.559
4630	229.049	175.549
4633	229.218	175.549
4635	229.332	175.542
4638	229.503	175.535
4639	229.562	175.535
4641	229.672	175.531
4642	229.731	175.525
4644	229.846	175.472
4645	229.904	175.454
4646	229.964	175.449
4647	230.027	175.439
4648	230.083	175.43
4649	230.143	175.428
4650	230.2	175.422
4651	230.257	175.415
4653	230.372	175.414
4657	230.602	175.331
4659	230.718	175.329
4661	230.83	175.322
4662	230.885	175.321
4665	231.053	175.313
4666	231.109	175.309
4668	231.223	175.206
4669	231.284	175.194
4670	231.34	175.177
4671	231.395	175.161
4674	231.57	175.156
4675	231.627	175.154
4678	231.804	175.147
4679	231.874	175.132
4680	231.935	175.129
4681	231.993	175.104
4683	232.112	175.095
4684	232.169	175.087
4685	232.227	175.077
4686	232.288	175.077
4688	232.402	175.053
4689	232.459	175.053
4690	232.516	175.03
4691	232.573	175.017
4693	232.687	175.016
4694	232.744	175.008
4696	232.858	174.999
4697	232.915	174.995
4698	232.979	174.984
4699	233.038	174.973
4703	233.268	174.951
4704	233.325	174.864
4706	233.441	174.803
4708	233.595	174.663
4713	233.882	174.658
4715	233.997	174.646
4716	234.054	174.603
4717	234.112	174.598
4719	234.225	174.596
4720	234.283	174.589
4721	234.34	174.589
4722	234.397	174.577
4724	234.509	174.562
4725	234.568	174.552
4726	234.624	174.552
4727	234.683	174.544
4728	234.794	174.535
4729	234.86	174.534
4731	234.979	174.38
4732	235.036	174.27
4733	235.092	174.062
4737	235.325	173.994
4738	235.396	173.989
4739	235.461	173.969
4740	235.518	173.773
4741	235.572	173.756
4742	235.627	173.689
4743	235.687	173.513
4744	235.743	173.5
4745	235.802	173.491
4746	235.86	173.475
4747	235.92	173.393
4750	233.623	173.392
4751	233.68	173.386
4754	233.852	173.348
4755	233.914	173.344
4756	233.971	173.339
4760	234.215	173.325
4761	234.278	173.321
4762	234.335	173.304
4763	234.392	173.296
4765	234.504	173.277
4767	234.619	173.277
4768	234.675	173.254
4769	234.729	173.229
4770	234.784	173.226
4771	234.841	173.225
4772	234.899	173.172
4774	235.02	173.17
4775	235.075	173.156
4776	235.131	173.149
4777	235.189	173.129
4779	235.305	173.128
4780	235.366	173.124
4781	235.422	173.123
4783	235.541	173.117
4784	235.596	173.107
4785	235.652	173.104
4788	235.826	173.101
4789	235.881	173.073
4790	235.939	173.072
4791	235.997	172.784
4792	236.053	172.764
4793	236.11	172.754
4794	236.165	172.751
4795	236.221	172.749
4797	236.336	172.745
4798	236.394	172.726
4799	236.454	172.72
4802	236.624	172.708
4803	236.682	172.7
4805	236.797	172.686
4806	236.857	172.677
4808	236.979	172.674
4809	237.038	172.666
4810	237.1	172.64
4811	237.163	172.638
4812	237.222	172.625
4814	237.345	172.622
4815	237.407	172.621
4816	237.465	172.612
4817	237.525	172.603
4819	237.672	172.593
4820	237.736	172.582
4821	237.792	172.563
4822	237.847	172.562
4823	237.903	172.531
4825	238.017	172.507
4826	238.072	172.506
4827	238.127	172.499
4828	238.189	172.485
4829	238.248	172.484
4830	238.31	172.395
4831	238.364	172.336
4834	238.536	172.336
4835	238.596	172.331
4836	238.651	172.323
4837	238.708	172.322
4838	238.767	172.308
4839	238.823	172.305
4843	239.046	172.304
4844	239.102	172.282
4845	239.16	172.272
4847	239.275	172.266
4848	239.338	172.264
4849	239.401	172.262
4850	239.458	172.252
4851	239.515	172.247
4853	239.642	172.239
4855	239.772	172.171
4856	239.867	172.066
4858	239.987	172.047
4859	240.049	172.022
4860	240.116	172.015
4862	240.233	172.012
4863	240.288	172.011
4865	240.404	171.955
4866	240.462	171.954
4867	240.517	171.95
4868	240.573	171.949
4869	240.63	171.948
4871	240.747	171.906
4873	240.864	171.865
4874	240.923	171.862
4875	240.979	171.853
4876	241.035	171.848
4877	241.091	171.846
4878	241.147	171.843
4880	241.26	171.82
4881	241.37	171.787
4882	241.439	171.772
4883	241.495	171.77
4885	241.608	171.769
4886	241.666	171.759
4887	241.723	171.744
4888	241.779	171.723
4889	241.838	171.669
4890	241.894	171.654
4891	241.951	171.646
4892	242.008	171.643
4894	242.123	171.636
4895	242.178	171.572
4896	242.236	171.558
4897	242.294	171.54
4900	242.464	171.534
4901	242.523	171.528
4902	242.58	171.518
4903	242.652	171.515
4904	242.713	171.514
4906	242.826	171.512
4908	242.944	171.51
4910	243.058	171.506
4911	243.114	171.5
4913	243.23	171.5
4914	243.288	171.498
4915	243.343	171.493
4916	243.4	171.492
4920	243.629	171.485
4922	243.743	171.482
4923	243.802	171.481
4924	243.858	171.478
4925	243.915	171.441
4926	243.971	171.435
4931	244.257	171.435
4933	244.371	171.433
4935	244.482	171.429
4936	244.539	171.421
4937	244.596	171.412
4943	244.955	171.411
4944	245.015	171.348
4945	245.075	171.343
4946	245.141	171.335
4949	245.312	171.319
4955	245.67	171.316
4957	245.791	171.295
4958	245.85	171.254
4961	246.054	171.251
4963	246.178	171.25
4965	246.302	171.249
4968	246.474	171.247
4969	246.53	171.142
4971	246.64	171.14
4973	246.755	171.124
4974	246.811	171.123
4977	246.981	171.112
4978	247.037	171.103
4980	247.149	171.072
4981	247.204	171.067
4982	247.264	171.062
4984	247.39	171.047
4985	247.448	171.042
4987	247.564	171.011
4988	247.622	170.952
4989	247.679	170.947
4990	247.737	170.937
4991	247.792	170.932
4993	247.906	170.923
4994	247.964	170.918
4996	248.077	170.882
4997	248.134	170.814
5000	248.305	170.796
# FIN	248.305	170.796

