# target=instancias/mona.png T=340 iters=5000 K=32 seed=auto
iter	segundos	MSE
0	0.00325926	10090.8
1	0.0278025	10086.9
2	0.0518283	10070.5
3	0.0763007	10069.5
4	0.101039	10062.1
5	0.126151	9954.2
6	0.151783	9951.49
7	0.175905	9951.47
8	0.199995	9924.68
9	0.224283	9918.51
10	0.248636	9855.52
11	0.272841	9854.91
12	0.296833	9836.69
13	0.32109	9786.33
14	0.345008	9772.33
15	0.368982	9755.68
16	0.393101	9754.53
17	0.417326	9743.22
18	0.441514	9609.25
19	0.465568	9602.77
20	0.489883	9582.33
21	0.515309	9563.61
22	0.53951	9485.35
23	0.563817	9485.24
24	0.588481	9458.91
25	0.613498	9454.7
26	0.638692	9442.52
27	0.663535	9433.02
28	0.688403	9412.47
29	0.713665	9410.28
30	0.738613	9407.07
31	0.763165	9309.89
32	0.787646	9227.25
33	0.812444	9219.92
34	0.837176	9149.6
35	0.861785	9091.16
36	0.886583	9059.11
37	0.911755	9040.84
38	0.936835	9000.45
39	0.961571	8953.11
40	0.987241	8944.13
41	1.05408	8912.48
42	1.0998	8862.82
43	1.13715	8794
44	1.16242	8789.9
45	1.18817	8697.68
46	1.21452	8683.23
47	1.24166	8683.08
48	1.26722	8679.71
49	1.29278	8652.19
50	1.31833	8652.1
51	1.34392	8560.96
52	1.36954	8554.32
53	1.39495	8552.88
54	1.42067	8545.51
55	1.44689	8542.6
56	1.47245	8510.06
57	1.49791	8495.77
58	1.5236	8478.34
59	1.55006	8473.47
60	1.57553	8466.57
61	1.60198	8457.65
62	1.62737	8457.43
63	1.65377	8324.79
64	1.67936	8323.3
65	1.70531	8322.74
66	1.73149	8285.68
67	1.75765	8227.82
68	1.78395	8181.67
69	1.81077	8165.16
70	1.8376	8108.56
71	1.86434	8080.5
72	1.89036	8028.33
73	1.91645	8014.46
74	1.94293	7987.41
75	1.96896	7986.99
76	1.99504	7924.54
77	2.02131	7874.21
78	2.04735	7874
79	2.07331	7854.31
80	2.09959	7838.73
81	2.12542	7838.62
82	2.15155	7834.95
83	2.1786	7768.69
84	2.20472	7683.59
85	2.23122	7675.13
86	2.25803	7622.47
87	2.28494	7619.47
88	2.31125	7612.11
89	2.33741	7611.45
90	2.36367	7611.4
91	2.38979	7569.24
92	2.41702	7553.45
93	2.44397	7551.18
94	2.47134	7542
95	2.49828	7526.24
96	2.52595	7525.54
97	2.55254	7507.34
98	2.57932	7501.75
99	2.60567	7415.8
100	2.6321	7409.75
101	2.65899	7409.74
102	2.6858	7354.47
103	2.71242	7341.56
104	2.73911	7313.19
105	2.76573	7294.37
106	2.79251	7292.97
107	2.81941	7281.51
108	2.84699	7270.18
109	2.87406	7261.52
110	2.90506	7108.63
111	2.94793	7086.27
112	2.98662	7078.36
113	3.01343	7059.08
114	3.04094	7057.52
115	3.06814	7052.51
116	3.09581	7035.01
117	3.12368	7027.65
118	3.15116	7026.34
119	3.17804	7025.44
120	3.20681	7014.13
121	3.23506	6962.74
122	3.26245	6961.7
123	3.28988	6960.85
124	3.31843	6957.63
125	3.34677	6914.56
126	3.37382	6910.07
127	3.40131	6901.39
128	3.42967	6867.42
129	3.4571	6849.32
130	3.48447	6824.29
131	3.51194	6822.49
132	3.53945	6800.24
133	3.56652	6799.79
134	3.59395	6798.1
135	3.62107	6728.78
136	3.64809	6723.99
137	3.67552	6711.58
138	3.7029	6711.3
139	3.73007	6692.73
140	3.75737	6689.16
141	3.7929	6669.69
142	3.82772	6645.86
143	3.85575	6645.84
144	3.8831	6611.33
145	3.91047	6599.84
146	3.93784	6599.55
147	3.96519	6599.52
148	3.99236	6592.67
149	4.0219	6567.3
150	4.05073	6520.26
151	4.07819	6514.09
152	4.10565	6507.41
153	4.1331	6496.41
154	4.16072	6449.7
155	4.18962	6447.52
156	4.21829	6442.19
157	4.24575	6433.32
158	4.27324	6411.19
159	4.30101	6391.32
160	4.32997	6378.34
161	4.35786	6365.8
162	4.38682	6353.91
163	4.41438	6326.16
164	4.44208	6313.79
165	4.47056	6309.79
166	4.49818	6306.98
167	4.52605	6306.22
168	4.55413	6290.61
169	4.58201	6265.22
170	4.61005	6244.53
171	4.63801	6242.74
172	4.66654	6242.69
173	4.69504	6234.5
174	4.72267	6234.39
175	4.75048	6163.3
176	4.77866	6163.24
177	4.8073	6151.55
178	4.83508	6136.35
179	4.86357	6111.75
180	4.89222	6098.27
181	4.92026	6098.13
182	4.94809	6095.61
183	4.97643	6082.16
184	5.00579	6034.92
185	5.03472	6034.23
186	5.0638	6014.87
187	5.09267	6001.02
188	5.12083	6001.01
189	5.14916	5957.7
190	5.17734	5957.68
191	5.20539	5927.07
192	5.2338	5895.5
193	5.26188	5895.32
194	5.29012	5853.06
195	5.32179	5851.52
196	5.35011	5850.41
197	5.37869	5844.5
198	5.40694	5824.41
199	5.43534	5824.11
200	5.46491	5815.88
201	5.49494	5814.16
202	5.52458	5799.5
203	5.55293	5787.82
204	5.5814	5785.65
205	5.60985	5777.33
206	5.63866	5769.88
207	5.66809	5762.93
208	5.69643	5748.87
209	5.72476	5741.27
210	5.75397	5740.54
211	5.78237	5726.22
212	5.81106	5621.48
213	5.83978	5594.36
214	5.86878	5579.25
215	5.89779	5557.97
216	5.92699	5553.48
217	5.95542	5540.51
218	5.98444	5536.99
219	6.01379	5530.79
220	6.04215	5497.24
221	6.07061	5490.67
222	6.09909	5455.87
223	6.12758	5356.81
224	6.15608	5346.42
225	6.1845	5343.39
226	6.21379	5328.82
227	6.24371	5224.89
228	6.27441	5216.16
229	6.30329	5206.21
230	6.33187	5172.05
231	6.36061	5165.17
232	6.38956	5102.95
233	6.41911	5093.3
234	6.44836	5048.97
235	6.47711	5048.77
236	6.5058	5022.57
237	6.53542	5002.14
238	6.56462	4999.79
239	6.59446	4984.96
240	6.62408	4981.3
241	6.6552	4980.02
242	6.68428	4979.56
243	6.71316	4968.78
244	6.74234	4960.79
245	6.77121	4937.37
246	6.80043	4933.67
247	6.83011	4893.15
248	6.85927	4891.27
249	6.88835	4879.58
250	6.91786	4869.85
251	6.94817	4849.65
252	6.97765	4827.87
253	7.00721	4819.95
254	7.03696	4804.11
255	7.0664	4789.61
256	7.09582	4772
257	7.125	4771.93
258	7.15545	4770.21
259	7.18562	4755.58
260	7.21479	4743.66
261	7.24403	4743.66
262	7.27308	4737.12
263	7.30237	4726.66
264	7.33157	4682.53
265	7.36106	4679.03
266	7.39025	4667.73
267	7.42125	4664.83
268	7.45074	4664.82
269	7.48045	4627.52
270	7.50995	4627.01
271	7.53961	4623.69
272	7.56894	4619.87
273	7.59833	4611.38
274	7.62788	4580.91
275	7.65712	4544.76
276	7.68667	4544.6
277	7.71602	4544.16
278	7.74589	4528.19
279	7.77556	4521.82
280	7.80654	4509.64
281	7.83696	4506.22
282	7.87193	4502.25
283	7.90321	4494.73
284	7.93294	4490.72
285	7.96241	4490.39
286	7.99315	4471.75
287	8.02296	4471.43
288	8.05297	4470.16
289	8.08284	4458.38
290	8.11266	4455.01
291	8.14253	4451.31
292	8.17256	4440.27
293	8.20313	4426.61
294	8.23356	4420.18
295	8.26337	4418.69
296	8.29329	4417.15
297	8.32332	4407.93
298	8.35326	4405.79
299	8.38398	4405.06
300	8.41391	4403.41
301	8.44515	4395.42
302	8.47674	4394.31
303	8.50779	4350.49
304	8.53796	4344.58
305	8.56867	4343.92
306	8.59887	4334.6
307	8.62894	4331.38
308	8.65913	4325.53
309	8.68935	4325.07
310	8.71977	4318.38
311	8.75025	4302.25
312	8.78084	4301.69
313	8.81197	4290.6
314	8.84212	4272.93
315	8.87259	4265.03
316	8.90309	4229.92
317	8.9332	4229.66
318	8.96346	4179.54
319	8.9941	4158.29
320	9.02502	4144.18
321	9.05565	4112.76
322	9.08587	4103.79
323	9.11589	4101.45
324	9.14622	4094.34
325	9.18864	4070.39
326	9.22409	4067.28
327	9.27166	4061.9
328	9.30927	4034.93
329	9.33991	4002.8
330	9.37003	4002.7
331	9.40064	3994.39
332	9.43137	3982.61
333	9.46177	3979.96
334	9.49218	3973.48
335	9.52238	3968.76
336	9.5529	3960.87
337	9.58307	3955.48
338	9.61377	3952.77
339	9.64498	3947.07
340	9.67522	3936.97
341	9.7059	3930.89
342	9.73735	3914.57
343	9.76777	3914.55
344	9.79885	3913.89
345	9.82951	3875.88
346	9.8601	3873.25
347	9.89058	3872.68
348	9.92251	3851.92
349	9.95998	3846.72
350	9.99422	3842.05
351	10.0257	3841.21
352	10.0567	3839.41
353	10.0873	3822.92
354	10.118	3822.05
355	10.1493	3814.02
356	10.1806	3813.61
357	10.2119	3813.29
358	10.2429	3781.87
359	10.2742	3781.73
360	10.3051	3754.38
361	10.3357	3728.63
362	10.3663	3697.11
363	10.3978	3696.95
364	10.4296	3695.17
365	10.461	3687.7
366	10.4933	3683.76
367	10.5255	3683.01
368	10.5574	3681
369	10.5901	3669.5
370	10.6215	3667.19
371	10.6527	3654.81
372	10.6852	3616.93
373	10.7182	3616.53
374	10.7494	3605.16
375	10.7807	3602.66
376	10.8125	3582.05
377	10.8438	3577.18
378	10.8757	3544.11
379	10.9073	3542.11
380	10.9387	3539.71
381	10.9707	3534.96
382	11.0026	3519.85
383	11.0341	3498.68
384	11.066	3492.26
385	11.0978	3490.98
386	11.1296	3488.31
387	11.1627	3488.27
388	11.1953	3484.65
389	11.2271	3473.49
390	11.2588	3472.54
391	11.2903	3444.74
392	11.322	3441.51
393	11.354	3437.43
394	11.3855	3411.9
395	11.4177	3404.1
396	11.4509	3400.64
397	11.4831	3399.45
398	11.516	3397.04
399	11.548	3394.72
400	11.5802	3394.62
401	11.6125	3393.43
402	11.6445	3391.38
403	11.6765	3383.64
404	11.7086	3381.26
405	11.7407	3380.72
406	11.7728	3338.58
407	11.8052	3304.16
408	11.8381	3263.71
409	11.8709	3263.55
410	11.9032	3259.77
411	11.9368	3249.98
412	11.9692	3225.82
413	12.0017	3224.75
414	12.0346	3212.31
415	12.067	3211.29
416	12.0995	3205.05
417	12.1333	3184.32
418	12.1672	3184.1
419	12.1998	3173.84
420	12.2326	3168.28
421	12.265	3167.85
422	12.298	3147.08
423	12.3306	3109.76
424	12.3632	3099.23
425	12.3961	3098.87
426	12.429	3070.94
427	12.462	3069.48
428	12.4954	3042.54
429	12.529	3042.37
430	12.5629	3042.15
431	12.5959	3041.28
432	12.6286	3030.24
433	12.6618	3028.58
434	12.6948	3028.33
435	12.728	2997.18
436	12.7612	2996.59
437	12.7942	2993.01
438	12.8292	2991.78
439	12.864	2980.24
440	12.8988	2980.1
441	12.9324	2980.07
442	12.9672	2975.26
443	13.0006	2972.35
444	13.034	2970.76
445	13.0673	2970.06
446	13.1012	2966.63
447	13.1346	2966.23
448	13.1685	2954.76
449	13.2015	2954.65
450	13.2346	2914.66
451	13.2676	2911.25
452	13.3008	2904.59
453	13.3342	2904.26
454	13.3682	2904.03
455	13.403	2903.2
456	13.4363	2902.02
457	13.4699	2901.52
458	13.5035	2900.51
459	13.5368	2899.99
460	13.5705	2887.96
461	13.6039	2875.7
462	13.6375	2875.69
463	13.6714	2873.82
464	13.7051	2873.65
465	13.739	2871.83
466	13.7724	2870.72
467	13.8068	2866.77
468	13.8421	2856.61
469	13.8776	2849.27
470	13.9113	2841.64
471	13.945	2841.2
472	13.9791	2837.98
473	14.0129	2837.92
474	14.0487	2837.62
475	14.0847	2798.44
476	14.1195	2797.91
477	14.1532	2788.69
478	14.1876	2788.46
479	14.2215	2784.85
480	14.2552	2782.68
481	14.2894	2769.82
482	14.3239	2753.71
483	14.3584	2753.59
484	14.3921	2725.61
485	14.4258	2722.84
486	14.4609	2722.52
487	14.4952	2722.27
488	14.5297	2714.04
489	14.5639	2700.77
490	14.5986	2699.75
491	14.6329	2695.73
492	14.667	2690.15
493	14.7011	2689.43
494	14.7358	2682.92
495	14.7703	2682.91
496	14.8055	2682.32
497	14.8397	2679.95
498	14.8746	2678.62
499	14.9092	2676.71
500	14.9439	2673.51
501	14.9781	2672.72
502	15.0128	2664.08
503	15.0472	2660.32
504	15.0823	2658.83
505	15.1182	2651.08
506	15.1537	2633.22
507	15.1885	2633.03
508	15.2229	2599.53
509	15.2575	2597.88
510	15.2919	2596.08
511	15.3268	2595.42
512	15.3617	2595.4
513	15.3971	2588.35
514	15.4318	2587.87
515	15.467	2514.88
516	15.5019	2514.81
517	15.5372	2514.37
518	15.572	2506.17
519	15.6073	2479.33
520	15.6426	2478.6
521	15.6783	2478.38
522	15.7131	2465.04
523	15.7481	2461.26
524	15.7844	2423.34
525	15.8196	2423.15
526	15.8546	2417.27
527	15.8898	2414.8
528	15.9247	2414.09
529	15.9598	2413.56
530	15.9948	2413.53
531	16.0297	2407.03
532	16.0657	2399.72
533	16.1026	2398.91
534	16.138	2370.74
535	16.1732	2369.48
536	16.2083	2368.69
537	16.2435	2367.67
538	16.2788	2366.43
539	16.314	2366.35
540	16.3493	2359.21
541	16.3848	2359.02
542	16.4214	2346.04
543	16.4568	2344.27
544	16.492	2344.2
545	16.5278	2343.08
546	16.5641	2341.13
547	16.6005	2341.04
548	16.6359	2338.91
549	16.6718	2335.45
550	16.7075	2333.67
551	16.7434	2324.81
552	16.7793	2269.24
553	16.8145	2268.54
554	16.8514	2263.48
555	16.8876	2247.29
556	16.9246	2244.66
557	16.9599	2244.45
558	16.996	2244.33
559	17.0315	2243.68
560	17.0669	2243.25
561	17.1031	2241.7
562	17.1385	2240.06
563	17.1743	2223.68
564	17.2099	2222.87
565	17.2458	2221.39
566	17.2817	2201.7
567	17.3185	2173.33
568	17.3555	2165.42
569	17.3918	2156.29
570	16.8055	2127.44
571	16.8419	2127.3
572	16.8774	2116.21
573	16.9137	2115.47
574	16.9496	2106.66
575	16.9869	2106.6
576	17.0241	2105.27
577	17.0599	2101.49
578	17.096	2098.02
579	17.1319	2096.94
580	17.1675	2094.01
581	17.2034	2093.65
582	17.239	2093.5
583	17.2748	2091.87
584	17.3107	2091.09
586	17.383	2089.29
587	17.4193	2069.08
588	17.4555	2068.41
589	17.4912	2063.74
590	17.529	2062.88
592	17.602	2053.81
593	17.6381	2053.12
594	17.6741	2040.67
595	17.7101	2038.83
596	17.746	2038.57
597	17.7826	2038.45
598	17.8186	2037.21
599	17.855	2036.27
600	17.8912	2036.25
601	17.9285	2036.25
602	17.965	2033.19
603	18.0012	2032.9
604	18.0373	2019.88
605	18.0743	2018.48
606	18.1102	2017.11
607	18.1466	2015.42
609	18.2195	2015.11
610	18.2558	2014.43
611	18.292	2014.39
612	18.3284	2005.81
613	18.3657	2004.43
614	18.4029	1979.42
615	18.4402	1970.81
616	18.4767	1970.81
617	18.5142	1970.65
618	18.5505	1952.93
619	18.5876	1952.3
620	18.6242	1948.3
621	18.6612	1947.78
622	18.6982	1945.95
623	18.7351	1943.61
624	18.7717	1943.09
625	18.8093	1942.42
626	18.8464	1942.25
627	18.8831	1940.9
628	18.9221	1940.86
629	18.9603	1938.37
630	18.9979	1937.3
631	19.0346	1937.16
632	19.0717	1935
633	19.1089	1848.9
634	19.1462	1844.86
635	19.1836	1842.98
636	19.2216	1842.97
637	19.2586	1841.68
638	19.2957	1841.13
639	19.3325	1841.03
641	19.4064	1839.47
642	19.443	1838.9
643	19.4795	1838.62
644	19.5166	1838.41
645	19.5531	1838.38
646	19.5899	1823.57
647	19.6263	1810.13
648	19.6631	1809.56
649	19.6994	1809.16
650	19.7362	1807.85
651	19.773	1802.47
652	19.8102	1802.01
653	19.8474	1798.6
654	19.8866	1782.94
655	19.9239	1779.19
656	19.961	1779.15
657	19.9977	1778.85
658	20.0344	1775.31
659	20.0713	1771.22
660	20.109	1769.88
661	20.1462	1755.27
662	20.1831	1748.46
663	20.2195	1745.28
664	20.2564	1743.85
665	20.293	1725.87
666	20.33	1724.86
667	20.3668	1723.14
668	20.4036	1718.86
669	20.4406	1715.8
670	20.4775	1715.78
671	20.5142	1715.17
672	20.551	1691.14
673	20.5885	1688.15
674	20.6273	1686.49
675	20.6641	1675.79
676	20.7024	1675.65
677	20.7399	1674.83
678	20.7769	1674.79
679	20.8144	1669.57
680	20.8515	1668.1
681	20.8901	1667.69
682	20.9285	1667.08
683	20.9666	1666.84
685	21.0406	1665.57
686	21.0782	1665.48
687	21.1168	1665.12
688	21.1559	1664.74
689	21.1943	1661.98
690	21.2328	1660.92
691	21.2703	1660.85
692	21.308	1656.84
693	21.3467	1656.62
694	21.3853	1656.57
695	21.4235	1655.34
696	21.4607	1654.18
697	21.4982	1654.16
698	21.5351	1650.49
699	21.5731	1649.92
700	21.6106	1648.68
701	21.6489	1648.52
702	21.6862	1647.88
703	21.7238	1646.94
704	21.7609	1646.86
705	21.7979	1642.9
706	21.8353	1642.7
707	21.8726	1641.33
708	21.9099	1639.38
709	21.9476	1623.4
710	21.9853	1621.59
711	22.0227	1617.82
712	22.0606	1610.64
713	22.0981	1606.6
714	22.1364	1605.13
715	22.1743	1603.81
716	22.2126	1603.45
717	22.2502	1600.72
718	22.288	1586.19
719	22.3262	1578.9
720	22.3641	1578.62
721	22.4037	1576.29
722	22.4423	1573.13
723	22.4805	1569.86
724	22.5187	1569.57
725	22.5572	1569.36
726	22.596	1569.32
727	22.6348	1569.26
728	22.6729	1569.17
729	22.7106	1568
730	22.7486	1567.99
731	22.7863	1558.59
732	22.8245	1557.34
733	22.8625	1556.99
734	22.9005	1554.93
735	22.9388	1553.28
736	22.977	1553.04
737	23.0149	1552.76
738	23.0533	1551.94
739	23.0915	1551.73
740	23.1294	1551.36
741	23.1681	1551.26
742	23.2064	1550.11
743	23.2453	1547.17
744	23.2835	1546.68
745	23.3225	1546.5
746	23.3621	1528.3
747	23.4019	1523.36
748	23.4403	1512.22
749	23.4802	1511.76
750	23.5185	1511.44
751	23.5566	1507.88
752	23.5949	1494.35
753	23.6341	1494.24
754	23.6724	1489.76
755	23.7116	1489.52
756	23.7735	1489.06
757	23.8412	1487.15
758	23.8845	1487.04
759	23.924	1486.41
760	23.9645	1486.35
761	24.0028	1485.41
762	24.0412	1482.89
763	24.0798	1479.05
764	24.1182	1439.94
765	24.1566	1438.71
766	24.1961	1432.89
767	24.2351	1431.85
768	24.2745	1426.08
769	24.3145	1426.04
770	24.3537	1426.01
771	24.3935	1425.89
772	24.4325	1425.57
773	24.4724	1425.47
774	24.5128	1425.46
775	24.5516	1405.49
776	24.5916	1405.44
777	24.632	1405.4
778	24.6712	1405.06
779	24.7103	1405.03
780	24.7492	1403.74
781	24.7887	1403.74
782	24.8282	1403.3
783	24.8674	1402.71
784	24.9069	1402.49
785	24.9468	1402.26
786	24.9854	1401.71
787	25.0241	1401.41
788	25.0629	1395.21
789	25.1026	1394.45
790	25.1422	1388.06
791	25.1819	1387.79
792	25.221	1387.15
793	25.2602	1387
794	25.2995	1386.4
795	25.3385	1386.23
796	25.3783	1385.75
797	25.4174	1384.95
798	25.4566	1373.15
799	25.4954	1372.8
800	25.5358	1370.55
801	25.5772	1370.23
802	25.6169	1370.16
803	25.6574	1369.92
804	25.697	1364.38
805	25.7364	1361.12
806	25.7762	1361.01
807	25.8163	1360.65
808	25.8562	1360.42
809	25.897	1359.5
810	25.9361	1358.83
811	25.9754	1358.59
812	26.0148	1356.77
813	26.0545	1356.54
814	26.0949	1356.4
815	26.1355	1342.94
816	26.1751	1342.59
817	26.2151	1342.3
818	26.2547	1342.29
819	26.295	1340.3
820	26.3344	1340.27
821	26.3746	1328.53
822	26.4141	1326.62
823	26.4539	1326.6
824	26.4934	1325.44
825	26.5332	1308.63
826	26.5727	1308.52
828	26.6518	1306.62
829	26.6914	1294.81
830	26.7308	1292.24
831	26.7715	1291.85
832	26.8118	1280.44
833	26.8525	1280.06
834	26.8933	1279.31
835	26.9338	1279.28
836	26.9745	1278.9
837	27.0145	1278.57
838	27.0543	1277.62
839	27.094	1275.95
840	27.1338	1275.1
841	27.1738	1274.66
842	27.2147	1274.55
843	27.2549	1274.29
844	27.2945	1273.69
845	27.3341	1272.26
846	27.3742	1268.66
847	27.4139	1268.61
848	27.4542	1228.66
849	27.4949	1227.32
850	27.5343	1226.4
851	27.5739	1225.77
852	27.6142	1225.75
853	27.6542	1224.4
854	27.6958	1224.11
855	27.7358	1199.84
856	27.776	1199.82
858	27.8595	1192.56
859	27.9012	1191.56
860	27.9423	1191.04
861	27.983	1190.12
862	28.0228	1189.92
863	28.0631	1189.13
864	28.1041	1180.1
865	28.1459	1180.05
866	28.1874	1170.94
867	28.2278	1170.35
868	28.2683	1169.53
869	28.3085	1168.18
870	28.3485	1168.17
871	28.3893	1167.41
872	28.4302	1163.95
873	28.4704	1163.73
874	28.5108	1162.98
875	28.5529	1162.58
876	28.5929	1162.32
877	28.6342	1162.01
878	28.6744	1161.81
879	28.7146	1161.72
880	28.7549	1161.66
881	28.7957	1161.49
882	28.836	1161.34
883	28.8758	1160.19
884	28.9161	1160.13
885	28.957	1160.03
886	28.9974	1159.96
887	29.0375	1159.93
888	29.0777	1159.8
889	29.1188	1159.33
890	29.1597	1159.06
891	29.2008	1154.23
892	29.2408	1143.55
893	29.2815	1140.27
894	29.3222	1137.67
895	29.3623	1137.59
896	29.4027	1137.53
897	29.4444	1137.41
898	29.4844	1137.26
899	29.5248	1136.69
900	29.5649	1135.42
901	29.6056	1133.8
902	29.6459	1132.89
903	29.6877	1127.76
904	29.7279	1127.46
905	29.7696	1126.49
906	29.8098	1108.34
907	29.8507	1106.75
908	29.8909	1106.67
909	29.9312	1101.94
910	29.9716	1100.08
911	30.0136	1099.73
912	30.0557	1087.14
913	30.0965	1087.09
914	30.1384	1084.68
915	30.1798	1084.67
916	30.2206	1084.31
917	30.2615	1083.73
918	30.3018	1081.17
919	30.3434	1078.98
920	30.3838	1076.41
921	30.4242	1076.31
922	30.4664	1076.25
923	30.5071	1075.15
924	30.5478	1075.02
925	30.588	1074.98
926	30.6285	1074.64
927	30.6698	1073.68
928	30.7105	1073.32
929	30.7525	1068.91
930	30.7931	1068.37
931	30.8335	1068.36
932	30.8741	1064.89
933	30.9147	1064.4
934	30.9559	1063.16
935	30.9977	1061.75
936	31.0394	1061.6
937	31.0804	1061.57
938	31.1214	1061.49
939	31.1621	1061.08
940	31.2027	1060.97
941	31.2446	1060.96
942	31.2853	1060.71
943	31.3258	1059.63
944	31.3674	1058.85
945	31.4078	1056.85
946	31.4487	1054.77
947	31.4892	1054.33
948	31.53	1054.32
949	31.5712	1054.25
950	31.612	1054
951	31.6528	1052.53
952	31.6932	1050.7
953	31.734	1049.74
954	31.7751	1014.4
955	31.8166	1012.77
956	31.8575	1012.64
957	31.8993	1012.62
958	31.9397	1010.01
959	31.9805	1009.94
960	32.0216	1009.69
961	32.0622	1009.64
962	32.1025	1008.5
963	32.1435	1007.48
964	32.1839	1007.4
965	32.2249	1006.05
967	32.3085	1005.61
968	32.3496	1005.57
969	32.3912	1004.25
970	32.4319	1003.29
971	32.473	1003.11
972	32.514	1002.85
973	32.5548	969.162
974	32.5973	967.412
975	32.6392	967.261
976	32.6798	967.256
977	32.7216	966.898
978	32.7626	966.621
979	32.8041	966.206
980	32.8453	966.15
981	32.8864	966.111
982	32.9275	966.004
983	32.9684	960.64
984	33.0091	960.564
985	33.0504	960.541
986	33.0919	948.698
987	33.1351	939.218
988	33.1764	939.138
989	33.2178	939.065
991	33.3006	939.031
992	33.3419	939.006
993	33.3842	936.877
994	33.4269	928.801
995	33.4677	928.493
997	33.5496	928.493
998	33.5903	921.213
999	33.6319	913.509
1000	33.6735	913.33
1001	33.7161	881.271
1002	33.7572	880.884
1003	33.7982	880.175
1004	33.8391	878.772
1005	33.8801	877.581
1006	33.921	877.553
1007	33.9638	877.162
1008	34.0059	876.477
1009	34.0481	876.303
1010	34.0889	876.249
1011	34.131	874.667
1012	34.1736	866.024
1013	34.2148	861.279
1014	34.2558	860.993
1015	34.2971	856.057
1016	34.3384	855.93
1017	34.3796	854.38
1018	34.421	854.364
1019	34.464	853.664
1020	34.5062	853.493
1021	34.5479	853.489
1022	34.5892	848.945
1023	34.6318	848.677
1024	34.6727	848.569
1025	34.7138	847.057
1026	34.7559	847.049
1027	34.797	847.021
1028	34.8387	846.476
1029	34.8807	839.628
1030	34.9224	839.377
1031	34.964	839.343
1032	35.0054	835.657
1033	35.0471	835.615
1034	35.0883	835.421
1035	35.1297	827.43
1036	35.1721	827.335
1037	35.2137	826.493
1038	35.2564	825.941
1039	35.2985	825.624
1040	35.3401	825.095
1041	35.4055	824.859
1042	35.4927	824.611
1043	35.5371	824.257
1044	35.5801	824.038
1045	35.6218	823.565
1046	35.6642	822.904
1047	35.7077	822.889
1048	35.7496	822.785
1049	35.7914	816.991
1050	35.8332	816.647
1051	35.8754	815.04
1052	35.9175	811.225
1053	35.9594	811.212
1054	36.0011	811.142
1055	36.0427	810.909
1056	36.0844	810.757
1057	36.1263	809.567
1058	36.1695	809.278
1059	36.2119	808.943
1060	36.2535	808.91
1061	36.2951	808.534
1062	36.3377	807.83
1063	36.3796	807.508
1064	36.4241	807.077
1065	36.4666	806.991
1066	36.5084	806.985
1067	36.55	806.978
1068	36.5917	806.915
1069	36.6333	806.519
1070	36.677	806.432
1071	36.7206	804.616
1072	36.762	804.597
1073	36.8041	804.292
1074	36.8468	802.538
1075	36.8886	802.123
1076	36.9305	801.725
1077	36.9724	801.69
1078	37.015	801.51
1079	37.0569	801.502
1080	37.0995	801.437
1081	37.142	801.395
1082	37.1839	800.752
1083	37.2268	799.905
1084	37.2685	799.824
1085	37.3109	799.809
1086	37.3536	781.509
1087	37.3957	780.609
1088	37.4379	775.307
1089	37.4805	774.969
1090	37.523	774.935
1091	37.5651	771.851
1092	37.6072	759.898
1093	37.6498	759.876
1094	37.6918	759.854
1095	37.7342	759.836
1096	37.7764	759.462
1097	37.8231	758.519
1098	37.8691	758.284
1099	37.912	757.938
1100	37.9558	757.843
1101	37.9982	757.202
1102	38.042	757.022
1103	38.0845	754.577
1104	38.1271	753.264
1105	38.1699	753.189
1106	38.213	747.604
1107	38.2555	747.53
1108	38.2985	746.355
1109	38.3408	746.305
1110	38.3836	746.166
1111	38.4262	745.991
1112	38.4688	742.094
1113	38.5116	742.088
1114	38.5538	741.802
1115	38.5967	739.551
1116	38.6392	739.474
1117	38.6824	739.15
1118	38.7248	738.369
1119	38.7676	737.387
1120	38.8112	737.085
1121	38.8547	737.083
1122	38.8982	736.954
1123	38.944	736.709
1124	38.9873	736.663
1125	39.0305	735.04
1126	39.0748	734.977
1127	39.1174	734.805
1128	39.1598	734.61
1129	39.2024	734.473
1130	39.245	732.105
1131	39.2874	731.446
1132	39.3302	731.423
1133	39.3732	731.392
1134	39.4158	731.377
1135	39.4589	731.167
1136	39.5023	730.069
1137	39.5464	730.042
1138	39.5908	728.047
1139	39.6341	727.835
1140	39.6783	726.342
1141	39.7211	726.23
1142	39.7639	726.096
1143	39.8064	725.992
1144	39.8489	725.654
1145	39.8915	724.026
1146	39.9352	723.78
1147	39.978	723.586
1148	40.021	723.181
1149	40.0643	722.652
1150	40.1068	722.529
1151	40.1494	721.925
1152	40.1917	721.69
1153	40.2347	721.673
1154	40.2788	721.608
1155	40.3219	719.158
1156	40.3646	719.152
1157	40.4088	718.992
1158	40.4514	718.97
1159	40.4947	718.648
1160	40.5383	718.5
1161	40.5814	718.401
1162	40.624	716.075
1163	40.6674	716.059
1164	40.7112	715.303
1165	40.7539	713.517
1166	40.7969	713.48
1167	40.8397	713.477
1168	40.883	712.93
1169	40.9264	709.117
1170	40.9699	708.28
1171	41.0143	708.258
1172	41.0571	707.691
1173	41.1006	707.687
1174	41.1463	707.465
1175	41.1916	707.345
1177	41.2778	706.798
1178	41.3208	704.867
1179	41.364	704.081
1180	41.4072	703.528
1181	41.4504	703.206
1182	41.4937	703.191
1183	41.5366	703.058
1184	41.5806	702.771
1185	41.6237	701.601
1186	41.6665	698.719
1187	41.7096	698.707
1188	41.7524	694.123
1189	41.7953	693.696
1190	41.8386	692.753
1191	41.8818	692.528
1192	41.9246	692.482
1193	41.9676	690.385
1194	42.0109	690.262
1195	42.0539	671.969
1196	42.0972	671.889
1197	42.1415	671.855
1198	42.1856	668.814
1199	42.2295	668.247
1200	42.2733	667.996
1201	42.3161	667.948
1202	42.3591	667.748
1203	42.4022	667.293
1204	42.4465	660.608
1205	42.4895	660.576
1206	42.5324	655.01
1207	42.5755	654.512
1208	42.6187	654.178
1209	42.6616	652.957
1210	42.705	652.916
1211	42.7479	652.005
1212	42.7915	651.357
1213	42.8352	650.88
1214	42.8791	648.188
1215	42.9232	647.904
1216	42.9679	647.816
1217	43.0124	647.61
1219	43.099	646.898
1220	43.1437	646.854
1221	43.1872	646.689
1222	43.2317	646.676
1223	43.2753	646.564
1224	43.3188	646.547
1225	43.3643	646.433
1226	43.4076	646.201
1227	43.4511	646.002
1228	43.4956	645.845
1229	43.5386	645.601
1231	43.6255	644.535
1232	43.6687	642.296
1233	43.712	641.512
1234	43.7553	641.286
1235	43.7989	641.125
1236	43.8418	641.085
1237	43.8854	641.082
1238	43.9295	640.812
1239	43.9732	640.553
1240	44.0167	640.515
1241	44.061	639.411
1242	44.1067	638.659
1243	44.1526	638.479
1244	44.1959	638.084
1245	44.2406	636.621
1246	44.2846	631.241
1247	44.3285	630.898
1248	44.3723	630.884
1249	44.4156	629.327
1250	44.4605	629.232
1251	44.5055	629.094
1252	44.5518	623.689
1254	44.6403	623.463
1255	44.6855	623.438
1256	44.7293	623.028
1257	44.7738	622.125
1258	44.8175	620.768
1260	44.9048	619.281
1261	44.9491	619.261
1262	44.9927	619.138
1263	45.036	618.874
1264	45.0799	618.608
1265	45.1235	618.324
1266	45.1669	618.082
1268	45.2547	617.992
1269	45.2997	617.202
1270	45.3438	617.198
1271	45.3884	617.129
1272	45.4323	614.684
1274	45.5205	614.237
1275	45.5655	614.191
1276	45.6099	613.933
1277	45.6532	613.868
1278	45.6973	613.812
1279	45.7408	613.201
1281	45.8286	613.084
1282	45.8726	612.919
1283	45.9161	612.306
1284	45.9594	612.119
1285	46.0029	611.608
1286	46.0465	611.488
1287	46.0901	611.326
1288	46.135	611.323
1289	46.179	611.286
1290	46.2232	611.077
1291	46.2674	610.964
1292	46.3109	610.193
1293	46.355	609.931
1294	46.3988	608.285
1295	46.4425	607.452
1296	46.486	607.161
1297	46.5298	607.143
1298	46.5734	605.989
1299	46.6168	605.365
1300	46.6606	605.126
1301	46.7072	605.079
1302	46.7513	604.967
1303	46.7956	603.72
1304	46.8405	603.63
1305	46.8849	603.411
1306	46.9286	603.398
1307	46.9722	603.22
1308	47.017	603.18
1309	47.0608	602.231
1310	47.1055	602.142
1311	47.149	601.51
1312	47.1927	601.234
1313	47.2366	583.393
1314	47.2806	582.953
1315	47.3243	582.85
1316	47.3687	582.847
1317	47.4131	582.518
1318	47.458	582.155
1319	47.5026	581.908
1320	47.5476	581.69
1321	47.5912	581.54
1322	47.635	581.419
1323	47.6787	581.082
1324	47.7229	581.055
1325	47.7683	580.644
1326	47.814	578.301
1327	47.858	573.633
1329	47.9482	573.63
1331	48.0382	573.602
1332	48.0819	573.572
1333	48.1262	573.466
1334	48.1704	560.93
1335	48.2141	559.994
1337	48.3031	559.983
1338	48.3476	557.944
1339	48.3916	556.938
1341	48.479	554.738
1342	48.524	554.397
1343	48.5696	554.016
1344	48.6147	552.412
1345	48.6585	551.217
1346	48.7023	550.549
1348	48.7903	549.862
1349	48.8349	549.804
1350	48.8792	549.7
1351	48.9229	549.517
1352	48.9667	545.321
1353	49.0104	538.353
1354	49.055	538.078
1355	48.4617	537.069
1357	48.5498	536.411
1359	48.6692	536.259
1360	48.7166	536.182
1361	48.7615	536.176
1362	48.806	526.232
1363	48.8503	526.051
1364	48.8941	525.984
1365	48.938	522.607
1366	48.9813	522.373
1367	49.0271	522.371
1368	49.0708	522.038
1369	49.1157	516.69
1370	49.1603	516.677
1371	49.206	516.643
1372	49.2498	516.412
1373	49.2937	516.408
1374	49.3385	516.403
1375	49.385	514.886
1376	49.4301	513.244
1377	49.4741	513.061
1378	49.519	512.972
1379	49.5626	512.882
1380	49.608	512.725
1381	49.6529	512.681
1382	49.6969	512.248
1383	49.7408	512.194
1384	49.7849	512.188
1385	49.8289	511.224
1386	49.873	511.196
1387	49.917	511.006
1388	49.9608	510.64
1389	50.005	510.48
1390	50.0494	510.38
1391	50.0938	510.229
1392	50.1384	509.782
1393	50.1826	509.676
1394	50.2268	509.597
1395	50.2708	509.295
1396	50.3148	509.065
1397	50.3598	508.709
1398	50.4042	508.404
1399	50.4497	508.183
1400	50.4941	508.178
1401	50.5387	507.885
1402	50.5832	507.6
1403	50.6279	507.539
1404	50.6726	507.452
1405	50.7169	507.391
1406	50.7626	507.372
1407	50.808	507.371
1408	50.8527	507.364
1409	50.8978	507.341
1410	50.942	507.316
1411	50.9858	506.854
1412	51.0303	506.83
1413	51.0743	506.795
1414	51.1184	506.414
1415	51.1629	506.216
1416	51.207	506.169
1417	51.2513	506.094
1418	51.2954	506.052
1419	51.3394	506.051
1420	51.3837	505.991
1421	51.4276	505.957
1422	51.472	505.835
1423	51.516	505.248
1424	51.5609	505.179
1425	51.6076	505.124
1426	51.6522	504.755
1427	51.6966	504.605
1428	51.7412	503.078
1429	51.7855	502.657
1430	51.8307	502.591
1431	51.8757	499.838
1432	51.9202	484.923
1433	51.9645	484.917
1434	52.0092	484.796
1435	52.0539	484.759
1436	52.0989	484.739
1437	52.1448	484.394
1438	52.1894	484.346
1439	52.2339	484.229
1440	52.279	484.188
1441	52.3238	483.334
1442	52.3722	483.308
1443	52.417	482.327
1444	52.4617	482.032
1445	52.5078	482.032
1446	52.5536	480.754
1447	52.5978	480.731
1448	52.6431	480.669
1449	52.6883	480.597
1450	52.7345	480.565
1451	52.7793	480.487
1452	52.8255	479.597
1453	52.8711	479.582
1454	52.9168	479.235
1455	52.9622	478.902
1456	53.0065	478.708
1457	53.0511	478.687
1458	53.0955	478.6
1459	53.1418	475.815
1460	53.1868	475.623
1461	53.2314	475.607
1462	53.276	475.516
1463	53.3219	475.441
1464	53.3666	475.336
1465	53.4123	474.102
1466	53.4567	473.661
1467	53.5019	473.628
1468	53.5466	472.827
1469	53.5916	472.696
1470	53.6367	471.743
1471	53.6822	471.333
1472	53.7268	471.283
1473	53.7714	471.253
1474	53.8198	471.191
1475	53.8656	471.104
1476	53.911	470.84
1477	53.9568	470.818
1478	54.0019	470.512
1479	54.0473	470.427
1480	54.0935	470.295
1482	54.1829	470.255
1483	54.2274	470.201
1484	54.2717	469.354
1485	54.3177	469.082
1486	54.3625	468.676
1487	54.4085	468.517
1488	54.454	467.46
1489	54.4998	467.244
1490	54.5448	467.145
1491	54.5896	466.906
1492	54.6359	466.766
1493	54.6802	466.597
1494	54.725	466.547
1495	54.771	465.745
1496	54.8158	465.667
1497	54.8604	465.566
1498	54.9057	465.565
1499	54.9525	465.401
1500	54.9972	465.395
1501	55.0425	465.215
1502	55.0875	462.791
1503	55.1329	462.755
1504	55.178	462.628
1505	55.2231	459.087
1506	55.2676	458.938
1507	55.3124	458.937
1508	55.3572	458.917
1509	55.4021	458.056
1510	55.4472	457.855
1511	55.4917	457.822
1512	55.5368	457.467
1513	55.5815	457.447
1514	55.6267	457.433
1515	55.672	457.274
1516	55.7169	457.258
1517	55.7616	456.911
1518	55.8065	456.596
1519	55.8526	456.395
1520	55.8973	456.165
1521	55.9429	456.14
1522	55.9887	456.115
1523	56.0349	455.71
1524	56.0796	455.455
1525	56.124	452.582
1526	56.1705	451.271
1527	56.2169	451.114
1528	56.2623	444.304
1529	56.3079	444.134
1530	56.3546	443.618
1531	56.3999	443.473
1532	56.4443	443.451
1533	56.4897	442.83
1534	56.5345	442.779
1535	56.5796	435.647
1536	56.6243	435.551
1538	56.7141	434.585
1539	56.7594	434.12
1541	56.8502	434.082
1542	56.8954	433.89
1543	56.9401	433.165
1544	56.9856	428.487
1545	57.0329	428.466
1546	57.0779	425.389
1547	57.1228	425.179
1548	57.1692	424.858
1549	57.215	424.809
1550	57.2601	424.703
1551	57.3054	424.077
1552	57.3504	423.707
1553	57.3968	423.604
1554	57.4439	423.143
1555	57.4896	423.123
1556	57.5357	423.033
1557	57.5807	422.761
1558	57.6258	422.744
1559	57.6709	422.621
1560	57.7168	422.585
1561	57.7617	422.51
1562	57.8074	422.503
1563	57.8524	422.322
1564	57.8976	422.317
1565	57.9424	422.295
1566	57.9877	422.155
1567	58.0329	422.116
1568	58.0783	422.072
1569	58.1244	421.802
1571	58.2149	421.497
1572	58.2639	420.236
1573	58.3099	419.672
1575	58.4001	419.468
1576	58.4456	419.44
1577	58.4904	419.434
1578	58.5355	419.134
1580	58.6265	419.104
1582	58.7172	418.573
1583	58.7639	418.543
1584	58.8089	418.411
1585	58.8539	418.378
1586	58.8989	417.575
1588	58.9897	417.545
1589	59.0355	416.376
1590	59.081	416.024
1591	59.1261	415.916
1592	59.1717	403.762
1594	59.2639	403.649
1595	59.3092	403.611
1596	59.3548	403.379
1597	59.4004	403.283
1598	59.4461	403.119
1600	59.5373	402.961
1602	59.6283	402.469
1604	59.7184	402.437
1605	59.7636	402.31
1606	59.8094	402.196
1607	59.8545	401.503
1608	59.9	401.203
1609	59.945	399.864
1610	59.9904	399.843
1611	60.0354	399.508
1612	60.081	399.309
1613	60.1263	399.297
1614	60.1728	399.241
1616	60.2633	399.183
1617	60.3085	399.146
1618	60.3538	398.947
1619	60.4007	398.551
1621	60.4973	398.515
1623	60.5917	398.119
1625	60.6836	397.888
1628	60.8206	397.885
1629	60.886	397.821
1630	60.935	397.716
1631	60.9905	397.669
1632	61.0386	397.354
1633	61.0844	397.194
1634	61.1308	396.351
1635	61.1774	395.993
1636	61.2227	395.901
1637	61.2696	395.893
1638	61.3152	395.013
1639	61.3612	394.957
1640	61.4075	394.877
1642	61.4994	394.839
1643	61.545	394.788
1644	61.5903	394.755
1645	61.6357	394.043
1646	61.6812	394.034
1647	61.7273	393.997
1648	61.7741	393.965
1650	61.8659	393.398
1651	61.9124	393.195
1653	62.0044	391.251
1654	62.0501	390.988
1655	62.0956	390.947
1656	62.1411	390.854
1657	62.1873	390.682
1658	62.2331	390.147
1659	62.279	390.131
1660	62.3252	390.079
1661	62.3719	389.835
1662	62.4179	389.733
1663	62.4643	389.649
1664	62.5113	389.638
1665	62.557	388.671
1666	62.6043	383.134
1667	62.651	382.804
1668	62.7002	382.778
1669	62.7471	382.71
1672	62.8863	382.691
1673	62.9332	382.675
1674	62.979	381.5
1675	63.0244	381.489
1677	63.116	381.46
1679	63.2083	380.553
1680	63.2558	380.514
1681	63.3014	378.296
1682	63.3473	376.232
1683	63.3932	376.081
1684	63.4399	375.613
1685	63.4859	375.575
1686	63.5315	375.435
1687	63.5767	375.311
1688	63.6224	375.058
1690	63.7133	374.93
1691	63.7587	374.82
1692	63.8043	373.913
1693	63.8498	373.716
1694	63.8955	373.485
1695	63.9426	372.776
1697	64.034	372.689
1700	64.1734	372.676
1701	64.2195	372.675
1702	64.2657	370.132
1703	64.3114	370.094
1704	64.3569	370.058
1705	64.4029	370.01
1706	64.4499	369.941
1707	64.4961	369.938
1708	64.5421	369.932
1709	64.5888	369.421
1710	64.6354	369.278
1711	64.6829	369.273
1712	64.7296	369.204
1713	64.7766	369.201
1714	64.8225	369.197
1715	64.8691	368.651
1716	64.9192	367.779
1717	64.967	367.766
1718	65.0136	367.705
1719	65.0594	367.651
1720	65.1052	367.605
1721	65.1511	367.573
1722	65.1971	367.558
1723	65.2431	367.528
1724	65.2901	367.522
1725	65.3361	367.219
1726	65.3819	367.141
1727	65.4293	367.139
1728	65.4766	367.034
1729	65.5232	366.611
1730	65.5695	366.596
1731	65.6154	366.47
1732	65.6614	365.407
1733	65.7079	365.399
1734	65.7547	365.279
1735	65.801	365.162
1736	65.8477	365.032
1737	65.8957	364.877
1738	65.9416	364.7
1739	65.9874	364.51
1740	66.0334	364.502
1741	66.0791	364.464
1742	66.1251	364.249
1743	66.1709	364.203
1744	66.2169	363.841
1745	66.2625	363.766
1746	66.3094	363.748
1747	66.3552	363.747
1748	66.4022	363.745
1749	66.45	363.549
1750	66.4965	363.512
1751	66.543	363.438
1752	66.5887	363.428
1753	66.6353	363.229
1754	66.6832	362.942
1755	66.7306	362.887
1756	66.7774	362.758
1757	66.8251	362.644
1758	66.8712	362.622
1759	66.9204	362.62
1760	66.9666	362.578
1761	67.0131	362.514
1762	67.0605	362.478
1763	67.1069	362.24
1764	67.1558	362.168
1765	67.2026	362.082
1766	67.2485	361.758
1767	67.2951	361.635
1768	67.3415	360.793
1769	67.389	360.497
1770	67.436	360.496
1771	67.4826	358.891
1772	67.5287	358.503
1773	67.5757	358.499
1774	67.6218	358.397
1775	67.6678	358.289
1776	67.7142	358.275
1777	67.7605	358.132
1778	67.8067	358.087
1779	67.853	357.988
1780	67.899	357.939
1781	67.9461	357.895
1782	67.9945	357.851
1783	68.0405	357.723
1784	68.0866	357.573
1785	68.1331	357.561
1786	68.1802	357.088
1787	68.2265	357.076
1788	68.2727	356.907
1789	68.3206	356.764
1790	68.3679	356.761
1791	68.4139	356.671
1792	68.4601	356.466
1793	68.5065	356.424
1794	68.553	356.379
1795	68.5994	356.207
1796	68.6472	356.196
1797	68.6934	356.19
1798	68.7408	356.189
1799	68.7872	356.123
1800	68.8335	355.944
1801	68.8796	355.943
1802	68.9264	355.919
1803	68.9741	355.915
1804	69.0199	355.869
1805	69.066	355.609
1806	69.1126	355.532
1807	69.16	355.492
1808	69.2061	354.895
1809	69.2534	353.932
1810	69.2997	353.705
1811	69.3477	353.358
1812	69.3966	353.329
1813	69.4428	353.225
1814	69.4902	353.119
1815	69.5386	353.06
1816	69.585	352.859
1817	69.633	352.854
1818	69.6813	352.676
1819	69.7274	352.606
1821	69.822	352.515
1822	69.8696	352.499
1823	69.9157	352.457
1824	69.9617	351.992
1825	70.0105	351.898
1826	70.0572	351.801
1827	70.1037	351.715
1828	70.1499	351.624
1829	70.1965	351.517
1830	70.2437	351.495
1831	70.2912	350.961
1832	70.3374	350.741
1833	70.3837	350.737
1834	70.43	350.658
1835	70.4764	350.564
1836	70.5228	350.56
1837	70.569	350.482
1838	70.6162	350.465
1839	70.6636	350.414
1840	70.7095	350.407
1842	70.8028	349.755
1843	70.8494	349.749
1844	70.8967	349.427
1845	70.9431	348.395
1846	70.9892	348.371
1847	71.0365	348.371
1848	71.0842	348.277
1849	71.1307	347.751
1850	71.1772	347.572
1851	71.226	347.519
1852	71.2733	347.284
1853	71.3199	347.281
1854	71.3665	347.266
1855	71.4127	347.204
1857	71.5462	347.163
1858	71.5944	347.086
1859	71.6426	347.065
1860	71.6894	346.991
1861	71.7363	346.941
1862	71.7826	346.94
1863	71.8291	346.905
1864	71.8749	346.724
1865	71.9226	346.595
1866	71.9705	344.199
1867	72.0178	344.18
1868	72.0641	341.284
1869	72.1113	339.4
1870	72.1581	338.842
1871	72.2071	338.805
1872	72.2537	338.777
1873	72.3002	338.618
1874	72.3462	338.595
1875	72.3926	337.438
1876	72.4393	337.386
1877	72.4875	337.254
1878	72.5344	335.547
1879	72.5808	335.095
1881	72.674	335.091
1882	72.7204	334.443
1883	72.7676	334.344
1884	72.8156	331.185
1885	72.8617	331.178
1886	72.9097	329.87
1887	72.9567	329.723
1888	73.0041	329.661
1889	73.0519	329.585
1890	73.0984	329.513
1891	73.1454	329.489
1892	73.1916	329.266
1893	73.2397	329.237
1894	73.286	328.961
1895	73.3332	328.957
1896	73.3801	328.919
1897	73.4263	328.846
1898	73.4724	328.805
1899	73.5186	328.327
1901	73.6114	328.213
1902	73.6584	328.203
1903	73.7049	328.154
1904	73.7524	328.151
1905	73.7987	327.914
1907	73.894	327.855
1908	73.9408	327.848
1909	73.9873	327.695
1911	74.0807	327.554
1912	74.1266	327.235
1913	74.1731	326.945
1915	74.2657	326.736
1917	74.3583	326.682
1918	74.4049	326.655
1920	74.4967	326.641
1921	74.5451	326.64
1922	74.5934	326.334
1923	74.6399	326.184
1924	74.6862	326.098
1925	74.7325	325.988
1926	74.7789	325.666
1927	74.8264	325.055
1928	74.8738	325.05
1929	74.9198	324.811
1931	75.0121	324.639
1932	75.0583	318.337
1933	75.1045	318.293
1934	75.1507	318.239
1935	75.1974	318.232
1936	75.2458	318.104
1937	75.2945	318.035
1940	75.4364	317.949
1941	75.4833	317.933
1942	75.5315	317.864
1943	75.5797	317.799
1944	75.6268	317.798
1947	75.7669	317.794
1948	75.8142	317.753
1949	75.8613	317.115
1950	75.9076	317.114
1951	75.9539	317.082
1952	76.0002	316.834
1953	76.0492	316.829
1954	76.0982	316.721
1956	76.1926	316.719
1958	76.288	316.666
1959	76.3359	316.583
1961	76.4331	316.358
1962	76.4795	316.357
1963	76.526	315.997
1965	76.6182	315.642
1968	76.7589	315.597
1969	76.8058	315.57
1970	76.8527	315.547
1971	76.8989	315.534
1972	76.9461	315.53
1974	77.0388	315.154
1975	77.0856	314.698
1976	77.1326	314.661
1977	77.1791	314.648
1978	77.2253	314.531
1980	77.318	314.468
1982	77.4114	314.442
1983	77.4592	314.285
1984	77.5064	314.235
1985	77.5536	313.971
1986	77.6009	313.938
1987	77.6485	313.856
1988	77.6957	313.854
1990	77.7889	313.558
1991	77.8348	313.441
1992	77.8816	313.424
1993	77.928	312.091
1996	78.0696	312.09
1997	78.1173	311.872
1998	78.1638	311.595
1999	78.2101	311.587
2000	78.2573	311.408
2001	78.3062	311.274
2002	78.3523	311.237
2004	78.4476	311.234
2005	78.4944	311.002
2006	78.5424	310.744
2007	78.5888	309.515
2008	78.6365	309.46
2009	78.6833	309.311
2012	78.8232	309.305
2013	78.8707	309.212
2014	78.9181	306.718
2015	78.9653	306.707
2016	79.0132	306.677
2018	79.1076	306.674
2019	79.1556	306.39
2020	79.2021	306.347
2021	79.2499	306.06
2022	79.2968	305.829
2024	79.3903	305.318
2025	79.4377	304.457
2026	79.484	304.405
2027	79.5305	304.273
2028	79.5784	304.14
2030	79.6706	304.099
2031	79.7167	304.088
2032	79.7645	303.649
2033	79.8115	303.563
2034	79.858	303.409
2035	79.9045	302.796
2037	80.0052	302.778
2039	80.1158	302.753
2041	80.2119	302.751
2042	80.2602	302.645
2043	80.3068	302.622
2044	80.3532	302.588
2045	80.3994	302.526
2046	80.4478	302.488
2047	80.496	302.488
2048	80.5427	302.392
2049	80.5896	302.002
2050	80.6365	301.766
2051	80.0401	301.756
2052	80.0868	301.628
2053	80.134	301.626
2054	80.1808	301.62
2055	80.2282	301.372
2056	80.2765	301.275
2057	80.3233	301.252
2058	80.3697	301.157
2059	80.4164	301.102
2061	80.512	301.092
2062	80.5599	301.075
2063	80.6073	301.04
2065	80.6998	300.987
2066	80.7461	300.961
2067	80.7931	300.956
2068	80.841	300.929
2069	80.8874	300.912
2070	80.9337	300.886
2071	80.9814	300.779
2073	81.0753	300.578
2074	81.1218	300.512
2075	81.1682	300.358
2076	81.2155	300.258
2077	81.2634	300.177
2078	81.311	299.961
2079	81.3577	299.834
2080	81.405	299.825
2081	81.452	299.568
2082	81.4998	299.433
2083	81.5462	299.431
2084	81.5928	299.347
2085	81.6402	299.084
2086	81.6861	299.072
2088	81.7781	299.066
2089	81.8247	299.019
2090	81.8718	299.016
2091	81.9179	298.751
2092	81.9661	298.747
2093	82.0131	298.72
2094	82.0635	298.638
2095	82.11	298.579
2096	82.1569	298.555
2097	82.2037	298.389
2098	82.2509	298.323
2099	82.2977	298.32
2100	82.3439	298.289
2101	82.3902	298.283
2102	82.4384	298.266
2103	82.4843	298.167
2104	82.5303	298.138
2105	82.5764	298.12
2106	82.6224	298.065
2107	82.6683	298.059
2108	82.7167	297.084
2109	82.764	297.058
2110	82.81	297.037
2111	82.8571	296.099
2112	82.9039	295.953
2113	82.9512	295.928
2114	82.9978	295.88
2115	83.0435	295.845
2116	83.0893	295.828
2117	83.1363	295.627
2118	83.1822	295.599
2119	83.2285	295.556
2120	83.275	295.524
2121	83.321	295.499
2122	83.3675	295.497
2123	83.4135	295.391
2124	83.4598	295.287
2125	83.5066	295.286
2126	83.5527	295.233
2127	83.5986	295.228
2129	83.6907	295.217
2130	83.738	295.214
2131	83.784	295.183
2132	83.8301	294.921
2133	83.8763	294.915
2134	83.9227	294.898
2135	83.9688	294.808
2136	84.0151	294.8
2139	84.1558	294.726
2140	84.2036	294.293
2141	84.2517	294.292
2143	84.3473	294.267
2144	84.3959	294.243
2145	84.4427	294.028
2146	84.4901	294.003
2147	84.5371	293.98
2148	84.5832	291.926
2149	84.6308	291.817
2150	84.6786	291.725
2151	84.7249	291.566
2153	84.8174	291.475
2154	84.8639	291.442
2155	84.9103	291.413
2156	84.9566	291.2
2157	85.0027	291.195
2158	85.0489	291.141
2159	85.0953	291.103
2161	85.1889	291.091
2162	85.235	291.08
2163	85.2816	290.989
2164	85.3291	290.891
2165	85.3765	290.769
2166	85.4231	290.688
2167	85.4698	290.671
2168	85.5159	290.648
2169	85.5631	290.529
2170	85.6105	290.488
2171	85.6564	290.46
2172	85.7035	290.246
2173	85.75	290.184
2174	85.7964	290.062
2175	85.8446	289.885
2176	85.8912	289.883
2177	85.939	289.881
2178	85.9857	289.876
2180	86.0793	289.824
2182	86.1723	289.617
2183	86.2193	289.608
2185	86.3129	288.612
2186	86.3593	288.582
2187	86.406	288.558
2188	86.4547	288.535
2189	86.5029	286.889
2190	86.5517	286.846
2191	86.5988	286.834
2192	86.6458	286.716
2194	86.7383	286.708
2195	86.7851	286.703
2197	86.8796	286.663
2198	86.9273	286.6
2199	86.9753	286.579
2200	87.0218	286.322
2202	87.1143	286.319
2204	87.2072	286.273
2205	87.2546	284.558
2206	87.3012	283.318
2207	87.3485	283.302
2208	87.3961	281.995
2209	87.4435	281.86
2210	87.4907	281.469
2211	87.5376	281.415
2212	87.5843	281.403
2213	87.6312	281.228
2214	87.678	281.225
2215	87.7243	280.524
2216	87.7709	280.486
2218	87.8639	279.711
2219	87.9103	279.464
2221	88.0041	279.453
2222	88.051	279.419
2223	88.0975	279.273
2224	88.144	277.697
2225	88.191	277.696
2226	88.2373	277.184
2227	88.2848	277.155
2228	88.3325	277.101
2230	88.4257	276.941
2231	88.4718	276.637
2232	88.519	276.45
2233	88.5666	276.44
2234	88.6143	276.321
2235	88.6624	276.286
2237	88.757	276.18
2239	88.8504	276.056
2240	88.8971	276.053
2241	88.9432	276.024
2242	88.9902	276.015
2243	89.0365	275.927
2244	89.0912	275.924
2245	89.1408	275.901
2247	89.2458	275.537
2248	89.2923	275.485
2249	89.3382	275.454
2250	89.3847	275.088
2251	89.4314	274.994
2252	89.4783	274.764
2254	89.5745	274.641
2255	89.6221	274.462
2257	89.7162	274.442
2258	89.7645	274.442
2259	89.8115	274.279
2261	89.9065	274.042
2262	89.9533	273.787
2263	90.0011	273.752
2265	90.0977	273.56
2266	90.1449	273.404
2267	90.1932	273.375
2268	90.2412	273.361
2269	90.2885	272.747
2270	90.3357	272.677
2271	90.3832	272.593
2272	90.4309	270.964
2273	90.4793	270.902
2275	90.5752	270.901
2276	90.6228	270.813
2277	90.67	270.72
2278	90.718	270.673
2279	90.7652	270.413
2281	90.8603	270.409
2282	90.9094	270.275
2283	90.9579	270.199
2284	91.0056	270.143
2286	91.1017	270.132
2287	91.1492	270.129
2289	91.2447	269.832
2290	91.2924	269.824
2291	91.3415	269.721
2292	91.3899	269.638
2293	91.4378	269.627
2294	91.4863	269.6
2295	91.5336	269.463
2297	91.6281	269.46
2298	91.6759	269.412
2299	91.7232	269.214
2300	91.77	269.184
2301	91.8175	268.902
2303	91.9116	268.755
2305	92.0069	268.649
2308	92.1489	268.632
2309	92.1963	268.632
2310	92.2439	268.55
2311	92.291	268.182
2314	92.4321	267.852
2315	92.4793	267.817
2316	92.5267	267.695
2317	92.5733	267.69
2318	92.6208	267.612
2319	92.6676	267.153
2320	92.7148	267.138
2322	92.809	267.114
2323	92.8559	267.094
2324	92.9042	267.093
2325	92.9516	266.725
2327	93.0463	266.624
2328	93.0934	266.622
2330	93.1923	266.39
2331	93.2401	266.357
2333	93.3356	265.3
2334	93.383	264.887
2336	93.479	264.866
2337	93.5269	264.249
2339	93.6229	264.248
2341	93.7172	264.18
2342	93.765	264.076
2345	93.9067	263.952
2346	93.9538	263.794
2347	94.0012	263.138
2352	94.2388	263.133
2354	94.334	262.501
2357	94.4757	262.336
2358	94.5227	262.271
2360	94.6188	262.12
2361	94.6669	261.625
2362	94.7146	261.13
2365	94.8573	261.01
2366	94.9061	261.003
2367	94.954	260.6
2368	95.0015	260.589
2370	95.0963	260.517
2371	95.1441	260.507
2372	95.1926	260.255
2373	95.2398	260.192
2374	95.2871	260.151
2375	95.3342	259.713
2379	95.5275	259.696
2380	95.5745	259.685
2381	95.6218	259.685
2382	95.6698	259.34
2383	95.7184	259.337
2384	95.7656	259.324
2385	95.8141	259.28
2386	95.861	259.264
2387	95.9078	259.262
2388	95.9557	259.245
2389	96.003	257.812
2390	96.0504	257.792
2391	96.098	257.779
2392	96.1452	257.752
2393	96.1931	257.74
2394	96.2406	257.739
2395	96.2896	257.692
2396	96.3379	257.647
2397	96.3848	257.644
2398	96.4326	257.644
2399	96.4803	257.633
2400	96.5285	257.546
2401	96.5756	257.54
2402	96.6237	257.47
2403	96.6725	257.46
2406	96.8167	257.447
2407	96.864	257.442
2408	96.9112	257.433
2409	96.9588	257.398
2410	97.0083	257.385
2411	97.0555	257.332
2412	97.1027	257.291
2413	97.15	257.28
2415	97.244	257.104
2416	97.2908	257.077
2417	97.3379	257.035
2418	97.3847	256.912
2419	97.4315	256.844
2421	97.528	256.815
2422	97.5758	256.766
2423	97.6263	256.753
2424	97.6743	256.72
2425	97.7235	256.421
2426	97.7742	256.358
2427	97.8232	256.351
2428	97.8727	256.345
2429	97.9193	256.278
2430	97.968	256.249
2431	98.0151	256.195
2432	98.0622	256.19
2433	98.1092	256.142
2434	98.156	256.123
2435	98.204	256.096
2436	98.2509	256.075
2437	98.2976	255.902
2438	98.3456	255.862
2439	98.3923	255.86
2440	98.4402	255.772
2441	98.4876	255.754
2442	98.5341	255.744
2444	98.6293	255.719
2445	98.6777	255.706
2446	98.7276	255.701
2447	98.7751	255.637
2448	98.823	255.409
2449	98.8707	255.362
2450	98.9179	255.346
2451	98.965	254.824
2452	99.0127	254.816
2453	99.0599	254.809
2454	99.1068	254.808
2455	99.1541	254.798
2457	99.2482	254.738
2458	99.2948	254.716
2459	99.3415	254.711
2460	99.3885	254.704
2461	99.4363	254.702
2462	99.4838	254.673
2463	99.5305	254.319
2464	99.5772	254.309
2465	99.624	254.303
2466	99.6714	254.276
2467	99.7189	254.27
2469	99.8149	254.25
2470	99.8651	254.242
2471	99.9141	254.043
2472	99.9615	253.855
2473	100.012	253.848
2474	100.058	253.838
2475	100.106	253.759
2476	100.154	253.711
2478	100.248	253.711
2479	100.296	253.593
2480	100.344	253.3
2481	100.392	253.297
2482	100.439	253.276
2483	100.486	253.251
2484	100.533	253.215
2485	100.582	253.005
2486	100.63	252.914
2487	100.677	252.758
2488	100.724	252.157
2489	100.773	252.04
2490	100.82	252.019
2491	100.867	251.956
2492	100.914	251.954
2493	100.962	251.946
2494	101.009	251.909
2495	101.057	251.892
2496	101.104	251.765
2497	101.151	251.751
2498	101.228	251.708
2499	101.284	251.657
2500	101.341	251.547
2501	101.391	251.517
2503	101.486	251.45
2504	101.533	251.441
2505	101.58	251.356
2506	101.627	251.34
2507	101.674	251.332
2509	101.769	251.178
2510	101.817	251.152
2511	101.864	251.142
2512	101.912	250.434
2513	101.959	250.424
2514	102.006	250.383
2515	102.053	250.357
2516	102.102	250.356
2517	102.151	250.339
2518	102.2	250.336
2519	102.247	250.327
2520	102.294	250.317
2522	102.388	250.219
2523	102.436	250.214
2525	102.531	249.956
2526	102.578	249.932
2527	102.626	249.928
2529	102.721	249.216
2531	102.818	249.206
2532	102.866	249.125
2535	103.009	249.121
2536	103.057	249.004
2538	103.152	248.963
2539	103.199	248.953
2540	103.246	248.821
2542	103.341	248.811
2543	103.388	248.712
2544	103.435	248.671
2545	103.482	248.619
2546	103.529	248.039
2547	103.576	248.018
2548	103.623	246.683
2549	103.671	246.54
2550	103.718	246.402
2551	103.765	246.345
2552	103.812	246.333
2553	103.86	246.314
2554	103.907	246.295
2555	103.956	245.924
2556	104.003	245.881
2557	104.05	245.86
2558	104.097	245.354
2559	104.144	245.324
2561	104.238	245.316
2562	104.286	245.271
2563	104.335	245.21
2564	104.383	244.024
2565	104.431	244.024
2566	104.478	243.206
2567	104.527	243.195
2568	104.575	243.142
2570	104.669	243.096
2571	104.717	242.952
2573	104.812	242.926
2574	104.859	242.834
2575	104.906	242.803
2576	104.953	242.802
2577	105	242.8
2579	105.094	242.683
2580	105.141	242.683
2581	105.188	242.651
2582	105.235	242.639
2584	105.33	242.627
2585	105.377	242.527
2587	105.474	242.497
2588	105.522	242.494
2590	105.618	242.476
2591	105.665	242.473
2592	105.714	242.132
2593	105.763	242.025
2594	105.812	241.977
2595	105.859	241.909
2596	105.907	241.897
2599	106.049	241.87
2601	106.145	241.867
2602	106.192	241.843
2603	106.239	241.843
2604	106.287	241.784
2605	106.335	241.364
2606	106.382	241.237
2607	106.43	241.225
2608	106.478	241.217
2609	106.528	240.385
2610	106.575	240.349
2611	106.623	240.276
2612	106.671	235.235
2614	106.766	235.187
2616	106.862	235.109
2617	106.909	235.05
2618	106.956	235.04
2620	107.051	234.97
2621	107.098	234.968
2622	107.144	234.914
2624	107.239	234.896
2626	107.333	234.869
2627	107.38	234.859
2628	107.427	234.816
2629	107.474	234.462
2630	107.522	234.458
2631	107.569	234.435
2633	107.663	234.41
2637	107.852	234.403
2638	107.899	234.236
2641	108.044	233.982
2643	108.138	233.886
2644	108.185	233.872
2645	108.233	233.574
2649	108.421	233.565
2651	108.515	233.452
2653	108.61	233.44
2654	108.658	233.294
2655	108.706	233.198
2656	108.754	232.942
2657	108.802	232.941
2658	108.849	232.939
2659	108.896	232.226
2661	108.991	232.219
2662	109.038	232.197
2665	109.181	231.36
2666	109.23	231.337
2667	109.278	231.286
2670	109.42	231.056
2673	109.563	230.651
2674	109.61	230.602
2677	109.752	230.463
2678	109.799	230.452
2679	109.846	230.451
2680	109.893	230.388
2681	109.941	230.338
2685	110.13	229.679
2686	110.178	229.492
2687	110.227	229.3
2688	110.275	229.228
2689	110.322	229.219
2691	110.417	229.185
2692	110.464	229.168
2697	110.701	229.143
2702	110.938	229.056
2704	111.034	228.599
2705	111.082	228.484
2706	111.129	228.437
2707	111.178	228.235
2708	111.226	228.234
2710	111.322	228.216
2711	111.369	228.211
2712	111.416	227.897
2713	111.463	227.89
2714	111.51	227.874
2715	111.558	227.45
2716	111.605	227.271
2719	111.75	227.268
2720	111.797	227.228
2721	111.846	227.225
2722	111.894	227.182
2723	111.971	227.175
2724	112.032	227.17
2725	112.079	227.146
2726	112.127	227.103
2727	112.175	227.103
2728	112.222	227.087
2729	111.631	227.028
2730	111.679	227.002
2731	111.727	226.993
2732	111.774	226.983
2733	111.821	226.981
2734	111.868	226.98
2735	111.915	226.928
2736	111.964	226.789
2737	112.011	226.784
2738	112.058	226.774
2739	112.107	226.747
2740	112.154	226.71
2741	112.201	226.701
2742	112.248	226.669
2743	112.297	226.644
2744	112.345	226.632
2745	112.392	226.623
2746	112.44	226.603
2747	112.488	226.602
2748	112.538	226.6
2749	112.586	226.572
2750	112.633	226.553
2751	112.681	226.527
2752	112.728	226.526
2753	112.775	226.517
2754	112.822	226.513
2755	112.869	226.446
2756	112.918	226.435
2757	112.967	226.41
2759	113.062	226.34
2760	113.109	226.337
2761	113.158	226.325
2762	113.205	226.27
2764	113.3	226.265
2765	113.348	226.23
2766	113.395	226.229
2767	113.443	226.228
2768	113.49	226.226
2770	113.585	226.167
2771	113.633	226.143
2772	113.68	226.141
2773	113.727	226.129
2774	113.775	226.069
2775	113.822	226.057
2776	113.87	226.037
2777	113.917	226.007
2779	114.012	226.004
2780	114.06	225.997
2781	114.108	225.996
2782	114.157	225.984
2784	114.252	225.96
2785	114.299	225.944
2786	114.349	225.935
2787	114.397	225.616
2788	114.445	225.585
2789	114.494	225.581
2790	114.542	225.575
2791	114.591	225.196
2792	114.639	225.184
2793	114.686	225.18
2794	114.737	225.13
2795	114.786	225.089
2798	114.93	225.082
2799	114.977	225.044
2800	115.025	225.044
2801	115.072	225.041
2803	115.167	224.836
2805	115.264	224.834
2806	115.315	224.818
2807	115.362	224.817
2808	115.41	224.759
2809	115.458	224.747
2810	115.506	224.743
2811	115.555	224.727
2812	115.604	224.581
2813	115.653	224.566
2815	115.748	224.556
2816	115.796	224.442
2817	115.844	224.441
2819	115.94	224.432
2820	115.988	224.207
2821	116.035	224.201
2822	116.083	224.187
2823	116.131	224.148
2824	116.179	224.119
2825	116.227	223.949
2826	116.274	223.857
2827	116.322	223.78
2828	116.37	223.48
2829	116.417	223.398
2831	116.514	223.332
2832	116.562	223.331
2833	116.609	223.316
2834	116.657	223.306
2835	116.705	223.304
2836	116.753	223.304
2838	116.848	223.259
2839	116.896	223.245
2840	116.943	222.583
2842	117.043	222.579
2843	117.091	222.564
2844	117.138	222.506
2845	117.186	222.435
2847	117.28	222.402
2848	117.328	222.389
2849	117.377	222.322
2850	117.425	222.248
2851	117.473	222.232
2852	117.521	222.198
2853	117.569	222.188
2854	117.619	221.999
2856	117.713	221.998
2858	117.809	221.992
2859	117.856	221.905
2860	117.904	221.884
2862	117.999	221.772
2863	118.047	221.755
2865	118.145	221.579
2866	118.192	221.57
2869	118.337	221.067
2873	118.531	221.058
2874	118.579	221.049
2876	118.674	221.008
2878	118.77	220.99
2879	118.818	220.981
2882	118.962	220.97
2883	119.012	220.941
2884	119.059	220.814
2886	119.154	220.576
2888	119.253	219.9
2889	119.301	219.732
2890	119.351	219.595
2891	119.399	219.574
2892	119.448	219.54
2893	119.497	219.475
2894	119.545	219.466
2895	119.593	219.15
2896	119.642	219.124
2897	119.69	219.115
2898	119.737	219.076
2901	119.881	219.075
2902	119.928	219.033
2904	120.024	218.109
2905	120.071	218.107
2907	120.167	218.034
2908	120.215	218.032
2910	120.312	218.01
2915	120.554	217.982
2916	120.603	217.978
2917	120.651	217.957
2918	120.698	217.913
2919	120.752	217.836
2922	120.911	217.822
2924	121.007	217.797
2925	121.055	217.748
2927	121.151	217.746
2928	121.199	217.741
2930	121.296	217.726
2931	121.345	217.657
2932	121.396	217.609
2933	121.446	217.554
2935	121.543	217.545
2939	121.734	217.542
2940	121.783	217.474
2942	121.878	217.456
2943	121.925	217.454
2945	122.021	217.266
2946	122.069	217.166
2948	122.168	217.153
2949	122.217	216.929
2951	122.313	216.84
2952	122.362	216.564
2955	122.505	216.563
2957	122.6	216.535
2958	122.648	216.425
2961	122.792	216.389
2962	122.84	216.37
2963	122.887	216.317
2964	122.936	216.313
2965	122.984	216.294
2967	123.079	216.285
2968	123.127	216.184
2969	123.176	216.151
2971	123.272	216.143
2972	123.32	216.059
2973	123.369	216.052
2977	123.56	216.024
2980	123.706	216.02
2981	123.755	215.823
2983	123.851	215.732
2984	123.899	215.715
2985	123.946	215.554
2988	124.09	215.551
2989	124.138	215.542
2991	124.235	215.386
2993	124.332	215.337
2996	124.476	215.24
2997	124.524	215.238
2998	124.571	215.231
3000	124.668	215.223
3001	124.716	215.223
3004	124.86	215.219
3005	124.908	214.97
3007	125.004	214.746
3010	125.147	214.571
3013	125.292	214.135
3015	125.391	214.127
3017	125.487	213.968
3021	125.681	213.955
3022	125.729	213.928
3023	125.777	213.926
3025	125.877	213.921
3027	125.975	213.746
3028	126.023	213.739
3029	126.072	213.654
3032	126.217	213.647
3034	126.313	213.024
3036	126.409	212.993
3037	126.458	212.931
3039	126.553	212.808
3040	126.602	212.522
3042	126.7	212.43
3044	126.797	211.773
3046	126.895	211.769
3048	126.991	211.747
3051	127.138	211.726
3052	127.187	211.576
3053	127.235	211.574
3054	127.283	211.563
3055	127.33	211.265
3056	127.379	211.259
3057	127.427	211.233
3060	127.57	211.195
3061	127.618	211.193
3062	127.666	211.154
3063	127.716	211.142
3064	127.764	211.141
3065	127.812	211.113
3066	127.859	211.058
3067	127.908	211.057
3068	127.959	211.004
3069	128.009	210.96
3070	128.059	210.944
3071	128.108	210.925
3072	128.155	210.921
3073	128.205	210.907
3074	128.254	210.89
3075	128.303	210.847
3076	128.352	210.793
3077	128.4	210.761
3078	128.45	210.745
3079	128.498	210.704
3080	128.547	210.688
3081	128.596	210.683
3082	128.643	210.68
3083	128.693	210.673
3084	128.741	210.664
3085	128.789	210.636
3086	128.838	210.632
3087	128.886	210.628
3088	128.934	210.621
3089	128.981	210.564
3090	129.03	210.552
3091	129.078	210.545
3092	129.138	210.534
3093	129.203	210.53
3095	129.302	210.461
3096	129.35	210.456
3097	129.398	210.456
3098	129.446	210.437
3099	129.496	210.387
3100	129.545	210.384
3101	129.593	210.376
3102	129.64	210.257
3104	129.735	210.241
3105	129.785	210.234
3107	129.902	210.226
3108	129.992	210.219
3109	130.043	210.215
3110	130.092	210.212
3111	130.14	210.166
3112	130.188	210.166
3113	130.236	210.119
3115	130.335	210.11
3116	130.383	210.058
3117	130.432	210.05
3118	130.48	210.008
3119	130.528	209.998
3120	130.577	209.916
3121	130.626	209.912
3122	130.674	209.906
3124	130.77	209.882
3125	130.819	209.852
3126	130.867	209.843
3127	130.917	209.836
3128	130.965	209.807
3129	131.013	209.777
3130	131.062	209.772
3131	131.11	209.418
3132	131.158	209.297
3133	131.207	209.291
3134	131.255	209.256
3135	131.303	209.256
3136	131.351	209.247
3138	131.447	209.244
3139	131.496	209.173
3141	131.593	209.172
3143	131.689	209.116
3145	131.787	209.115
3146	131.836	209.092
3148	131.934	209.09
3149	131.983	209.078
3151	132.08	209.069
3152	132.128	208.991
3153	132.177	208.943
3155	132.275	208.915
3156	132.325	208.911
3157	132.373	208.911
3158	132.422	208.91
3159	132.471	208.889
3160	132.521	208.714
3161	132.57	208.711
3162	132.618	208.496
3163	132.666	208.41
3165	132.763	208.25
3166	132.813	208.087
3167	132.863	208.042
3168	132.912	207.973
3169	132.961	207.909
3170	133.01	207.832
3171	133.059	207.775
3172	133.107	207.77
3173	133.157	207.765
3174	133.207	207.728
3176	133.305	207.635
3177	133.355	207.632
3178	133.405	207.599
3179	133.453	207.548
3180	133.502	207.375
3185	133.743	207.368
3186	133.792	207.328
3187	133.84	207.328
3188	133.895	207.308
3189	133.944	207.288
3190	133.994	207.262
3191	134.043	207.252
3192	134.092	207.247
3193	134.142	207.241
3194	134.192	207.219
3195	134.242	207.206
3196	134.292	207.204
3197	134.341	207.198
3198	134.389	207.197
3199	134.439	207.172
3200	134.488	207.113
3201	134.537	207.029
3202	134.585	207.003
3203	134.633	206.972
3205	134.735	206.824
3206	134.783	206.812
3208	134.88	206.81
3209	134.928	206.298
3211	135.024	206.298
3212	135.072	206.262
3213	135.121	206.257
3216	135.267	206.247
3218	135.364	206.222
3219	135.413	206.221
3221	135.51	206.212
3222	135.559	206.202
3223	135.607	206.18
3224	135.657	206.052
3225	135.706	205.909
3226	135.755	205.762
3228	135.853	205.171
3229	135.901	205.085
3230	135.949	204.806
3232	136.045	204.776
3233	136.093	204.672
3234	136.142	204.648
3235	136.191	204.382
3236	136.239	204.361
3237	136.287	204.354
3238	136.335	204.328
3239	136.384	204.246
3242	136.528	204.146
3243	136.577	204.129
3244	136.626	203.944
3245	136.676	203.943
3247	136.774	203.925
3248	136.822	203.924
3250	136.971	203.924
3251	137.022	203.777
3253	137.119	203.777
3254	137.168	203.743
3255	137.216	203.724
3256	137.264	203.719
3257	137.313	203.712
3258	137.361	203.695
3259	137.409	203.664
3261	137.506	203.658
3262	137.554	203.655
3264	137.652	203.64
3265	137.7	203.607
3267	137.798	203.58
3268	137.846	203.574
3270	137.944	203.536
3271	137.993	203.507
3272	138.04	203.496
3275	138.187	203.496
3278	138.333	203.496
3280	138.43	202.899
3282	138.528	202.457
3283	138.577	202.454
3286	138.723	202.413
3288	138.82	202.41
3292	139.016	202.297
3295	139.163	202.293
3296	139.212	202.276
3297	139.262	202.246
3298	139.31	202.216
3299	139.359	202.123
3300	139.41	202.116
3301	139.458	202.038
3302	139.507	202.035
3303	139.555	201.994
3304	139.604	201.946
3305	139.654	201.945
3308	139.801	201.715
3309	139.849	201.618
3310	139.898	201.616
3311	139.946	201.591
3312	139.995	201.563
3313	140.044	201.528
3314	140.092	201.513
3315	140.141	201.512
3316	140.19	201.5
3317	140.24	201.491
3321	140.434	201.424
3323	140.531	201.385
3324	140.58	201.375
3325	140.628	201.263
3326	140.676	201.216
3327	140.724	201.214
3328	140.773	201.209
3329	140.821	201.199
3331	140.918	201.063
3333	141.016	200.999
3334	141.065	200.976
3336	141.162	200.904
3337	141.211	200.904
3340	141.356	200.868
3344	141.553	200.85
3345	141.601	200.718
3346	141.651	200.717
3347	141.7	200.689
3349	141.796	200.674
3350	141.845	200.579
3353	141.992	200.456
3357	142.187	200.335
3358	142.235	200.327
3365	142.573	200.304
3367	142.672	200.284
3368	142.72	200.262
3369	142.768	200.25
3372	142.917	200.24
3373	142.966	200.158
3374	143.015	199.685
3375	143.064	199.682
3377	143.161	199.678
3379	143.257	199.655
3382	143.403	199.59
3384	143.501	199.429
3386	143.598	199.398
3387	143.648	199.384
3389	143.748	199.379
3390	143.797	199.311
3391	143.845	199.239
3392	143.287	198.868
3393	143.338	198.799
3394	143.386	198.793
3395	143.435	198.542
3397	143.532	198.51
3398	143.581	198.503
3399	143.629	198.497
3400	143.677	198.495
3401	143.725	198.494
3402	143.773	198.465
3403	143.821	198.457
3404	143.869	198.455
3405	143.918	198.44
3408	144.062	198.404
3409	144.11	198.346
3410	144.159	198.34
3411	144.208	198.326
3412	144.257	198.319
3413	144.307	198.316
3414	144.356	198.316
3415	144.405	198.265
3416	144.453	198.245
3417	144.502	198.23
3418	144.552	198.154
3419	144.6	198.119
3420	144.648	198.104
3422	144.744	198.09
3423	144.792	198.082
3424	144.841	198.08
3425	144.889	197.565
3426	144.937	197.555
3427	144.987	197.547
3428	145.036	197.545
3429	145.084	197.523
3430	145.132	197.519
3431	145.181	197.504
3432	145.231	197.465
3433	145.281	197.443
3434	145.331	197.442
3435	145.38	197.246
3436	145.431	197.245
3438	145.528	197.229
3439	145.577	197.182
3440	145.625	197.181
3442	145.723	197.033
3443	145.772	197.022
3446	145.917	197.017
3447	145.966	197.002
3448	146.015	196.991
3449	146.064	196.911
3450	146.114	196.906
3451	146.163	196.901
3452	146.212	196.9
3453	146.26	196.896
3454	146.308	196.879
3455	146.356	196.852
3456	146.405	196.834
3457	146.453	196.818
3459	146.552	196.818
3460	146.601	196.809
3461	146.65	196.806
3462	146.699	196.781
3464	146.799	196.772
3465	146.848	196.734
3466	146.897	196.728
3467	146.945	196.671
3469	147.043	196.612
3470	147.093	196.58
3471	147.143	196.152
3472	147.206	196.106
3473	147.27	196.104
3474	147.319	196.073
3475	147.367	196.068
3476	147.416	196.065
3477	147.465	196.05
3478	147.516	196.046
3479	147.565	196.044
3480	147.614	196.028
3482	147.711	196.026
3483	147.76	195.988
3484	147.809	195.981
3485	147.857	195.979
3487	147.954	195.971
3488	148.002	195.952
3489	148.051	195.946
3491	148.15	195.941
3493	148.248	195.929
3495	148.346	195.91
3496	148.394	195.832
3497	148.442	195.83
3498	148.491	195.825
3499	148.539	195.8
3500	148.588	195.669
3502	148.685	195.649
3503	148.733	195.641
3505	148.83	195.492
3506	148.879	195.458
3507	148.93	195.424
3508	148.978	195.306
3509	149.027	195.238
3511	149.125	195.19
3512	149.173	195.187
3513	149.222	195.179
3514	149.27	195.151
3516	149.368	195.107
3517	149.416	195.104
3518	149.465	195.073
3519	149.516	195.065
3520	149.566	194.901
3522	149.662	194.867
3524	149.762	194.864
3525	149.81	194.839
3526	149.859	194.83
3529	150.006	194.811
3530	150.054	194.756
3531	150.104	194.75
3532	150.152	194.702
3533	150.201	194.695
3534	150.25	194.671
3535	150.298	194.668
3536	150.347	194.667
3537	150.396	194.643
3538	150.444	194.64
3539	150.493	194.631
3540	150.542	194.557
3541	150.59	194.526
3542	150.64	194.488
3543	150.689	194.482
3545	150.785	194.37
3546	150.834	194.309
3547	150.882	194.308
3549	150.981	193.807
3552	151.128	193.771
3553	151.177	193.763
3555	151.273	193.759
3556	151.322	193.759
3559	151.467	193.756
3561	151.566	193.742
3563	151.663	193.734
3564	151.711	193.648
3565	151.76	193.608
3566	151.809	193.477
3567	151.858	193.471
3568	151.907	193.41
3569	151.96	193.368
3570	152.009	193.249
3571	152.057	193.235
3572	152.106	193.222
3573	152.154	193.14
3574	152.202	193.118
3575	152.251	192.974
3576	152.3	192.956
3578	152.397	192.944
3579	152.446	192.9
3581	152.543	192.895
3582	152.592	192.881
3583	152.64	192.842
3584	152.689	192.81
3585	152.739	192.808
3586	152.788	192.742
3587	152.837	192.72
3588	152.885	192.694
3589	152.934	192.624
3590	152.983	192.624
3591	153.032	192.578
3592	153.081	192.561
3593	153.131	192.561
3594	153.179	192.541
3595	153.228	192.525
3596	153.276	192.507
3597	153.324	192.502
3599	153.42	192.496
3600	153.468	192.495
3601	153.516	192.494
3602	153.565	192.489
3604	153.662	192.461
3605	153.71	192.43
3606	153.759	192.411
3607	153.808	192.398
3608	153.856	192.397
3610	153.955	192.379
3612	154.052	192.328
3613	154.101	192.292
3615	154.203	192.277
3619	154.4	192.27
3620	154.45	192.177
3621	154.5	192.169
3622	154.55	191.957
3623	154.598	191.951
3625	154.696	191.931
3626	154.747	191.895
3628	154.843	191.892
3630	154.94	191.883
3632	155.037	191.822
3635	155.183	191.821
3636	155.231	191.763
3638	155.328	191.681
3639	155.377	191.456
3640	155.425	191.451
3641	155.473	191.43
3645	155.668	191.419
3649	155.866	191.009
3651	155.964	190.999
3652	156.013	190.946
3653	156.061	190.922
3654	156.11	190.855
3657	156.258	190.852
3661	156.456	190.802
3663	156.554	190.709
3664	156.602	190.691
3665	156.652	190.617
3668	156.8	190.614
3671	156.946	190.486
3673	157.044	190.474
3676	157.191	190.423
3681	157.432	190.416
3682	157.48	190.412
3685	157.626	190.258
3689	157.829	190.234
3690	157.879	190.225
3693	158.048	190.197
3694	158.109	190.164
3695	158.158	190.159
3697	158.254	190.078
3699	158.35	190.077
3705	158.646	190.021
3707	158.743	189.859
3709	158.841	189.859
3712	158.99	189.858
3713	159.038	189.848
3714	159.087	189.473
3715	159.135	189.471
3716	159.184	189.392
3717	159.232	189.386
3718	159.28	189.243
3724	159.571	189.158
3725	159.62	189.038
3726	159.67	189.018
3731	159.913	189.006
3732	159.961	188.667
3734	160.058	188.665
3735	160.109	188.444
3737	160.207	188.442
3740	160.354	188.426
3741	160.403	188.426
3742	160.452	188.327
3743	160.502	188.311
3745	160.601	188.299
3746	160.649	188.296
3747	160.699	188.294
3748	160.747	188.287
3749	160.797	188.249
3750	160.849	188.244
3751	160.899	188.234
3752	160.949	188.227
3753	160.998	188.221
3754	161.046	188.22
3755	161.095	188.151
3756	161.144	188.136
3757	161.193	188.11
3758	161.242	188.067
3759	161.29	188.061
3762	161.435	188.054
3763	161.483	188.049
3764	161.531	188.048
3765	161.58	188.016
3766	161.629	188.011
3767	161.679	188.003
3768	161.727	188
3769	161.776	187.966
3771	161.873	187.957
3772	161.922	187.893
3773	161.97	187.874
3774	162.018	187.868
3775	162.067	187.781
3776	162.116	187.766
3779	162.263	187.735
3780	162.313	187.732
3781	162.363	187.731
3782	162.412	187.699
3787	162.656	187.693
3788	162.704	187.686
3789	162.752	187.677
3791	162.849	187.657
3792	162.898	187.657
3793	162.946	187.654
3794	162.994	187.64
3795	163.044	187.639
3796	163.094	187.625
3797	163.142	187.616
3799	163.24	187.613
3800	163.289	187.606
3801	163.337	187.605
3802	163.387	187.598
3803	163.436	187.598
3804	163.487	187.587
3805	163.535	187.585
3806	163.586	187.581
3807	163.634	187.519
3808	163.685	187.265
3809	163.734	187.253
3810	163.782	187.247
3811	163.831	186.959
3812	163.879	186.938
3813	163.93	186.938
3814	163.979	186.872
3815	164.027	186.87
3816	164.076	186.869
3817	164.124	186.846
3818	164.173	186.843
3819	164.221	186.837
3820	164.27	186.828
3821	164.319	186.826
3823	164.415	186.823
3824	164.464	186.731
3825	164.513	186.722
3828	164.659	186.711
3829	164.708	186.701
3830	164.757	186.698
3831	164.805	186.697
3832	164.854	186.697
3833	164.904	186.694
3836	165.049	186.687
3838	165.146	186.686
3840	165.244	186.3
3841	165.295	186.298
3842	165.344	186.259
3843	165.393	186.253
3844	165.441	186.246
3845	165.49	186.043
3846	165.539	186.036
3847	165.588	186.017
3848	165.637	185.708
3849	165.686	185.66
3850	165.735	185.651
3851	165.784	185.617
3852	165.832	185.612
3853	165.88	185.606
3854	165.929	185.587
3855	165.978	185.583
3856	166.027	185.559
3857	166.076	185.55
3858	166.126	185.528
3859	166.175	185.527
3860	166.224	185.456
3861	166.274	185.455
3862	166.322	185.449
3864	166.421	185.447
3865	166.47	185.436
3867	166.567	185.428
3868	166.615	185.417
3870	166.712	185.399
3871	166.76	185.386
3873	166.857	185.383
3874	166.906	185.364
3875	166.954	185.364
3876	167.003	185.363
3877	167.052	185.351
3878	167.1	185.349
3879	167.149	185.343
3880	167.197	185.322
3881	167.246	185.269
3882	167.294	184.773
3883	167.343	184.767
3885	167.442	183.005
3886	167.493	182.995
3887	167.541	182.994
3889	167.638	182.618
3890	167.687	182.546
3891	167.735	182.546
3892	167.784	182.541
3893	167.832	182.536
3895	167.931	182.535
3896	167.979	182.534
3897	168.028	182.52
3898	168.078	182.501
3899	168.126	182.494
3900	168.189	182.493
3901	168.245	182.488
3902	168.304	182.478
3904	168.401	182.469
3905	168.451	182.393
3906	168.501	182.268
3908	168.598	182.094
3909	168.646	182.025
3910	168.695	181.898
3912	168.793	181.887
3913	168.842	181.858
3914	168.89	181.815
3915	168.938	181.597
3916	168.986	181.585
3918	169.084	181.427
3919	169.132	181.413
3920	169.181	181.408
3921	169.23	181.398
3922	169.28	181.327
3923	169.328	181.273
3924	169.377	180.584
3925	169.425	180.582
3926	169.474	180.51
3927	169.522	180.487
3928	169.571	180.485
3930	169.668	180.484
3933	169.816	180.466
3934	169.864	180.424
3935	169.913	180.41
3936	169.962	180.384
3937	170.01	180.383
3940	170.155	180.38
3941	170.203	180.36
3942	170.253	180.354
3944	170.349	180.322
3945	170.397	180.299
3947	170.493	180.282
3948	170.544	180.28
3949	170.592	180.257
3950	170.64	180.238
3951	170.689	180.187
3952	170.737	180.18
3953	170.785	180.159
3958	171.027	180.157
3959	171.076	180.141
3960	171.126	180.073
3961	171.175	180.035
3962	171.223	179.912
3965	171.37	179.643
3966	171.419	179.543
3968	171.516	179.487
3969	171.565	179.411
3972	171.71	179.173
3975	171.856	179.173
3976	171.906	179.139
3977	171.957	179.124
3978	172.005	179.11
3979	172.054	179.019
3980	172.103	178.993
3982	172.199	178.989
3984	172.297	178.911
3989	172.541	178.904
3990	172.59	178.903
3991	172.639	178.896
3992	172.688	178.824
3994	172.784	178.812
3997	172.929	178.8
4000	173.075	178.799
4001	173.124	178.775
4005	173.32	178.693
4007	173.418	178.656
4009	173.514	178.651
4010	173.564	178.643
4011	173.614	178.542
4013	173.712	178.532
4014	173.76	178.506
4016	173.857	178.463
4018	173.953	178.442
4019	174.002	178.426
4021	174.099	178.419
4023	174.199	178.415
4024	174.247	178.411
4025	174.295	178.361
4027	174.391	178.34
4030	174.538	178.3
4031	174.587	178.163
4033	174.684	177.891
4034	174.732	177.859
4036	174.829	177.848
4037	174.877	177.797
4038	174.926	177.796
4040	175.022	177.79
4043	175.167	177.735
4044	175.216	177.734
4045	175.266	177.682
4047	175.362	177.678
4048	175.41	177.653
4051	174.944	177.499
4052	174.993	177.498
4054	175.09	177.344
4055	175.139	177.344
4065	175.628	177.336
4066	175.677	177.292
4070	175.874	177.283
4071	175.922	177.198
4075	176.117	177.056
4077	176.215	177.056
4078	176.263	177.047
4080	176.383	177.039
4081	176.442	177.038
4082	176.511	177.024
4083	176.577	177.011
4085	176.679	177.005
4086	176.745	176.965
4087	176.818	176.964
4088	176.875	176.959
4089	176.948	176.937
4090	177.018	176.935
4091	177.07	176.922
4092	177.119	176.921
4093	177.173	176.917
4095	177.275	176.835
4096	177.323	176.828
4097	177.372	176.828
4098	177.427	176.808
4099	177.492	176.734
4100	177.545	176.733
4101	177.596	176.728
4102	177.645	176.726
4103	177.696	176.724
4105	177.794	176.699
4106	177.846	176.694
4107	177.897	176.681
4108	177.95	176.673
4109	178.004	176.63
4111	178.106	176.624
4113	178.203	176.62
4115	178.303	176.586
4116	178.352	176.578
4119	178.499	176.56
4120	178.548	176.558
4121	178.598	176.557
4124	178.746	176.554
4125	178.794	176.535
4127	178.892	176.534
4128	178.942	176.527
4129	179.003	176.522
4130	179.103	176.521
4132	179.203	176.517
4133	179.252	176.515
4134	179.302	176.506
4137	179.45	176.438
4139	179.55	176.438
4140	179.602	176.429
4141	179.652	176.428
4142	179.703	176.415
4143	179.755	176.413
4144	179.807	176.41
4145	179.857	176.365
4146	179.907	176.362
4147	179.969	176.309
4148	180.06	176.192
4149	180.12	176.184
4150	180.174	176.178
4151	180.229	175.917
4152	180.28	175.885
4153	180.336	175.885
4154	180.39	175.846
4156	180.499	175.844
4157	180.552	175.838
4158	180.605	175.831
4160	180.734	175.827
4161	180.783	175.824
4163	180.88	175.809
4164	180.931	175.797
4167	181.079	175.795
4168	181.129	175.781
4169	181.181	175.773
4170	181.232	175.772
4172	181.331	175.758
4173	181.383	175.745
4174	181.433	175.745
4175	181.483	175.736
4176	181.533	175.729
4177	181.584	175.728
4178	181.633	175.727
4179	181.689	175.71
4180	181.738	175.555
4181	181.79	175.554
4182	181.839	175.55
4183	181.892	175.543
4185	181.99	175.388
4186	182.039	175.385
4187	182.088	175.381
4188	182.14	175.263
4189	182.191	175.215
4191	182.298	175.182
4193	182.4	175.175
4195	182.5	175.147
4198	182.647	175.132
4199	182.699	175.13
4200	182.751	175.112
4202	182.851	175.093
4203	182.901	175.091
4205	183.002	175.084
4206	183.051	175.068
4207	183.104	175.062
4208	183.156	175.051
4209	183.208	175.051
4210	183.263	175.01
4211	183.321	174.985
4213	183.425	174.979
4214	183.477	174.835
4215	183.549	174.823
4216	183.618	174.818
4217	183.695	174.817
4218	183.745	174.815
4220	183.847	174.795
4221	183.903	174.792
4222	183.955	174.766
4223	184.005	174.759
4225	184.107	174.45
4226	184.156	174.444
4227	184.206	174.443
4229	184.308	172.914
4230	184.357	172.907
4231	184.406	172.906
4232	184.455	172.874
4233	184.503	172.873
4235	184.602	172.873
4236	184.654	172.869
4237	184.703	172.848
4238	184.755	172.82
4239	184.806	172.815
4240	184.858	172.812
4241	184.908	172.807
4243	185.009	172.773
4245	185.107	172.155
4246	185.158	172.063
4248	185.279	171.629
4249	185.342	171.589
4252	185.493	171.581
4253	185.545	171.575
4254	185.598	171.548
4256	185.697	171.539
4258	185.8	171.323
4259	185.849	171.262
4261	185.948	171.257
4262	186	171.254
4263	186.05	171.24
4265	186.148	171.234
4266	186.198	171.202
4272	186.495	171.186
4273	186.546	171.181
4275	186.647	171.168
4276	186.702	171.159
4278	186.807	171.156
4279	186.879	171.154
4282	187.037	171.15
4285	187.194	171.143
4287	187.293	171.131
4288	187.344	171.131
4290	187.444	171.123
4291	187.507	170.976
4292	187.607	170.972
4295	187.817	170.965
4297	187.921	170.963
4299	188.022	170.881
4300	188.071	170.826
4301	188.124	170.806
4302	188.174	170.759
4303	188.224	170.759
4304	188.275	170.755
4306	188.386	170.698
4307	188.444	170.679
4308	188.492	170.675
4309	188.544	170.656
4310	188.595	170.654
4317	188.945	170.647
4319	189.044	170.591
4321	189.167	170.578
4322	189.241	170.574
4323	189.294	170.571
4326	189.457	170.564
4327	189.516	170.561
4329	189.643	170.546
4330	189.716	170.542
4331	189.8	170.534
4332	189.887	170.43
4337	190.233	170.428
4342	190.496	170.42
4343	190.546	170.407
4346	190.698	170.397
4348	190.833	170.394
4349	190.905	170.388
4351	191.02	170.312
4352	191.091	170.242
4353	191.17	170.24
4356	191.341	170.225
4360	191.577	170.225
4362	191.696	170.223
4364	191.814	170.221
4365	191.874	170.194
4370	192.139	170.177
4371	192.194	170.159
4373	192.301	170.11
4376	192.467	170.109
4377	192.522	170.077
4378	192.575	170.066
4379	192.625	170.066
4380	192.682	170.05
4384	192.915	170.049
4385	192.967	170.024
4386	193.015	170.023
4389	193.166	170.023
4390	193.217	170.005
4391	193.267	169.956
4393	193.368	169.945
4394	193.418	169.748
4395	193.469	169.746
4397	193.575	169.743
4401	193.782	169.741
4402	193.835	169.724
4403	193.885	169.699
4404	193.936	169.698
4405	193.986	169.697
4406	194.038	169.692
4408	194.137	169.688
4409	194.187	169.687
4410	194.236	169.674
4411	194.285	169.608
4414	194.435	169.6
4415	194.485	169.465
4416	194.534	169.455
4417	194.582	169.452
4418	194.632	169.447
4419	194.681	169.446
4420	194.733	169.435
4421	194.785	169.434
4422	194.834	169.425
4423	194.882	169.417
4424	194.935	169.407
4425	194.983	169.396
4426	195.032	169.394
4427	195.081	169.393
4429	195.178	169.375
4430	195.227	169.374
4431	195.278	169.367
4432	195.327	169.367
4433	195.377	169.364
4435	195.474	169.263
4436	195.522	169.259
4437	195.572	169.253
4439	195.671	169.233
4440	195.719	169.23
4441	195.773	169.225
4443	195.884	169.222
4444	195.938	169.22
4445	195.988	169.216
4446	196.038	169.214
4447	196.088	169.207
4448	196.138	169.206
4449	196.19	169.185
4450	196.24	169.174
4451	196.29	169.162
4453	196.391	169.159
4455	196.49	169.138
4457	196.597	169.138
4459	196.696	169.119
4460	196.745	169.118
4461	196.795	169.113
4465	196.99	169.106
4467	197.089	169.102
4468	197.139	169.096
4469	197.189	169.096
4471	197.289	169.087
4472	197.339	169.07
4473	197.391	169.064
4474	197.447	169.057
4475	197.55	169.056
4476	197.611	169.053
4477	197.663	169.037
4479	197.769	169.037
4480	197.822	169.025
4481	197.873	169.023
4482	197.921	169.012
4484	198.024	169.009
4485	198.074	169.001
4487	198.198	168.947
4488	198.282	168.897
4489	198.336	168.885
4490	198.387	168.882
4491	198.47	168.752
4492	198.531	168.738
4493	198.604	168.737
4494	198.663	168.734
4495	198.718	168.729
4496	198.783	168.726
4500	199.08	168.726
4501	199.163	168.72
4502	199.255	168.719
4503	199.329	168.703
4506	199.562	168.7
4509	199.743	168.697
4510	199.817	168.696
4511	199.881	168.688
4512	199.932	168.679
4513	199.995	168.668
4515	200.102	168.658
4516	200.151	168.645
4517	200.201	168.641
4518	200.251	168.64
4519	200.302	168.637
4520	200.356	168.47
4521	200.41	168.469
4522	200.466	168.453
4523	200.517	168.45
4524	200.577	168.447
4525	200.629	168.318
4526	200.681	168.309
4528	200.781	168.279
4529	200.83	168.219
4531	200.927	168.2
4532	200.977	168.19
4533	201.028	168.188
4534	201.077	168.168
4535	201.127	168.162
4536	201.176	168.158
4537	201.226	168.149
4538	201.275	168.134
4539	201.325	168.125
4541	201.422	168.115
4548	201.771	168.093
4550	201.872	168.082
4551	201.92	168.07
4552	201.969	168.062
4553	202.017	168.061
4554	202.065	168.029
4555	202.113	168.012
4556	202.163	168.011
4558	202.261	168.01
4559	202.31	167.996
4560	202.358	167.995
4562	202.466	167.95
4563	202.528	167.944
4565	202.627	167.54
4566	202.675	167.513
4567	202.725	167.51
4568	202.773	167.498
4569	202.823	166.909
4571	202.921	166.897
4577	203.22	166.895
4578	203.269	166.877
4579	203.317	166.874
4580	203.368	166.854
4585	203.649	166.786
4586	203.711	166.686
4588	203.81	166.624
4589	203.859	166.57
4590	203.908	166.552
4592	204.014	166.549
4594	204.114	166.525
4595	204.164	166.434
4596	204.215	166.431
4598	204.313	166.421
4599	204.362	166.396
4600	204.412	166.389
4601	204.46	166.388
4602	204.517	166.388
4604	204.622	166.366
4605	204.671	166.365
4606	204.722	165.748
4607	204.772	165.737
4608	204.824	165.719
4613	205.113	165.716
4615	205.219	165.709
4616	205.275	165.703
4617	205.33	165.701
4619	205.435	165.684
4620	205.505	165.683
4622	205.708	165.673
4625	205.974	165.664
4627	206.202	165.645
4628	206.26	165.643
4629	206.319	165.638
4630	206.375	165.627
4631	206.435	165.592
4632	206.528	165.587
4633	206.602	165.572
4639	207.038	165.563
4640	207.093	165.534
4641	207.146	165.533
4642	206.583	165.378
4646	206.794	165.374
4648	206.892	165.354
4657	207.342	165.35
4658	207.391	165.348
4661	207.542	165.347
4663	207.645	165.343
4665	207.795	165.333
4666	207.875	165.33
4667	207.959	165.322
4669	208.097	165.251
4670	208.156	165.247
4671	208.206	165.243
4672	208.257	165.188
4680	208.681	165.186
4681	208.734	165.169
4682	208.783	165.167
4683	208.832	165.162
4688	209.094	165.159
4689	209.144	165.159
4690	209.193	165.156
4691	209.243	165.087
4693	209.345	165.085
4696	209.496	165.077
4700	209.707	165.075
4703	209.888	165.063
4704	209.949	165.062
4705	210.005	165.055
4707	210.113	165.049
4709	210.23	164.968
4710	210.283	164.944
4716	210.662	164.94
4717	210.715	164.912
4718	210.768	164.901
4719	210.832	164.9
4721	210.952	164.894
4725	211.182	164.877
4731	211.519	164.795
4732	211.575	164.793
4733	211.629	164.791
4735	211.742	164.789
4736	211.803	164.782
4737	211.856	164.781
4741	212.086	164.778
4742	212.159	164.771
4744	212.294	164.771
4746	212.428	164.76
4750	212.662	164.753
4754	212.949	164.742
4755	213.046	164.644
4758	213.33	164.637
4759	213.38	164.623
4760	213.461	164.616
4761	213.518	164.615
4762	213.571	164.605
4763	213.626	164.591
4765	213.735	164.588
4766	213.804	164.571
4767	213.882	164.571
4769	214.066	164.563
4770	214.143	164.561
4771	214.207	164.529
4772	214.261	164.529
4775	214.432	164.45
4776	214.484	164.447
4778	214.624	164.446
4779	214.689	164.441
4781	214.839	164.438
4782	214.93	164.437
4783	215.011	164.435
4785	215.142	164.429
4788	215.344	164.428
4789	215.401	164.424
4791	215.576	164.417
4793	215.716	164.416
4795	215.848	164.4
4796	215.929	164.395
4798	216.066	164.381
4799	216.136	164.313
4800	216.206	164.312
4802	216.355	164.307
4803	216.424	164.28
4804	216.491	164.279
4805	216.571	164.266
4806	216.642	164.263
4807	216.703	164.251
4808	216.769	164.247
4809	216.834	164.246
4811	216.951	164.225
4812	217.016	164.224
4813	217.076	164.219
4814	217.134	164.214
4815	217.193	164.211
4817	217.331	164.199
4820	217.484	164.193
4821	217.541	164.192
4822	217.602	164.188
4824	217.732	164.184
4825	217.794	164.182
4826	217.877	164.179
4827	217.948	164.157
4828	218.011	164.054
4829	218.088	164.047
4830	218.159	164.042
4831	218.218	163.943
4832	218.271	163.924
4833	218.321	163.921
4834	218.371	163.91
4835	218.422	163.91
4837	218.52	163.899
4838	218.571	163.896
4839	218.629	163.893
4840	218.68	163.893
4841	218.739	163.891
4842	218.797	163.885
4846	219.018	163.884
4847	219.075	163.882
4848	219.129	163.878
4849	219.194	163.871
4850	219.271	163.869
4851	219.33	163.867
4852	219.397	163.851
4853	219.453	163.845
4854	219.505	163.842
4856	219.605	163.839
4857	219.655	163.838
4858	219.711	163.837
4859	219.761	163.821
4860	219.813	163.697
4861	219.869	163.695
4862	219.92	163.689
4863	219.97	163.678
4865	220.071	163.58
4867	220.176	163.48
4868	220.237	163.417
4869	220.3	163.408
4871	220.414	163.29
4872	220.467	163.29
4873	220.518	163.286
4875	220.621	163.283
4877	220.724	163.279
4878	220.775	163.268
4879	220.828	163.264
4880	220.879	163.262
4881	220.932	163.242
4883	221.039	163.24
4884	221.095	163.227
4885	221.152	163.227
4886	221.205	163.226
4888	221.311	163.226
4889	221.36	163.222
4890	221.416	163.203
4891	221.482	163.195
4892	221.535	163.176
4893	221.586	163.174
4894	221.637	163.154
4895	221.687	163.152
4896	221.747	163.151
4898	221.867	163.149
4900	221.972	163.145
4902	222.085	163.116
4903	222.146	163.109
4904	222.211	163.108
4905	222.274	163.09
4906	222.325	163.083
4907	222.381	163.082
4908	222.452	163.077
4909	222.509	162.727
4913	222.772	162.727
4917	223.031	162.727
4919	223.177	162.726
4925	223.869	162.687
4926	223.961	162.621
4928	224.153	162.609
4929	224.232	162.572
4930	224.312	162.571
4931	224.388	162.569
4932	224.468	162.567
4933	224.552	162.552
4934	224.637	162.536
4936	224.838	162.533
4938	224.982	162.509
4939	225.039	162.501
4941	225.158	162.5
4942	225.213	162.488
4944	225.324	162.434
4945	225.377	162.433
4946	225.434	162.347
4947	225.497	162.343
4948	225.555	162.337
4950	225.664	162.144
4953	225.829	162.14
4954	225.887	162.132
4955	225.94	162.123
4956	225.995	162.121
4960	226.211	162.106
4962	226.317	162.102
4965	226.476	162.098
4967	226.577	162.088
4968	226.63	162.087
4970	226.737	162.087
4971	226.789	162.079
4973	226.896	162.061
4976	227.058	162.057
4980	227.27	162.033
4982	227.377	161.955
4983	227.429	161.954
4988	227.773	161.953
4993	228.108	161.95
4997	228.349	161.941
5000	228.5	161.941
# FIN	228.5	161.941

