# target=instancias/mondriaan.png T=340 iters=5000 K=32 seed=auto
iter	segundos	MSE
0	0.00222228	5420.78
1	0.0285334	5420.77
2	0.0549055	5406.81
3	0.0804168	5405.9
4	0.105068	5398.68
5	0.130391	5395.44
6	0.156312	5340.7
7	0.180692	5338.94
8	0.205326	5314.79
9	0.231863	5311
10	0.259519	5308.4
11	0.285003	5301.03
12	0.310178	5300.88
13	0.337171	5300.87
14	0.362846	5276.98
15	0.391305	5276.97
16	0.416518	5255.22
17	0.44176	5238.36
18	0.46648	5234.32
19	0.491324	5234.32
20	0.516454	5234.31
21	0.541086	5206.28
22	0.56672	5205.83
23	0.592861	5177.76
24	0.618454	5177
25	0.652139	5177
26	0.678405	5176.6
27	0.703884	5176.26
28	0.728271	5174.45
29	0.758272	5173.97
30	0.788842	5173.79
31	0.813697	5173.76
32	0.838849	5172.78
33	0.866151	5172.77
34	0.893485	5157.93
35	0.918354	5151.22
36	0.94588	5151.15
37	0.971117	5150.16
38	0.996891	5123.63
39	1.02209	5104.4
40	1.04961	5104.21
41	1.0801	5104.15
42	1.10651	5097.61
43	1.13108	5097.06
44	1.15861	5097.06
45	1.1839	5050.17
46	1.2097	5025.61
47	1.23498	5012.97
48	1.26333	5012.89
49	1.28977	4967.57
50	1.31541	4909.84
51	1.34276	4852.29
52	1.3711	4835.7
53	1.39882	4828.45
54	1.42898	4826.72
55	1.46529	4826.65
56	1.52149	4810.47
57	1.58311	4810.38
58	1.61744	4809.71
59	1.64706	4809.02
60	1.67533	4766.16
61	1.70201	4755.95
62	1.7298	4755.57
63	1.75594	4753.99
64	1.78479	4749.8
65	1.81064	4746.87
66	1.83861	4709.64
67	1.86831	4709.05
68	1.89404	4703.41
69	1.92152	4694.33
70	1.94925	4694.22
71	1.97598	4668.33
72	2.00163	4641.87
73	2.02755	4636.21
74	2.05425	4636.21
75	2.07978	4635.56
76	2.10653	4635.17
77	2.13365	4606
78	2.16099	4605.67
79	2.1902	4595.71
80	2.21957	4558.41
81	2.24709	4529.98
82	2.27355	4529.2
83	2.30065	4529.09
84	2.32677	4517.13
85	2.35563	4506.66
86	2.38276	4478.89
87	2.40946	4470.89
88	2.43866	4470.66
89	2.46706	4463.54
90	2.49451	4461.56
91	2.52193	4454.97
92	2.54841	4450
93	2.57492	4406.54
94	2.60133	4404.79
95	2.63062	4400.34
96	2.66181	4398.6
97	2.69176	4372.47
98	2.71836	4372.46
99	2.74505	4372.31
100	2.77234	4371.92
101	2.79838	4371.27
102	2.82468	4358.46
103	2.85064	4334.74
104	2.87894	4321.93
105	2.91001	4316.38
106	2.94	4310.06
107	2.96699	4310.01
108	2.99414	4304.26
109	3.02021	4304.19
110	3.04797	4299.3
111	3.07691	4298.22
112	3.1045	4297.34
113	3.13177	4295.77
114	3.16077	4284.36
115	3.1888	4270.12
116	3.21562	4270.08
117	3.24372	4270.08
119	3.29784	4225.74
120	3.32396	4199.82
121	3.35177	4188.48
122	3.41977	4169.43
123	3.47329	4169
124	3.55251	4168.33
125	3.61313	4168.31
126	3.64577	4165.92
127	3.67588	4163.79
128	3.70486	4105.67
129	3.73627	4071.19
130	3.77176	4066.54
131	3.83126	4066.51
132	3.89869	4066.42
133	3.9395	4049.65
134	3.97594	4028.38
135	4.01739	4027.74
136	4.07222	4022.17
137	4.10985	4022.05
138	4.1465	4021.93
139	4.1756	4021.69
140	4.21529	4021.66
141	4.25265	4021.63
142	4.31122	4021.57
143	4.35517	4014.22
144	4.39247	4013.22
145	4.43232	4013.2
146	4.47277	3980.84
147	4.50716	3980.2
148	4.54455	3953.44
150	4.61687	3953.37
151	4.6539	3946.73
152	4.69508	3944.79
153	4.72493	3939.35
154	4.75377	3922.2
155	4.78282	3920.27
156	4.81292	3920.23
157	4.84391	3902.18
158	4.87368	3901.69
159	4.90329	3898.26
160	4.93489	3897.86
161	4.96491	3891.8
162	4.99747	3890.56
163	5.0297	3886.57
164	5.06962	3884.77
165	5.10098	3872.53
166	5.13865	3860.7
167	5.19403	3857.24
168	5.24583	3856.25
169	5.28975	3854.83
170	5.32536	3854.61
171	5.35682	3854.38
172	5.38902	3853.48
173	5.41805	3823.1
174	5.44787	3822.64
175	5.48158	3822.06
176	5.51138	3811.67
177	5.53991	3797.89
178	5.56874	3797.2
179	5.59687	3794
180	5.62589	3764.82
181	5.65388	3744.73
182	5.68416	3742.56
183	5.71458	3730.15
184	5.74847	3722.61
185	5.80245	3719.15
186	5.84261	3718.72
187	5.87221	3698.66
188	5.90171	3671.39
189	5.9317	3660.16
190	5.96251	3651.81
191	5.99871	3647.02
192	6.03152	3646.12
193	6.06167	3613.3
194	6.08976	3613.28
195	6.1179	3613.02
196	6.14805	3605.51
197	6.17719	3604.66
198	6.20654	3604.5
199	6.2367	3585.91
200	6.27304	3585.66
201	6.30145	3577.77
202	6.3299	3577.71
204	6.38774	3559.91
205	6.41639	3543.46
206	6.44643	3535.53
207	6.47573	3527.8
208	6.50645	3527.74
209	6.53909	3520.67
210	6.56885	3512.26
211	6.59866	3510.89
212	6.63211	3504.46
213	6.66901	3504.41
214	6.71946	3503.83
215	6.7587	3502.86
216	6.79973	3495.69
217	6.84004	3495.16
218	6.87526	3488.43
219	6.90548	3488.38
220	6.93692	3488.28
221	6.96693	3485.26
222	6.99638	3476.51
223	7.02602	3474.83
224	7.06088	3474.82
225	7.10765	3462.53
226	7.13935	3413.11
227	7.17057	3413.07
228	7.20508	3412.88
229	7.24267	3404.2
230	7.27449	3390.95
231	7.31852	3390.02
232	7.3592	3389.75
233	7.40127	3389.16
234	7.43229	3366.72
235	7.46944	3365.52
236	7.4991	3326.38
237	7.53137	3324.8
238	7.56317	3324.44
239	7.59474	3320.03
240	7.62551	3268.06
241	7.65511	3263.27
243	7.71762	3262.98
244	7.76521	3237.41
245	7.81161	3235.2
246	7.84861	3183.99
247	7.89217	3183.65
248	7.93467	3181.3
249	7.98964	3180.85
250	8.02597	3175.55
251	8.05691	3169.21
252	8.08734	3167.7
253	8.11858	3165.91
254	8.14881	3164.72
255	8.18001	3161.71
256	8.20982	3161.71
257	8.24007	3155.77
258	8.27461	3153.79
259	8.30864	3153.01
260	8.34064	3141.51
261	8.37463	3141.51
262	8.4107	3127.95
263	8.44155	3125.59
264	8.47435	3119.7
265	8.50617	3115.79
266	8.53951	3098.61
267	8.57222	3095.8
268	8.60303	3093.22
269	8.63311	3093.14
270	8.6693	3087.54
271	8.70024	3086.27
272	8.73252	3084.92
273	8.7628	3082.42
274	8.79317	3078.74
275	8.82342	3076.11
276	8.85368	3065.9
277	8.88447	3065.85
278	8.91546	3044.57
279	8.94572	3034.15
280	8.97679	3033.55
281	9.00674	3027.25
282	9.04015	3026.78
283	9.0729	3026.78
284	9.10381	3025.44
285	9.13476	3023.45
286	9.16497	3023.24
287	9.19721	3019.65
288	9.22821	3019.48
289	9.25859	3011.13
290	9.28938	2987.65
291	9.32045	2983.89
292	9.35075	2983.86
293	9.3815	2979.81
294	9.41155	2978.65
295	9.44202	2939.94
296	9.47431	2930.18
297	9.50409	2910.19
298	9.53515	2866.41
299	9.56615	2866.28
300	9.59667	2864.5
301	9.62693	2863.78
302	9.65759	2863.46
303	9.69056	2854.41
304	9.72319	2853.15
305	9.75413	2848.55
306	9.78619	2848.25
307	9.81708	2846.93
308	9.8487	2844.88
309	9.88117	2832.43
310	9.91203	2832.3
311	9.94184	2827.84
312	9.97444	2826.7
313	10.0052	2823.51
314	10.0367	2823.5
315	10.0682	2737.69
316	10.0999	2736.34
317	10.1306	2729.64
318	10.1618	2729.58
319	10.192	2729.42
320	10.2253	2721.53
321	10.2559	2717.11
322	10.2865	2716.19
323	10.3181	2688.08
324	10.3518	2685.27
325	10.3844	2665.06
326	10.4161	2664.81
327	10.4484	2660.91
328	10.48	2659.44
329	10.5135	2655.28
330	10.5449	2621.19
331	10.5764	2609.26
332	10.6071	2609.25
333	10.6392	2583.69
334	10.6696	2583.64
335	10.7007	2583.54
336	10.7325	2578.88
337	10.7643	2571.99
338	10.7961	2568.95
339	10.8273	2568.95
340	10.8587	2568.35
341	10.8894	2568.34
342	10.9221	2561.23
343	10.9533	2561.1
344	10.9842	2559.77
345	11.0196	2556.26
346	11.0505	2538.93
347	11.0836	2538.45
348	11.1157	2524.65
349	11.1467	2521.17
350	11.1787	2518.14
351	11.2106	2517.3
352	11.243	2517.23
353	11.2782	2517.22
354	11.3137	2515.18
355	11.3457	2515.13
356	11.3778	2503.1
357	11.411	2502.78
358	11.4434	2500.21
359	11.4758	2500.2
360	11.5069	2500.2
361	11.5379	2490.66
362	11.5711	2490.26
363	11.6029	2488.28
364	11.6345	2487.76
365	11.6676	2487.76
366	11.6987	2487.71
367	11.7302	2487.59
368	11.7624	2483.42
369	11.8216	2483.36
370	11.8633	2483.1
371	11.9052	2483.08
372	11.9388	2481.32
373	11.972	2481.27
374	12.0038	2474.29
375	12.0351	2474.12
376	12.0678	2474.04
377	12.1002	2473.45
378	12.1324	2466.66
379	12.1667	2446.08
380	12.1984	2445.82
381	12.2312	2445.79
382	12.2644	2443.95
383	12.2968	2443.4
384	12.3284	2443.39
385	12.3614	2441.09
386	12.394	2433.27
387	12.4392	2429.47
388	12.474	2429.44
389	12.5085	2428.06
390	12.5465	2421.22
391	12.5814	2346.43
392	12.6151	2339.14
393	12.658	2330.77
394	12.6942	2328.88
395	12.7265	2328.84
396	12.7598	2326.41
397	12.792	2325.7
398	12.8244	2324.91
399	12.8571	2324.17
400	12.8895	2308.17
401	12.9259	2306.44
402	12.9599	2306.2
403	12.9941	2306.1
404	13.0273	2305.72
405	13.0606	2304.62
406	13.0961	2296.48
407	13.1351	2296.33
408	13.1778	2296.16
409	13.2206	2295.53
410	13.2576	2294.8
411	13.2905	2281.29
412	13.326	2254.6
413	13.3597	2253.67
414	13.3931	2253.66
415	13.4284	2253.53
416	13.4683	2253.09
417	13.5101	2216.77
418	13.5488	2216.74
419	13.5814	2214.92
420	13.6156	2211.7
421	13.6492	2203.37
423	13.723	2203.14
424	13.7565	2197.99
425	13.7928	2186.42
426	13.8268	2185.84
427	13.8614	2185
428	13.8937	2184.67
429	13.9274	2183.77
430	13.9687	2183.63
431	14.0041	2174.7
432	14.0386	2172.57
433	14.0733	2165.47
434	14.1103	2163.15
435	14.1433	2162.88
436	14.1775	2162.3
437	14.21	2160.62
438	14.248	2160.6
439	14.2832	2160.52
440	14.3161	2160.44
441	14.352	2158.52
442	14.3912	2158.27
443	14.426	2140.29
444	14.4602	2135.05
445	14.5026	2134.88
446	14.5384	2134.74
447	14.573	2134.66
448	14.6099	2134.31
450	14.681	2133.62
451	14.7148	2132.66
452	14.7539	2132.48
453	14.7886	2132.33
454	14.8231	2130.43
455	14.8583	2130.15
456	14.8918	2129.88
457	14.9275	2129.88
458	14.9612	2129.83
459	14.9968	2099.52
460	15.0381	2089.32
461	15.0749	2084.7
462	15.114	2081.12
463	15.1541	2081.12
464	15.189	2080.85
465	15.2277	2080.59
466	15.2674	2079.34
467	15.3178	2079.16
468	15.3586	2058.28
469	15.4058	2052.99
470	15.4414	2052.76
471	15.4814	2052.75
472	15.5209	2052.61
473	15.575	2044.29
474	15.6127	2021.45
475	15.6547	2021.02
476	15.7032	2013.99
477	15.7419	2013.97
478	15.7798	2013.58
479	15.8229	2013.12
480	15.8584	2013.11
481	15.8978	2013
482	15.9335	2012.94
483	15.968	2012.64
484	16.0037	2012.29
485	16.0389	2012.14
486	16.0791	2010.5
487	16.1149	2010.18
488	16.1502	2006.32
489	16.1871	2006.32
490	16.2228	2006.31
491	16.2575	2006.17
492	16.2926	2005.81
493	16.3314	2005.04
494	16.3676	2000.74
495	16.4052	1999.82
496	16.4439	1999.82
497	16.4819	1999.04
498	16.5171	1998.56
499	16.5544	1996.22
500	16.5949	1995.45
501	16.6357	1990.07
502	16.6702	1989.78
503	16.7095	1981.83
504	16.7565	1981.72
505	16.7907	1980.3
506	16.8319	1979.55
507	16.8773	1977.38
508	16.9142	1977.05
509	16.9493	1975.76
510	16.9842	1975.7
511	17.0208	1975.38
512	17.0577	1975.19
513	17.0939	1960.76
514	17.1367	1960.72
515	17.1716	1960.69
516	17.207	1960.52
517	17.2438	1947.97
518	17.2807	1947.31
519	17.3185	1945.63
520	17.3531	1944.43
521	17.3989	1943.49
522	17.4422	1942.48
523	17.4876	1941.68
524	17.5224	1941.5
525	17.561	1940.25
526	17.5961	1940.2
527	17.6367	1924.94
528	17.6748	1899
529	17.7101	1894.96
530	17.7468	1893.08
531	17.7823	1891.9
532	17.8198	1891.58
533	17.8566	1886.58
534	17.896	1885.45
535	17.9355	1885.21
536	17.9775	1884.08
537	18.0168	1883.94
538	18.0517	1883.9
539	18.0904	1861.54
540	18.1261	1861.32
541	18.1707	1850.17
542	18.2071	1850.16
543	18.2436	1850.14
544	18.2809	1845.49
545	18.3173	1832.8
546	18.3539	1826.97
547	18.3887	1826.04
548	18.4414	1826.02
549	18.4787	1818.85
550	18.5161	1813.99
551	18.5512	1811.32
552	18.5872	1809.95
553	18.6238	1809.81
554	18.6611	1809.27
555	18.7045	1808.37
556	18.7405	1805.97
557	18.7769	1805.69
558	18.8123	1805.38
559	18.8521	1805.35
560	18.8906	1805.35
561	18.9266	1796.47
563	19.004	1795.24
564	19.0418	1795.22
565	19.0776	1788.79
566	19.1134	1763.45
567	19.1496	1763.43
568	19.1921	1763.35
569	19.2277	1762.34
570	19.2639	1762.02
571	19.3031	1761.9
572	19.34	1761.84
573	19.3757	1761.26
574	19.4107	1754.21
575	19.4471	1754.01
576	19.4894	1736.37
577	19.5262	1735.73
578	19.5654	1735.53
579	19.6014	1735.05
580	19.6385	1648.01
581	19.6741	1644.93
582	19.7126	1644.92
583	19.7543	1644.82
584	19.7939	1643.41
585	19.8302	1642.71
586	19.8667	1628.28
587	19.9052	1627.94
588	19.9421	1627.45
589	19.9811	1627.35
590	20.0187	1625.59
591	20.0562	1614.27
592	20.0933	1614.09
593	20.1297	1613.85
594	20.1671	1603.31
595	20.2127	1602.61
596	20.2559	1602.61
597	20.2947	1599.55
598	20.3304	1599.19
599	20.3676	1598.14
600	20.4034	1597.51
601	20.4417	1597.51
602	20.4777	1594.01
603	20.515	1593.8
604	20.5516	1593.53
605	20.5901	1592.91
606	20.6273	1592.75
607	20.6646	1589.97
608	20.7002	1584.09
609	20.7365	1582.26
610	20.7737	1581.66
611	20.8099	1580.85
612	20.846	1580.25
613	20.8823	1578.48
614	20.9203	1577.91
615	20.9563	1577.87
616	20.9935	1577.82
617	21.0368	1577.79
618	21.0751	1566.67
619	21.1136	1556.11
620	21.1488	1555.9
621	21.1909	1554.63
622	21.2324	1554.56
623	21.2758	1554.56
624	21.3143	1548.39
626	21.3884	1548.02
627	21.4283	1543.1
628	21.4665	1542.99
629	21.5064	1541.75
630	21.556	1509.63
631	21.593	1508.94
632	21.6324	1508.04
633	21.6681	1507.38
634	21.7051	1507.28
635	21.743	1491.04
636	21.7805	1486.4
637	21.8184	1485.94
638	21.8573	1465.4
639	21.8983	1465.38
640	21.9397	1465.18
641	21.9804	1464.04
642	22.0195	1462.94
643	22.0547	1454.37
644	22.0948	1451.98
645	22.133	1449.91
646	22.1699	1449.79
647	22.205	1449.06
648	22.243	1447.69
649	22.2796	1434.03
650	22.317	1433.88
651	22.3558	1433.17
652	22.3938	1432.22
653	22.4325	1405.68
654	22.4697	1405.67
655	22.5061	1381.67
656	22.5421	1381.59
657	22.5777	1381.57
658	22.6192	1380.44
659	22.6556	1380.43
660	22.6922	1378.95
661	22.7284	1377.87
662	22.7659	1377.49
663	22.8028	1362.84
664	22.841	1360.14
665	22.8839	1347.2
666	22.922	1347.16
667	22.9573	1344.29
668	22.9942	1340.93
669	23.0316	1336.8
670	23.0687	1328.45
671	23.1073	1327.08
672	23.1443	1326.73
673	23.1847	1325.35
674	23.2211	1325.15
675	23.2593	1325.12
676	23.2965	1320.53
677	23.3331	1320.18
678	23.3769	1316.93
679	23.4198	1316.92
680	23.457	1315.02
681	23.5	1315.02
682	23.5427	1314.01
683	23.5803	1313.94
684	23.6184	1313.86
685	23.6561	1313.51
686	23.6934	1312.53
687	23.7353	1312.23
688	23.7714	1310.65
689	23.8092	1310.5
690	23.8477	1310.29
691	23.8842	1310.21
692	23.9301	1310.2
693	23.9671	1310.18
694	24.004	1307.08
695	24.0421	1307.02
696	24.0988	1300.68
697	24.18	1299.75
698	24.2668	1299.73
699	24.3414	1299.7
700	24.3897	1299.7
701	24.4418	1297.31
702	24.4877	1297
703	24.5263	1296.92
704	24.566	1296.67
705	24.6126	1296.67
706	24.6585	1296.41
707	24.7065	1296.25
708	24.7449	1295.71
709	24.7849	1295.65
710	24.8245	1295.59
711	24.8615	1295.57
712	24.9009	1294.23
713	24.9406	1294.17
714	24.9905	1289.05
715	25.0297	1288.79
716	25.0668	1288.71
717	25.1061	1288.58
718	25.1448	1286.97
719	25.1853	1279.34
720	25.2291	1279.18
721	25.2672	1279.17
722	25.3169	1274.98
723	25.3743	1274.85
724	25.4239	1274.79
725	25.4694	1274.05
726	25.5197	1273.53
727	25.5612	1270.2
728	25.6054	1270.16
729	25.6451	1268.28
730	25.6844	1265.22
731	25.7289	1263.67
732	25.7685	1254.26
733	25.8097	1252.03
734	25.8568	1251.24
735	25.8976	1251.23
736	25.9386	1250.22
737	25.9785	1249.66
738	26.0211	1249.64
739	26.064	1249.55
740	26.1066	1249.28
741	26.1486	1243.7
742	26.1945	1243.55
743	26.2339	1243.46
744	26.276	1243.26
745	26.3146	1242.96
746	26.3583	1240.43
747	26.3998	1240.23
748	26.4414	1240.16
749	25.8492	1240.1
750	25.8972	1239.1
751	25.9382	1237.56
752	25.9835	1227.49
753	26.0314	1227.27
755	26.1231	1226.93
756	26.1703	1226.84
757	26.2088	1211.72
758	26.2623	1211.27
759	26.3032	1210.36
760	26.3446	1210.24
761	26.3837	1206.59
762	26.4311	1206.54
763	26.4692	1205.99
764	26.5143	1203.56
765	26.5544	1197.64
766	26.6201	1197.35
767	26.7182	1196.7
768	26.7689	1196.5
769	26.8125	1195.69
770	26.857	1195.69
771	26.9063	1195.01
772	26.9463	1194.67
773	26.9958	1194.55
774	27.0343	1194.38
775	27.0738	1194.2
776	27.1128	1193.91
777	27.1535	1193.5
778	27.1932	1193.5
779	27.2379	1193.49
781	27.3253	1192.99
782	27.3674	1192.9
783	27.4078	1191.62
784	27.4475	1191.09
785	27.4877	1190.72
786	27.5309	1188.4
787	27.5709	1188.38
788	27.6129	1188.24
789	27.6548	1188.2
790	27.6946	1187.98
791	27.7358	1187.84
792	27.7798	1187.82
793	27.8217	1187.68
794	27.8617	1187.38
795	27.9036	1186.71
796	27.9605	1186.68
797	28.0044	1186.68
798	28.0516	1186.67
799	28.1022	1183.05
800	28.1668	1181.62
801	28.2132	1180.81
802	28.2817	1178.93
803	28.3933	1178.93
804	28.4932	1178.63
805	28.5537	1178.6
806	28.5993	1174.81
807	28.6551	1174.64
808	28.738	1157.79
809	28.7811	1157.18
810	28.8222	1157.06
811	28.8694	1157.05
812	28.9091	1156.85
813	28.9507	1155.98
814	28.99	1153.39
815	29.033	1153.36
816	29.0732	1152.56
817	29.1347	1152.54
818	29.1834	1152.24
819	29.2367	1151.26
820	29.2768	1151.25
821	29.3212	1151.17
822	29.3751	1151.13
823	29.4258	1150.87
824	29.4674	1149.11
825	29.5118	1149.1
826	29.5566	1148.72
827	29.6018	1148.03
828	29.6582	1146.4
829	29.7019	1146.37
830	29.7469	1146.35
831	29.7944	1146.34
832	29.8468	1145.68
834	29.9452	1143.97
835	29.9963	1143.92
836	30.0387	1143.92
837	30.0861	1143.85
838	30.1296	1143.23
839	30.18	1141.85
840	30.2233	1140.94
841	30.2651	1134.35
842	30.3061	1134.2
843	30.3476	1130.51
844	30.3926	1130.43
845	30.4396	1128.68
846	30.48	1128.45
847	30.5191	1128.13
848	30.563	1127.97
849	30.6039	1127.57
850	30.6471	1127.49
851	30.6945	1122.96
852	30.7347	1122.68
853	30.7748	1121.24
854	30.8196	1121.22
855	30.8647	1121.2
856	30.9109	1121.16
857	30.9613	1120.61
858	31.0036	1120.53
859	31.0444	1118.61
860	31.0872	1118.15
861	31.1293	1117.26
862	31.1726	1116.79
863	31.2242	1116.77
864	31.2648	1116.75
865	31.305	1116.72
866	31.3464	1116.66
867	31.3886	1103.88
868	31.4384	1053.28
869	31.4828	1052.23
870	31.5236	1051.64
871	31.5641	1050.88
872	31.6061	1050.86
873	31.6488	1050.79
874	31.6947	1050.41
875	31.7362	1050.38
876	31.7763	1046.87
877	31.8185	1046.86
878	31.8617	1046.68
879	31.9047	1039.4
880	31.9516	1039.33
881	31.9937	1037.83
882	32.0348	1037.78
883	32.0754	1037.76
884	32.1178	1028.45
885	32.1613	1028.01
886	32.2095	1015.95
887	32.2505	1015.95
888	32.2915	1015.83
889	32.3357	1015.7
890	32.3755	1014.23
892	32.4693	1014.22
893	32.5102	1014.13
894	32.5527	1013.86
895	32.5928	1013.81
896	32.6362	1011.57
897	32.6772	1011.29
898	32.7313	1011.28
899	32.8029	1011.26
900	32.843	1011.25
901	32.8856	1011.11
902	32.9286	1010.88
903	32.9796	1010.29
904	33.0256	1010.27
905	33.0675	1009.82
906	33.1083	970.283
907	33.1507	970.253
908	33.194	970.201
909	33.243	969.645
910	33.285	968.614
911	33.3267	968.604
912	33.3667	968.598
913	33.4102	965.884
914	33.4537	961.206
915	33.5035	961.2
916	33.5473	957.172
917	33.5883	955.207
918	33.6301	954.828
919	33.6735	954.719
920	33.7145	928.621
921	33.7637	927.185
922	33.8063	927.179
923	33.8481	927.151
924	33.8897	927.025
925	33.9323	926.891
926	33.9767	926.693
927	34.0229	926.678
928	34.065	921.832
929	34.1084	921.739
930	34.1513	921.523
931	34.1956	921.247
932	34.2383	921.152
933	34.292	920.957
934	34.3348	920.665
935	34.3762	920.124
936	34.4172	920.115
937	34.4586	915.785
938	34.5003	915.398
939	34.5489	915.391
940	34.5918	913.36
941	34.6353	913.356
942	34.676	913.229
943	34.7201	913.156
944	34.7611	909.172
945	34.8079	908.724
946	34.8504	908.472
947	34.8917	902.719
948	34.9325	899.868
949	34.9749	897.548
950	35.0253	896.768
951	35.0733	896.695
952	35.1159	896.691
953	35.1582	895.573
954	35.2021	895.358
955	35.2537	895.329
956	35.3286	894.997
957	35.4076	894.972
958	35.4575	888.559
959	35.5013	886.944
960	35.5437	886.872
961	35.5878	885.665
962	35.629	885.534
963	35.6732	885.526
964	35.7139	884.932
965	35.7562	884.914
966	35.7975	883.77
967	35.8401	879.541
968	35.8812	879.443
969	35.9246	879.243
970	35.9659	865.188
971	36.0088	865.038
972	36.0512	864.116
973	36.0933	863.409
974	36.138	862.884
975	36.1916	848.448
976	36.2344	847.34
977	36.2785	844.079
978	36.321	813.845
979	36.3632	813.819
980	36.405	813.805
981	36.4534	813.658
982	36.4977	813.381
983	36.5402	811.349
984	36.5848	811.255
985	36.6262	810.89
986	36.698	810.876
987	36.7971	810.717
988	36.8661	810.703
989	36.9116	809.908
990	36.9549	809.831
991	37.0001	809.654
992	37.049	808.582
993	37.0919	794.082
994	37.1366	794.036
995	37.1796	780.339
997	37.2758	780.333
998	37.3189	780.296
999	37.3638	780.295
1000	37.4063	780.278
1001	37.4479	780.127
1002	37.5417	780.113
1003	37.6232	779.9
1004	37.6714	779.689
1005	37.7141	775.843
1006	37.7585	775.808
1007	37.8023	769.987
1008	37.8448	769.898
1009	37.8881	769.866
1010	37.9295	769.253
1011	37.9717	767.459
1012	38.0135	767.432
1013	38.0624	763.658
1014	38.1044	763.629
1015	38.146	763.626
1016	38.1928	760.468
1017	38.2444	759.831
1018	38.2963	756.876
1019	38.3392	756.858
1020	38.39	755.531
1022	38.4796	755.343
1023	38.5213	755.09
1024	38.5725	755.008
1025	38.6224	753.395
1026	38.6674	750.751
1027	38.7098	750.493
1028	38.7521	750.243
1029	38.7944	749.556
1030	38.8385	749.394
1031	38.8817	749.373
1032	38.9237	749.322
1033	38.9658	749.317
1034	39.0075	749.113
1035	39.0503	749.085
1036	39.0961	746.315
1037	39.1398	746.134
1038	39.1832	746.127
1039	39.2263	746.056
1041	39.3119	745.473
1042	39.3539	744.504
1043	39.3982	744.476
1044	39.4408	744.279
1045	39.4849	744.278
1046	39.5293	744.145
1047	39.5731	743.957
1048	39.6203	743.916
1049	39.6625	743.888
1050	39.7059	743.869
1051	39.7489	743.865
1052	39.7939	743.679
1053	39.8381	743.549
1054	39.8908	743.279
1055	39.935	743.049
1056	39.9793	742.965
1057	40.0233	742.884
1058	40.0656	742.384
1059	40.1087	741.938
1060	40.1555	741.892
1061	40.1991	741.883
1062	40.2436	741.517
1063	40.288	741.491
1064	40.3311	741.432
1065	40.3743	741.429
1066	40.4218	741.42
1067	40.467	739.539
1068	40.5168	739.51
1069	40.5633	739.249
1070	40.6069	738.911
1071	40.6528	737.01
1072	40.6976	736.763
1073	40.7418	735.349
1074	40.7866	735.158
1075	40.8303	735.14
1076	40.8738	735.118
1077	40.9214	732.365
1078	40.9647	732.07
1079	41.0092	731.184
1080	41.0537	731.161
1081	41.0968	730.527
1082	41.14	730.472
1083	41.1872	730.454
1084	41.2304	730.413
1085	41.2754	730.322
1086	41.3226	730.039
1087	41.3666	730.036
1088	41.4099	730.026
1089	41.4563	729.994
1090	41.5006	729.936
1091	41.5447	728.95
1092	41.591	728.381
1093	41.6358	728.38
1094	41.6808	728.368
1095	41.7274	728.312
1096	41.7703	728.271
1097	41.8161	720.877
1098	41.8596	720.81
1099	41.9042	720.646
1100	41.9471	720.612
1101	41.9914	720.593
1102	42.0346	720.586
1103	42.0836	720.076
1104	42.1282	718.204
1105	42.1721	716.397
1106	42.2164	716.371
1107	42.2671	716.213
1108	42.3117	715.689
1109	42.3566	715.27
1110	42.4013	715.265
1111	42.4446	714.751
1112	42.4941	714.748
1113	42.538	714.733
1114	42.5843	714.678
1115	42.629	714.661
1116	42.6742	713.002
1117	42.7175	711.919
1118	42.7632	711.918
1119	42.8082	711.914
1120	42.8523	711.901
1121	42.8967	711.794
1122	42.9406	711.213
1123	42.9839	710.376
1124	43.0288	710.144
1125	43.0743	709.999
1126	43.1192	706.873
1127	43.1647	706.858
1128	43.2089	706.774
1129	43.2534	706.734
1130	43.3004	706.461
1131	43.3436	706.426
1132	43.3889	706.388
1133	43.4336	706.362
1134	43.4772	706.344
1135	43.522	705.311
1136	43.5735	705.232
1137	43.6174	705.222
1138	43.662	705.178
1139	43.7065	705.074
1140	43.7517	705.009
1141	43.7985	704.963
1142	43.8436	704.664
1143	43.8881	704.661
1144	43.9317	704.391
1145	43.9771	704.375
1146	44.0214	702.669
1147	44.0666	702.667
1148	44.1111	702.37
1149	44.1562	700.816
1150	44.1999	700.81
1151	44.245	700.808
1152	44.292	700.77
1153	44.343	700.754
1154	44.3883	700.439
1155	44.435	700.426
1156	44.4797	700.125
1157	44.524	700.084
1158	44.5697	699.845
1159	44.6157	699.309
1160	44.6634	699.302
1161	44.7076	699.115
1162	44.7528	699.08
1163	44.7969	698.984
1164	44.8414	698.754
1165	44.8866	698.743
1166	44.9306	698.742
1167	44.9761	698.728
1168	45.0211	697.854
1169	45.0647	697.843
1170	45.1115	697.818
1171	45.1569	697.767
1172	45.2024	697.285
1174	45.292	696.643
1175	45.3357	696.59
1176	45.3836	696.569
1177	45.4807	696.555
1178	45.5331	696.482
1179	45.5787	695.904
1180	45.6623	695.279
1181	45.7371	693.664
1182	45.7831	693.534
1183	45.8286	692.438
1184	45.8779	692.171
1185	45.9221	689.701
1186	45.9675	689.231
1187	46.0135	688.85
1188	46.0576	688.823
1189	46.1028	688.771
1190	46.1478	688.73
1191	46.1939	682.968
1192	46.245	682.933
1193	46.2906	682.453
1194	46.3374	682.442
1195	46.3837	682.407
1196	46.4289	682.386
1197	46.4749	682.286
1198	46.5279	682.282
1199	46.6153	680.562
1200	46.6682	680.445
1201	46.714	679.393
1203	46.8087	679.352
1204	46.8549	679.349
1206	46.9466	679.347
1207	46.9929	677.911
1208	47.0408	677.218
1209	47.0853	676.62
1210	47.1312	676.598
1212	47.22	676.514
1213	47.2683	676.465
1214	47.315	676.39
1215	47.3596	676.387
1216	47.4059	675.86
1218	47.4955	675.348
1219	47.5406	673.642
1220	47.5929	673.526
1221	47.6375	672.745
1222	47.6836	672.736
1223	47.7287	672.736
1224	47.7745	668.52
1225	47.8218	668.064
1226	47.8707	664.632
1227	47.9184	664.545
1228	47.9635	664.529
1229	48.0094	664.516
1232	48.1467	664.514
1233	48.1948	664.492
1234	48.2398	664.409
1235	48.2837	664.365
1236	48.3297	664.183
1237	48.3759	663.929
1238	48.4221	663.923
1239	48.4687	663.921
1240	48.5146	663.918
1241	48.5596	663.497
1242	48.6061	663.362
1243	48.6599	662.289
1244	48.7152	662.235
1245	48.7596	661.686
1246	48.8056	625.231
1247	48.8515	625.198
1248	48.9046	625.177
1249	48.9507	623.675
1250	48.9973	623.641
1251	49.0434	623.619
1252	49.088	623.601
1253	49.1369	623.369
1254	49.1827	622.229
1255	49.2316	622.228
1256	49.2766	621.924
1257	49.3236	621.53
1258	49.3681	621.434
1259	49.4146	621.419
1260	49.4667	612.04
1261	49.5163	612.03
1262	49.5636	612.013
1263	49.6095	611.954
1264	49.6556	611.675
1265	49.7042	611.26
1266	49.7501	611.143
1267	49.7953	611.125
1268	49.8411	610.253
1269	49.8867	610.249
1270	49.9327	610.161
1271	49.984	609.426
1272	50.0311	609.401
1273	50.0768	609.171
1274	50.1223	608.95
1275	50.1686	608.628
1276	50.2178	608.623
1277	50.27	606.844
1278	50.3169	606.489
1280	50.4083	606.049
1281	50.4532	606.047
1282	50.5005	605.977
1283	50.5524	605.962
1284	50.6004	605.582
1285	50.6448	605.123
1287	50.7397	604.377
1288	50.7871	603.592
1289	50.8335	603.261
1290	50.8795	603.226
1291	50.9249	603.217
1292	50.9715	602.768
1293	51.0245	602.57
1294	51.073	602.511
1295	51.1213	602.402
1297	51.2145	602.315
1298	51.2589	602.171
1299	51.3087	601.439
1300	51.3541	601.428
1302	51.4512	601.411
1303	51.4981	601.406
1304	51.5455	601.383
1305	51.5917	601.38
1306	51.6369	601.368
1307	51.6827	601.127
1308	51.7278	601.089
1309	51.7733	601.026
1310	51.8222	588.242
1311	51.8712	588.195
1312	51.9164	587.789
1313	51.962	587.605
1314	52.0076	587.163
1315	52.0571	583.469
1316	52.1027	582.959
1317	52.1475	580.475
1318	52.1949	575.839
1319	52.2407	575.837
1320	52.2855	575.8
1321	52.3343	575.739
1322	52.3808	575.499
1323	52.4258	569.584
1324	52.4706	569.568
1325	52.5161	569.309
1326	52.5636	569.281
1327	52.612	569.268
1328	52.6604	568.558
1329	52.7049	568.229
1330	52.7518	568.224
1332	52.8444	568.201
1333	52.8909	565.892
1334	52.9361	565.821
1335	52.9831	560.984
1336	53.0287	560.749
1337	53.0767	560.741
1338	53.1243	560.726
1341	53.2699	560.67
1342	53.3154	560.398
1343	53.3766	560.133
1344	53.4215	560.131
1345	53.4677	559.661
1346	53.5136	559.657
1347	53.5588	558.773
1348	53.6073	558.732
1349	53.6584	558.719
1350	53.7053	555.234
1351	53.7514	554.057
1352	53.7983	552.859
1353	53.8466	551.54
1354	53.8955	551.532
1355	53.9419	551.531
1356	53.9892	551.211
1357	54.0353	551.2
1358	54.0811	550.171
1359	54.1369	548.554
1360	54.1865	548.164
1362	54.2796	548.158
1363	54.3256	548.094
1364	54.3715	548.054
1365	54.4221	548
1366	54.4685	546.757
1367	54.5142	546.335
1368	54.5598	546.271
1369	54.6059	546.096
1370	54.6544	546.091
1371	54.7019	546.04
1372	54.7497	546.021
1373	54.7945	546.016
1374	54.8405	545.557
1375	54.886	545.546
1376	54.9335	545.284
1377	54.9794	545.156
1378	55.0281	545.154
1379	55.0741	545.131
1380	55.1194	545.131
1381	55.1676	545.103
1382	55.2184	544.639
1383	55.2652	544.62
1384	55.3105	544.478
1385	55.3568	544.478
1386	55.4026	544.394
1387	55.4528	544.274
1388	55.4987	544.171
1389	55.5458	544.026
1390	55.5956	544.012
1391	55.6429	544.005
1392	55.6906	543.837
1393	55.7425	543.684
1394	55.7887	543.65
1395	55.836	543.372
1396	55.8819	543.334
1397	55.9293	543.225
1398	55.9787	542.872
1399	56.0272	542.398
1400	56.0729	542.377
1401	56.1199	542.369
1402	56.1685	542.186
1403	56.2154	542.178
1404	56.2672	542.17
1405	56.3145	542.128
1406	56.3603	542.113
1407	56.4066	541.707
1408	56.4521	541.619
1409	56.5026	541.541
1410	56.5497	541.121
1411	56.5962	540.739
1412	56.6428	539.685
1413	56.6891	538.861
1414	56.7378	538.831
1415	56.7893	538.772
1416	56.8364	537.338
1417	56.883	536.865
1418	56.9307	536.863
1419	56.979	536.095
1420	57.0285	536.089
1421	57.0781	535.868
1422	57.1275	535.781
1423	57.1753	535.569
1425	57.2695	535.47
1426	57.3187	535.117
1427	57.3668	535.077
1428	57.4148	535.076
1429	57.4634	534.989
1430	57.5138	534.951
1431	57.5641	533.118
1432	57.6136	533.1
1433	57.6603	533.019
1434	57.708	533.019
1435	57.7547	532.982
1436	57.813	532.947
1437	57.8642	532.517
1438	57.9105	532.481
1439	57.9568	532.463
1440	58.0036	532.401
1441	58.0576	532.395
1442	57.5083	532.391
1443	57.6105	531.869
1444	57.6587	531.567
1445	57.7085	531.034
1447	57.8104	530.907
1448	57.8581	530.725
1449	57.9051	528.681
1450	57.9518	528.671
1451	58.0033	528.243
1452	58.0514	528.204
1454	58.15	528.187
1455	58.1969	528.185
1456	58.246	527.55
1457	58.2946	526.648
1459	58.391	526.643
1460	58.4397	526.585
1461	58.4936	526.518
1462	58.5419	526.518
1463	58.5897	526.132
1464	58.6385	526.047
1465	58.686	525.852
1466	58.7343	525.641
1467	58.784	525.565
1468	58.8303	525.555
1469	58.8774	525.501
1470	59.0686	525.265
1471	59.1181	525.261
1472	59.1673	525.235
1473	59.2139	525.223
1474	59.2626	525.182
1475	59.3099	524.908
1476	59.3571	524.874
1477	59.4038	524.871
1478	59.4558	524.83
1479	59.5029	524.496
1480	59.5532	524.459
1481	59.6013	524.457
1482	59.6486	524.235
1483	59.6979	524.231
1484	59.7483	524.125
1485	59.7969	524.103
1486	59.8446	523.165
1487	59.8917	523.164
1488	59.9395	523.135
1489	59.9866	521.7
1490	60.034	521.699
1491	60.0834	521.697
1492	60.1311	521.651
1493	60.1791	521.646
1495	60.2733	521.636
1496	60.3208	521.493
1497	60.3734	521.483
1498	60.4199	521.444
1499	60.469	521.072
1500	60.5162	521.046
1501	60.563	520.941
1502	60.611	520.926
1503	60.6581	520.876
1504	60.7068	520.468
1505	60.7538	520.467
1506	60.8009	520.465
1507	60.8486	520.449
1508	60.897	520.319
1509	60.9439	520.307
1510	60.9926	520.297
1511	61.0392	520.273
1512	61.0863	519.936
1513	61.1381	519.86
1514	61.1851	519.791
1515	61.2331	519.768
1516	61.282	519.768
1517	61.3285	519.765
1518	61.3764	519.618
1519	61.4261	519.259
1520	61.4728	519.258
1521	61.5191	517.96
1522	61.5663	517.941
1523	61.6143	517.176
1525	61.7222	517.065
1527	61.8174	516.51
1529	61.9119	516.478
1530	61.9616	516.466
1531	62.0098	516.425
1533	62.1049	515.977
1534	62.1528	515.927
1535	62.2005	515.902
1536	62.2487	515.901
1537	62.2961	515.891
1538	62.3432	515.889
1539	62.3897	515.625
1540	62.4388	515.561
1541	62.4856	515.541
1543	62.5804	515.535
1544	62.6275	515.531
1546	62.7264	515.477
1547	62.7738	514.985
1548	62.8214	514.9
1549	62.8702	514.429
1550	62.9184	514.252
1551	62.968	514.195
1552	63.0149	514.192
1553	63.0616	514.186
1554	63.1112	514.141
1555	63.1579	514.138
1556	63.2067	513.871
1558	63.3029	513.678
1559	63.3503	511.693
1560	63.3993	511.63
1561	63.4475	510.341
1563	63.5469	510.338
1564	63.595	508.801
1565	63.6424	508.72
1566	63.6907	506.989
1568	63.788	506.96
1569	63.8355	506.891
1572	63.9867	506.875
1573	64.0356	506.87
1575	64.1313	506.867
1576	64.1787	506.65
1577	64.2271	506.407
1578	64.2806	506.399
1581	64.4234	506.211
1582	64.4704	506.155
1583	64.5211	505.57
1584	64.5689	505.561
1585	64.6179	504.792
1586	64.6652	468.298
1587	64.7131	468.259
1588	64.7609	468.243
1589	64.8099	468.165
1590	64.8565	468.157
1591	64.9058	468.152
1592	64.9531	468.144
1593	65.0011	468.138
1594	65.0502	463.899
1595	65.0985	463.898
1596	65.1457	463.804
1597	65.1931	463.405
1599	65.2895	463.39
1600	65.3425	459.122
1601	65.3899	459.117
1602	65.4384	459.113
1603	65.4863	459.099
1604	65.5347	458.959
1605	65.5845	458.887
1606	65.6325	458.801
1607	65.6814	458.797
1608	65.7297	458.62
1610	65.827	458.51
1611	65.8778	457.918
1612	65.9262	457.597
1613	65.974	457.54
1614	66.0237	457.394
1615	66.072	456.624
1616	66.1266	456.596
1617	66.176	453.459
1618	66.2253	453.239
1620	66.3229	453.182
1622	66.4197	453.171
1623	66.468	453.147
1624	66.5174	452.946
1625	66.5659	452.907
1626	66.617	452.852
1627	66.6649	452.514
1628	66.7132	451.888
1629	66.761	451.741
1631	66.8589	451.734
1632	66.915	451.164
1633	66.9623	451.103
1634	67.0101	451.1
1636	67.106	451.098
1637	67.1548	451.027
1639	67.2521	450.91
1640	67.303	450.902
1641	67.3543	450.885
1642	67.404	450.8
1644	67.5001	450.791
1646	67.5956	450.731
1647	67.6434	450.682
1648	67.692	450.626
1649	67.7398	450.578
1650	67.7873	437.873
1651	67.837	437.818
1652	67.8865	436.39
1654	67.9849	435.787
1655	68.0329	435.026
1656	68.0816	434.989
1657	68.1297	434.946
1658	68.1814	432.91
1660	68.2785	432.838
1661	68.3276	432.757
1662	68.3819	432.021
1664	68.4949	431.848
1665	68.5429	431.809
1666	68.5927	431.784
1667	68.649	431.764
1668	68.6986	431.762
1669	68.7465	431.668
1670	68.7941	431.655
1672	68.8987	431.614
1673	68.9488	429.646
1674	68.9967	429.426
1675	69.046	425.993
1676	69.0942	425.521
1678	69.1919	425.495
1679	69.2423	425.493
1680	69.2901	425.487
1681	69.3388	425.293
1684	69.4843	425.287
1685	69.5331	424.345
1687	69.6296	424.171
1688	69.6894	424.043
1689	69.744	424.027
1690	69.795	422.595
1692	69.8974	422.484
1693	69.9463	422.173
1694	69.999	422.168
1696	70.0962	422.037
1697	70.1443	422.032
1698	70.1917	420.511
1700	70.2899	418.782
1701	70.3382	418.774
1702	70.3869	418.767
1704	70.485	418.746
1705	70.5404	418.7
1706	70.5919	418.298
1707	70.642	418.14
1708	70.7112	418.116
1709	70.7836	418.076
1710	70.8337	418.064
1711	70.8844	418.059
1712	70.933	418.052
1713	70.9837	418.049
1714	71.0346	417.793
1715	71.0836	417.769
1716	71.1312	417.734
1717	71.1791	417.588
1718	71.2278	417.587
1719	71.2763	417.577
1720	71.3252	417.577
1721	71.3745	417.547
1722	71.4256	417.183
1723	71.4744	417.179
1724	71.5236	417.091
1726	71.6226	417.086
1727	71.6714	417.007
1728	71.7197	416.988
1729	71.7675	416.852
1730	71.8155	416.847
1731	71.8653	416.843
1732	71.9148	416.717
1733	71.9686	416.666
1734	72.0172	416.631
1735	72.0671	416.53
1736	72.1169	416.519
1737	72.1661	416.515
1738	72.2168	416.151
1739	72.2673	415.801
1741	72.3659	415.799
1742	72.4143	415.524
1743	72.4635	415.503
1744	72.5131	415.489
1745	72.5613	415.45
1746	72.612	415.435
1747	72.6604	415.418
1748	72.7087	415.393
1749	72.7575	415.367
1750	72.8062	415.062
1751	72.8588	414.749
1752	72.908	414.709
1753	72.9578	414.627
1754	73.0069	414.615
1755	73.0562	414.608
1756	73.1055	412.598
1757	73.1547	412.255
1758	73.2028	412.252
1759	73.2506	412.102
1761	73.3499	411.977
1762	73.3992	411.949
1763	73.4475	411.914
1764	73.4971	411.912
1765	73.5453	411.854
1766	73.596	411.806
1767	73.6441	411.787
1769	73.7415	411.775
1770	73.7908	411.774
1771	73.8399	410.66
1772	73.8891	410.638
1773	73.9374	410.619
1774	73.9864	410.618
1775	74.0353	410.605
1776	74.084	410.573
1777	74.1331	410.541
1778	74.184	410.324
1779	74.2335	410.311
1780	74.2824	409.975
1781	74.3314	409.959
1782	74.3817	409.957
1783	74.4313	409.883
1784	74.4814	409.69
1785	74.5315	409.392
1787	74.631	409.306
1788	74.6801	409.086
1789	74.731	408.779
1790	74.7815	408.779
1791	74.8306	408.396
1792	74.8807	408.393
1793	74.9295	408.39
1794	74.9791	408.383
1795	75.0274	408.381
1796	75.079	408.302
1797	75.1283	407.468
1798	75.1784	407.467
1799	75.2277	407.437
1800	75.2781	407.429
1801	75.3269	407.356
1802	75.3755	407.304
1803	75.4257	406.979
1804	75.4752	406.957
1805	75.526	406.92
1806	75.5759	405.868
1807	75.6259	405.836
1808	75.6803	405.802
1809	75.7309	405.779
1810	75.781	405.585
1812	75.8803	405.583
1814	76.1346	405.544
1815	76.2084	405.445
1816	76.2795	405.434
1817	76.3397	405.429
1818	76.3929	405.404
1819	76.4487	405.336
1820	76.5028	405.305
1821	76.5557	405.283
1822	76.6099	404.601
1823	76.6633	404.6
1824	76.7239	404.414
1825	76.7822	404.394
1826	76.8372	403.72
1829	77.002	403.711
1830	77.0611	403.711
1831	77.1468	403.708
1832	77.2057	403.685
1833	77.2559	403.682
1834	77.3223	403.521
1835	77.3724	403.51
1836	77.4253	403.165
1837	77.4757	403.162
1838	77.5256	403.155
1839	77.5831	402.729
1841	77.7475	402.688
1842	77.8432	402.683
1843	77.9025	402.637
1844	77.9526	402.609
1845	78.0083	402.608
1846	78.0616	402.608
1847	78.1227	402.6
1848	78.176	402.154
1849	78.2331	402.149
1851	78.3448	402.148
1852	78.3967	401.899
1853	78.4503	401.428
1854	78.5063	401.407
1857	78.6761	401.403
1858	78.7543	401.288
1859	78.8219	400.793
1860	78.9049	400.791
1861	78.9971	399.63
1862	79.0477	399.614
1863	79.0991	398.793
1864	79.1489	398.666
1865	79.2009	398.179
1867	79.3031	398.006
1868	79.3538	397.999
1869	79.4024	397.98
1870	79.4537	397.978
1871	79.5033	397.926
1872	79.5569	397.925
1873	79.6085	397.845
1874	79.6571	397.836
1875	79.71	397.832
1876	79.7591	397.831
1878	79.8614	397.831
1879	79.9102	397.581
1880	79.9623	397.455
1883	80.1125	397.406
1885	80.212	397.405
1887	80.3106	397.398
1888	80.3617	397.336
1889	80.4098	396.996
1891	80.5092	396.907
1892	80.5603	396.9
1894	80.6592	396.895
1895	80.7078	396.895
1896	80.7588	396.463
1898	80.8582	395.798
1899	80.9067	394.492
1900	80.956	394.429
1901	81.005	393.026
1902	81.0553	393.021
1903	81.1047	393.018
1904	81.1538	392.568
1905	81.2026	392.484
1906	81.2521	391.524
1908	81.3516	391.509
1909	81.4019	391.361
1912	81.5495	391.361
1913	81.5983	391.296
1915	81.6972	390.795
1916	81.7469	390.522
1918	81.848	390.518
1920	81.949	390.514
1921	82.0012	390.337
1923	82.1008	390.241
1924	82.1516	390.209
1925	82.203	389.367
1926	82.2531	365.07
1927	82.3024	365.013
1928	82.3523	364.998
1929	82.4046	363.431
1930	82.4542	363.252
1931	82.5049	363.247
1932	82.5549	363.246
1933	82.6053	363.236
1934	82.6541	362.491
1936	82.7545	362.303
1937	82.8086	361.945
1938	82.858	361.81
1939	82.9073	361.804
1940	82.957	361.181
1941	83.0072	360.885
1942	83.057	360.878
1943	83.1072	360.871
1944	83.1569	360.141
1945	83.2071	360.126
1946	83.2579	360.028
1947	83.3075	360.006
1948	83.3564	359.852
1950	83.4551	359.751
1953	83.6093	359.712
1954	83.6587	359.525
1955	83.7099	359.422
1956	83.7594	359.403
1957	83.8116	359.119
1958	83.8618	359.084
1960	83.9623	359.054
1961	84.0154	359.046
1962	84.067	359.043
1964	84.1699	358.847
1965	84.2208	358.817
1967	84.3198	358.581
1968	84.3742	358.062
1969	84.4251	358.057
1970	84.4746	358.027
1971	84.5243	358.024
1972	84.5749	357.697
1973	84.6257	357.667
1975	84.7258	357.368
1977	84.8282	357.325
1978	84.8777	356.326
1980	84.9785	356.314
1982	85.0793	356.313
1983	85.13	356.309
1986	85.2817	356.288
1987	85.331	356.27
1988	85.3831	356.267
1989	85.4328	356.262
1990	85.4838	355.618
1991	85.5359	355.517
1992	85.5858	355.494
1994	85.6859	355.282
1995	85.7359	354.65
1996	85.7866	354.617
1997	85.8374	354.544
1998	85.8887	354.432
1999	85.9402	354.432
2000	86.0523	354.255
2001	86.1133	354.197
2002	86.164	353.439
2003	86.2163	353.383
2004	86.2671	353.286
2005	86.3183	353.261
2006	86.3692	353.238
2008	86.4681	352.714
2009	86.5171	352.651
2010	86.569	352.634
2012	86.6705	352.621
2013	86.7215	352.377
2014	86.7725	352.281
2015	86.8237	352.181
2017	86.9254	352.178
2018	86.9752	352.158
2019	87.0246	352.156
2021	87.1284	351.87
2023	87.2292	349.968
2024	87.2793	349.952
2025	87.329	349.908
2026	87.3808	349.902
2027	87.4308	349.811
2028	87.4813	349.741
2029	87.5321	349.721
2030	87.5825	349.712
2031	87.6363	349.694
2032	87.6865	349.631
2034	87.7877	349.526
2036	87.8889	349.427
2037	87.9391	349.424
2038	87.9886	349.278
2039	88.0391	346.748
2040	88.0885	346.558
2041	88.1386	346.553
2042	88.1895	346.549
2044	88.2906	346.539
2045	88.3405	346.351
2046	88.3911	346.023
2047	88.4499	345.905
2048	88.5016	345.897
2049	88.551	345.857
2050	88.6011	345.856
2051	88.6521	345.852
2052	88.7037	345.849
2053	88.7526	345.844
2054	88.8044	345.602
2055	88.8531	345.524
2056	88.9031	345.513
2057	88.9546	345.499
2058	89.0066	345.497
2059	89.0566	345.45
2061	89.1558	345.423
2062	89.2079	345.243
2063	89.2588	345.239
2064	89.3093	345.171
2065	89.3604	345.171
2066	89.4115	345.153
2067	89.4628	345.101
2068	89.5126	344.901
2069	89.5619	344.763
2070	89.6122	344.759
2071	89.662	344.756
2072	89.7149	344.727
2073	89.1388	344.696
2074	89.1884	344.668
2075	89.238	344.65
2076	89.288	344.633
2077	89.3409	344.625
2078	89.392	344.381
2079	89.4429	344.332
2080	89.4936	344.318
2082	89.5981	343.897
2083	89.6479	343.895
2084	89.698	343.885
2085	89.7475	343.8
2086	89.7985	343.799
2087	89.8486	343.762
2088	89.9002	343.704
2089	89.9503	343.659
2090	90.0034	343.509
2092	90.1062	343.469
2093	90.159	343.403
2094	90.209	343.388
2095	90.2592	343.383
2096	90.3097	343.011
2097	90.3607	342.823
2098	90.4167	342.817
2099	90.4666	342.741
2100	90.5189	342.738
2101	90.5687	342.736
2102	90.6202	342.724
2103	90.671	342.664
2104	90.7219	342.656
2105	90.774	342.622
2106	90.8232	342.521
2107	90.8752	342.497
2108	90.9267	342.494
2109	90.9779	342.485
2110	91.029	342.482
2111	91.0802	341.58
2113	91.1831	341.576
2114	91.2347	341.575
2115	91.2851	341.491
2116	91.3347	341.477
2117	91.3845	341.389
2118	91.4357	341.323
2119	91.4859	341.247
2120	91.5362	341.079
2121	91.587	341.078
2122	91.6375	341.076
2123	91.6876	341.015
2124	91.7385	340.906
2125	91.7885	340.711
2126	91.8423	340.71
2127	91.892	340.662
2128	91.944	340.53
2129	91.9951	340.464
2130	92.0456	340.462
2131	92.0968	340.171
2132	92.1479	340.17
2134	92.2559	340.164
2135	92.3099	340.159
2136	92.3609	340.017
2137	92.4109	339.705
2138	92.4619	339.705
2139	92.5145	339.685
2140	92.5654	339.671
2141	92.6148	339.661
2142	92.6653	339.661
2143	92.7148	338.73
2144	92.7655	338.728
2145	92.8158	338.71
2146	92.8674	338.542
2147	92.9186	338.512
2148	92.9696	338.24
2149	93.0211	338.215
2150	93.0712	338.073
2152	93.171	338.063
2153	93.221	338.062
2154	93.2718	338.022
2157	93.4235	338.019
2158	93.4751	338.007
2159	93.5259	338.004
2161	93.6271	337.998
2162	93.6772	337.793
2163	93.7265	337.793
2164	93.7785	337.735
2165	93.8286	337.621
2166	93.8799	336.951
2167	93.9313	336.951
2170	94.0855	336.948
2171	94.1375	336.947
2172	94.1889	336.914
2173	94.2395	336.905
2174	94.2893	336.859
2175	94.3414	336.847
2176	94.3921	336.523
2177	94.4428	336.523
2178	94.4957	336.516
2179	94.5471	336.126
2180	94.5982	336.125
2181	94.6525	336.121
2182	94.7099	336.092
2183	94.7616	336.082
2184	94.812	336.065
2185	94.8636	336.064
2187	94.9656	336.061
2188	95.0162	335.552
2189	95.0661	335.552
2192	95.2241	335.371
2193	95.2736	335.265
2195	95.3747	335.232
2197	95.4756	335.229
2198	95.5273	335.135
2199	95.5773	334.915
2201	95.6795	333.97
2202	95.7312	333.97
2203	95.7811	333.558
2204	95.8308	333.438
2205	95.881	333.101
2207	95.9824	332.974
2208	96.0332	332.966
2209	96.0833	332.818
2211	96.1855	332.617
2212	96.2385	332.617
2213	96.2894	332.504
2216	96.4409	332.504
2217	96.4913	332.302
2218	96.5421	332.301
2219	96.5917	332.225
2223	96.7974	332.216
2224	96.8474	332.215
2228	97.0505	332.197
2229	97.101	331.899
2230	97.1515	331.848
2231	97.2034	331.708
2232	97.2537	331.703
2234	97.3559	331.701
2235	97.4068	331.678
2236	97.4598	331.102
2238	97.5634	330.657
2239	97.6137	328.783
2240	97.6643	328.766
2241	97.7152	327.536
2243	97.8168	327.533
2246	97.9706	327.378
2249	98.1215	327.37
2252	98.2864	327.369
2253	98.3383	327.347
2254	98.3888	327.282
2256	98.4895	327.214
2257	98.5408	327.211
2258	98.591	327.209
2259	98.6416	327.205
2260	98.6913	327.194
2261	98.7428	327.014
2262	98.7943	326.994
2263	98.8449	326.72
2264	98.8964	326.704
2265	98.9486	326.645
2266	99	310.115
2269	99.1548	309.99
2270	99.2049	309.943
2272	99.3452	309.941
2273	99.4223	309.928
2274	99.4733	309.487
2276	99.5805	308.973
2277	99.6312	308.69
2278	99.6807	308.687
2280	99.7806	307.966
2281	99.8356	307.914
2282	99.8861	307.91
2285	100.038	307.844
2286	100.089	307.787
2288	100.19	307.657
2290	100.292	307.657
2291	100.347	307.542
2292	100.398	307.441
2293	100.453	307.432
2294	100.503	307.273
2295	100.553	307.123
2296	100.604	307.029
2297	100.655	306.957
2298	100.705	306.908
2300	100.805	306.889
2301	100.859	306.865
2302	100.909	306.854
2303	100.961	306.845
2304	101.012	306.701
2307	101.167	306.507
2308	101.217	306.078
2309	101.269	305.812
2310	101.321	305.71
2311	101.374	305.709
2312	101.426	305.471
2313	101.478	305.453
2314	101.528	305.447
2315	101.58	305.44
2316	101.63	305.436
2318	101.734	304.973
2320	101.836	304.969
2321	101.889	304.941
2322	101.94	304.927
2323	101.993	304.924
2324	102.044	304.924
2326	102.15	304.906
2327	102.201	304.901
2328	102.253	304.874
2329	102.305	304.863
2330	102.358	303.629
2331	102.411	303.605
2332	102.462	303.489
2333	102.514	303.469
2334	102.566	303.414
2335	102.62	302.894
2336	102.679	302.87
2337	102.734	302.814
2338	102.784	302.789
2339	102.836	302.787
2340	102.888	302.586
2341	102.941	302.496
2342	102.992	302.486
2344	103.094	302.153
2345	103.144	302.129
2348	103.299	302.083
2349	103.354	301.907
2350	103.408	301.888
2352	103.51	301.831
2353	103.563	301.8
2354	103.617	301.698
2355	103.668	301.668
2356	103.725	301.636
2357	103.776	301.626
2358	103.826	301.581
2359	103.877	301.58
2360	103.929	301.577
2361	103.981	301.131
2362	104.032	300.95
2363	104.083	300.752
2365	104.186	300.712
2367	104.289	300.37
2369	104.391	300.364
2370	104.445	300.202
2372	104.552	300.169
2374	104.657	300.151
2376	104.761	300.123
2377	104.812	300.12
2378	104.865	299.013
2379	104.916	299.012
2380	104.967	298.97
2382	105.073	298.966
2383	105.124	298.954
2384	105.176	298.953
2385	105.227	298.926
2386	105.279	298.634
2387	105.33	298.531
2388	105.384	298.53
2389	105.435	298.525
2390	105.487	298.524
2391	105.538	298.524
2392	105.589	298.523
2393	105.646	298.519
2394	105.698	298.491
2395	105.751	298.452
2396	105.804	298.431
2397	105.854	298.424
2398	105.912	298.423
2399	106.008	298.408
2400	106.076	298.408
2401	106.127	298.405
2402	106.178	298.361
2403	106.229	298.358
2405	106.33	298.358
2406	106.382	298.35
2407	106.433	298.284
2408	106.484	298.182
2409	106.535	298.053
2410	106.588	298.053
2411	106.639	298.052
2412	106.69	298.022
2413	106.741	297.997
2414	106.792	297.992
2415	106.846	297.905
2416	106.899	297.882
2417	106.952	297.878
2418	107.003	297.172
2419	107.054	297.134
2421	107.158	297.125
2422	107.21	296.771
2423	107.261	296.767
2424	107.313	296.759
2425	107.366	296.694
2426	107.416	296.692
2427	107.469	296.682
2428	107.52	296.487
2429	107.571	296.482
2430	107.625	296.359
2432	107.729	296.347
2433	107.78	296.341
2434	107.833	296.336
2435	107.887	296.334
2436	107.939	294.862
2437	107.992	294.719
2438	108.043	294.696
2439	108.094	294.606
2441	108.198	294.541
2442	108.25	294.533
2443	108.301	294.514
2444	108.351	294.512
2445	108.402	294.439
2446	108.453	294.421
2448	108.557	294.419
2449	108.609	294.415
2450	108.663	294.414
2451	108.719	293.797
2452	108.771	293.788
2454	108.873	293.786
2455	108.923	293.731
2456	108.975	293.722
2457	109.026	293.597
2458	109.077	293.539
2460	109.18	293.511
2461	109.233	293.509
2462	109.284	293.508
2463	109.336	293.46
2464	109.387	293.394
2465	109.438	293.194
2466	109.491	293.19
2467	109.543	293.065
2468	109.594	292.969
2469	109.646	292.94
2470	109.698	292.939
2471	109.751	292.707
2472	109.803	292.705
2473	109.856	292.705
2474	109.908	292.699
2475	109.959	292.693
2476	110.012	292.648
2477	110.066	292.439
2478	110.12	292.364
2479	110.171	292.361
2481	110.276	292.32
2482	110.326	292.295
2483	110.378	291.343
2484	110.429	291.32
2485	110.48	291.144
2486	110.535	291.064
2487	110.586	291.041
2488	110.636	291.028
2489	110.692	291.003
2490	110.744	290.924
2491	110.797	290.922
2492	110.851	290.92
2493	110.903	290.908
2494	110.955	290.865
2495	111.008	290.855
2497	111.118	290.852
2498	111.226	290.83
2499	111.357	290.826
2500	111.468	290.82
2501	111.544	290.815
2502	111.605	290.714
2503	111.662	290.711
2504	111.74	290.582
2505	111.808	289.658
2506	111.916	289.096
2507	111.986	289.096
2508	112.045	289.091
2509	112.1	289.084
2510	112.168	289.083
2512	112.289	289.079
2513	112.343	289.078
2514	112.4	289.077
2515	112.46	289.067
2516	112.521	289.014
2517	112.579	289.01
2518	112.643	289.003
2519	112.736	288.54
2523	113.056	288.536
2524	113.115	288.508
2525	113.182	288.504
2528	113.354	287.929
2529	113.419	287.928
2532	113.594	286.995
2534	113.711	286.981
2535	113.77	286.953
2537	114.022	286.946
2538	114.087	286.926
2539	114.138	286.779
2540	114.19	286.775
2541	114.242	285.856
2542	114.295	285.85
2543	114.348	285.684
2545	114.453	285.386
2546	114.504	285.385
2547	114.57	285.231
2548	114.625	285.222
2549	114.678	285.17
2551	114.782	285.097
2552	114.836	285.092
2553	114.888	285.01
2554	114.94	284.989
2555	114.992	284.975
2556	115.043	284.973
2557	115.097	284.953
2559	115.216	284.89
2560	115.268	284.889
2564	115.482	284.888
2565	115.534	284.886
2566	115.588	284.869
2569	115.745	284.598
2571	115.847	284.449
2572	115.899	284.448
2574	116.002	284.443
2575	116.054	284.442
2576	116.108	284.322
2577	116.16	284.322
2578	116.212	283.739
2579	116.264	283.406
2580	116.316	283.392
2581	116.37	282.503
2582	116.422	282.498
2583	116.473	282.497
2584	116.524	282.414
2585	116.575	282.39
2586	116.628	282.114
2588	116.732	282.113
2589	116.787	282.077
2593	116.999	282.069
2594	117.05	282.005
2595	117.102	281.989
2597	117.207	281.937
2600	117.36	281.935
2601	117.413	281.816
2602	117.464	281.809
2603	117.523	281.527
2604	117.589	281.495
2606	117.707	273.793
2608	117.824	273.786
2609	117.878	272.537
2610	117.931	272.336
2611	117.99	272.335
2613	118.146	272.324
2614	118.201	272.046
2615	118.251	272.042
2617	118.352	270.151
2618	118.403	270.016
2620	118.507	269.494
2621	118.557	269.392
2622	118.608	269.376
2625	118.761	269.371
2627	118.864	269.37
2628	118.914	269.335
2630	119.052	269.327
2631	119.111	269.274
2633	119.216	269.192
2634	119.272	268.73
2635	119.322	268.633
2636	119.374	268.531
2637	119.426	268.017
2638	119.48	267.988
2643	119.945	267.984
2644	120.004	267.838
2645	120.066	266.121
2647	120.172	265.481
2648	120.224	265.079
2649	120.279	265.046
2651	120.386	265.04
2652	120.439	265.04
2653	120.489	265.039
2655	120.598	265.016
2656	120.65	265
2659	120.808	264.949
2660	120.863	264.947
2662	120.967	264.938
2663	121.019	264.936
2664	121.074	264.935
2666	121.242	264.933
2667	121.311	264.905
2668	120.751	264.895
2669	120.803	264.88
2670	120.857	264.339
2671	120.909	264.265
2672	120.98	264.253
2674	121.172	263.889
2675	121.231	263.499
2676	121.284	263.486
2678	121.388	263.282
2679	121.441	263.282
2680	121.493	263.199
2681	121.544	263.149
2682	121.599	263.146
2683	121.654	262.874
2684	121.709	262.844
2688	121.957	262.797
2689	122.01	262.707
2690	122.063	262.697
2692	122.18	262.663
2693	122.242	262.642
2694	122.31	262.428
2695	122.368	262.404
2696	122.438	261.958
2697	122.518	261.947
2699	122.646	261.942
2700	122.719	261.94
2701	122.776	261.878
2704	122.994	261.874
2705	123.083	261.808
2707	123.192	261.632
2708	123.253	261.608
2709	123.308	261.604
2710	123.362	261.543
2711	123.417	261.45
2712	123.472	261.425
2714	123.607	261.416
2715	123.669	261.408
2716	123.739	261.404
2717	123.809	261.371
2718	123.871	261.214
2719	123.932	259.632
2720	123.986	259.631
2721	124.048	259.63
2722	124.113	259.628
2724	124.221	259.624
2725	124.274	259.605
2726	124.328	259.593
2727	124.379	259.511
2728	124.432	259.509
2729	124.483	259.497
2730	124.534	259.496
2731	124.589	259.491
2732	124.647	259.491
2734	124.756	259.483
2735	124.808	259.45
2736	124.862	259.359
2737	124.928	259.351
2738	124.993	259.35
2740	125.103	259.348
2741	125.156	259.345
2742	125.209	259.25
2743	125.264	259.25
2746	125.421	259.24
2747	125.472	259.236
2748	125.524	259.132
2749	125.575	259.112
2750	125.628	259.111
2751	125.679	259.106
2752	125.733	259.079
2753	125.785	259.054
2754	125.841	259.052
2755	125.918	259.05
2756	126.03	259.034
2757	126.084	259.031
2758	126.14	258.543
2759	126.21	258.309
2761	126.328	258.276
2762	126.39	257.995
2763	126.459	257.993
2764	126.513	257.991
2765	126.575	257.939
2766	126.633	257.938
2767	126.701	257.937
2768	126.785	257.413
2769	126.853	257.407
2770	126.934	257.288
2771	127.03	257.288
2772	127.092	257.265
2773	127.159	257.138
2775	127.281	257.134
2776	127.338	256.991
2777	127.394	256.957
2778	127.478	256.951
2779	127.586	256.908
2781	127.837	256.83
2782	127.915	256.804
2783	127.997	256.799
2784	128.123	256.796
2785	128.251	256.764
2788	128.678	256.763
2789	128.763	256.762
2790	128.833	256.761
2791	128.886	256.191
2792	128.938	256.189
2794	129.044	256.188
2795	129.095	256.132
2796	129.152	256.112
2797	129.204	256.046
2798	129.255	256.03
2799	129.307	256.024
2800	129.359	255.74
2801	129.413	255.739
2803	129.516	255.7
2804	129.57	255.639
2805	129.622	255.498
2806	129.677	255.496
2807	129.73	255.427
2808	129.784	255.388
2809	129.837	255.164
2810	129.895	255.163
2811	129.948	253.515
2812	129.999	253.51
2813	130.052	253.508
2814	130.103	253.501
2815	130.154	253.442
2816	130.206	253.334
2817	130.258	253.122
2818	130.31	253.119
2819	130.364	253.116
2821	130.468	253.109
2822	130.52	253.108
2823	130.573	252.246
2824	130.624	252.241
2825	130.676	252.112
2826	130.731	252.027
2827	130.783	251.919
2829	130.887	251.91
2831	130.991	251.91
2832	131.043	251.908
2833	131.097	251.901
2834	131.149	251.865
2835	131.201	251.853
2838	131.356	251.837
2839	131.41	251.833
2842	131.567	251.732
2843	131.621	251.729
2844	131.674	251.663
2845	131.727	251.223
2846	131.78	250.788
2848	131.886	250.76
2849	131.938	250.745
2850	131.997	250.744
2853	132.157	250.744
2854	132.208	250.742
2855	132.26	250.735
2856	132.314	250.67
2857	132.367	250.636
2858	132.419	250.63
2859	132.473	250.303
2860	132.528	250.286
2862	132.632	250.266
2864	132.738	250.235
2865	132.791	250.231
2867	132.895	250.229
2868	132.947	249.783
2869	132.998	249.781
2872	133.183	249.672
2874	133.31	249.668
2875	133.372	249.662
2876	133.426	249.662
2877	133.488	249.661
2878	133.539	249.552
2879	133.592	249.429
2880	133.646	249.422
2881	133.698	248.693
2882	133.75	248.676
2883	133.802	247.997
2884	133.861	247.738
2885	133.922	247.498
2886	133.996	247.495
2887	134.06	247.303
2888	134.112	247.298
2889	134.166	247.29
2891	134.32	247.284
2892	134.467	247.277
2893	134.627	247.254
2894	134.763	247.249
2895	134.902	247.248
2897	135.189	247.068
2898	135.307	247.066
2899	135.457	247.039
2900	135.598	247.036
2901	135.749	247.031
2906	136.523	246.999
2907	136.685	246.997
2908	136.836	246.97
2909	136.997	246.784
2911	137.219	246.753
2912	137.313	246.746
2915	137.59	246.743
2916	137.657	246.663
2917	137.711	246.663
2918	137.771	246.379
2919	137.828	245.696
2920	137.89	245.693
2921	137.95	245.077
2925	138.189	245.05
2926	138.334	244.754
2929	138.606	244.728
2933	138.848	244.695
2934	138.9	244.69
2936	139.006	244.681
2937	139.074	244.667
2940	139.234	244.652
2941	139.287	244.518
2943	139.398	244.043
2944	139.454	244.015
2945	139.507	243.925
2946	139.564	237.519
2947	139.622	237.307
2948	139.688	237.298
2949	139.799	236.245
2950	139.915	236.207
2951	139.976	236.205
2953	140.104	236.173
2954	140.163	235.695
2955	140.234	235.69
2957	140.354	235.286
2960	140.534	235.008
2961	140.598	234.974
2962	140.65	234.972
2963	140.71	234.971
2967	140.93	234.97
2970	141.124	234.916
2972	141.24	234.9
2973	141.295	234.861
2974	141.35	234.716
2975	141.405	234.378
2976	141.46	234.326
2977	141.52	234.291
2978	141.573	234.122
2980	141.688	234.117
2983	141.862	234.109
2984	141.914	233.996
2985	141.968	233.886
2987	142.078	233.381
2988	142.134	233.07
2989	142.186	232.716
2991	142.299	232.713
2992	142.354	232.71
2993	142.407	232.703
2994	142.46	232.695
2995	142.549	232.675
2996	142.611	232.622
2998	142.718	232.58
2999	142.77	232.58
3000	142.826	232.561
3002	142.931	232.538
3003	142.983	232.522
3005	143.111	232.518
3006	143.165	232.517
3008	143.272	232.399
3009	143.328	232.385
3010	143.382	229.713
3011	143.436	229.699
3012	143.489	229.654
3014	143.603	229.643
3015	143.661	229.378
3018	143.83	229.375
3019	143.954	229.375
3021	144.095	229.329
3022	144.149	229.325
3024	144.254	229.254
3025	144.309	229.223
3028	144.47	229.213
3029	144.524	229.197
3030	144.576	229.185
3032	144.683	229.129
3033	144.736	229.108
3034	144.789	228.844
3035	144.842	228.833
3036	144.895	228.229
3037	144.955	228.219
3039	145.062	228.208
3040	145.114	228.205
3041	145.167	228.1
3045	145.38	227.957
3046	145.434	227.952
3047	145.487	227.761
3049	145.593	227.76
3050	145.645	227.724
3054	145.86	227.718
3055	145.913	227.698
3056	145.972	227.698
3057	146.028	227.697
3058	146.082	227.567
3059	146.135	227.442
3061	146.244	227.442
3062	146.298	227.442
3063	146.35	227.43
3064	146.403	227.43
3065	146.456	227.402
3066	146.51	227.393
3067	146.563	227.336
3068	146.616	227.335
3069	146.67	227.322
3070	146.725	227.319
3071	146.778	227.317
3072	146.83	227.311
3073	146.882	227.303
3074	146.934	227.258
3075	146.988	227.203
3076	147.047	227.187
3077	147.113	227.186
3078	147.167	227.185
3079	147.221	227.178
3080	147.276	227.177
3081	147.329	227.171
3082	147.381	227.102
3083	147.436	227.102
3084	147.489	227.073
3085	147.544	227.073
3086	147.597	226.857
3088	147.719	226.765
3089	147.856	226.683
3091	147.968	226.681
3092	148.025	226.657
3093	148.077	226.651
3094	148.14	226.646
3095	148.197	226.643
3097	148.314	226.639
3098	148.373	226.451
3099	148.432	226.299
3101	148.552	226.271
3102	148.637	226.091
3103	148.705	226.089
3104	148.77	226.084
3105	148.837	226.07
3106	148.896	226.07
3107	148.967	226.061
3108	149.096	226.003
3110	149.276	225.916
3111	149.335	225.912
3112	149.399	225.897
3113	149.482	225.838
3115	149.593	225.836
3116	149.652	225.677
3117	149.718	225.644
3118	149.776	225.641
3119	149.829	225.558
3121	149.948	225.501
3122	150.004	225.479
3123	150.056	225.474
3124	150.11	225.469
3125	150.168	225.457
3128	150.365	225.455
3129	150.418	225.451
3130	150.473	225.45
3131	150.525	224.905
3132	150.578	224.902
3135	150.755	224.869
3136	150.829	224.863
3137	150.915	224.586
3138	150.973	224.573
3140	151.082	224.556
3141	151.134	224.554
3143	151.243	224.525
3144	151.311	224.433
3145	151.365	224.31
3146	151.419	224.308
3147	151.471	224.185
3148	151.526	224.119
3149	151.611	223.947
3150	151.677	223.946
3151	151.749	223.941
3152	151.875	223.939
3154	152.036	223.937
3155	152.095	223.923
3156	152.149	223.83
3157	152.205	223.708
3158	152.263	223.706
3159	152.326	223.706
3162	152.523	223.696
3163	152.579	222.922
3164	152.633	222.917
3165	152.695	222.834
3166	152.791	222.789
3167	152.937	222.777
3169	152.531	222.768
3170	152.598	222.761
3171	152.666	222.76
3172	152.745	222.76
3173	152.81	222.76
3174	152.872	222.721
3175	152.945	222.677
3177	153.058	222.676
3178	153.115	222.628
3179	153.175	222.624
3180	153.287	222.623
3182	153.441	222.559
3183	153.504	222.558
3184	153.654	222.51
3185	153.722	222.478
3186	153.788	222.217
3189	154.006	222.204
3190	154.101	222.203
3192	154.219	222.177
3193	154.273	222.174
3195	154.386	222.166
3196	154.442	222.115
3197	154.504	222.114
3198	154.586	222.113
3199	154.678	221.772
3201	154.825	221.769
3204	155.011	221.757
3205	155.066	221.752
3208	155.248	221.315
3210	155.358	221.313
3212	155.469	221.071
3215	155.685	221.064
3217	155.831	221.063
3218	155.955	221.044
3219	156.114	220.937
3220	156.262	220.937
3221	156.411	220.744
3222	156.56	220.737
3223	156.686	220.168
3225	156.883	219.971
3226	156.99	219.971
3227	157.096	219.888
3228	157.247	219.883
3229	157.397	219.869
3230	157.535	219.868
3231	157.638	219.868
3232	157.779	219.86
3237	158.453	219.858
3238	158.601	219.857
3239	158.748	219.763
3240	158.894	219.736
3243	159.335	219.736
3244	159.474	219.736
3245	159.619	219.733
3246	159.759	219.73
3247	159.913	219.727
3249	160.24	219.58
3252	160.617	219.577
3254	160.854	219.572
3255	160.923	219.572
3259	161.353	218.023
3261	161.63	217.843
3262	161.803	217.843
3263	161.943	217.842
3265	162.267	217.819
3266	162.415	217.687
3269	162.863	217.664
3273	163.232	217.657
3276	163.44	217.647
3277	163.513	217.44
3281	163.786	217.431
3282	163.844	217.42
3283	163.906	217.369
3284	163.961	217.363
3285	164.027	217.354
3286	164.08	216.34
3287	164.138	216.331
3289	164.251	215.499
3291	164.363	215.499
3293	164.481	215.466
3294	164.543	215.285
3295	164.596	215.28
3297	164.702	215.229
3298	164.756	215.048
3300	164.879	214.777
3301	164.934	214.746
3302	164.989	214.741
3305	165.209	214.692
3307	165.334	214.689
3312	165.612	214.685
3313	165.668	214.656
3314	165.721	214.641
3315	165.774	214.359
3316	165.833	214.355
3317	165.886	214.343
3320	166.051	214.326
3322	166.162	214.326
3323	166.218	214.323
3324	166.274	214.222
3325	166.328	214.133
3327	166.441	213.983
3328	166.496	213.744
3331	166.664	213.741
3332	166.717	213.733
3334	166.832	213.73
3340	167.174	213.727
3341	167.232	213.704
3342	167.297	213.692
3343	167.35	213.662
3349	167.715	213.653
3350	167.772	213.413
3351	167.831	213.365
3352	167.893	213.354
3353	167.958	213.352
3354	168.017	213.289
3355	168.071	213.187
3358	168.354	213.186
3360	168.477	213.184
3361	168.533	213.142
3362	168.587	213.075
3363	168.641	211.26
3364	168.695	211.085
3365	168.748	211.07
3366	168.812	211.031
3367	168.871	211.031
3371	169.112	211.026
3372	169.166	211.015
3374	169.279	210.712
3377	169.456	210.71
3379	169.57	210.679
3380	169.627	210.678
3381	169.689	210.513
3385	169.932	209.868
3386	169.987	209.868
3387	170.043	209.803
3390	170.245	209.786
3393	170.452	209.734
3395	170.561	209.728
3398	170.727	209.617
3399	170.785	209.374
3401	170.902	209.374
3402	170.987	209.373
3403	171.042	209.368
3404	171.094	209.367
3405	171.151	209.36
3406	171.206	209.356
3407	171.26	209.297
3408	171.313	209.295
3409	171.367	209.282
3410	171.424	209.282
3411	171.478	209.28
3412	171.533	209.276
3413	171.587	209.271
3414	171.64	209.261
3415	171.7	209.245
3416	171.752	209.237
3417	171.806	209.234
3418	171.861	209.232
3419	171.919	209.224
3421	172.029	209.224
3422	172.082	209.139
3423	172.134	209.138
3424	172.195	208.99
3425	172.25	208.99
3426	172.304	208.976
3428	172.408	208.917
3429	172.464	208.894
3430	172.516	208.893
3431	172.57	208.891
3432	172.623	208.847
3433	172.678	208.836
3434	172.733	208.835
3435	172.787	208.834
3436	172.843	208.825
3437	172.898	208.816
3438	172.955	208.759
3439	173.011	208.474
3441	173.119	208.465
3442	173.171	208.328
3443	173.228	208.321
3445	173.341	208.308
3446	173.395	208.306
3447	173.448	208.306
3448	173.504	208.197
3450	173.616	208.137
3451	173.675	208.136
3453	173.782	207.842
3455	173.889	207.839
3456	173.944	207.816
3457	174.006	207.811
3458	174.143	207.807
3459	174.208	207.775
3461	174.346	207.737
3462	174.399	207.719
3463	174.452	207.709
3464	174.505	207.708
3465	174.562	207.683
3468	174.725	207.683
3469	174.778	207.679
3471	174.89	207.215
3472	174.955	207.213
3475	175.126	207.194
3476	175.179	207.193
3477	175.232	207
3480	175.402	206.999
3481	175.455	206.998
3483	175.653	206.963
3484	175.73	206.891
3485	175.787	206.767
3487	175.902	206.673
3488	175.957	206.624
3489	176.013	206.43
3491	176.136	206.413
3493	176.245	206.412
3494	176.299	206.411
3495	176.365	206.411
3496	176.422	206.348
3497	176.483	206.299
3498	176.54	206.297
3499	176.595	206.294
3500	176.651	206.292
3502	176.762	206.277
3503	176.819	205.686
3504	176.875	205.68
3505	176.931	205.611
3506	176.987	205.601
3507	177.042	205.594
3508	177.104	205.593
3509	177.173	205.591
3511	177.29	205.59
3512	177.345	205.586
3513	177.441	205.583
3514	177.504	205.566
3516	177.615	205.507
3517	177.674	205.506
3518	177.728	205.495
3520	177.851	205.491
3522	177.961	205.403
3523	178.015	205.403
3524	178.068	205.319
3525	178.123	205.303
3526	178.179	205.076
3527	178.237	205.076
3528	178.292	205.071
3529	178.345	205.066
3530	178.399	205.066
3531	178.46	205.065
3532	178.515	205.062
3533	178.57	205.06
3535	178.679	205.045
3536	178.743	205.006
3538	178.853	204.998
3539	178.906	204.679
3541	179.016	204.671
3543	179.123	204.67
3544	179.178	204.663
3545	179.241	204.658
3547	179.35	204.649
3548	179.402	204.299
3549	179.456	204.298
3550	179.513	204.297
3552	179.623	204.248
3554	179.743	204.248
3556	179.852	204.248
3557	179.908	204.247
3558	179.965	204.207
3559	180.021	204.098
3560	180.074	204.09
3561	180.129	203.615
3562	180.188	203.579
3563	180.262	203.182
3565	180.379	203.023
3566	180.432	203.022
3567	180.486	202.97
3568	180.547	202.961
3569	180.602	202.94
3571	180.712	202.937
3573	180.821	202.893
3574	180.875	202.892
3575	180.931	202.891
3577	181.046	202.803
3578	181.101	202.8
3579	181.157	202.8
3584	181.446	202.799
3585	181.503	202.798
3586	181.564	202.788
3588	181.674	202.78
3589	181.728	202.705
3593	181.948	202.705
3595	182.055	202.704
3598	182.216	202.565
3599	182.282	202.302
3601	182.429	201.814
3602	182.483	201.813
3605	182.65	201.809
3606	182.705	201.757
3611	182.979	201.726
3612	183.033	201.726
3613	183.087	201.72
3614	183.142	201.72
3616	183.265	201.704
3617	183.321	201.693
3620	183.489	201.688
3622	183.601	201.671
3623	183.661	201.341
3624	183.72	201.34
3625	183.774	201.323
3626	183.828	201.194
3629	183.996	200.526
3633	184.309	200.505
3634	184.391	200.369
3635	184.451	200.367
3636	184.504	200.202
3637	184.569	199.954
3638	184.013	199.864
3640	184.154	199.83
3641	184.22	199.808
3642	184.28	199.8
3643	184.337	199.796
3646	184.549	199.795
3647	184.631	199.795
3651	185.025	199.789
3652	185.103	199.764
3653	185.165	199.762
3654	185.236	199.748
3655	185.328	199.69
3656	185.401	199.682
3657	185.466	199.68
3659	185.67	199.675
3664	186.217	199.6
3665	186.295	199.524
3667	186.411	199.392
3668	186.468	199.129
3669	186.525	199.109
3672	186.708	199.086
3674	186.836	199.085
3678	187.068	199.074
3679	187.124	199.062
3680	187.182	199.062
3681	187.244	199.043
3685	187.484	199.042
3687	187.61	199.042
3688	187.668	199.041
3689	187.724	199.035
3690	187.802	198.959
3691	187.862	198.799
3694	188.028	198.793
3695	188.082	198.688
3696	188.138	198.682
3697	188.197	198.668
3700	188.365	198.665
3701	188.423	198.634
3702	188.48	198.56
3703	188.541	197.191
3704	188.604	197.167
3709	188.919	197.165
3710	188.99	197.157
3711	189.055	197.157
3713	189.184	197.148
3719	189.577	197.035
3721	189.693	196.898
3724	189.861	196.897
3725	189.918	196.716
3727	190.033	196.692
3730	190.274	196.689
3731	190.342	196.635
3735	190.591	196.624
3738	190.78	196.524
3739	190.846	196.457
3741	190.964	196.456
3742	191.022	196.456
3744	191.137	196.455
3745	191.193	196.446
3746	191.265	196.443
3747	191.328	196.4
3748	191.385	196.399
3749	191.447	196.392
3750	191.508	196.39
3751	191.568	196.39
3753	191.699	196.384
3754	191.761	196.377
3755	191.824	196.34
3756	191.879	196.319
3758	191.992	196.317
3759	192.053	196.313
3760	192.113	196.313
3761	192.173	196.308
3762	192.238	196.245
3763	192.344	196.245
3764	192.429	196.238
3765	192.497	196.238
3766	192.568	196.206
3768	192.693	196.133
3769	192.76	196.123
3770	192.825	196.123
3771	192.883	196.122
3772	192.944	196.1
3773	193.005	196.097
3774	193.065	196.093
3775	193.122	196.092
3776	193.177	196.084
3777	193.237	196.081
3779	193.364	196.043
3781	193.479	196.038
3782	193.534	195.947
3783	193.593	195.945
3784	193.648	195.943
3785	193.707	195.937
3788	193.879	195.863
3789	193.935	195.859
3790	193.996	195.814
3791	194.067	195.807
3792	194.138	195.803
3793	194.197	195.779
3794	194.253	195.778
3795	194.308	195.776
3796	194.393	195.637
3797	194.454	195.574
3798	194.514	195.574
3801	194.702	195.564
3802	194.757	195.549
3803	194.817	195.543
3805	194.944	195.538
3806	194.996	195.53
3809	195.183	195.528
3810	195.245	195.527
3811	195.308	195.151
3812	195.366	195.15
3814	195.485	195.15
3815	195.558	195.146
3816	195.679	195.138
3817	195.741	194.969
3821	195.981	194.969
3823	196.111	194.956
3824	196.168	194.904
3825	196.232	194.838
3827	196.391	194.796
3828	196.456	194.762
3829	196.516	194.675
3831	196.625	194.642
3832	196.688	194.641
3833	196.76	194.64
3834	196.822	194.633
3836	197.019	194.592
3837	197.103	194.524
3838	197.191	194.52
3839	197.329	194.517
3841	197.495	194.517
3842	197.576	194.516
3843	197.703	194.038
3844	197.813	194.037
3845	197.936	194.002
3846	198.005	193.996
3847	198.106	193.993
3848	198.185	193.957
3849	198.259	193.956
3851	198.429	193.956
3852	198.502	193.954
3853	198.621	193.946
3854	198.729	193.882
3855	198.816	193.879
3856	198.939	193.829
3857	199.048	193.829
3858	199.149	193.822
3859	199.233	193.814
3862	199.427	193.786
3863	199.493	193.784
3864	199.552	193.719
3865	199.608	193.709
3866	199.665	193.498
3868	199.775	193.498
3869	199.83	193.492
3873	200.064	193.489
3874	200.119	193.489
3875	200.216	193.486
3876	200.348	193.47
3877	200.412	193.461
3878	200.472	193.455
3879	200.528	192.928
3881	200.639	192.922
3882	200.702	192.921
3884	200.818	192.912
3885	200.875	192.911
3887	200.996	192.909
3888	201.113	192.618
3889	201.197	192.612
3890	201.266	192.609
3892	201.503	192.585
3893	201.626	192.519
3894	201.707	192.518
3896	201.851	192.518
3897	201.924	192.515
3898	201.98	192.497
3899	202.034	192.445
3900	202.097	192.443
3901	202.151	192.05
3902	202.219	192.037
3903	202.28	191.694
3905	202.4	191.561
3907	202.517	191.51
3909	202.637	191.502
3911	202.746	191.498
3912	202.803	191.495
3913	202.864	191.483
3914	202.923	191.471
3916	203.041	191.47
3918	203.152	191.468
3919	203.213	191.465
3924	203.553	191.465
3926	203.711	191.462
3927	203.767	191.458
3928	203.832	191.451
3929	203.906	191.372
3933	204.183	191.371
3935	204.312	191.37
3938	204.511	191.31
3939	204.576	191.202
3940	204.634	191.201
3941	204.705	190.749
3944	204.876	190.625
3946	205.003	190.492
3951	205.35	190.437
3952	205.411	190.437
3953	205.471	190.433
3955	205.584	190.432
3956	205.639	190.388
3957	205.697	190.37
3960	205.887	190.363
3962	206.009	190.338
3963	206.068	190.096
3964	206.135	190.09
3966	206.252	190.061
3969	206.419	189.615
3971	206.535	189.615
3973	206.646	189.6
3974	206.702	189.466
3977	206.875	189.392
3978	206.931	189.373
3979	206.986	189.369
3980	207.044	188.919
3981	207.1	188.905
3982	207.163	188.902
3985	207.365	188.891
3986	207.426	188.88
3987	207.507	188.88
3989	207.633	188.692
3993	207.866	188.691
3995	207.986	188.501
3996	208.043	188.5
3997	208.111	188.498
4000	208.304	188.498
4003	208.477	188.494
4004	208.532	188.426
4007	208.75	188.114
4008	208.805	187.9
4009	208.862	187.889
4011	208.979	187.886
4012	209.036	187.874
4014	209.151	187.866
4017	209.323	187.864
4018	209.39	187.861
4020	209.505	187.856
4022	209.628	187.854
4023	209.697	187.83
4026	209.874	187.83
4028	210.008	187.796
4030	210.179	187.664
4031	210.32	187.616
4034	210.534	187.483
4035	210.589	187.402
4036	210.667	187.4
4037	210.819	187.399
4038	210.98	187.376
4041	211.358	187.355
4042	211.47	187.35
4043	211.55	187.049
4049	212.146	187.044
4050	212.212	187.04
4051	212.279	187.037
4054	212.524	186.799
4059	212.924	186.691
4061	213.053	186.537
4063	213.184	186.534
4066	213.436	186.533
4067	213.511	186.532
4068	213.604	186.531
4070	213.789	186.442
4071	213.894	186.406
4074	214.124	186.4
4075	214.215	186.389
4078	214.467	186.293
4080	214.628	186.293
4081	214.692	186.291
4082	214.755	186.291
4083	214.811	186.272
4084	214.866	186.27
4085	214.921	186.263
4086	214.98	186.26
4087	215.052	186.222
4088	215.109	186.22
4089	215.204	186.217
4090	215.341	186.216
4091	215.487	186.214
4092	215.609	186.211
4093	215.667	186.207
4094	215.725	186.201
4095	215.784	186.183
4096	215.847	186.175
4097	215.904	186.173
4098	215.962	186.173
4099	216.017	186.167
4100	216.076	186.166
4101	216.136	186.162
4102	216.197	186.149
4104	215.678	186.14
4105	215.743	186.14
4106	215.801	186.054
4107	215.862	186.049
4108	215.92	185.973
4109	215.986	185.968
4110	216.047	185.967
4112	216.16	185.949
4113	216.22	185.94
4114	216.286	185.938
4115	216.344	185.931
4116	216.399	185.93
4117	216.455	185.921
4119	216.583	185.802
4121	216.709	185.798
4122	216.771	185.657
4123	216.828	185.654
4124	216.903	185.653
4125	217.007	185.651
4126	217.071	185.65
4127	217.134	185.65
4128	217.19	185.599
4129	217.255	185.597
4130	217.316	185.584
4131	217.374	185.583
4132	217.432	185.569
4133	217.49	185.551
4134	217.553	185.547
4135	217.613	185.544
4136	217.67	185.106
4137	217.726	185.091
4138	217.791	185.09
4142	218.015	185.085
4143	218.084	185.084
4144	218.139	185.083
4145	218.194	185.07
4148	218.369	185.069
4149	218.429	185.063
4151	218.549	184.681
4152	218.606	184.68
4155	218.785	184.668
4156	218.866	184.667
4157	218.929	184.627
4159	219.045	184.626
4160	219.109	184.607
4163	219.294	184.586
4164	219.35	184.548
4165	219.409	184.486
4167	219.521	184.459
4168	219.582	184.457
4169	219.639	184.435
4171	219.753	184.417
4173	219.882	184.416
4174	219.938	184.409
4175	219.996	184.409
4176	220.05	184.346
4177	220.104	184.26
4178	220.17	184.26
4179	220.226	184.255
4181	220.339	184.252
4182	220.395	184.24
4183	220.453	183.927
4184	220.514	183.917
4185	220.569	183.891
4187	220.681	183.876
4188	220.736	183.857
4189	220.792	183.857
4190	220.849	183.857
4191	220.911	183.853
4192	220.968	183.852
4193	221.024	183.805
4194	221.079	183.789
4197	221.278	183.787
4199	221.39	183.779
4200	221.449	183.765
4202	221.559	183.723
4203	221.616	183.722
4204	221.672	183.695
4205	221.739	183.684
4206	221.817	183.565
4207	221.875	183.565
4208	221.935	183.562
4209	221.993	183.557
4210	222.055	183.557
4212	222.257	183.55
4213	222.365	183.548
4214	222.425	183.545
4215	222.517	183.543
4216	222.587	183.523
4218	222.708	183.51
4219	222.763	183.13
4221	222.883	183.13
4227	223.233	183.124
4228	223.291	182.892
4229	223.366	182.892
4230	223.428	182.888
4232	223.542	182.863
4237	223.833	182.863
4239	223.948	182.827
4241	224.06	182.514
4242	224.12	182.506
4243	224.175	182.422
4244	224.231	182.413
4245	224.288	182.236
4246	224.346	182.233
4247	224.423	182.171
4249	224.538	182.106
4250	224.598	182.045
4251	224.668	182.042
4253	224.789	181.998
4254	224.852	181.991
4255	224.921	181.982
4257	225.039	181.982
4258	225.1	181.98
4261	225.293	181.98
4265	225.529	181.978
4268	225.718	181.957
4269	225.777	181.896
4272	225.964	181.888
4275	226.132	181.886
4278	226.339	181.867
4279	226.395	181.762
4280	226.461	181.76
4281	226.594	181.375
4282	226.678	181.373
4284	226.797	179.128
4285	226.854	179.036
4286	226.914	178.925
4291	227.22	178.878
4293	227.338	178.872
4294	227.402	178.863
4296	227.52	178.826
4297	227.577	178.814
4300	227.753	178.799
4302	227.884	178.785
4303	227.957	178.533
4304	228.051	178.512
4306	228.172	178.501
4307	228.227	178.487
4309	228.348	178.113
4311	228.467	178.112
4313	228.581	178.105
4314	228.635	178.005
4317	228.825	177.977
4320	228.994	177.959
4321	229.052	177.951
4322	229.116	177.943
4325	229.29	177.937
4328	229.47	177.927
4331	229.649	177.916
4333	229.761	177.906
4335	229.89	177.786
4336	229.945	177.781
4338	230.065	177.78
4343	230.419	177.778
4344	230.481	177.721
4347	230.673	177.63
4348	230.728	177.481
4350	230.843	177.481
4351	230.91	177.478
4352	230.97	177.469
4357	231.265	177.465
4359	231.382	177.429
4360	231.44	177.429
4363	231.612	177.417
4367	231.839	177.414
4368	231.904	177.402
4369	231.979	177.392
4371	232.09	177.381
4377	232.448	177.378
4378	232.516	177.374
4380	232.63	177.37
4381	232.687	177.356
4382	232.742	177.355
4383	232.798	177.323
4390	233.191	177.316
4399	233.759	177.306
4401	233.87	177.172
4403	233.987	177.17
4410	234.45	177.164
4414	234.694	177.16
4416	234.815	177.159
4418	234.991	176.808
4420	235.125	176.801
4422	235.243	176.8
4423	235.3	176.792
4425	235.416	176.788
4426	235.476	176.785
4427	235.531	176.778
4428	235.595	176.777
4429	235.652	176.769
4431	235.768	176.769
4433	235.895	176.763
4434	235.954	176.76
4435	236.013	176.743
4436	236.07	176.735
4437	236.14	176.734
4439	236.253	176.73
4442	236.432	176.722
4444	236.553	176.721
4445	236.609	176.721
4446	236.664	176.7
4448	236.778	176.644
4449	236.844	176.634
4450	236.91	176.633
4451	236.965	176.633
4452	237.023	176.615
4453	237.08	176.604
4454	237.144	176.603
4455	237.212	176.602
4456	237.268	176.598
4457	237.324	176.597
4459	237.436	176.516
4461	237.565	176.51
4462	237.62	176.439
4463	237.68	176.438
4465	237.792	176.422
4466	237.848	176.421
4467	237.905	176.418
4468	237.969	176.391
4469	238.026	176.387
4471	238.142	176.384
4472	238.21	176.378
4473	238.269	176.362
4475	238.39	176.36
4476	238.445	176.305
4477	238.501	176.293
4478	238.576	176.29
4481	238.862	176.288
4483	238.983	176.28
4484	239.045	176.28
4485	239.105	176.271
4486	239.167	176.269
4488	239.29	176.269
4489	239.35	176.267
4490	239.406	176.266
4491	239.464	175.966
4492	239.527	175.964
4495	239.712	175.955
4496	239.771	175.946
4497	239.829	175.929
4499	239.946	175.928
4500	240.001	175.903
4503	240.175	175.882
4504	240.235	175.852
4505	240.296	175.821
4506	240.356	175.82
4507	240.42	175.803
4508	240.478	175.787
4509	240.542	175.726
4511	240.673	175.714
4512	240.733	175.713
4513	240.787	175.712
4514	240.849	175.711
4516	240.963	175.684
4517	241.027	175.673
4518	241.102	175.671
4519	241.157	175.669
4520	241.214	175.667
4521	241.272	175.657
4522	241.339	175.653
4523	241.4	175.345
4525	241.52	175.325
4526	241.584	175.298
4527	241.645	175.296
4530	241.849	175.294
4531	241.906	175.293
4532	241.965	175.292
4533	242.024	175.264
4534	242.08	175.032
4535	242.146	175.028
4537	242.298	175.027
4538	242.357	175.027
4539	242.429	175.019
4540	242.572	175.003
4542	242.706	174.98
4543	242.769	174.979
4544	242.824	174.914
4545	242.891	174.907
4546	242.946	174.801
4547	243.002	174.801
4548	243.064	174.794
4550	243.185	174.794
4552	243.302	174.786
4553	243.365	174.785
4555	243.485	174.783
4556	243.543	174.731
4557	243.602	174.729
4558	243.662	174.722
4559	243.743	174.364
4561	243.862	174.362
4563	243.98	174.36
4567	244.214	174.358
4568	244.274	174.199
4570	244.389	174.198
4572	244.516	174.184
4573	244.571	174.151
4577	244.824	174.15
4578	244.881	174.143
4579	244.942	174.107
4580	245.004	174.098
4581	245.061	173.847
4582	245.117	173.836
4583	245.174	173.774
4584	245.241	173.769
4585	245.304	173.65
4586	245.358	173.648
4587	245.415	173.596
4588	245.476	173.593
4589	245.544	173.58
4590	245.601	173.576
4591	245.727	173.575
4594	245.918	173.573
4595	245.979	173.572
4597	246.106	173.559
4599	246.221	173.426
4605	246.581	173.425
4606	246.638	173.421
4608	246.763	173.419
4609	246.82	173.376
4612	246.993	173.372
4615	247.175	173.372
4616	247.241	173.358
4617	247.302	173.349
4618	247.368	173.344
4619	247.431	173.271
4621	247.551	173.178
4624	247.738	172.662
4625	247.814	172.65
4626	247.218	172.579
4630	247.459	172.563
4631	247.52	172.306
4633	247.632	172.3
4635	247.755	172.285
4636	247.815	172.175
4637	247.872	172.173
4639	247.984	172.17
4640	248.049	172.162
4642	248.159	172.158
4643	248.219	171.959
4644	248.275	171.92
4646	248.388	171.898
4647	248.444	171.841
4649	248.574	171.559
4650	248.632	171.503
4651	248.688	171.502
4653	248.808	171.497
4654	248.866	171.4
4655	248.923	171.4
4657	249.042	171.379
4660	249.221	171.373
4661	249.279	171.366
4662	249.342	171.353
4663	249.398	171.352
4666	249.576	171.343
4667	249.648	171.341
4668	249.705	171.337
4673	249.995	171.336
4674	250.052	171.33
4675	250.117	171.232
4676	250.174	171.232
4678	250.378	171.227
4680	250.496	171.22
4683	250.662	171.218
4684	250.721	171.177
4687	250.896	171.132
4688	250.956	171.019
4689	251.019	171.001
4690	251.08	170.969
4691	251.145	170.969
4692	251.2	170.96
4694	251.311	170.959
4696	251.429	170.958
4697	251.487	170.949
4698	251.541	170.926
4699	251.597	170.875
4700	251.658	170.875
4701	251.716	170.874
4702	251.773	170.831
4703	251.83	170.824
4706	252.024	170.823
4708	252.145	170.822
4709	252.216	170.771
4711	252.331	170.767
4714	252.523	170.755
4717	252.704	170.737
4718	252.764	170.736
4720	252.882	170.719
4721	252.939	170.695
4722	253	170.695
4723	253.056	170.678
4727	253.302	170.66
4728	253.358	170.653
4729	253.415	170.651
4731	253.534	170.638
4734	253.71	170.614
4738	253.936	170.613
4739	254.004	170.61
4741	254.122	170.456
4745	254.391	170.422
4747	254.503	170.421
4748	254.574	170.414
4750	254.695	170.412
4752	254.819	170.405
4754	254.928	170.384
4756	255.052	170.382
4757	255.11	170.379
4758	255.168	170.286
4759	255.225	170.284
4760	255.29	170.279
4761	255.35	170.278
4763	255.465	170.271
4764	255.523	170.271
4765	255.58	170.27
4766	255.636	170.268
4767	255.697	170.251
4768	255.753	170.25
4769	255.823	170.245
4770	255.877	170.245
4771	255.934	170.244
4772	255.993	170.243
4773	256.053	170.242
4774	256.117	170.24
4775	256.174	170.233
4776	256.235	170.227
4778	256.376	170.226
4779	256.441	170.225
4781	256.554	170.224
4782	256.616	170.223
4785	256.793	170.222
4786	256.852	170.209
4788	256.964	170.134
4789	257.018	170.133
4790	257.077	170.132
4791	257.146	170.129
4792	257.204	170.112
4794	257.318	170.111
4795	257.383	170.111
4797	257.636	170.11
4798	257.708	170.103
4799	257.768	170.049
4801	257.931	170.045
4802	258.015	170.008
4803	258.076	170.007
4805	258.243	170.005
4806	258.312	170.005
4807	258.381	169.999
4808	258.459	169.971
4809	258.52	169.969
4811	258.654	169.966
4812	258.723	169.961
4813	258.777	169.926
4815	258.887	169.925
4816	258.95	169.877
4817	259.008	169.875
4818	259.068	169.874
4819	259.126	169.866
4823	259.349	169.855
4824	259.41	169.854
4825	259.471	169.85
4826	259.529	169.849
4829	259.716	169.847
4830	259.796	169.847
4831	259.879	169.607
4832	260.008	169.605
4833	260.092	169.592
4834	260.151	169.588
4835	260.208	169.576
4836	260.273	169.576
4837	260.329	169.565
4838	260.388	169.559
4840	260.557	169.556
4841	260.618	169.555
4843	260.735	169.542
4844	260.8	169.501
4845	260.858	169.431
4846	260.92	169.43
4847	260.979	169.403
4848	261.041	169.394
4849	261.11	169.296
4851	261.233	169.28
4852	261.29	169.277
4854	261.409	169.276
4855	261.464	169.274
4856	261.522	169.225
4858	261.645	169.225
4859	261.702	169.222
4861	261.816	169.202
4862	261.882	169.2
4863	261.938	168.991
4865	262.053	168.98
4866	262.119	168.967
4867	262.179	168.966
4871	262.405	168.962
4872	262.459	168.962
4874	262.571	168.955
4875	262.632	168.946
4877	262.746	168.946
4879	262.863	168.944
4882	263.043	168.926
4883	263.098	168.925
4884	263.169	168.876
4885	263.227	168.865
4886	263.284	168.744
4887	263.344	168.744
4889	263.473	168.743
4890	263.53	168.743
4892	263.642	168.74
4893	263.699	168.74
4895	263.813	168.727
4896	263.867	168.704
4897	263.938	168.704
4898	263.997	168.698
4899	264.051	168.355
4900	264.108	168.353
4903	264.287	168.353
4904	264.345	168.345
4908	264.571	168.203
4909	264.63	168.201
4910	264.692	168.194
4912	264.803	168.172
4913	264.857	168.171
4917	265.086	168.17
4918	265.142	168.158
4919	265.199	168.119
4920	265.256	168.113
4921	265.313	167.916
4922	265.368	167.913
4923	265.433	167.884
4925	265.551	167.749
4926	265.606	167.749
4927	265.668	167.701
4928	265.726	167.701
4929	265.781	167.697
4931	265.892	167.697
4933	266.036	167.69
4935	266.16	167.69
4937	266.276	167.687
4938	266.332	167.687
4939	266.393	167.673
4945	266.742	167.672
4946	266.807	167.672
4948	266.918	167.666
4949	266.973	167.62
4952	267.155	167.615
4955	267.331	167.615
4956	267.386	167.604
4957	267.443	167.603
4958	267.499	167.581
4959	267.557	167.539
4961	267.67	167.183
4963	267.782	167.182
4965	267.902	167.165
4966	267.959	167.096
4969	268.133	167.093
4972	268.304	167.093
4973	268.361	167.063
4975	268.474	167.055
4976	268.531	167.015
4977	268.589	167.014
4980	268.756	167.002
4981	268.813	166.999
4983	268.936	166.889
4985	269.047	166.887
4986	269.104	166.883
4987	269.163	166.871
4990	269.333	166.853
4991	269.392	166.852
4993	269.513	166.835
4994	269.572	166.758
4996	269.693	166.758
4997	269.749	166.738
4998	269.804	166.724
5000	269.945	166.724
# FIN	269.945	166.724

