# target=instancias/mondriaan.png T=340 iters=5000 K=32 seed=auto
iter	segundos	MSE
0	0.00242591	4996.72
1	0.0304127	4995.67
2	0.0575795	4995.66
4	0.112345	4994.54
5	0.140085	4989.65
6	0.167811	4983.89
7	0.195516	4983.29
8	0.223234	4964.78
9	0.252042	4953.39
10	0.279697	4870.97
11	0.307249	4870.84
12	0.335504	4844.18
13	0.363088	4778.99
14	0.390795	4754.9
15	0.418553	4754.73
16	0.449006	4745.78
17	0.476633	4745.73
18	0.505092	4736.83
19	0.533474	4719.2
20	0.562028	4707.69
21	0.590349	4694.23
22	0.618649	4684.84
23	0.64711	4684.8
24	0.687054	4674.71
25	0.735696	4673.76
26	0.765195	4655.12
27	0.79348	4655.06
28	0.823653	4644.63
29	0.85241	4644.63
30	0.881325	4644.56
31	0.910265	4644.54
32	0.938276	4642.13
33	0.966638	4638.61
34	0.996782	4638.59
35	1.02483	4628.27
36	1.05396	4628.27
37	1.08363	4628
38	1.11194	4611
39	1.14098	4609.6
40	1.17052	4607.53
41	1.19898	4605.96
42	1.22809	4600.37
43	1.25764	4600.37
44	1.2864	4600.09
45	1.31511	4599.7
46	1.34435	4521.63
47	1.37259	4486.11
48	1.40153	4475.97
49	1.43169	4456.69
51	1.51101	4424.06
52	1.54015	4423.9
53	1.56984	4419.08
54	1.5989	4419.08
55	1.62823	4418.99
56	1.65811	4398.14
57	1.68729	4396.7
59	1.74595	4396.22
60	1.77514	4378.19
61	1.80406	4367.21
62	1.83321	4317.69
63	1.86363	4317.59
64	1.8926	4316.6
65	1.92154	4316.59
66	1.95133	4305.95
67	1.9801	4305.81
68	2.00943	4301.53
69	2.0406	4292.48
70	2.07065	4292.47
71	2.10005	4292.4
72	2.14127	4276.98
73	2.20484	4276.85
74	2.28411	4261.18
75	2.36275	4261.17
76	2.39588	4259.32
77	2.42925	4239.05
78	2.50091	4235.39
79	2.55505	4234.39
80	2.58575	4207.89
81	2.61515	4197.88
82	2.64443	4191.47
83	2.6777	4190.77
84	2.71027	4171.84
85	2.74918	4171.84
86	2.78115	4168.36
87	2.82126	4166.42
88	2.87112	4155.69
89	2.9042	4134.12
90	2.93389	4134.05
91	2.96638	4125.65
92	3.00025	4099.47
93	3.03505	4089.91
95	3.09964	4065.78
96	3.12954	4057.53
97	3.15957	4057.27
98	3.192	4057.14
99	3.22253	4051.33
100	3.25227	4035.08
101	3.28539	4033.53
102	3.31484	4012.04
103	3.34486	4011.9
104	3.37501	4011.26
105	3.40799	4011.21
106	3.44154	4002.81
107	3.47399	3978.85
108	3.50803	3936.88
109	3.53781	3928.43
110	3.57033	3924.29
111	3.60216	3924.04
112	3.63411	3923.88
113	3.66892	3910.39
114	3.70014	3896.66
115	3.7301	3896.65
116	3.76227	3875.65
117	3.79694	3873.11
118	3.82961	3864.48
119	3.86297	3841.8
120	3.8933	3812.93
121	3.92532	3806.94
122	3.95911	3804.29
123	3.99039	3787.98
124	4.02193	3787.59
125	4.05761	3785.44
126	4.08963	3785.44
127	4.12037	3779.31
128	4.15481	3756.74
129	4.18561	3745.94
130	4.22041	3745.09
131	4.2514	3742.38
132	4.28209	3742.36
133	4.3133	3742.28
134	4.34716	3740.74
135	4.37854	3702.56
136	4.40964	3702.55
137	4.4432	3695.87
138	4.47409	3692.98
139	4.50856	3690.82
140	4.54148	3662.45
141	4.5727	3662.31
142	4.6055	3662.29
143	4.64113	3562.1
144	4.6722	3557.2
145	4.70406	3557.11
146	4.73749	3556.93
147	4.76955	3547.3
148	4.80076	3538.64
149	4.83434	3536.63
150	4.86526	3528.64
151	4.89806	3528.2
152	4.93243	3526.78
153	4.96531	3519.49
154	4.99803	3516.47
155	5.03002	3516.47
156	5.06113	3516.4
157	5.09357	3504.05
158	5.12847	3481
159	5.16143	3480.77
160	5.19287	3475.82
162	5.26118	3465.31
163	5.29271	3463.63
164	5.32722	3463.53
165	5.35863	3447.31
166	5.38985	3434.42
167	5.42132	3412.5
168	5.45444	3412.49
169	5.48717	3405.76
171	5.55609	3385.89
172	5.58926	3381.18
173	5.6205	3380.45
174	5.65339	3379.94
175	5.688	3379.38
176	5.71932	3378.01
177	5.7507	3378
178	5.78199	3377.3
179	5.81629	3376.98
180	5.84905	3356.91
181	5.88225	3344.77
182	5.91933	3338.94
183	5.95497	3338.32
184	5.98725	3333.9
185	6.01977	3333.23
187	6.08744	3333.22
188	6.12206	3310.7
189	6.15529	3310.49
190	6.18729	3310.49
191	6.22004	3310.45
192	6.2537	3300.5
193	6.28533	3278.77
194	6.31873	3278.74
195	6.35327	3276.68
196	6.38788	3270.16
197	6.4195	3265.7
198	6.45142	3261.43
199	6.48422	3248.99
200	6.52099	3245.76
201	6.5561	3226.88
202	6.58859	3226.79
203	6.62315	3226.73
204	6.66089	3214.87
205	6.69673	3214.86
206	6.73233	3180
207	6.76603	3164.69
208	6.79812	3150.87
209	6.83045	3150.8
210	6.86545	3150.79
211	6.89905	3137.07
212	6.9337	3133.3
213	6.96938	3132.36
214	7.00367	3090.03
215	7.03939	3081.16
216	7.07131	3057.99
217	7.10382	3057.69
218	7.13995	3043.41
219	7.17253	3043.34
220	7.20531	3041.99
221	7.24328	3033.49
222	7.27671	3032.37
223	7.31205	3030.12
224	7.34775	3029.96
225	7.38021	3019.5
226	7.41252	3018.98
227	7.44814	3018.12
228	7.48109	3014.76
229	7.5156	3013.96
230	7.55162	3006.31
231	7.5841	2999.56
232	7.62161	2959.52
233	7.65381	2952.32
234	7.68851	2952.02
235	7.7246	2952.01
236	7.75764	2951.94
237	7.79037	2943.95
238	7.82787	2943.68
239	7.86381	2943.27
240	7.89614	2943.26
241	7.93214	2943.07
242	7.96815	2943.06
243	8.00142	2930.52
244	8.03567	2929.49
245	8.07041	2914.56
246	8.10315	2910.11
247	8.13862	2906.37
248	8.17312	2902.91
249	8.20591	2902.18
250	8.24117	2902.13
251	8.27422	2885.61
252	8.30987	2885.3
253	8.34518	2875.59
254	8.37964	2873.82
256	8.44744	2848
257	8.48127	2837.8
258	8.51695	2830.21
259	8.55248	2830.11
260	8.58528	2830.1
261	8.61814	2829.18
262	8.65407	2829.01
263	8.69273	2807.12
264	8.72612	2806.79
265	8.76308	2805.99
266	8.79848	2805.73
267	8.83142	2805.41
268	8.86899	2800.17
269	8.9024	2800.15
270	8.93679	2798.2
271	8.97222	2797.28
272	9.00584	2778.91
273	9.0427	2778.69
274	9.07902	2764.59
275	9.11215	2764.44
276	9.14558	2733.26
277	9.18519	2733.03
278	9.22003	2728.95
279	9.25304	2715.65
280	9.28765	2715.61
281	9.32379	2713.31
282	9.3579	2708.9
283	9.39473	2708.86
284	9.42976	2701.77
285	9.46549	2701.32
286	9.50247	2697.65
287	9.53607	2683.09
288	9.57225	2655.91
289	9.60862	2651.92
290	9.64394	2639.36
291	9.67785	2639.12
292	9.71523	2635.76
293	9.74933	2635.34
294	9.78416	2623.41
295	9.82459	2622.75
296	9.85945	2622.55
297	9.89381	2620.95
298	9.93067	2601.28
299	9.96645	2591.73
300	10.0011	2589.83
301	10.0388	2586.99
302	10.0732	2582.99
303	10.1098	2577.77
304	10.1472	2577.38
305	10.1818	2553.7
306	10.2172	2552.49
307	10.2533	2547.66
308	10.2874	2536.66
309	10.3263	2514.32
310	10.3626	2485.63
311	10.397	2478.12
312	10.4345	2477.77
313	10.4686	2477.62
314	10.5057	2469.1
315	10.5432	2469.06
316	10.5775	2452.76
317	10.6152	2448.86
318	10.6521	2447.54
319	10.6889	2445.36
320	10.7283	2444.01
321	10.766	2443.54
322	10.8012	2443.49
323	10.8382	2443.44
324	10.8762	2430.99
325	10.9115	2428.44
326	10.9479	2400.28
327	10.983	2362.79
328	11.0201	2356.15
329	11.0589	2343.98
330	11.097	2343.94
331	11.1318	2343.8
332	11.1685	2343.72
333	11.2073	2341.47
334	11.2443	2341.41
335	11.2829	2334.43
336	11.318	2333.56
337	11.3567	2333.55
338	11.3931	2332.2
339	11.428	2328.97
340	11.4637	2306.58
341	11.5027	2304.81
342	11.5381	2304.8
344	11.6139	2304.56
345	11.6509	2303.88
346	11.6864	2303
347	11.7256	2302.42
348	11.7635	2298.28
349	11.7985	2287.49
350	11.8361	2263.85
351	11.8783	2263.8
352	11.9129	2255.46
353	11.9497	2241.1
354	11.9862	2198.94
355	12.0222	2198.54
356	12.0609	2188.15
357	12.0983	2188.12
358	12.1332	2187.18
359	12.1702	2178.95
360	12.2088	2163.34
361	12.2457	2159.51
362	12.282	2156.69
363	12.3193	2156.69
364	12.3585	2151.43
365	12.3968	2150.21
366	12.4325	2143.95
367	12.4734	2143.94
368	12.5103	2130.06
369	12.5481	2130.05
370	12.5879	2130.03
371	12.6258	2129.93
372	12.6614	2128.74
373	12.7	2128.17
374	12.7387	2128.11
375	12.7744	2127.43
376	12.8147	2127.43
377	12.8523	2127.26
378	12.8969	2114.21
379	12.9415	2114.1
380	12.9787	2113.74
381	13.0171	2105.42
382	13.0554	2103.6
383	13.0932	2103.59
384	13.1339	2103.43
385	13.1714	2103.06
386	13.2148	2095.9
387	13.2539	2071.53
388	13.3041	2068.44
389	13.3497	2067.58
391	13.433	2058.72
392	13.4696	2057.31
393	13.5084	2053.29
395	13.5832	2053.21
396	13.6236	2041.81
397	13.6625	2041.8
398	13.6991	2041.29
399	13.7397	2040.26
400	13.7801	2034.84
401	13.8164	2024
402	13.8547	2009.69
403	13.8931	2009.61
404	13.9299	2008.73
405	13.9665	2008.73
406	14.0077	2008.12
407	14.0449	2008.03
408	14.0821	2001.8
409	14.1229	1996.67
410	14.1618	1996.53
411	14.1985	1996.36
412	14.2376	1981.72
413	14.2802	1981.67
414	14.3168	1977.55
415	14.3534	1977.54
416	14.3918	1975.92
417	14.4302	1968.59
418	14.4669	1965.79
419	14.5083	1965.68
420	14.5457	1963.64
421	14.5862	1957.54
422	14.6243	1953.23
423	14.6618	1947.5
424	14.7016	1947.16
425	14.7383	1947.16
426	14.7791	1945.44
427	14.8182	1943.38
428	14.8568	1938.65
429	14.8965	1936.82
430	14.934	1936.79
431	14.9732	1932.4
432	15.0136	1910.9
433	15.0505	1896.5
435	15.1325	1894.63
436	15.1705	1892.36
437	15.2124	1889.98
438	15.2509	1889.14
439	15.2923	1879.31
440	15.3302	1858.76
441	15.3678	1857.18
442	15.4068	1856.18
443	15.4468	1856.16
444	15.4876	1855.65
445	15.5302	1855.65
446	15.572	1854.06
447	15.61	1851.61
448	15.6523	1849.92
449	15.6905	1849.86
450	15.7287	1848.15
451	15.7683	1848.05
452	15.806	1848.03
453	15.8483	1847.11
454	15.8854	1845.35
455	15.9249	1845.34
456	15.9619	1819.23
457	16.0029	1817.99
458	16.0414	1817.34
459	16.0788	1792.54
460	16.1191	1769.28
461	16.1583	1768.01
462	16.195	1766.78
463	16.2335	1765.66
464	16.2739	1765.25
465	16.3132	1764.71
466	16.3543	1764.69
467	16.3955	1762.22
468	16.4328	1760.43
469	16.4719	1757.37
470	16.5103	1757.07
471	16.5481	1757
472	16.5893	1756.96
473	16.6263	1756.87
474	16.6647	1755.79
475	16.706	1741.24
476	16.7473	1741.24
477	16.7846	1741.18
478	16.8244	1737.95
479	16.8653	1737.76
480	16.9048	1719.91
481	16.9425	1719.8
482	16.9825	1719.78
483	17.0244	1684.5
484	17.0612	1680.82
485	17.1018	1680.76
486	17.1418	1680.65
487	17.1796	1677.63
488	17.222	1675.58
489	17.2615	1673.33
490	17.2989	1672.85
491	17.3388	1672.6
492	17.3769	1672.57
493	17.4163	1664.32
494	17.457	1663.79
495	17.4957	1663.75
496	17.5363	1663.74
497	17.5768	1612.93
498	17.6163	1609.83
499	17.6566	1609.62
500	17.6951	1605.37
501	17.7349	1605.17
502	17.7725	1603.99
503	17.811	1603.59
504	17.8564	1602.31
505	17.8976	1590.5
506	17.9371	1586.76
507	17.9812	1577.94
508	18.0201	1577.9
509	18.0589	1566.5
511	18.1441	1557.47
512	18.1849	1556.41
513	18.2226	1556.4
514	18.2615	1556.3
515	18.3037	1556.27
516	18.3418	1553.59
517	18.3861	1553.53
518	18.4265	1553.46
519	18.4651	1552.61
520	18.5051	1532.5
521	18.5453	1530.13
522	18.5835	1527.7
523	18.6257	1527.41
524	18.6651	1526.15
525	16.2364	1524.58
526	16.2765	1524.55
527	16.3149	1524.47
528	16.3546	1512.77
529	16.3954	1508.91
530	16.4371	1508.84
531	16.4819	1508.79
532	16.5292	1503.91
533	16.5687	1486
534	16.6082	1485.88
535	16.6486	1484.87
536	16.6919	1484.39
537	16.7343	1483.86
538	16.773	1478.64
539	16.8153	1478.52
540	16.8567	1478.25
541	16.8954	1466.66
542	16.9378	1466.59
543	16.9775	1466.57
544	17.0199	1451.99
545	17.0593	1451.92
546	17.1024	1441.66
547	17.145	1440.66
548	17.1862	1433.45
549	17.2271	1433.37
550	17.2687	1433.34
551	17.3073	1433.31
552	17.3455	1432.86
553	17.3886	1432.24
554	17.4273	1420.75
555	17.4672	1414.84
556	17.507	1414.7
557	17.548	1414.21
558	17.5908	1413.86
559	17.6294	1413.81
560	17.6705	1413.16
561	17.7133	1411.77
562	17.7537	1411.58
563	17.7983	1409.9
564	17.8438	1409.86
565	17.885	1409.17
566	17.9236	1408.74
567	17.9682	1408.18
568	18.0088	1407.04
569	18.0487	1405.7
570	18.0942	1405.36
571	18.1331	1404.4
572	18.1763	1403.5
573	18.2163	1401.03
574	18.2583	1400.88
575	18.3001	1400.56
576	18.3389	1400.52
577	18.3815	1395.57
578	18.421	1395.4
579	18.4617	1394.83
580	18.5012	1394.75
581	18.5405	1394.42
582	18.5856	1394.4
583	18.6274	1376.37
584	18.6668	1375.97
585	18.71	1372.66
586	18.7497	1371.9
587	18.7909	1371.72
588	18.8376	1370.44
589	18.8772	1370.34
590	18.9191	1370.33
591	18.9623	1368.11
592	19.0028	1367.48
593	19.045	1364.66
594	19.087	1363.77
595	19.13	1363.76
596	19.1721	1359.2
597	19.2144	1354.36
598	19.2554	1354.35
599	19.2957	1354.32
600	19.339	1353.8
601	19.379	1352.96
602	19.4224	1352.94
603	19.4651	1351.79
604	19.5065	1351.78
605	19.5483	1348.64
606	19.5919	1348.54
607	19.6339	1348.46
608	19.6756	1346.57
609	19.718	1346.53
610	19.7607	1345.86
611	19.8007	1344.45
612	19.8471	1341.59
613	19.8886	1341.29
614	19.9284	1337.79
615	19.9742	1337.64
616	20.016	1328.81
617	20.056	1328.8
618	20.1253	1326.4
619	20.1723	1320.16
620	20.2126	1320.11
621	20.2561	1317.94
622	20.2988	1317.69
623	20.3393	1317.67
624	20.3819	1316.03
625	20.4285	1315.86
626	20.4689	1314.92
627	20.509	1311.02
628	20.5552	1288.81
629	20.5982	1288.56
630	20.6399	1285.28
631	20.6839	1285.05
632	20.7248	1284.96
633	20.7678	1284.5
634	20.8119	1284.38
635	20.8533	1284.25
636	20.8973	1284.22
638	20.9817	1275.72
639	21.0246	1268.68
640	21.0669	1268.68
641	21.1107	1268.64
642	21.1507	1267.79
643	21.192	1267.77
644	21.2368	1267.75
645	21.278	1250.86
646	21.3201	1250.41
647	21.363	1243.24
648	21.403	1241.08
649	21.4512	1227.12
650	21.4914	1200.24
651	21.5328	1197.32
652	21.5796	1197.25
653	21.6228	1197.2
654	21.6635	1197
655	21.7071	1196.29
656	21.7481	1194.83
657	21.7882	1190.38
658	21.8321	1190.31
659	21.8733	1182.8
660	21.9151	1181.36
661	21.9582	1180.96
662	22.0002	1180.95
663	22.0443	1179.1
664	22.085	1170.84
665	22.1284	1169.5
666	22.1707	1167.1
667	22.2136	1165.38
668	22.2542	1158.43
669	22.2949	1155.55
670	22.3424	1155.53
671	22.3835	1155.37
672	22.4279	1154.14
673	22.4694	1153.75
674	22.511	1153.56
675	22.5615	1151.75
676	22.6042	1151.71
677	22.6468	1151.71
678	22.6898	1151.48
679	22.7343	1148.87
680	22.7751	1146.23
681	22.8181	1145.83
682	22.8601	1145.82
684	22.9465	1145.58
685	22.9879	1145.27
686	23.0324	1145.24
687	23.073	1144.61
688	23.1139	1141.16
689	23.1588	1139.29
690	23.2061	1137.86
691	23.2512	1137.85
692	23.2998	1137.26
693	23.3465	1135.33
694	23.3913	1132.25
695	23.4352	1131.93
696	23.4769	1130.5
697	23.5219	1130.5
698	23.5659	1130.4
699	23.6091	1121.52
700	23.6538	1120.74
701	23.6965	1115.91
702	23.7409	1115.34
703	23.7824	1115.3
704	23.8264	1113.53
705	23.8683	1113.09
706	23.9126	1112.49
707	23.9558	1112.48
708	23.9988	1112.08
709	24.0438	1112.07
710	24.0867	1112.06
711	24.1308	1112.03
712	24.1761	1108.34
713	24.2184	1108.21
714	24.26	1108.19
715	24.3071	1106.72
716	24.3487	1106.71
717	24.3926	1106.57
718	24.438	1103.46
719	24.4792	1103.28
720	24.524	1103.28
721	24.567	1098.03
722	24.6092	1097.4
723	24.6546	1097.39
724	24.6984	1097.34
725	24.74	1097.03
726	24.7853	1090.65
727	24.829	1090.24
728	24.8759	1090.01
729	24.9225	1089.48
730	24.9654	1089.48
731	25.0129	1086.71
732	25.0549	1086.6
733	25.1004	1078.57
735	25.1857	1078.36
736	25.2338	1072.65
737	25.2764	1071.86
738	25.3234	1071.75
739	25.3697	1071.65
740	25.4129	1069.09
741	25.4603	1067.83
742	25.5034	1037.64
743	25.5619	1037.47
744	25.6135	1037.37
745	25.6586	1037.37
746	25.7033	1036.72
747	25.7479	1036.69
748	25.7944	1036.21
749	25.8403	1035.02
750	25.8853	1035
751	25.9321	1034.98
752	25.974	1015.93
753	26.0215	1015.92
754	26.0641	1010.19
755	26.1106	1010.18
756	26.1529	1008.65
757	26.1975	1007.77
758	26.2428	1007.56
759	26.285	1007.47
760	26.33	1007.27
761	26.3727	1006.64
762	26.4204	1006.4
763	26.4645	1005.38
764	26.5078	1001.89
765	26.554	1001.88
766	26.5995	998.185
767	26.6429	998.146
768	26.6881	997.294
769	26.7314	997.067
770	26.7786	996.961
771	26.8246	992.863
772	26.868	990.497
773	26.9112	980.896
774	26.9554	980.895
775	26.9985	980.88
776	27.0421	980.709
777	27.09	980.222
778	27.1372	979.895
779	27.1802	979.647
780	27.2289	977.58
781	27.2746	976.727
782	27.3266	971.81
783	27.3724	971.658
784	27.4177	970.985
785	27.4653	970.97
786	27.5106	969.145
787	27.5554	969.105
788	27.6018	963.311
789	27.6487	963.291
790	27.6951	962.864
791	27.741	962.335
792	27.7898	962.315
793	27.8333	961.652
794	27.8777	960.655
795	27.9252	960.642
796	27.9701	948.063
797	28.0148	946.683
798	28.058	946.273
799	28.1046	943.578
800	28.1499	942.606
801	28.1965	942.601
802	28.2435	942.157
803	28.2861	941.882
804	28.3322	941.432
805	28.3752	940.604
806	28.424	939.78
807	28.4691	936.505
808	28.5148	935.801
809	28.5616	935.784
810	28.6078	935.579
811	28.6515	935.54
812	28.7004	935.324
813	28.7473	935.301
814	28.7921	934.733
815	28.8385	923.125
816	28.8831	923.119
817	28.9284	923.09
818	28.9725	922.512
819	29.0212	922.159
820	29.0645	920.05
821	29.1103	919.986
822	29.1556	919.984
823	29.1997	918.501
824	29.2463	918.39
825	29.2924	918.389
826	29.3362	918.128
827	29.3844	917.113
828	29.428	916.541
829	29.4759	914.786
830	29.5205	913.521
832	29.6147	913.258
833	29.6614	912.74
834	29.7088	912.289
835	29.7574	912.234
836	29.8012	912.204
837	29.8507	910.93
838	29.8946	910.922
839	29.939	910.899
840	29.9831	910.184
842	30.0778	908.286
843	30.1273	906.61
844	30.1733	906.589
845	30.2212	897.455
846	30.2658	897.263
847	30.31	896.117
848	30.3592	896.105
849	30.4038	895.697
850	30.4517	895.695
851	30.4967	895.673
852	30.5442	895.426
853	30.5921	895.257
854	30.6361	895.159
855	30.6847	895.153
856	30.7316	893.65
857	30.7787	893.631
858	30.8266	893.628
859	30.8749	893.619
860	30.9219	890.155
861	30.9666	890.016
862	31.0144	889.835
863	31.0586	889.831
864	31.107	889.794
865	31.1523	889.579
866	31.2014	889.546
867	31.2459	889.5
868	31.293	883.266
869	31.3376	882.828
870	31.3862	882.51
871	31.4303	882.457
872	31.4792	882.273
873	31.523	882.077
874	31.5705	882.052
875	31.6164	881.826
876	31.6624	881.753
877	31.7094	881.729
878	31.7576	881.314
879	31.8025	881.253
880	31.8479	879.549
881	31.8935	879.306
882	31.9417	877.982
883	31.987	877.972
884	32.0428	877.619
885	32.0885	877.417
886	32.1338	874.442
887	32.1815	874.419
888	32.2314	873.218
889	32.2787	873.171
890	32.324	873.161
891	32.3734	873.15
892	32.4181	873.051
893	32.4685	870.443
894	32.5147	870.393
895	32.5617	869.14
896	32.6066	869.122
897	32.656	868.972
898	32.7012	868.812
899	32.7486	868.81
900	32.8	868.777
901	32.8483	867.797
902	32.8942	867.755
903	32.9438	867.056
904	32.9908	866.93
905	33.0484	865.118
906	33.1281	864.891
907	33.1806	864.809
908	33.2289	864.116
909	33.2743	863.877
910	33.3216	863.367
911	33.3694	863.35
912	33.4148	860.903
913	33.4644	860.785
914	33.5092	860.415
916	33.6056	860.38
917	33.6524	859.931
918	33.7032	859.738
919	33.7494	859.706
920	33.8001	858.979
921	33.8467	858.738
922	33.8972	858.735
923	33.9438	856.522
924	33.9896	847.574
925	34.0385	847.519
926	34.0851	847.429
927	34.1316	847.415
928	34.1781	845.748
929	34.2268	845.659
930	34.2733	845.656
931	34.319	844.275
932	34.3684	843.88
933	34.4153	842.843
935	34.5107	842.817
936	34.5565	838.301
937	34.605	836.906
938	34.6522	836.892
939	34.7001	836.853
940	34.7472	836.672
942	34.8404	836.66
943	34.8889	835.688
944	34.9338	835.663
945	34.9832	824.727
946	35.0319	824.605
948	35.1253	824.555
949	35.1702	824.551
951	35.2702	824.34
952	35.3151	823.93
953	35.3652	823.831
954	35.4105	823.647
955	35.4587	823.496
956	35.5056	815.189
957	35.5545	815.179
958	35.601	815.054
959	35.6471	814.623
960	35.6977	814.537
961	35.7435	814.348
962	35.7913	814.305
963	35.8387	814.213
964	35.8838	814.026
965	35.9327	813.987
966	35.9814	813.845
967	36.0319	810.547
968	36.08	809.33
969	36.1277	809.327
970	36.1773	809.221
971	36.2257	808.938
972	36.277	808.92
973	36.3228	808.838
974	36.3708	808.787
975	36.4164	808.78
976	36.465	808.775
977	36.5141	808.775
978	36.565	800.789
979	36.6177	800.667
980	36.6669	799.742
981	36.7146	799.736
982	36.7709	799.471
983	36.821	799.454
984	36.8785	799.418
985	36.9273	795.017
986	36.978	794.567
987	37.0256	793.838
988	37.0742	791.047
989	37.1204	791.019
990	37.1711	790.596
991	37.2199	790.136
992	37.27	790.07
993	37.3181	790.001
994	37.3653	789.806
995	37.4157	789.188
996	37.4636	789.075
997	37.5162	788.502
1000	37.6565	788.287
1001	37.7075	788.142
1002	37.7556	788.131
1003	37.8064	788.1
1004	37.8552	786.243
1005	37.9042	785.52
1006	37.9503	784.282
1007	37.9983	779.17
1008	38.0479	779.045
1009	38.0978	776.593
1010	38.1475	776.549
1011	38.1958	776.515
1012	38.248	776.43
1013	38.2948	776.307
1014	38.3438	776.248
1015	38.3921	776.216
1016	38.4389	776.179
1017	38.49	776.179
1018	38.5377	776.153
1019	38.588	772.426
1020	38.6337	772.32
1021	38.6834	772.096
1022	38.7359	772.059
1024	38.8308	772.046
1025	38.8811	772.041
1026	38.927	772.031
1027	38.9754	771.138
1028	39.0251	770.208
1029	39.0705	769.9
1030	39.1231	769.822
1031	39.1808	769.818
1032	39.2295	769.74
1033	39.279	769.654
1034	39.3277	768.321
1035	39.3775	768.183
1036	39.4264	767.097
1037	39.4744	767.096
1038	39.5235	767.094
1039	39.5715	764.906
1040	39.6204	764.731
1041	39.6701	763.326
1042	39.7161	763.279
1044	39.8178	762.45
1045	39.8685	761.992
1046	39.9174	761.272
1047	39.9662	761.258
1048	40.0167	760.977
1049	40.0633	760.977
1050	40.1127	760.969
1051	40.161	760.951
1052	40.2074	756.802
1053	40.2584	756.697
1054	40.3104	756.684
1055	40.3575	756.541
1056	40.4059	756.536
1057	40.4551	756.496
1058	40.5057	756.32
1059	40.554	756.216
1060	40.6027	756.193
1061	40.6503	753.124
1062	40.7017	751.139
1063	40.7548	751.127
1064	40.8015	750.868
1065	40.8503	750.596
1066	40.9001	750.539
1067	40.9475	750.473
1068	40.9997	750.397
1069	41.0488	750.362
1071	41.1463	750.22
1072	41.198	750.119
1073	41.2478	749.209
1075	41.3485	749.115
1076	41.3975	748.641
1077	41.4449	748.585
1078	41.4997	748.455
1079	41.5531	748.434
1080	41.6097	747.878
1081	41.6572	746.939
1082	41.7095	745.186
1083	41.7583	744.227
1084	41.8099	744.138
1085	41.8605	744.137
1086	41.9088	744.096
1087	41.9559	743.946
1088	42.0065	743.9
1089	42.0555	743.774
1090	42.1029	743.758
1091	42.1543	743.708
1092	42.2022	743.01
1093	42.2538	743.008
1094	42.3002	742.834
1095	42.3514	742.829
1096	42.4008	741.672
1097	42.4511	740.459
1098	42.4985	740.447
1099	42.5509	740.359
1100	42.6021	739.029
1101	42.6506	738.945
1102	42.7018	738.911
1103	42.7505	738.91
1104	42.8026	738.833
1105	42.8507	738.832
1106	42.899	738.556
1107	42.9498	738.519
1108	42.9978	738.487
1109	43.0504	738.468
1110	43.098	738.416
1111	43.1473	735.051
1112	43.1995	733.377
1113	43.2491	732.654
1115	43.346	732.651
1116	43.3976	732.65
1117	43.4461	732.597
1118	43.4981	732.545
1119	43.5459	732.409
1120	43.5988	731.96
1121	43.6502	731.797
1122	43.7021	730.444
1123	43.7518	730.44
1124	43.8006	730.136
1125	43.8544	730.135
1126	43.9041	728.964
1127	43.9587	728.952
1128	44.0092	728.351
1129	44.0611	728.343
1130	44.1113	727.741
1131	44.1615	727.647
1132	44.213	726.362
1133	44.2653	725.903
1134	44.315	725.284
1135	44.3663	724.861
1136	44.4168	722.538
1137	44.4659	721.055
1138	44.5184	720.32
1139	44.5671	719.877
1140	44.6185	719.695
1141	44.667	719.693
1142	44.7192	719.627
1143	44.7675	719.323
1144	44.8211	719.082
1145	44.8729	718.973
1146	44.9209	718.898
1147	44.9719	716.062
1148	45.023	714.348
1149	45.0737	714.282
1150	45.1245	714.133
1151	45.1726	714.098
1152	45.2241	714.092
1153	45.2724	714.089
1154	45.3243	712.856
1155	45.3714	706.088
1156	45.4226	706.085
1157	45.4729	706.072
1158	45.5217	705.985
1160	45.6211	699.825
1161	45.6737	699.741
1162	45.7246	699.738
1163	45.7763	699.702
1164	45.8289	699.588
1165	45.8804	699.585
1166	45.9313	699.526
1167	45.982	698.806
1168	46.0336	698.498
1169	46.0836	697.072
1170	46.131	697.039
1171	46.1838	697.011
1172	46.2345	696.9
1173	46.2871	696.779
1174	46.3401	696.645
1175	46.3897	696.613
1176	46.4427	696.603
1177	46.4919	693.068
1178	46.5466	693.058
1179	46.5962	693.025
1180	46.649	692.633
1181	46.6989	692.626
1182	46.7476	692.474
1183	46.7991	692.328
1184	46.8528	692.251
1185	46.9047	691.533
1186	46.9535	690.907
1187	47.0069	685.192
1188	47.0557	685.188
1189	47.1111	684.83
1190	47.1619	684.795
1191	47.2113	684.624
1192	47.2631	682.734
1193	47.314	682.731
1194	47.3653	682.621
1195	47.4186	682.583
1196	47.4715	681.698
1197	47.5207	681.365
1198	47.5737	681.359
1199	47.6231	681.357
1200	47.6797	680.725
1201	47.7284	680.695
1202	47.7815	680.673
1203	47.8323	680.673
1204	47.8854	680.67
1205	47.9385	680.19
1206	47.9893	680.15
1207	48.0424	680.106
1208	48.0949	673.276
1209	48.1431	673.103
1210	48.1954	672.878
1211	48.2441	672.877
1212	48.2983	671.444
1213	48.3484	670.917
1214	48.4001	670.911
1215	48.4507	670.864
1216	46.0208	670.841
1217	46.0758	670.831
1218	46.1264	669.585
1219	46.1796	669.58
1220	46.237	668.016
1221	46.2882	667.951
1222	46.338	667.902
1223	46.3916	667.864
1224	46.4428	667.637
1225	46.4977	667.567
1226	46.5525	664.623
1228	46.6552	663.928
1229	46.7104	663.866
1230	46.7596	663.86
1231	46.8125	663.853
1232	46.8656	663.743
1233	46.9209	663.688
1234	46.9764	663.679
1235	47.0298	663.538
1236	47.084	663.514
1237	47.1343	663.422
1238	47.185	663.409
1239	47.2411	663.401
1240	47.2928	663.378
1241	47.3452	662.469
1242	47.3971	662.214
1243	47.4495	662.184
1244	47.5017	662.179
1245	47.5543	660.817
1246	47.6045	660.715
1247	47.6573	660.704
1248	47.7064	658.144
1249	47.7583	657.946
1250	47.8083	657.929
1251	47.8589	657.901
1252	47.9141	656.487
1253	47.9632	656.456
1254	48.0144	655.812
1255	48.0687	655.804
1256	48.1186	655.777
1257	48.1728	655.387
1258	48.2259	655.12
1259	48.2775	655.117
1260	48.3292	655.106
1262	48.4327	655.088
1263	48.4858	653.839
1264	48.5351	652.696
1265	48.5909	652.669
1266	48.6427	652.667
1268	48.7478	652.642
1269	48.8031	652.632
1270	48.854	652.624
1271	48.905	652.17
1272	48.9584	651.923
1273	49.0106	651.085
1275	49.1159	650.661
1276	49.1689	649.248
1277	49.2193	648.657
1278	49.2726	648.644
1279	49.3263	648.626
1280	49.3778	648.617
1282	49.4802	648.612
1284	49.5821	648.612
1285	49.6357	645.555
1286	49.6859	645.265
1288	49.7955	645.218
1289	49.8453	645.212
1290	49.9017	645.193
1291	49.9514	644.973
1292	50.003	644.804
1293	50.0579	644.765
1294	50.1081	643.953
1295	50.1634	643.947
1296	50.2186	642.14
1298	50.3252	642.125
1299	50.3756	640.15
1300	50.429	639.829
1301	50.4814	639.678
1302	50.5353	639.672
1303	50.5881	639.511
1304	50.6381	639.28
1305	50.6876	639.267
1306	50.7403	639.211
1307	50.7931	637.284
1308	50.8446	636.615
1309	50.8998	636.614
1310	50.9531	636.553
1311	51.0088	636.22
1312	51.0623	636.192
1313	51.1165	636.184
1314	51.1686	636.18
1315	51.2247	636.156
1317	51.329	635.21
1318	51.3819	634.86
1319	51.4339	634.581
1320	51.491	634.278
1321	51.5429	634.277
1322	51.5962	633.96
1323	51.6491	633.957
1324	51.7054	633.95
1325	51.7599	633.687
1326	51.8095	633.463
1327	51.8637	633.173
1328	51.9138	632.711
1329	51.9664	632.592
1330	52.0177	632.339
1331	52.0733	631.938
1332	52.1245	631.739
1333	52.1791	631.736
1334	52.2315	631.704
1335	52.284	631.68
1336	52.3384	631.63
1337	52.3932	631.182
1339	52.4987	631.134
1340	52.5507	631.113
1341	52.6077	631.104
1342	52.658	631.047
1343	52.7148	630.937
1344	52.7716	630.366
1345	52.8227	629.334
1346	52.8765	626.932
1347	52.9268	624.146
1348	52.9798	624.02
1349	53.0309	623.596
1350	53.0854	623.398
1351	53.1356	623.377
1352	53.1864	623.373
1353	53.2419	623.166
1355	53.3653	622.028
1356	53.4236	621.985
1357	53.4799	621.984
1358	53.5365	621.978
1359	53.5899	620.118
1360	53.6446	617.593
1361	53.6989	617.493
1362	53.7537	617.407
1364	53.8608	617.393
1365	53.9169	617.389
1366	53.9675	617.369
1367	54.023	616.925
1368	54.0782	616.534
1369	54.1291	616.358
1370	54.1843	616.356
1371	54.2382	616.354
1373	54.3439	615.95
1374	54.3949	614.729
1375	54.445	614.625
1376	54.5023	614.248
1377	54.5539	614.246
1378	54.6067	614.237
1379	54.6611	613.958
1380	54.7165	613.871
1381	54.7671	613.282
1382	54.8197	613.273
1383	54.8743	613.27
1384	54.9287	612.681
1385	54.9817	612.544
1386	55.0361	611.258
1387	55.0882	611.228
1388	55.1412	611.127
1389	55.1969	611.125
1390	55.2478	611.118
1391	55.3017	611.11
1392	55.3522	610.262
1393	55.4072	610.229
1394	55.4592	610.223
1395	55.5152	610.15
1396	55.5708	610.149
1397	55.6241	610.074
1398	55.6796	609.912
1399	55.7319	609.816
1400	55.7897	609.813
1401	55.8434	608.943
1402	55.8979	608.658
1403	55.952	608.646
1404	56.0098	607.804
1405	56.0628	607.554
1406	56.1138	607.502
1407	56.1671	607.458
1408	56.2175	607.16
1409	56.2765	607.159
1411	56.3851	602.469
1412	56.4406	602.387
1413	56.4934	602.359
1414	56.5478	601.679
1415	56.6042	601.567
1416	56.6574	601.057
1417	56.7142	600.979
1418	56.7671	600.929
1419	56.8238	600.928
1420	56.8784	600.69
1421	56.932	600.099
1422	56.9844	599.344
1423	57.0411	597.598
1424	57.0972	597.551
1425	57.1498	597.548
1426	57.2039	597.239
1427	57.2551	597.233
1429	57.3655	596.812
1430	57.4241	596.802
1431	57.4787	596.411
1432	57.5312	595.144
1433	57.5842	595.132
1434	57.6409	594.969
1435	57.6942	594.966
1436	57.7564	591.15
1437	57.815	591.14
1438	57.8685	591.138
1439	57.9241	591.032
1440	57.9772	590.959
1441	58.0337	589.706
1442	58.0962	589.67
1443	58.1528	589.519
1444	58.207	589.425
1445	58.2614	589.425
1446	58.3138	589.39
1447	58.3677	589.387
1448	58.4248	589.374
1449	58.4782	589.361
1450	58.5321	589.281
1451	58.5883	582.133
1452	58.6441	582.105
1453	58.6971	581.716
1454	58.7529	581.716
1455	58.8047	581.714
1456	58.8629	581.708
1457	58.9167	581.571
1458	58.9713	581.474
1459	59.0266	581.022
1460	59.0793	580.827
1461	59.1373	580.804
1462	59.1896	580.139
1463	59.2427	580.109
1464	59.2968	579.793
1465	59.3503	579.793
1466	59.408	579.764
1467	59.4615	579.762
1468	59.5159	579.551
1469	59.5671	579.544
1470	59.6233	579.467
1471	59.6745	579.464
1472	59.732	579.435
1473	59.7859	579.392
1474	59.8379	579.009
1475	59.8922	578.85
1476	59.9433	576.853
1477	60.0007	576.538
1478	60.0582	575.906
1479	60.1112	575.862
1480	60.1659	575.737
1481	60.2196	575.737
1482	60.2721	575.715
1483	60.329	575.627
1484	60.3811	575.188
1485	60.4395	575.147
1486	60.5068	575.106
1487	60.6077	572.215
1488	60.6667	571.872
1489	60.7199	571.866
1490	60.7769	571.794
1491	60.8285	571.79
1493	60.9379	571.79
1494	60.9924	571.461
1495	61.0479	570.376
1496	61.1003	570.368
1497	61.1587	570.367
1498	61.214	570.041
1499	61.2677	570.007
1500	61.3215	569.971
1501	61.3759	569.908
1502	61.4287	569.905
1503	61.4845	569.878
1504	61.5386	569.812
1505	61.5944	569.812
1506	61.6478	569.775
1507	61.7018	568.906
1508	61.754	568.377
1509	61.8094	567.304
1510	61.8635	567.294
1511	61.9174	566.815
1512	61.9698	566.744
1513	62.0279	566.675
1514	62.0802	566.586
1515	62.1356	566.577
1516	62.1865	566.538
1517	62.2421	566.436
1518	62.299	566.435
1519	62.3513	566.411
1520	62.4064	566.146
1521	62.4586	566.141
1522	62.5147	566.049
1523	62.5681	565.868
1524	62.6227	565.848
1525	62.6776	565.514
1526	62.7303	565.315
1527	62.7858	565.028
1528	62.8381	565.018
1529	62.8942	564.764
1530	62.9473	564.694
1531	63.0042	564.173
1532	63.0577	563.792
1533	63.1125	563.785
1534	63.1701	563.723
1535	63.2251	563.72
1536	63.2792	563.3
1537	63.3359	563.292
1538	63.3906	563.286
1539	63.4449	563.285
1540	63.4986	563.154
1541	63.5562	563.151
1542	63.6081	563.141
1544	63.7151	563.14
1545	63.7691	562.945
1546	63.8236	562.927
1547	63.8804	562.847
1548	63.9345	562.679
1549	63.9915	562.598
1550	64.0446	562.373
1551	64.0971	562.37
1552	64.1539	561.296
1553	64.2085	560.456
1554	64.2652	560.431
1555	64.3193	560.428
1556	64.3729	560.368
1558	64.4831	559.715
1559	64.5385	559.708
1560	64.5936	559.134
1561	64.646	559.108
1566	64.9185	557.785
1567	64.9719	557.781
1568	65.0276	557.368
1569	65.0792	557.358
1570	65.1339	557.354
1571	65.1875	557.338
1572	65.2434	557.324
1573	65.3	557.151
1574	65.3565	557.147
1575	65.4113	556.789
1576	65.4673	556.78
1577	65.5211	556.475
1578	65.5781	556.474
1579	65.6325	556.471
1580	65.6867	556.465
1581	65.7437	556.211
1582	65.7954	556.107
1583	65.8521	555.947
1584	65.9043	555.936
1585	65.9599	554.582
1586	66.0148	554.568
1587	66.0699	554.55
1588	66.1232	554.214
1589	66.1794	554.2
1590	66.2326	554.197
1591	66.2887	554.19
1592	66.3408	553.965
1593	66.3976	553.951
1594	66.4544	553.331
1596	66.5614	553.305
1597	66.616	553.299
1598	66.6737	553.158
1599	66.7282	553.155
1600	66.7857	553.146
1602	66.8936	553.134
1603	66.9489	551.909
1604	67.0034	551.898
1605	67.0591	551.887
1607	67.1684	551.886
1608	67.2252	551.818
1609	67.2781	551.817
1610	67.3344	551.816
1611	67.3884	551.542
1612	67.4451	551.44
1614	67.5591	551.262
1615	67.6163	551.112
1616	67.6711	548.017
1617	67.7299	547.555
1620	67.8958	547.549
1621	67.9522	547.529
1623	68.0636	547.487
1624	68.1177	547.482
1625	68.1702	545.611
1626	68.2266	545.543
1628	68.337	545.517
1631	68.5062	545.256
1632	68.56	545.243
1633	68.6182	545.234
1634	68.6728	544.542
1636	68.7867	543.824
1637	68.8426	543.823
1638	68.8959	543.814
1639	68.9518	542.843
1640	69.0053	542.707
1641	69.0668	542.587
1642	69.13	542.58
1643	69.1842	542.343
1644	69.2441	542.25
1645	69.2998	542.239
1646	69.3531	542.197
1647	69.4099	540.4
1648	69.4666	539.157
1649	69.5187	539.155
1650	69.5739	539.154
1651	69.6287	539.07
1652	69.685	539.057
1653	69.7376	539.022
1655	69.8461	539.007
1656	69.9052	539.001
1657	69.9584	538.983
1658	70.0152	538.909
1659	70.0711	538.85
1660	70.1282	538.761
1661	70.188	538.742
1662	70.2413	538.627
1663	70.2964	538.624
1665	70.4055	538.588
1666	70.4635	538.412
1667	70.5188	538.202
1668	70.5759	537.002
1669	70.629	537.002
1670	70.6887	536.969
1671	70.7418	536.706
1672	70.7986	536.629
1674	70.907	536.6
1675	70.9644	532.114
1676	71.0182	532.08
1677	71.0754	532.011
1678	71.1331	532.007
1679	71.1896	531.995
1680	71.2447	531.979
1681	71.3033	531.947
1682	71.3588	531.768
1683	71.4164	531.69
1684	71.4701	531.12
1685	71.5271	530.537
1686	71.584	528.89
1687	71.6428	528.574
1688	71.6978	528.136
1689	71.7537	528.012
1690	71.8115	527.838
1691	71.8652	527.828
1692	71.9244	527.807
1693	71.9828	527.67
1695	72.0942	526.972
1696	72.1492	526.96
1698	72.2607	526.959
1699	72.3195	523.877
1700	72.3752	522.211
1701	72.4342	522.169
1702	72.4897	522.117
1704	72.6018	522.115
1705	72.6588	522.111
1706	72.7127	522.082
1707	72.7685	521.93
1708	72.8234	520.816
1709	72.8818	520.707
1710	72.9396	520.705
1711	72.9984	520.696
1712	73.0583	520.695
1713	73.1283	520.656
1714	73.1878	519.881
1715	73.2463	519.859
1716	73.3025	519.715
1717	73.3586	519.698
1718	73.4151	519.695
1719	73.47	519.468
1720	73.5264	519.111
1721	73.5805	519.056
1722	73.6362	519.049
1723	73.6911	519.048
1724	73.751	518.91
1725	73.8071	518.623
1726	73.8601	517.709
1727	73.9177	517.681
1728	73.973	517.59
1729	74.0292	517.589
1730	74.0816	517.583
1731	74.142	517.578
1732	74.2144	516.879
1733	74.279	516.871
1734	74.3377	516.864
1735	74.3936	516.778
1736	74.4485	516.774
1737	74.5056	516.76
1738	74.5588	516.661
1739	74.6181	515.427
1740	74.6727	515.427
1741	74.7294	515.265
1742	74.7868	515.255
1743	74.842	515.237
1744	74.9016	514.732
1745	74.9557	512.157
1746	75.0158	512.136
1747	75.0702	512.127
1748	75.126	512.012
1749	75.18	512.009
1751	75.3216	511.652
1752	75.3866	511.611
1753	75.4442	511.602
1754	75.5078	511.506
1755	75.568	511.422
1756	75.6301	510.946
1757	75.6882	510.875
1758	75.7513	510.796
1759	75.8128	510.795
1760	75.8695	510.744
1761	75.9298	510.689
1762	75.9857	510.515
1763	76.051	508.814
1764	76.1088	508.659
1765	76.1663	508.658
1766	76.2258	508.596
1767	76.2819	508.477
1768	76.3415	508.475
1769	76.3979	508.3
1770	76.4535	508.299
1771	76.5154	508.288
1772	76.5683	507.881
1773	76.6249	507.86
1774	76.678	507.668
1775	76.7331	507.667
1776	76.7879	503.947
1778	76.8986	503.937
1779	76.9555	503.847
1780	77.0105	503.029
1781	77.0697	502.196
1782	77.1239	502.196
1783	77.1829	502.084
1784	77.2393	502.018
1785	77.2983	502.018
1786	77.3532	501.987
1787	77.4099	501.982
1789	77.5208	501.971
1790	77.5774	501.923
1791	77.637	496.611
1792	77.6922	496.586
1793	77.7482	495.859
1794	77.8013	495.858
1796	77.9189	495.852
1797	77.9731	495.84
1798	78.0325	495.808
1799	78.087	495.69
1800	78.1444	495.35
1801	78.1978	495.323
1802	75.7751	494.89
1803	75.8285	494.888
1804	75.8859	494.656
1805	75.9395	494.656
1807	76.051	494.654
1808	76.1075	494.643
1809	76.161	494.637
1810	76.2185	494.625
1811	76.2741	494.623
1812	76.3291	494.618
1813	76.3839	494.556
1814	76.4406	494.426
1815	76.4971	492.478
1816	76.5531	490.28
1817	76.6128	490.27
1818	76.667	489.762
1819	76.7252	489.512
1820	76.7785	489.282
1821	76.8362	489.282
1822	76.8897	489.268
1823	76.9491	488.584
1824	77.0073	488.562
1825	77.0625	488.554
1826	77.1265	488.528
1827	77.1811	486.516
1828	77.2387	486.268
1829	77.2921	486.267
1830	77.3499	486.139
1831	77.4047	486.135
1833	77.5223	486.132
1834	77.5822	485.684
1835	77.6376	485.119
1836	77.7011	484.924
1837	77.7605	484.923
1838	77.8162	484.878
1839	77.8723	484.78
1840	77.9293	484.763
1841	77.9834	484.737
1842	78.0413	484.734
1844	78.157	484.637
1845	78.2116	484.624
1846	78.2697	484.618
1847	78.3261	484.014
1848	78.3857	483.833
1849	78.4407	483.224
1851	78.5493	483.058
1852	78.6078	482.901
1853	78.6613	482.868
1854	78.718	482.791
1855	78.7722	482.753
1856	78.827	482.732
1857	78.8822	482.719
1858	78.9427	482.714
1859	79.001	482.711
1860	79.0546	482.626
1861	79.1116	482.618
1862	79.1648	482.196
1863	79.2245	482.151
1864	79.297	482.102
1865	79.3655	482.083
1866	79.4374	482.027
1867	79.4947	480.607
1868	79.5525	480.605
1869	79.6124	480.152
1870	79.669	480.144
1871	79.724	479.991
1872	79.7804	479.242
1874	79.896	479.041
1875	79.9494	479.03
1876	80.0097	478.787
1877	80.0648	478.784
1878	80.1245	478.782
1879	80.1799	478.781
1881	80.2936	478.778
1882	80.3487	478.774
1883	80.4088	478.771
1885	80.5227	478.515
1886	80.5759	478.49
1887	80.6329	478.36
1888	80.6864	478.318
1889	80.7432	478.269
1890	80.7976	478.206
1892	80.9097	478.146
1893	80.9667	477.055
1895	81.0795	477.05
1896	81.1339	476.84
1897	81.1921	476.836
1898	81.2461	476.485
1899	81.3046	476.481
1900	81.3626	476.31
1902	81.4759	476.308
1904	81.5872	476.305
1905	81.642	476.271
1906	81.6966	475.221
1907	81.7517	475.211
1908	81.8085	474.823
1910	81.9263	474.822
1911	81.9825	474.805
1912	82.0378	474.802
1913	82.0956	474.798
1914	82.1492	474.786
1915	82.2081	474.717
1916	82.2639	474.703
1917	82.3215	474.655
1918	82.3751	474.653
1919	82.435	474.653
1921	82.548	474.409
1922	82.6039	473.969
1923	82.6591	473.929
1924	82.7169	473.929
1925	82.7731	473.19
1926	82.8293	473.178
1927	82.8857	473.173
1928	82.9397	473.122
1929	82.9982	473.103
1932	83.1663	472.567
1933	83.2214	472.566
1934	83.283	471.834
1935	83.3394	471.834
1936	83.3998	471.829
1937	83.4549	471.799
1938	83.5134	471.604
1939	83.5677	471.6
1940	83.6273	471.526
1942	83.7404	471.508
1943	83.7946	470.754
1944	83.8522	470.744
1945	83.9067	470.743
1946	83.966	470.729
1948	84.0771	470.707
1951	84.2501	470.505
1952	84.3111	470.028
1953	84.3658	469.693
1955	84.4816	469.622
1956	84.5375	468.028
1957	84.5935	467.219
1960	84.7636	467.212
1961	84.8177	467.163
1962	84.8757	467.163
1963	84.9305	466.797
1964	84.9867	466.796
1965	85.0414	466.256
1966	85.1	466.141
1968	85.212	466.137
1969	85.2712	466.133
1971	85.3846	465.951
1973	85.4949	465.946
1974	85.5523	465.858
1977	85.7256	465.855
1978	85.7842	465.835
1979	85.8399	465.776
1981	85.9577	465.748
1984	86.1257	465.745
1985	86.1867	465.729
1987	86.2973	464.786
1991	86.5249	464.759
1993	86.6418	464.752
1994	86.7023	464.736
1995	86.7577	464.731
1996	86.8147	464.728
1997	86.8723	464.696
1998	86.9278	464.657
1999	86.985	464.651
2000	87.0414	464.433
2001	87.0996	464.412
2003	87.2121	464.411
2005	87.3298	464.395
2006	87.3865	464.169
2007	87.4467	463.979
2008	87.5002	463.582
2009	87.5605	463.582
2010	87.6163	463.544
2011	87.6726	463.326
2012	87.7299	463.092
2014	87.8449	463.043
2015	87.9037	463.018
2017	88.016	462.917
2020	88.1858	462.873
2021	88.2446	462.844
2024	88.4116	462.431
2025	88.471	462.048
2026	88.5251	461.045
2027	88.579	460.581
2028	88.6349	459.525
2029	88.6888	459.403
2031	88.807	459.402
2032	88.8627	459.402
2033	88.9203	459.396
2035	89.0459	459.167
2036	89.1057	459.139
2038	89.2203	459.138
2039	89.2769	458.294
2040	89.3345	457.208
2041	89.3927	456.973
2042	89.4481	456.873
2044	89.5587	456.873
2046	89.6761	456.871
2047	89.7337	456.794
2048	89.7902	456.54
2049	89.845	456.523
2050	89.9035	456.521
2051	89.9599	456.521
2053	90.0733	456.499
2054	90.1346	455.694
2055	90.1923	455.687
2056	90.2499	455.583
2057	90.3062	455.581
2058	90.3644	455.512
2059	90.4202	455.387
2060	90.477	455.143
2061	90.5364	454.984
2063	90.6512	454.984
2064	90.7067	454.902
2065	90.7649	454.686
2066	90.8192	454.05
2067	90.881	454.017
2068	90.9358	453.88
2069	90.9958	453.88
2070	91.0545	453.875
2071	91.1115	453.875
2072	91.1711	452.901
2073	91.228	452.898
2075	91.3418	452.839
2076	91.3974	452.834
2077	91.4546	452.816
2078	91.512	452.812
2079	91.5721	451.803
2080	91.6295	451.803
2081	91.6884	451.515
2082	91.7439	451.458
2083	91.802	451.457
2084	91.8598	450.367
2085	91.9199	450.317
2087	92.0338	450.308
2088	92.0899	450.286
2089	92.1485	450.286
2091	92.265	450.057
2092	92.3205	449.994
2093	92.3791	449.994
2094	92.4361	449.711
2095	92.4954	449.649
2096	92.5521	449.434
2097	92.6086	449.378
2099	92.7232	449.377
2100	92.7831	449.292
2101	92.8388	449.266
2102	92.898	449.183
2103	92.9595	448.247
2104	93.0132	447.994
2105	93.0745	447.98
2106	93.1296	447.921
2109	93.2986	447.768
2110	93.3596	447.765
2111	93.4158	447.761
2112	93.4721	446.667
2113	93.5278	446.664
2114	93.5822	446.663
2115	93.6408	446.633
2116	93.6963	443.902
2118	93.8126	443.899
2119	93.8682	443.822
2120	93.9248	442.831
2121	93.981	442.549
2122	94.0398	442.548
2123	94.0951	442.46
2124	94.1536	442.406
2125	94.2091	442.406
2127	94.3246	442.405
2129	94.4371	442.402
2130	94.4951	442.33
2131	94.5504	434.605
2132	94.6095	434.596
2133	94.6681	434.465
2135	94.7798	434.464
2136	94.8401	434.463
2137	94.8957	434.45
2138	94.9553	434.39
2139	95.0106	434.296
2140	95.0682	434.057
2141	95.1289	434.053
2142	95.1851	433.769
2144	95.2969	433.515
2147	95.4709	433.513
2148	95.5296	433.51
2149	95.5859	433.505
2150	95.6405	433.489
2151	95.6985	433.487
2153	95.812	433.364
2154	95.8675	433.159
2155	95.9278	433.051
2156	95.9818	431.307
2157	96.0402	431.267
2158	96.1026	430.805
2159	96.1613	430.753
2160	96.2216	430.634
2161	96.2773	430.633
2162	96.3349	430.625
2163	96.3911	430.593
2164	96.4479	430.578
2166	96.5638	430.567
2167	96.6203	428.564
2168	96.6777	428.086
2169	96.7381	428.086
2170	96.7927	428.016
2171	96.8513	428.015
2173	96.9653	428.015
2174	97.0213	427.63
2175	97.0781	427.466
2176	97.1358	427.405
2177	97.1927	427.403
2178	97.2486	427.373
2179	97.3043	427.32
2180	97.3599	427.315
2181	97.4198	427.292
2182	97.4772	427.292
2183	97.5321	427.267
2184	97.5942	427.194
2185	97.6524	427.181
2186	97.7091	427.176
2187	97.7681	426.666
2188	97.8237	426.588
2189	97.8828	426.429
2191	97.9943	426.326
2192	98.0524	426.265
2193	98.107	426.249
2194	98.1668	426.211
2196	98.2805	425.78
2199	98.4559	425.773
2200	98.5145	425.715
2201	98.5781	425.715
2202	98.6329	425.262
2203	98.6889	425.09
2204	98.7452	425.066
2205	98.8037	424.944
2206	98.8601	424.935
2207	98.9185	423.878
2208	98.976	423.876
2209	99.0314	423.647
2210	99.0885	423.615
2211	99.1437	423.528
2212	99.2043	423.138
2213	99.2612	423.101
2214	99.3228	423.033
2215	99.3793	423.024
2216	99.4388	422.695
2217	99.4941	422.683
2218	99.5561	422.683
2219	99.6113	422.682
2220	99.6672	422.675
2221	99.7237	422.675
2222	99.783	422.672
2223	99.8411	422.672
2224	99.9002	422.668
2227	100.074	422.626
2228	100.13	422.608
2229	100.189	422.545
2230	100.244	422.417
2231	100.304	422.412
2232	100.361	421.945
2233	100.424	421.365
2234	100.481	421.357
2235	100.537	421.355
2236	100.597	421.29
2238	100.712	421.28
2240	100.827	421.181
2243	101.005	421.164
2244	101.061	421.03
2245	101.119	420.948
2246	101.175	419.257
2247	101.232	419.256
2248	101.29	418.994
2251	101.464	418.952
2254	101.714	418.949
2255	101.771	418.93
2256	101.829	418.921
2257	101.885	418.906
2260	102.061	418.903
2261	102.119	418.591
2263	102.234	418.454
2264	102.292	418.441
2265	102.349	417.931
2266	102.41	417.93
2268	102.526	417.849
2269	102.581	417.838
2270	102.642	417.836
2272	102.757	417.623
2273	102.812	417.617
2274	102.872	417.37
2275	102.931	417.367
2276	102.988	417.365
2277	103.044	417.352
2278	103.101	417.305
2279	103.163	417.303
2280	103.222	417.3
2282	103.346	417.279
2283	103.401	416.369
2284	103.461	416.365
2285	103.518	416.353
2286	103.574	416.28
2288	103.688	416.253
2290	103.802	416.252
2291	103.857	415.125
2292	103.918	414.809
2295	104.088	414.312
2296	104.148	411.947
2297	104.205	410.636
2298	104.267	410.635
2299	104.329	410.629
2300	104.396	410.627
2301	104.451	410.581
2303	104.567	409.437
2304	104.632	409.436
2305	104.704	409.099
2306	104.766	409.006
2311	105.061	408.706
2313	105.173	408.7
2314	105.233	408.099
2316	105.351	407.949
2317	105.407	407.944
2318	105.467	407.853
2319	105.527	407.836
2323	105.769	407.085
2325	105.888	407.062
2327	106.004	406.383
2328	106.067	406.38
2329	106.127	406.379
2331	106.245	406.357
2332	106.301	406.355
2333	106.362	406.347
2335	106.477	406.327
2336	106.536	406.327
2337	106.593	406.322
2338	106.653	406.314
2339	106.71	406.268
2340	106.771	404.65
2343	106.943	404.648
2345	107.058	404.641
2346	107.115	404.514
2347	107.173	404.36
2348	107.229	404.068
2349	107.286	403.932
2350	107.341	403.845
2351	107.4	403.649
2358	107.812	403.649
2359	107.873	403.644
2360	107.93	403.471
2361	107.988	403.332
2362	105.567	403.219
2364	105.688	402.926
2365	105.751	402.722
2366	105.808	402.144
2367	105.866	401.545
2368	105.922	400.6
2369	105.983	400.58
2371	106.103	400.577
2372	106.163	400.576
2373	106.221	400.574
2376	106.396	400.57
2377	106.453	400.569
2379	106.572	399.856
2380	106.63	399.297
2381	106.691	399.146
2382	106.749	399.102
2385	106.921	399.101
2386	106.981	398.92
2387	107.04	398.785
2388	107.097	398.594
2389	107.155	398.588
2390	107.211	398.583
2391	107.273	398.579
2392	107.33	398.578
2393	107.388	398.528
2394	107.446	397.921
2395	107.507	397.894
2396	107.567	397.849
2397	107.622	397.847
2398	107.681	397.84
2399	107.743	397.776
2400	107.802	397.54
2401	107.863	397.524
2402	107.925	397.522
2404	108.049	397.361
2405	108.105	397.188
2406	108.164	396.974
2407	108.221	396.915
2408	108.282	396.867
2409	108.341	396.866
2410	108.401	396.863
2411	108.457	396.863
2412	108.519	396.628
2413	108.574	396.626
2414	108.631	396.604
2416	108.745	396.6
2417	108.806	396.598
2418	108.865	396.583
2419	108.922	396.533
2420	108.983	396.533
2421	109.041	395.94
2423	109.157	395.932
2424	109.219	393.959
2425	109.275	393.898
2426	109.333	393.875
2427	109.39	393.863
2428	109.453	393.857
2429	109.511	393.856
2431	109.629	393.675
2432	109.688	393.622
2435	109.863	393.575
2436	109.924	393.557
2437	109.982	393.519
2439	110.103	393.518
2440	110.161	393.49
2441	110.217	393.359
2442	110.282	393.316
2443	110.345	392.92
2444	110.404	392.914
2445	110.465	392.901
2446	110.521	392.779
2448	110.639	392.778
2449	110.7	392.486
2450	110.756	392.483
2451	110.814	392.461
2452	110.873	391.56
2453	110.933	391.556
2454	110.99	391.555
2455	111.052	391.552
2456	111.109	389.929
2459	111.287	389.896
2460	111.344	389.184
2461	111.402	388.979
2462	111.461	388.979
2464	111.577	388.959
2465	111.633	388.959
2467	111.753	388.956
2469	111.87	388.952
2470	111.928	388.907
2471	111.984	381.691
2472	112.045	381.684
2473	112.138	381.574
2474	112.252	381.574
2475	112.353	381.573
2476	112.412	381.572
2477	112.479	381.537
2478	112.536	381.507
2479	112.6	381.469
2480	112.665	381.447
2481	112.723	381.444
2482	112.781	381.255
2484	112.896	381.214
2485	112.958	381.212
2486	113.02	381.197
2487	113.076	381.196
2488	113.138	381.192
2490	113.258	381.191
2491	113.32	381.19
2493	113.455	381.122
2494	113.524	381.093
2495	113.586	381.007
2496	113.647	379.484
2497	113.708	379.272
2498	113.766	378.873
2499	113.832	378.871
2500	113.891	378.871
2502	114.037	378.866
2503	114.1	378.831
2506	114.278	378.807
2507	114.334	377.038
2508	114.393	376.936
2509	114.452	376.932
2510	114.51	376.886
2511	114.568	376.884
2512	114.626	376.876
2513	114.7	376.876
2514	114.775	376.633
2515	114.838	376.591
2516	114.9	376.551
2517	114.958	376.549
2518	115.022	376.549
2519	115.081	376.51
2520	115.145	376.504
2521	115.202	376.495
2522	115.263	376.492
2523	115.322	376.465
2524	115.382	376.381
2525	115.439	376.367
2527	115.562	375.949
2528	115.619	375.729
2529	115.678	375.317
2531	115.798	375.293
2532	115.856	375.266
2533	115.913	375.248
2534	115.974	375.241
2536	116.094	375.231
2537	116.155	375.219
2538	116.213	375.216
2539	116.279	375.215
2540	116.337	375.142
2543	116.522	375.139
2544	116.585	375.123
2545	116.645	375.008
2546	116.708	375.005
2547	116.765	374.017
2549	116.89	373.909
2551	117.013	373.814
2552	117.076	373.478
2553	117.134	373.465
2554	117.196	373.417
2555	117.257	373.411
2556	117.319	373.047
2557	117.38	373.043
2558	117.444	373.034
2559	117.509	373.034
2560	117.568	373.031
2561	117.626	373.031
2562	117.682	373.029
2563	117.745	373.028
2566	117.923	373.011
2567	117.985	372.956
2568	118.043	372.956
2569	118.109	372.913
2570	118.166	372.809
2571	118.226	372.8
2572	118.285	372.142
2573	118.341	371.975
2575	118.458	371.961
2576	118.518	371.5
2577	118.574	371.492
2578	118.633	371.188
2579	118.69	371.186
2580	118.749	371.136
2582	118.868	371.136
2583	118.924	371.135
2584	118.985	370.563
2585	119.045	370.55
2586	119.103	370.012
2587	119.161	370.008
2588	119.218	369.76
2591	119.394	369.743
2592	119.45	369.735
2594	119.567	369.725
2595	119.627	369.661
2596	119.686	369.656
2597	119.742	369.641
2598	119.804	369.637
2599	119.863	369.637
2600	119.921	369.603
2601	119.983	369.411
2602	120.039	369.405
2603	120.098	369.145
2604	120.161	369.139
2605	120.223	368.56
2606	120.285	368.559
2608	120.4	368.278
2609	120.46	368.273
2612	120.637	367.65
2613	120.697	367.602
2614	120.753	367.493
2615	120.813	367.492
2616	120.872	367.479
2617	120.934	367.474
2618	120.993	367.377
2619	121.052	367.376
2620	121.109	367.322
2621	121.166	367.322
2622	121.227	367.319
2623	121.287	366.457
2624	121.345	366.444
2625	121.405	366.432
2626	121.466	366.204
2628	121.588	366.201
2630	121.707	366.2
2631	121.77	366.025
2632	121.828	365.079
2634	121.945	365
2635	122.005	364.822
2636	122.065	363.444
2637	122.124	362.355
2638	122.19	362.355
2639	122.251	362.35
2640	122.311	362.35
2641	122.369	362.307
2642	122.43	362.306
2645	122.609	361.966
2648	122.787	361.963
2651	122.965	361.868
2653	123.081	361.868
2654	123.141	361.759
2657	123.319	361.753
2658	123.379	361.745
2659	123.436	361.542
2660	123.498	361.537
2661	123.561	361.519
2664	123.736	361.213
2666	123.855	361.148
2667	123.913	360.486
2668	123.971	360.479
2669	124.031	360.479
2670	124.089	360.474
2671	124.15	360.473
2673	124.268	360.468
2674	124.327	360.466
2677	124.503	360.389
2678	124.566	360.382
2679	124.627	360.379
2680	124.685	359.19
2683	124.864	359.189
2685	124.986	359.188
2687	125.103	359.109
2688	125.159	358.97
2689	125.222	358.9
2690	125.282	358.882
2691	125.337	358.767
2693	125.458	358.765
2697	125.698	358.719
2698	125.758	358.715
2699	125.818	358.675
2700	125.877	358.663
2701	125.939	358.586
2702	125.998	358.507
2704	126.113	358.09
2705	126.174	357.942
2706	126.236	357.711
2707	126.294	356.871
2708	126.355	356.591
2712	126.595	356.585
2713	126.652	356.575
2716	126.831	356.572
2718	126.958	356.572
2719	127.016	355.761
2720	127.074	355.569
2721	127.134	355.528
2722	127.191	355.489
2724	127.312	355.488
2725	127.371	355.487
2726	127.429	355.457
2727	127.487	355.249
2728	127.547	355.095
2729	127.604	355.078
2730	127.665	355.076
2731	127.725	355.073
2733	127.841	355.062
2734	127.9	354.595
2735	127.963	354.593
2736	128.021	354.544
2738	128.142	354.498
2739	128.201	354.398
2740	128.258	354.226
2741	128.318	354.212
2742	128.377	354.21
2744	128.494	354.029
2745	128.557	353.921
2746	128.613	353.644
2747	128.677	353.592
2748	128.738	353.549
2749	128.797	353.548
2750	128.855	353.544
2751	128.914	353.543
2752	128.974	353.008
2753	129.035	353.007
2754	129.092	352.998
2755	129.152	352.979
2756	129.211	352.978
2758	129.338	352.974
2759	129.394	352.917
2760	129.452	352.916
2761	129.51	352.78
2763	129.628	352.776
2764	129.685	351.358
2765	129.744	351.319
2766	129.804	351.309
2767	129.864	351.286
2769	129.989	351.284
2771	130.11	351.149
2772	130.169	351.109
2773	130.229	351.109
2775	130.344	351.065
2776	130.401	351.039
2777	130.463	351.008
2778	130.52	351.007
2779	130.583	351.006
2780	130.64	350.949
2781	130.702	350.918
2782	130.761	350.909
2783	130.82	350.637
2784	130.877	350.506
2786	130.995	350.471
2787	131.053	350.443
2788	131.114	350.442
2789	131.17	350.196
2790	131.234	350.193
2791	131.294	349.842
2792	131.352	349.062
2794	131.471	349.062
2795	131.532	349.043
2796	131.589	347.495
2798	131.714	347.493
2799	131.773	347.458
2800	131.835	346.985
2801	131.893	346.78
2802	131.954	346.779
2803	132.015	346.75
2804	132.073	346.744
2805	132.135	346.743
2806	132.195	346.743
2807	132.258	346.727
2808	132.318	346.726
2809	132.378	346.723
2810	132.436	346.697
2811	132.501	342.117
2812	132.562	342.116
2813	132.62	342.035
2814	132.68	342.034
2815	132.738	342.034
2816	132.798	342.033
2817	132.858	341.971
2818	132.916	341.926
2819	132.976	341.902
2820	133.034	341.875
2821	133.094	341.81
2824	133.274	341.224
2825	133.336	341.221
2826	133.393	341.22
2828	133.515	341.218
2829	133.578	341.216
2831	133.695	341.212
2833	133.813	341.179
2834	133.872	341.147
2835	133.929	341.087
2836	133.995	340.127
2837	134.06	340.126
2838	134.12	339.785
2839	134.181	339.776
2840	134.246	339.77
2841	134.306	339.764
2842	134.365	339.76
2844	134.483	339.742
2847	134.662	338.264
2848	134.723	337.847
2849	134.779	337.845
2850	134.842	337.805
2851	134.901	337.804
2852	134.958	337.801
2853	135.018	337.799
2854	135.074	337.643
2856	135.193	337.579
2857	135.257	337.578
2858	135.317	337.57
2860	135.437	337.565
2862	135.554	337.562
2864	135.675	337.485
2865	135.738	337.472
2866	135.798	337.469
2867	135.858	337.018
2868	135.914	336.843
2869	135.976	336.756
2871	136.094	336.743
2872	136.153	336.724
2874	136.276	336.201
2875	136.334	336.201
2879	136.585	336.198
2880	136.644	336.162
2883	136.847	336.143
2884	136.91	336.131
2885	136.971	336.12
2886	137.029	336.12
2887	137.091	335.273
2888	137.152	335.272
2889	137.267	335.072
2890	137.333	335.058
2892	137.455	334.814
2894	137.575	334.784
2895	137.641	334.781
2896	137.7	334.545
2897	137.76	334.534
2898	135.334	334.531
2899	135.397	334.53
2901	135.514	334.526
2902	135.573	334.522
2903	135.632	334.522
2907	135.868	334.471
2908	135.928	334.466
2909	135.984	334.407
2910	136.046	334.39
2912	136.164	333.812
2913	136.228	333.343
2915	136.358	333.343
2917	136.477	333.312
2918	136.535	333.096
2919	136.597	333.096
2920	136.656	332.768
2925	136.948	332.751
2926	137.008	332.211
2928	137.124	331.986
2930	137.251	331.985
2934	137.489	331.977
2936	137.607	331.974
2937	137.67	331.962
2938	137.729	331.954
2939	137.792	331.952
2940	137.85	331.918
2941	137.909	331.751
2942	137.965	331.748
2943	138.024	330.534
2944	138.081	330.498
2945	138.139	329.978
2948	138.319	329.812
2949	138.379	329.81
2953	138.614	329.648
2954	138.674	329.6
2955	138.74	329.599
2957	138.863	329.598
2958	138.921	329.553
2959	138.981	329.549
2960	139.04	329.48
2963	139.223	328.461
2964	139.28	328.445
2965	139.339	328.445
2966	139.397	328.405
2968	139.517	328.403
2969	139.576	328.401
2970	139.636	328.399
2971	139.693	328.303
2973	139.809	327.731
2974	139.871	327.611
2975	139.928	327.539
2976	139.986	326.938
2977	140.045	326.672
2978	140.108	326.672
2980	140.224	326.67
2983	140.405	326.648
2984	140.466	326.646
2985	140.525	326.447
2986	140.588	326.445
2988	140.706	326.441
2991	140.906	326.288
2993	141.052	326.285
2994	141.111	326.275
2996	141.233	326.059
2997	141.293	326.057
2998	141.351	326.056
2999	141.412	325.773
3000	141.473	325.738
3001	141.536	325.731
3004	141.718	325.603
3005	141.778	325.603
3006	141.839	325.565
3007	141.899	324.96
3008	141.96	324.79
3010	142.078	324.785
3011	142.139	324.778
3013	142.257	324.77
3015	142.374	324.77
3017	142.495	324.768
3018	142.552	324.76
3019	142.613	324.758
3020	142.675	323.409
3023	142.853	323.408
3026	143.033	323.381
3027	143.095	322.88
3028	143.153	322.819
3029	143.216	322.795
3031	143.338	322.735
3037	143.712	322.616
3038	143.771	322.614
3039	143.833	322.591
3040	143.897	322.446
3041	143.955	322.284
3044	144.137	322.2
3045	144.195	322.101
3046	144.252	321.886
3047	144.314	321.325
3048	144.372	321.13
3049	144.431	321.129
3053	144.674	321.124
3054	144.733	321.118
3056	144.855	321.101
3057	144.918	321.101
3059	145.036	320.632
3060	145.093	320.526
3061	145.157	320.468
3062	145.219	320.463
3064	145.341	320.461
3065	145.402	320.461
3066	145.459	320.334
3067	145.523	320.287
3068	145.587	320.266
3069	145.647	320.261
3070	145.71	320.258
3073	145.905	320.239
3074	145.964	319.876
3075	146.022	319.791
3076	146.086	319.637
3078	146.207	319.63
3079	146.264	319.549
3080	146.324	319.411
3081	146.382	319.355
3082	146.444	319.351
3083	146.504	319.351
3084	146.563	319.245
3085	146.624	319.144
3086	146.685	318.949
3087	146.744	318.914
3088	146.806	318.867
3089	146.864	318.864
3090	146.923	318.861
3092	147.044	318.394
3093	147.105	318.384
3094	147.166	318.381
3095	147.23	318.37
3096	147.288	318.367
3097	147.349	318.364
3098	147.41	318.343
3099	147.471	318.311
3100	147.529	318.31
3101	147.59	318.228
3102	147.647	318.183
3104	147.77	317.863
3105	147.827	317.829
3106	147.89	317.825
3107	147.947	317.821
3108	148.009	317.805
3109	148.068	317.805
3111	148.194	317.716
3112	148.258	317.699
3113	148.318	317.698
3115	148.437	317.67
3116	148.499	317.642
3117	148.557	317.622
3118	148.616	317.621
3119	148.675	317.62
3120	148.735	317.588
3121	148.792	317.538
3122	148.853	317.536
3123	148.91	317.323
3124	148.97	317.211
3125	149.03	317.211
3126	149.088	317.195
3127	149.151	317.19
3128	149.214	317.19
3129	149.273	317.078
3130	149.334	317.077
3131	149.391	316.639
3132	149.454	316.011
3133	149.514	316.01
3134	149.573	315.996
3135	149.636	315.98
3136	149.696	315.139
3137	149.754	315.066
3139	149.875	314.955
3140	149.933	314.858
3141	149.993	314.679
3142	150.054	314.678
3143	150.112	314.67
3144	150.174	314.636
3145	150.233	314.636
3147	150.356	314.636
3148	150.416	314.634
3150	150.533	314.632
3151	150.597	310.026
3152	150.657	310.024
3153	150.717	309.921
3154	150.777	309.921
3155	150.835	309.92
3156	150.894	309.919
3157	150.952	309.907
3159	151.07	309.871
3160	151.129	309.79
3162	151.247	309.764
3164	151.365	309.368
3168	151.606	309.366
3169	151.668	309.365
3170	151.727	309.365
3171	151.79	309.363
3173	151.909	309.278
3174	151.971	309.263
3175	152.034	309.222
3176	152.095	307.991
3177	152.154	307.984
3178	152.213	307.715
3179	152.274	307.705
3180	152.333	307.694
3181	152.395	307.694
3182	152.456	307.685
3183	152.516	307.636
3184	152.574	307.59
3185	152.636	307.589
3186	152.696	307.587
3187	152.756	306.367
3189	152.875	306.364
3190	152.943	306.309
3191	153.004	306.309
3193	153.128	306.308
3194	153.193	306.171
3196	153.309	306.165
3197	153.373	306.164
3198	153.436	306.16
3200	153.556	306.156
3204	153.802	306.049
3205	153.862	306.046
3207	153.981	305.743
3208	154.041	305.581
3209	154.103	305.536
3211	154.225	305.528
3212	154.286	305.484
3213	154.35	305.477
3214	154.408	305.439
3215	154.469	305.436
3219	154.707	305.431
3220	154.769	305.391
3222	154.887	305.362
3223	154.948	305.356
3224	155.009	305.352
3225	155.069	305.345
3226	155.131	305.336
3227	155.19	304.553
3229	155.312	304.225
3230	155.375	304.209
3232	155.497	304.025
3233	155.555	304.025
3234	155.617	304.022
3235	155.677	304.013
3236	155.738	303.413
3237	155.802	303.408
3238	155.86	303.405
3241	156.043	303.404
3242	156.107	303.401
3243	156.165	303.4
3244	156.225	303.399
3247	156.408	303.364
3248	156.466	303.356
3249	156.526	303.325
3250	156.584	303.319
3252	156.712	302.859
3253	156.772	302.692
3255	156.893	302.69
3257	157.016	302.688
3258	157.078	302.479
3259	157.139	302.477
3260	157.2	302.256
3262	157.323	302.218
3265	157.502	302.209
3266	157.563	301.752
3268	157.698	301.617
3270	157.832	301.616
3274	158.084	301.605
3276	158.208	301.602
3277	158.271	301.559
3278	158.332	301.539
3279	158.393	301.538
3281	158.512	301.413
3284	158.691	301.349
3285	158.75	300.956
3286	158.81	300.954
3288	158.928	300.831
3292	159.167	300.733
3293	159.227	300.698
3294	159.288	300.649
3295	159.347	300.649
3297	159.471	300.63
3298	159.53	300.592
3299	159.593	300.591
3300	159.651	300.54
3303	159.831	300.341
3304	159.89	300.333
3306	160.011	300.134
3308	160.135	300.132
3309	160.194	300.128
3310	160.257	300.127
3311	160.319	300.077
3316	160.623	299.044
3318	160.741	299.043
3320	160.863	299.041
3323	161.044	298.87
3324	161.105	298.868
3325	161.166	298.575
3326	161.227	298.545
3328	161.345	298.544
3331	161.525	298.386
3332	161.584	298.371
3334	161.708	298.36
3338	161.946	298.358
3339	162.008	298.06
3340	162.065	298.046
3344	162.337	298.027
3345	162.4	298.025
3346	162.461	298.008
3347	162.52	297.621
3348	162.584	297.185
3352	162.826	297.183
3353	162.886	297.18
3354	162.946	297.174
3355	163.007	297.16
3357	163.127	297.158
3360	163.314	296.369
3363	163.495	296.368
3367	163.741	296.122
3368	163.803	296.057
3371	163.999	296.013
3372	164.126	296.011
3375	164.31	296.001
3377	164.432	295.93
3378	164.496	295.916
3380	164.616	295.806
3381	164.673	295.722
3384	164.866	295.718
3385	164.928	295.635
3386	164.99	295.602
3387	165.049	295.371
3388	165.11	295.222
3389	165.176	295.218
3393	165.421	295.214
3395	165.538	295.203
3396	165.6	295.201
3397	165.662	295.2
3399	165.782	294.762
3400	165.84	294.7
3401	165.903	294.666
3402	165.961	294.655
3404	166.083	294.655
3405	166.144	294.654
3406	166.201	294.635
3407	166.259	294.604
3408	166.318	294.517
3409	166.381	294.516
3410	166.443	294.515
3412	166.564	294.514
3413	166.628	294.504
3414	166.688	294.201
3415	166.75	294.176
3416	166.809	294.135
3417	166.868	294.132
3418	166.929	294.127
3419	166.991	294.026
3420	167.051	293.916
3421	167.117	293.889
3422	167.181	293.889
3424	167.305	293.829
3425	167.37	293.75
3426	167.428	293.574
3427	167.492	293.542
3428	167.554	293.504
3429	165.122	293.502
3430	165.183	293.501
3431	165.242	293.498
3432	165.306	293.126
3433	165.364	293.12
3434	165.425	293.118
3435	165.484	293.111
3436	165.548	293.094
3438	165.669	293.085
3439	165.731	293.05
3440	165.792	293.05
3441	165.855	292.981
3442	165.917	292.957
3444	166.039	292.929
3445	166.099	292.91
3446	166.158	292.907
3447	166.221	292.9
3448	166.282	292.863
3449	166.341	292.862
3451	166.462	292.775
3452	166.525	292.751
3455	166.704	292.704
3457	166.822	292.693
3459	166.946	292.692
3460	167.008	292.654
3461	167.078	292.639
3462	167.141	292.609
3463	167.21	292.484
3464	167.271	292.407
3465	167.331	292.403
3466	167.394	292.393
3467	167.456	292.385
3469	167.579	292.277
3470	167.638	292.273
3471	167.696	292.071
3472	167.759	291.647
3474	167.883	291.64
3475	167.941	291.572
3476	168.005	291.062
3477	168.064	291.05
3479	168.186	291.016
3480	168.244	290.942
3481	168.305	290.804
3482	168.364	290.803
3483	168.426	290.78
3484	168.483	290.759
3486	168.608	290.758
3488	168.728	290.755
3489	168.787	290.754
3490	168.846	290.71
3491	168.903	288.003
3492	168.965	288
3493	169.025	287.149
3494	169.083	287.148
3495	169.144	287.148
3496	169.205	287.147
3497	169.268	287.138
3498	169.327	287.104
3499	169.388	287.058
3500	169.453	287.055
3502	169.577	286.984
3503	169.637	286.974
3504	169.697	286.904
3509	169.996	286.903
3510	170.055	286.902
3512	170.18	286.901
3513	170.241	286.88
3514	170.299	286.872
3515	170.362	286.824
3516	170.422	285.784
3518	170.542	285.589
3519	170.605	285.585
3522	170.789	285.573
3523	170.851	285.506
3524	170.913	285.38
3526	171.036	285.377
3527	171.094	284.515
3528	171.158	284.508
3529	171.219	284.508
3530	171.281	284.493
3531	171.339	284.491
3532	171.4	284.487
3533	171.464	284.486
3534	171.525	284.393
3535	171.585	284.373
3536	171.645	284.367
3537	171.707	284.366
3538	171.765	284.364
3540	171.887	284.36
3542	172.007	284.359
3544	172.129	284.268
3547	172.314	284.018
3548	172.378	283.943
3549	172.439	283.882
3550	172.499	283.882
3552	172.623	283.854
3553	172.684	283.852
3554	172.743	283.607
3555	172.804	283.606
3559	173.046	283.581
3560	173.105	283.559
3562	173.231	283.331
3563	173.292	283.302
3564	173.362	283.302
3566	173.494	283.284
3567	173.553	282.644
3569	173.676	282.511
3570	173.738	282.496
3572	173.861	282.372
3573	173.922	282.37
3574	173.981	282.354
3575	174.045	282.351
3576	174.106	282.1
3577	174.17	282.095
3578	174.232	282.094
3580	174.356	282.086
3581	174.417	282.084
3582	174.48	282.075
3585	174.661	282.016
3587	174.785	281.991
3588	174.846	281.989
3589	174.906	281.977
3591	175.029	281.975
3592	175.089	281.633
3593	175.149	281.343
3595	175.273	281.343
3596	175.335	281.329
3597	175.394	281.325
3598	175.455	281.171
3599	175.518	281.169
3600	175.579	281.114
3605	175.882	281.112
3606	175.943	280.764
3608	176.064	280.601
3611	176.242	280.588
3614	176.428	280.586
3617	176.611	280.552
3618	176.674	280.545
3619	176.734	280.544
3620	176.797	280.534
3621	176.856	280.425
3622	176.918	280.411
3623	176.978	280.202
3624	177.038	280.18
3625	177.096	279.896
3628	177.278	279.878
3629	177.339	279.874
3633	177.581	279.825
3634	177.642	279.822
3635	177.702	279.819
3638	177.882	279.786
3639	177.942	279.786
3640	178.004	279.762
3643	178.191	278.968
3644	178.25	278.837
3645	178.312	278.831
3646	178.371	278.738
3648	178.496	278.736
3650	178.62	278.735
3651	178.68	278.652
3653	178.803	278.595
3655	178.923	278.579
3656	178.987	278.447
3658	179.113	278.447
3660	179.232	278.443
3662	179.363	278.442
3664	179.482	278.441
3665	179.546	278.349
3671	179.923	278.329
3677	180.313	278.329
3678	180.38	278.328
3679	180.444	277.961
3685	180.841	277.96
3686	180.909	277.95
3687	180.971	277.176
3688	181.076	277.021
3689	181.162	277.019
3693	181.433	277.012
3695	181.557	277.011
3697	181.683	277.007
3700	181.866	276.437
3706	182.231	276.364
3707	182.293	276.289
3708	182.351	276.235
3709	182.417	276.227
3711	182.54	276.174
3712	182.6	276.172
3717	182.91	276.131
3719	183.038	276.116
3720	183.101	276.063
3723	183.288	275.967
3724	183.346	275.947
3725	183.41	275.862
3726	183.469	275.83
3727	183.533	275.788
3728	183.594	275.686
3733	183.907	275.683
3739	184.276	275.053
3741	184.401	275.037
3742	184.462	275.032
3744	184.585	275.031
3745	184.649	275.031
3746	184.707	275.02
3747	184.771	274.998
3748	184.834	274.948
3749	184.898	274.943
3750	184.956	274.943
3752	185.082	274.942
3753	185.144	274.936
3754	185.207	274.661
3755	185.266	274.648
3756	185.33	274.623
3758	185.457	274.62
3759	185.517	274.547
3760	185.581	274.465
3761	185.639	274.449
3762	185.701	274.449
3764	185.827	274.391
3765	185.889	274.324
3766	185.95	274.128
3767	186.013	274.106
3768	186.074	274.078
3769	186.137	274.077
3771	186.262	274.075
3772	186.325	273.978
3773	186.393	273.977
3774	186.453	273.976
3775	186.515	273.968
3776	186.572	273.966
3778	186.695	273.943
3779	186.755	273.912
3781	186.878	273.843
3782	186.943	273.835
3784	187.067	273.591
3785	187.129	273.579
3786	187.19	273.577
3787	187.255	273.564
3788	187.319	273.501
3791	187.505	273.473
3792	187.567	273.455
3793	187.628	273.455
3795	187.752	273.428
3796	187.815	273.422
3797	187.876	273.414
3799	188.005	273.413
3800	188.066	273.382
3801	188.127	273.357
3802	188.185	273.319
3803	188.248	273.198
3806	188.435	273.17
3807	188.499	273.167
3809	188.625	273.123
3810	188.684	273.122
3811	188.745	272.991
3812	188.808	272.742
3814	188.928	272.739
3815	188.992	272.691
3816	189.052	272.262
3817	189.115	272.257
3819	189.236	272.244
3820	189.294	272.184
3821	189.357	272.07
3822	189.418	272.07
3823	189.48	272.069
3824	189.539	272.036
3830	189.9	272.017
3831	189.961	269.945
3832	190.02	269.944
3833	190.081	269.87
3834	190.143	269.869
3835	190.201	269.869
3836	190.261	269.868
3837	190.325	269.861
3838	190.388	269.843
3839	190.45	269.798
3840	190.511	269.797
3843	190.693	269.785
3844	190.757	269.683
3849	191.072	269.682
3850	191.135	269.679
3853	191.318	269.623
3854	191.381	269.622
3855	191.445	269.596
3856	191.506	268.676
3857	191.568	268.65
3858	191.628	268.49
3859	191.693	268.485
3860	191.753	268.48
3862	191.876	268.473
3863	191.938	268.43
3864	191.996	268.392
3866	192.119	268.389
3867	192.181	267.835
3868	192.243	267.816
3870	192.364	267.615
3871	192.422	267.614
3874	192.603	267.478
3875	192.668	267.457
3876	192.726	267.452
3878	192.851	267.447
3879	192.91	267.437
3880	192.973	267.435
3882	193.093	267.433
3883	193.155	267.428
3884	193.22	267.383
3885	193.28	267.381
3887	193.404	267.188
3888	193.466	267.106
3889	193.529	267.09
3890	193.591	267.084
3892	193.712	267.065
3894	193.834	266.995
3895	193.898	266.989
3896	193.96	266.989
3898	194.084	266.988
3899	194.147	266.988
3900	194.209	266.974
3903	194.394	266.966
3906	194.579	266.96
3907	194.641	266.371
3909	194.763	266.304
3910	194.826	266.299
3912	194.949	266.16
3914	195.072	266.139
3915	195.139	266.132
3916	195.201	265.658
3917	195.269	265.657
3919	195.388	265.656
3920	195.451	265.649
3921	195.512	265.648
3922	195.574	265.646
3927	195.885	265.633
3929	196.01	265.628
3930	196.069	265.613
3931	196.131	265.613
3932	196.193	265.341
3933	196.257	265.3
3934	196.317	265.298
3935	196.378	265.298
3936	196.438	265.271
3938	196.565	265.15
3940	196.685	265.101
3945	196.994	265.098
3946	197.056	265.091
3947	197.117	265.09
3948	197.178	264.971
3950	194.834	264.97
3952	194.956	264.963
3953	195.021	264.938
3954	195.084	264.935
3955	195.146	264.919
3957	195.267	264.867
3958	195.334	264.854
3959	195.395	264.854
3961	195.528	264.758
3963	195.652	264.698
3964	195.716	264.679
3965	195.776	264.426
3968	195.965	264.375
3969	196.025	264.368
3973	196.273	264.344
3976	196.456	264.343
3977	196.518	264.335
3978	196.579	264.317
3979	196.637	264.316
3980	196.698	264.269
3983	196.883	264.183
3984	196.943	264.148
3986	197.065	264.105
3988	197.194	264.103
3991	197.381	264.068
3995	197.624	264.059
3996	197.687	263.955
3998	197.808	263.955
3999	197.878	263.955
4000	197.938	263.953
4001	198.003	263.943
4002	198.064	263.941
4004	198.188	263.94
4005	198.25	263.877
4010	198.563	263.868
4018	199.081	263.868
4019	199.139	263.509
4020	199.207	263.502
4026	199.568	263.089
4027	199.627	262.599
4028	199.686	262.574
4029	199.753	262.57
4033	199.996	262.566
4037	200.237	262.565
4040	200.467	262.307
4042	200.61	262.296
4043	200.669	262.295
4047	200.924	262.266
4048	200.982	262.155
4049	201.045	262.15
4051	201.168	262.134
4052	201.229	262.133
4057	201.539	261.942
4060	201.728	261.872
4061	201.793	261.819
4065	202.04	261.717
4067	202.163	259.803
4068	202.226	259.743
4072	202.468	259.727
4079	202.906	259.426
4081	203.029	259.398
4082	203.091	259.374
4084	203.213	259.374
4085	203.273	259.373
4086	203.334	259.361
4087	203.395	259.333
4088	203.459	259.275
4089	203.519	259.258
4090	203.579	259.258
4091	203.641	259.252
4092	203.701	259.252
4093	203.762	259.245
4094	203.824	258.965
4095	203.886	258.961
4096	203.946	258.94
4098	204.071	258.937
4099	204.132	258.921
4100	204.195	258.84
4101	204.257	258.825
4102	204.32	258.82
4104	204.441	258.753
4105	204.5	258.703
4106	204.563	258.651
4107	204.635	258.632
4108	204.707	258.595
4109	204.777	258.594
4110	204.837	258.594
4112	205.103	258.304
4113	205.175	258.301
4116	205.397	258.299
4117	205.469	258.299
4118	205.533	258.289
4119	205.596	258.253
4120	205.66	258.252
4124	205.93	258.031
4125	205.997	258.03
4126	206.06	258.028
4127	206.119	257.938
4128	206.184	257.915
4129	206.247	257.915
4131	206.369	257.883
4132	206.444	257.876
4135	206.652	257.845
4136	206.72	257.843
4137	206.783	257.839
4138	206.843	257.832
4139	206.906	257.832
4140	206.969	257.792
4141	207.03	257.758
4142	207.091	257.752
4143	207.154	257.682
4144	207.215	257.644
4146	207.34	257.544
4148	207.465	257.525
4149	207.531	257.395
4150	207.593	257.395
4151	207.654	257.187
4152	207.715	256.827
4155	207.916	256.793
4156	207.977	256.378
4157	208.041	256.377
4158	208.102	256.368
4159	208.164	256.341
4160	208.227	256.257
4161	208.288	256.182
4164	208.473	256.174
4167	208.668	256.174
4169	208.79	256.17
4170	208.85	256.165
4171	208.911	254.442
4172	208.972	254.441
4173	209.035	254.356
4175	209.16	254.356
4177	209.284	254.356
4178	209.345	254.331
4179	209.406	253.815
4180	209.471	253.814
4181	209.536	253.813
4183	209.662	253.763
4184	209.723	253.715
4186	209.853	253.711
4188	209.977	253.71
4189	210.042	253.71
4190	210.103	253.709
4191	210.165	253.709
4193	210.287	253.708
4194	210.352	253.704
4195	210.412	253.659
4196	210.475	253.005
4197	210.537	252.675
4198	210.597	252.554
4200	210.724	252.549
4201	210.783	252.548
4202	210.846	252.542
4203	210.904	252.524
4204	210.965	252.513
4207	211.152	252.076
4208	211.213	252.056
4209	211.277	252.055
4210	211.34	251.985
4211	211.407	251.984
4212	211.482	251.984
4213	211.562	251.984
4214	211.626	251.929
4215	211.688	251.924
4216	211.75	251.921
4217	211.809	251.92
4218	211.871	251.916
4219	211.93	251.911
4220	211.994	251.91
4222	212.116	251.908
4224	212.244	251.81
4225	212.306	251.808
4226	212.368	251.807
4227	212.43	251.657
4228	212.491	251.605
4229	212.553	251.595
4232	212.737	251.561
4234	212.859	251.559
4235	212.92	251.531
4236	212.98	251.531
4239	213.166	251.528
4240	213.228	251.505
4242	213.353	251.499
4243	213.412	251.497
4246	213.6	251.495
4247	213.661	250.998
4249	213.783	250.957
4252	213.969	250.892
4253	214.03	250.867
4254	214.092	250.852
4255	214.156	250.846
4256	214.218	250.731
4257	214.278	250.729
4258	214.34	250.728
4259	214.399	250.727
4260	214.461	250.718
4261	214.522	250.718
4262	214.583	250.712
4263	214.643	250.711
4270	215.074	250.707
4272	215.193	250.503
4274	215.315	250.501
4275	215.377	250.5
4276	215.437	250.488
4279	215.624	250.486
4280	215.685	250.436
4282	215.808	250.233
4285	215.991	250.232
4286	216.054	249.955
4287	216.116	249.953
4288	216.178	249.837
4289	216.241	249.836
4290	216.3	249.836
4294	216.555	249.834
4295	216.62	249.826
4297	216.744	249.824
4300	216.93	249.689
4301	216.991	249.589
4303	217.118	249.507
4305	217.239	249.277
4306	217.301	249.277
4308	217.423	249.253
4309	217.486	249.248
4312	217.673	249.245
4313	217.736	249.216
4314	217.798	249.202
4317	217.987	249.188
4318	218.051	249.177
4319	218.112	249.176
4320	218.172	249.147
4323	218.359	248.67
4324	218.418	248.592
4326	218.539	248.543
4328	218.661	248.54
4330	218.785	248.54
4331	218.851	248.511
4336	219.16	248.432
4338	219.28	248.431
4340	219.405	248.428
4341	219.47	248.408
4343	219.593	248.35
4345	219.717	248.315
4347	219.837	248.315
4349	219.962	248.311
4353	220.213	248.311
4358	220.523	248.311
4359	220.586	248.065
4360	220.65	248.062
4362	220.77	248.061
4365	220.954	248.056
4367	221.075	247.998
4368	221.133	247.988
4369	221.197	247.987
4373	221.44	247.985
4374	221.501	247.98
4375	221.562	247.979
4377	221.688	247.977
4379	221.816	247.973
4380	221.88	247.86
4382	222.004	247.854
4383	222.063	247.851
4386	222.25	247.84
4387	222.315	247.835
4388	222.379	247.811
4391	222.568	247.788
4392	222.626	247.787
4397	222.93	247.692
4398	222.993	247.691
4399	223.055	247.675
4400	223.12	247.645
4405	223.428	247.594
4406	223.487	247.521
4407	223.55	247.375
4408	223.611	247.335
4410	223.735	247.326
4412	223.857	247.322
4415	224.039	247.32
4417	224.165	247.319
4419	224.286	247.123
4421	224.412	247.071
4422	224.475	247.061
4424	224.599	247.06
4426	224.724	247.058
4427	224.784	247.038
4428	224.85	247.005
4430	224.971	247.004
4432	225.094	247.003
4433	225.157	246.98
4434	225.217	246.784
4435	225.28	246.772
4436	225.343	246.745
4437	225.403	246.745
4438	225.467	246.742
4440	225.592	246.709
4441	225.651	246.699
4442	225.717	246.697
4444	225.836	246.638
4445	225.898	246.61
4446	225.958	246.57
4447	226.018	246.561
4448	226.078	246.542
4449	226.142	246.541
4450	226.204	246.54
4452	226.33	246.346
4453	226.394	246.34
4458	226.703	246.325
4459	226.765	246.294
4460	226.824	246.293
4461	226.885	246.254
4462	226.944	246.253
4464	227.064	246.121
4465	224.647	246.118
4466	224.707	246.118
4467	224.77	246.109
4468	224.833	246.064
4469	224.892	246.064
4471	225.013	246.045
4472	225.079	246.037
4473	225.139	246.036
4475	225.264	246.033
4476	225.324	245.66
4477	225.384	245.65
4478	225.445	245.637
4479	225.508	245.637
4480	225.569	245.606
4481	225.63	245.576
4482	225.69	245.57
4483	225.754	245.549
4484	225.818	245.477
4486	225.94	245.454
4487	226	245.452
4488	226.066	245.448
4489	226.126	245.369
4490	226.191	245.369
4491	226.251	245.28
4492	226.314	244.972
4493	226.383	244.969
4494	226.448	244.964
4495	226.511	244.927
4496	226.572	244.675
4497	226.633	244.669
4499	226.758	244.584
4500	226.82	244.533
4501	226.883	244.437
4502	226.946	244.436
4503	227.006	244.389
4504	227.067	244.379
4505	227.127	244.379
4506	227.193	244.377
4507	227.253	244.376
4508	227.314	244.374
4510	227.435	244.369
4511	227.5	242.858
4512	227.56	242.856
4513	227.621	242.801
4515	227.744	242.8
4516	227.81	242.8
4517	227.873	242.776
4518	227.934	242.752
4519	227.998	242.726
4520	228.062	242.725
4522	228.182	242.705
4523	228.241	242.674
4524	228.308	242.615
4527	228.492	242.614
4528	228.551	242.614
4529	228.615	242.614
4530	228.676	242.612
4533	228.866	242.61
4534	228.933	242.606
4535	228.994	242.555
4536	229.054	241.97
4538	229.18	241.865
4539	229.239	241.864
4540	229.3	241.858
4541	229.363	241.858
4542	229.43	241.854
4543	229.493	241.831
4547	229.765	241.475
4548	229.827	241.469
4549	229.896	241.469
4550	229.968	241.428
4551	230.088	241.426
4552	230.206	241.424
4554	230.344	241.364
4555	230.42	241.341
4556	230.483	241.337
4557	230.546	241.336
4558	230.605	241.334
4559	230.666	241.151
4560	230.734	241.151
4562	230.856	241.148
4564	230.982	241.046
4565	231.042	241.046
4566	231.1	241.027
4567	231.172	240.829
4568	231.236	240.782
4569	231.295	240.765
4572	231.483	240.736
4573	231.544	240.733
4574	231.607	240.692
4575	231.668	240.692
4576	231.729	240.685
4578	231.861	240.683
4579	231.924	240.682
4580	231.985	240.667
4582	232.111	240.665
4583	232.174	240.658
4586	232.362	240.656
4587	232.426	240.337
4589	232.553	240.297
4590	232.615	240.296
4591	232.677	240.26
4592	232.741	240.208
4593	232.804	240.208
4594	232.868	240.182
4595	232.93	240.179
4596	232.993	239.921
4597	233.057	239.917
4599	233.18	239.917
4600	233.244	239.913
4601	233.303	239.912
4602	233.374	239.899
4603	233.444	239.898
4606	233.649	239.897
4609	233.846	239.819
4610	233.906	239.816
4611	233.973	239.814
4612	234.034	239.67
4614	234.165	239.668
4615	234.23	239.667
4616	234.291	239.666
4618	234.413	239.577
4619	234.473	239.575
4620	234.536	239.572
4622	234.658	239.299
4623	234.722	239.294
4624	234.78	239.287
4625	234.847	239.287
4626	234.907	239.086
4627	234.974	239.085
4628	235.033	238.939
4630	235.163	238.938
4631	235.228	238.937
4632	235.29	238.932
4634	235.418	238.93
4635	235.483	238.924
4636	235.55	238.923
4637	235.611	238.914
4639	235.742	238.914
4640	235.802	238.879
4641	235.867	238.795
4642	235.929	238.791
4644	236.051	238.778
4645	236.113	238.626
4646	236.173	238.625
4648	236.302	238.61
4649	236.364	238.605
4650	236.429	238.602
4651	236.496	238.601
4652	236.564	238.587
4653	236.626	238.561
4657	236.884	238.555
4658	236.945	238.461
4660	237.079	238.408
4663	237.266	237.973
4664	237.33	237.955
4665	237.395	237.953
4666	237.455	237.944
4668	237.583	237.943
4669	237.644	237.943
4671	237.771	237.93
4674	237.963	237.925
4676	238.092	237.77
4678	238.214	237.77
4679	238.28	237.765
4680	238.344	237.764
4681	238.408	237.753
4682	238.474	237.751
4683	238.535	237.743
4684	238.594	237.74
4685	238.659	237.701
4686	238.721	237.698
4687	238.788	237.694
4694	239.229	237.694
4698	239.481	237.693
4699	239.548	237.452
4700	239.61	237.445
4701	239.67	237.443
4702	239.733	237.438
4703	239.8	237.397
4705	239.925	237.396
4706	239.988	237.334
4707	240.05	237.066
4708	240.118	237.06
4709	240.181	237.057
4713	240.436	237.055
4715	240.562	237.054
4717	240.699	237.051
4720	240.892	236.263
4722	241.025	236.259
4725	241.209	236.258
4727	241.337	236.238
4728	241.4	236.236
4729	241.46	236.231
4730	241.526	236.156
4731	241.59	236.144
4735	241.836	236.137
4737	241.962	236.091
4738	242.024	236.09
4739	242.084	236.065
4741	242.215	235.993
4743	242.347	235.938
4745	242.477	235.926
4746	242.543	235.881
4747	242.603	235.811
4748	242.665	235.792
4749	242.728	235.66
4750	242.79	235.602
4755	243.116	235.583
4757	243.249	235.583
4759	243.375	235.431
4760	243.445	234.699
4761	243.505	234.672
4762	243.57	234.662
4764	243.697	234.66
4765	243.758	234.66
4766	243.821	234.647
4767	243.883	234.618
4768	243.956	234.589
4769	244.018	234.582
4770	244.079	234.582
4771	244.146	234.581
4772	244.208	234.579
4773	244.269	234.561
4774	244.335	234.425
4775	244.397	234.414
4776	244.46	234.376
4777	244.524	234.373
4778	244.589	234.371
4780	244.715	234.329
4781	244.779	234.323
4782	244.843	234.322
4784	244.973	234.295
4785	245.035	234.274
4786	245.095	234.243
4787	245.162	234.234
4788	245.227	234.216
4789	245.289	234.213
4790	245.354	234.213
4791	245.418	234.212
4792	245.492	234.056
4793	245.558	234.054
4794	245.622	234.052
4795	245.687	233.886
4797	245.817	233.885
4798	245.881	233.878
4799	245.945	233.846
4801	246.076	233.817
4802	246.136	233.801
4803	246.197	233.794
4804	246.267	233.706
4806	246.393	233.704
4807	246.455	233.698
4808	246.518	233.663
4809	246.588	233.661
4811	246.717	233.651
4812	246.781	233.642
4815	246.998	233.635
4816	247.115	233.599
4817	247.241	233.598
4818	247.305	233.597
4819	247.364	233.596
4820	247.427	233.58
4821	247.488	233.56
4822	247.569	233.543
4823	247.644	233.454
4824	247.708	233.445
4826	247.834	233.436
4827	247.903	233.434
4829	248.037	233.405
4831	248.16	233.318
4832	248.222	233.225
4833	248.282	233.224
4834	248.371	233.223
4835	248.445	233.186
4836	248.511	233.002
4838	248.642	233.002
4839	248.704	232.981
4840	248.775	232.94
4841	248.836	232.872
4843	248.965	232.86
4844	249.027	232.856
4845	249.097	232.856
4846	249.17	232.856
4847	249.231	232.854
4849	249.356	232.85
4850	249.426	232.842
4851	249.487	231.789
4852	249.551	231.789
4853	249.609	231.743
4855	249.733	231.743
4856	249.798	231.742
4857	249.856	231.741
4858	249.922	231.73
4859	249.983	231.725
4860	250.046	231.721
4861	250.109	231.72
4862	250.174	231.712
4864	250.303	231.644
4867	250.489	231.642
4868	250.551	231.64
4870	250.68	231.64
4875	250.998	231.613
4876	251.059	231.218
4877	251.121	231.193
4878	251.182	231.116
4881	251.368	231.116
4882	251.427	231.114
4883	251.491	231.104
4885	251.618	231.103
4887	251.741	230.867
4888	251.806	230.863
4889	251.871	230.863
4890	251.93	230.784
4891	251.993	230.783
4893	252.119	230.782
4894	252.179	230.67
4897	252.365	230.67
4898	252.429	230.666
4899	252.491	230.644
4900	252.554	230.62
4902	252.678	230.62
4903	252.742	230.619
4904	252.802	230.575
4905	252.866	230.574
4906	252.93	230.569
4907	252.997	230.406
4908	253.056	230.374
4909	253.119	230.362
4916	253.558	230.358
4917	253.62	230.357
4918	253.68	230.356
4919	253.741	230.354
4920	253.808	230.341
4921	253.87	230.334
4923	253.992	230.332
4924	254.05	230.329
4925	254.114	230.327
4927	254.238	229.939
4929	254.358	229.917
4930	254.443	229.916
4931	254.502	229.894
4932	254.567	229.85
4934	254.695	229.841
4935	254.755	229.839
4936	254.819	229.821
4937	254.88	229.821
4938	254.948	229.818
4939	255.015	229.818
4941	255.142	229.817
4942	255.206	229.808
4946	255.463	229.807
4948	255.586	229.806
4949	255.647	229.801
4950	255.712	229.797
4951	255.771	229.797
4952	255.833	229.668
4953	255.893	229.659
4954	255.956	229.659
4955	256.017	229.659
4958	256.201	229.655
4960	256.325	229.652
4961	256.387	229.646
4963	256.513	229.644
4964	256.576	229.583
4966	256.703	229.366
4968	254.35	229.273
4969	254.416	229.271
4971	254.54	229.268
4973	254.669	229.268
4974	254.732	229.266
4975	254.793	229.263
4977	254.921	229.252
4979	255.047	229.252
4981	255.172	229.173
4982	255.239	229.172
4984	255.365	229.168
4985	255.428	229.059
4986	255.491	229.058
4989	255.68	229.054
4992	255.87	229.053
4993	255.933	229.043
4994	255.996	229.041
4998	256.246	228.983
4999	256.311	228.983
5000	256.38	228.983
# FIN	256.38	228.983

