# target=instancias/mondriaan.png T=340 iters=5000 K=32 seed=auto
iter	segundos	MSE
0	0.00223459	4640.14
1	0.0286674	4638.76
2	0.0555614	4625.23
3	0.0830905	4586.75
4	0.109412	4584.96
5	0.136299	4582.3
6	0.163292	4568.93
7	0.190357	4551.52
8	0.217388	4531.24
9	0.244913	4531.01
11	0.299449	4510.79
12	0.326099	4478.64
13	0.354352	4408.05
14	0.382806	4407.97
15	0.410485	4365.15
16	0.437585	4348.12
17	0.464599	4292.94
18	0.491959	4292.71
19	0.519665	4241.95
20	0.546929	4241.54
21	0.574479	4216.56
22	0.602026	4203.18
23	0.629566	4202.97
24	0.65836	4190.03
25	0.685859	4187.15
26	0.714019	4185.7
27	0.741567	4182.05
28	0.770312	4176.29
29	0.797684	4166.21
30	0.827083	4134.48
31	0.854398	4134.4
32	0.882042	4133.34
33	0.91115	4132.72
34	0.939758	4131.81
35	0.967996	4131.8
36	0.995475	4116.68
37	1.02435	4115.92
38	1.05233	4113.69
39	1.07998	4106.95
40	1.10766	4106.57
41	1.13709	4106.05
42	1.16533	4105.73
43	1.19304	4105.73
44	1.22354	4104.12
45	1.25168	4103.97
46	1.27978	4084.65
47	1.30834	4080.07
48	1.33639	4033.12
49	1.36559	4032.86
50	1.39325	4032.06
51	1.42166	4026.12
52	1.45025	4019.59
53	1.47885	3995.6
54	1.50671	3978.37
55	1.53484	3921.59
56	1.56365	3910.8
57	1.59175	3910.21
58	1.62	3910.21
59	1.64878	3909.95
60	1.67926	3905.81
61	1.70848	3902.73
62	1.73684	3890.91
63	1.76626	3882.17
64	1.79545	3851.56
65	1.82407	3851.46
66	1.8522	3848.14
67	1.88073	3842.23
68	1.91062	3832.67
69	1.93922	3812.49
70	1.96733	3803.68
71	1.99569	3795.31
72	2.02406	3794.61
73	2.05269	3788.12
74	2.08139	3783.35
75	2.11056	3783.15
76	2.13923	3782.64
77	2.16872	3782.61
78	2.20251	3778.12
79	2.23622	3758.4
80	2.26555	3754.93
81	2.29376	3754.91
82	2.32316	3743.61
83	2.35208	3743.29
84	2.38186	3743.2
85	2.41168	3739.87
86	2.44074	3732.97
87	2.47143	3730.69
88	2.50087	3730.48
89	2.53036	3694.38
90	2.55945	3683.79
91	2.59052	3680.28
92	2.62129	3673
93	2.65042	3672.49
94	2.68107	3663.71
95	2.71142	3652.52
96	2.74229	3651.8
97	2.77344	3647.87
98	2.80408	3639.73
99	2.83498	3639.65
100	2.87672	3639.47
101	2.96418	3638.48
102	3.02898	3612.54
103	3.09626	3606.96
104	3.13554	3606.28
105	3.16535	3591.96
106	3.19461	3591.96
107	3.23277	3581.18
108	3.26518	3578.28
109	3.29929	3576.18
110	3.35373	3576.14
111	3.42705	3576.1
112	3.49026	3575.4
113	3.53662	3572.26
115	3.62744	3556.93
116	3.66284	3555.7
117	3.69326	3540.21
118	3.72967	3540.2
119	3.76141	3530.36
120	3.79364	3518.82
121	3.82731	3517.76
122	3.86409	3517.56
123	3.89585	3514.53
124	3.92572	3508.41
125	3.9578	3505.64
126	3.9906	3505.53
127	4.02074	3505.16
128	4.05058	3500.51
129	4.08456	3498.26
130	4.11447	3498.25
131	4.14443	3492.09
132	4.17545	3488.37
133	4.21023	3488.33
134	4.24105	3486.67
135	4.27361	3471.58
136	4.3078	3463.62
137	4.33996	3458.2
138	4.37062	3450.03
140	1.95673	3448.37
141	1.98692	3447.62
142	2.01947	3442.65
143	2.05202	3423.18
144	2.08264	3420.54
145	2.11478	3419.59
146	2.14952	3418.65
147	2.1818	3396.04
148	2.21423	3395
149	2.24813	3385.07
150	2.28195	3385.03
151	2.3145	3368.32
152	2.34485	3335.77
153	2.37625	3332.05
154	2.41083	3323.78
155	2.44471	3322.2
156	2.47527	3322.03
157	2.50559	3310.91
158	2.54015	3310.89
159	2.57082	3310.75
160	2.60465	3310.54
161	2.63878	3274.64
162	2.67321	3261.22
163	2.70616	3259.9
164	2.74137	3259.86
165	2.77497	3259.29
166	2.80705	3257.11
167	2.84244	3242.83
168	2.87569	3242.67
169	2.90846	3242.01
170	2.94024	3234.17
171	2.97173	3231.61
172	3.00349	3231.31
173	3.03792	3231.01
174	3.06881	3226.95
175	3.10007	3220.7
176	3.13203	3212.46
177	3.1671	3205
178	3.20093	3191.41
179	3.23164	3191.34
180	3.26206	3181.57
181	3.29781	3181.51
182	3.33258	3179.47
183	3.36453	3178.32
184	3.39802	3176.54
185	3.4345	3176.49
186	3.46615	3170.03
187	3.49827	3159.12
188	3.53319	3158.85
189	3.56649	3158.73
190	3.59997	3149.52
191	3.63382	3149.15
192	3.66519	3101.7
193	3.69878	3059.45
194	3.73357	3048.72
195	3.7675	3048.02
196	3.79958	3044.24
197	3.83316	3042.82
198	3.8678	3023.96
199	3.89976	3023.54
200	3.93331	3009.98
201	3.96826	2991.49
202	4.00488	2991.37
203	4.03665	2974.12
204	4.06889	2936.86
205	4.10371	2936.68
206	4.1355	2934.54
207	4.16739	2927.32
208	4.20085	2926.43
209	4.23573	2890.69
210	4.27191	2890.19
211	4.30479	2890.1
212	4.33697	2890.06
213	4.37	2887.95
214	4.4035	2887.32
215	4.43651	2887.1
216	4.46856	2886.88
217	4.50309	2866.5
218	4.53526	2859.48
219	4.56728	2853.48
220	4.60222	2836.74
221	4.63867	2832.75
222	4.67358	2761.47
223	4.70598	2761.42
224	4.74084	2755.13
225	4.77717	2718.07
226	4.81035	2713.21
227	4.84613	2706.94
228	4.88234	2703.56
229	4.91538	2703.34
230	4.94949	2703.23
231	4.98167	2680.38
232	5.01417	2676.55
233	5.05226	2671.46
234	5.08929	2668.17
235	5.12443	2667.61
236	5.16103	2665.81
237	5.19371	2665.59
238	5.22699	2661.86
239	5.25998	2647.43
240	5.29544	2647.04
241	5.32886	2642.26
242	5.36407	2641.32
243	5.39917	2640.14
244	5.43646	2638.81
245	5.46887	2631.44
246	5.50283	2624.79
247	5.53832	2609.28
248	5.57304	2591.46
249	5.60666	2578.57
250	5.6441	2572.34
251	5.6785	2571.75
252	5.71187	2571.69
253	5.74609	2568.21
255	5.81745	2551.65
256	5.84991	2551.12
257	5.88278	2543.63
259	5.95472	2543.36
260	5.98753	2543.32
261	6.0226	2534.54
262	6.06064	2505.49
263	6.09519	2502.1
264	6.12797	2478.4
265	6.1632	2456.55
266	6.19953	2430.37
267	6.23345	2425.8
268	6.26644	2420.91
269	6.30089	2420.26
270	6.33911	2418.29
271	6.37215	2418.29
272	6.40538	2412.07
273	6.43847	2411.49
274	6.4755	2411.44
275	6.51093	2405.27
276	6.54375	2403.98
277	6.5816	2390.79
278	6.61514	2384.74
279	6.65021	2384.74
280	6.68493	2381.32
281	6.71829	2373.29
282	6.75163	2363.94
283	6.78463	2362.34
284	6.82022	2349.38
285	6.85737	2348.48
286	6.89355	2344.97
287	6.92926	2344.94
288	6.9635	2344.75
289	6.99818	2344.74
290	7.03159	2320.18
291	7.06747	2319.35
292	7.11376	2307.77
293	7.15909	2307.09
294	7.19675	2303.93
295	7.23492	2303.65
296	7.27192	2302.13
297	7.30505	2293.75
298	7.33898	2293.11
299	7.37568	2287.61
300	7.41173	2256.86
301	7.45291	2255.79
302	7.48957	2252.44
303	7.52398	2252.39
304	7.56038	2248.3
305	7.59467	2229.62
306	7.63093	2229.58
307	7.66917	2229.55
308	7.70277	2223.21
309	7.74006	2217.87
310	7.77567	2217.62
311	7.81043	2171
312	7.84626	2170.82
313	7.88199	2162.29
314	7.91585	2160.31
315	7.95588	2160.3
316	7.98952	2156.33
317	8.02333	2155.06
318	8.05951	2149.33
319	8.09674	2147.18
320	8.13381	2146.97
321	8.16751	2144.7
322	8.20594	2144.58
323	8.24169	2144.54
324	8.27503	2144.48
325	8.31319	2144.47
326	8.35038	2144.46
328	8.42658	2143.62
329	8.46231	2135.76
330	8.50011	2112.58
331	8.53379	2100.05
332	8.57331	2099.58
333	8.61054	2089.96
334	8.64449	2089.96
335	8.68341	2089.83
336	8.71923	2078.98
337	8.75413	2066.65
338	8.78976	2063.62
339	8.8328	2059.86
340	8.86758	2054.56
341	8.90403	2053.01
342	8.94276	2050.82
343	8.97722	2050.32
344	9.01168	2048.53
345	9.05507	2048.31
346	9.09429	2033.15
347	9.12909	2030.35
348	9.16391	1995.23
349	9.20118	1995.07
351	9.27424	1977.19
352	9.31028	1948.38
353	9.34391	1947.56
354	9.37869	1947.52
355	9.41643	1945.72
356	9.45559	1944.54
357	9.49256	1939.61
358	9.5263	1939.5
359	9.56551	1921.76
360	9.60138	1921.69
361	9.63582	1919.16
362	9.67439	1918.08
363	9.71124	1917.95
364	9.7464	1905.07
365	9.78394	1904.57
366	9.82522	1904.55
367	9.86551	1904.38
368	9.90456	1903.2
369	9.94066	1897.35
370	9.9763	1896.9
371	10.0137	1896.66
372	10.0524	1895.79
373	10.0886	1894.01
374	10.1244	1891.21
375	10.1622	1891.2
376	10.1974	1890.82
377	10.2327	1890.61
378	10.2685	1888.2
379	10.3037	1876.71
380	10.3428	1876.5
381	10.3773	1876.03
382	10.4137	1875.59
383	10.4507	1875.58
384	10.4849	1868.91
385	10.5266	1868.88
386	10.5633	1859.77
387	10.5986	1857.46
388	10.6379	1852.8
389	10.6725	1852.78
390	10.7091	1851.76
391	10.7536	1851.54
392	10.7898	1851.53
393	10.8246	1836.51
394	10.8637	1835.98
395	10.903	1822.17
396	10.9382	1818.25
397	10.9796	1817.95
398	11.0149	1817.95
399	11.0543	1817.74
400	11.0895	1817.61
401	11.124	1817.43
402	11.1606	1813.28
403	11.1991	1812.3
404	11.2386	1799.35
405	11.2745	1799.35
406	11.312	1799.23
407	11.3503	1798.61
408	11.3883	1796.58
409	11.4235	1790.81
410	11.4616	1788.61
411	11.5025	1784.79
412	11.5418	1783
413	11.5797	1782.1
414	11.6165	1781.61
415	11.6569	1781.51
416	11.6921	1780.99
417	11.7293	1780.85
418	11.7736	1775
420	11.8467	1769.29
421	11.8828	1769.22
422	11.9206	1762.29
423	11.9603	1758.29
424	11.9952	1758.21
425	12.0342	1756.96
426	12.0747	1754.32
427	12.1116	1753.52
428	12.1492	1753.37
429	12.1881	1751.15
430	12.2308	1749.18
431	12.2666	1748.71
432	12.3038	1746.22
433	12.3459	1746
434	12.3821	1744.34
435	12.4248	1742.82
436	12.4606	1742.52
437	12.4977	1730.87
438	12.5379	1730.77
439	12.5759	1730.75
440	12.6116	1730.26
441	12.6487	1729.53
442	12.6849	1724
443	12.7207	1723.53
444	12.7601	1722.27
445	12.7965	1721.32
446	12.8396	1721.3
447	12.8777	1712.4
448	12.9136	1712.3
449	12.9497	1709.39
450	12.9899	1709.28
451	13.0305	1709.17
452	13.0718	1709.09
453	13.1101	1708.47
454	13.151	1708.46
455	13.1921	1706.93
457	13.2684	1705.35
458	13.3051	1705.35
459	13.3485	1705.25
460	13.3863	1699.44
461	13.4235	1699.25
462	13.4638	1699.05
463	13.5018	1697.1
464	13.5388	1696.8
465	13.5794	1692.94
466	13.6161	1692.82
467	13.6528	1692.8
468	13.6915	1692.69
469	13.7276	1691.76
470	13.7641	1691.72
471	13.8029	1689.47
472	13.8411	1688.21
473	13.88	1688.11
474	13.9202	1686.74
475	13.958	1683.36
476	13.9987	1679.03
477	14.0403	1678.87
478	14.0772	1677.43
479	14.1186	1677.09
480	14.158	1677.01
481	14.1953	1676.83
482	14.2347	1674.48
483	14.2733	1664.48
484	14.3097	1664.3
485	14.35	1663.02
486	14.3888	1658.16
487	14.4284	1651.67
488	14.4685	1651.23
489	14.5049	1636.29
490	14.5437	1636.29
491	14.5888	1634.3
492	14.6307	1630.99
493	14.6707	1630.99
494	14.7096	1630.85
495	14.7537	1629.95
496	14.7953	1629.95
497	14.8329	1627.16
498	14.8711	1627.15
499	14.9132	1627.09
500	14.9529	1627
501	14.9896	1614.99
502	15.0316	1614.54
503	15.0733	1613.84
504	15.1107	1613.51
506	15.1933	1613.5
507	15.2361	1611.63
508	15.281	1611.44
509	15.3188	1611.28
510	15.3591	1603.33
511	15.399	1602.63
512	15.4393	1602.56
513	15.4775	1596.87
514	15.5222	1596.44
515	15.5629	1593.8
516	15.6027	1586.53
517	15.6433	1585.79
518	15.6892	1580.47
519	15.7296	1580.45
520	15.7728	1553.96
521	15.8105	1553.91
522	15.8484	1550.24
523	15.8935	1550.17
524	15.9311	1545.83
525	15.9697	1545.82
526	16.0089	1545.57
527	16.0492	1542.75
528	16.0898	1542.62
529	16.1317	1542.6
530	16.1696	1542.43
531	16.225	1542.28
532	16.2652	1528.62
533	16.3082	1510.84
534	16.3459	1500.12
535	16.3839	1499.71
536	16.4224	1499.49
537	16.4633	1499.48
538	16.5034	1498.36
539	16.5464	1495.99
540	16.5908	1493.92
541	16.6364	1486.19
542	16.6747	1485.93
543	16.7189	1484.26
544	16.7584	1462.03
545	16.8021	1461.87
546	16.8437	1461.69
547	16.8852	1460.63
548	16.9293	1460.6
549	16.9739	1458.99
550	17.0212	1457.4
551	17.0604	1457.34
552	17.1051	1457.31
553	17.1461	1456.41
554	17.1872	1452.4
555	17.2284	1452.37
556	17.2695	1452.11
557	17.3127	1448.41
558	17.3519	1447.65
559	17.3958	1442.67
560	17.4382	1440.3
561	17.4768	1437.42
562	17.5194	1413.75
563	17.5587	1413.55
564	17.6104	1412.67
565	17.6713	1404.39
566	17.7122	1399.76
567	17.7545	1398.13
568	17.7979	1394.45
570	17.8814	1394.37
571	17.9222	1377.3
572	17.9618	1377.19
573	18.008	1374.86
574	18.0464	1374.59
575	18.085	1374.37
576	18.1264	1373.75
577	18.1716	1373.71
578	18.2138	1372.45
579	18.2568	1368.03
580	18.3016	1367.94
581	18.3484	1367.9
582	18.3889	1367.88
583	18.4333	1366.14
584	18.4738	1366.13
585	18.5161	1365.39
586	18.5604	1362.7
587	18.6051	1345.73
588	18.644	1345.27
589	18.686	1344.57
590	18.7305	1343.03
591	18.7701	1342.9
592	18.817	1342.89
593	18.8574	1331.36
595	18.947	1325.3
596	18.9865	1325.29
597	19.0273	1323.73
598	19.0771	1323.73
599	19.1192	1323.72
600	19.1622	1323.71
601	19.2015	1322.67
602	19.2494	1322.04
603	19.2891	1309.7
604	19.333	1308.53
605	19.3995	1299.43
606	19.4542	1296.62
607	19.5097	1295.74
608	19.5644	1295.34
609	19.6485	1295.17
610	19.734	1294.48
611	19.7795	1294.48
612	19.8209	1294.25
613	19.861	1293.91
614	19.904	1293.63
615	19.9478	1291.34
616	19.9875	1291.25
617	20.0286	1291.23
618	20.0719	1276.4
619	20.1165	1276.4
620	20.1584	1276.06
621	20.2023	1269.34
622	20.247	1256.83
623	20.2888	1253.3
624	20.3409	1234.34
625	20.3825	1234.09
626	20.4273	1224.45
627	20.4808	1224.13
628	20.5362	1224.11
629	20.5924	1224.1
630	20.6541	1220.46
631	20.6973	1220.38
632	20.7377	1216.27
633	20.7857	1216.17
634	20.8254	1215.66
635	20.8682	1215.65
636	20.9093	1214.96
637	20.9545	1194.02
638	20.9942	1192.73
639	21.0392	1191.9
640	21.0794	1180.55
641	21.1204	1180.4
642	21.1674	1179.62
643	21.21	1179.61
644	21.25	1176.73
645	21.2963	1164.13
646	21.3375	1164.09
647	21.3841	1163.52
648	21.4255	1162.91
649	21.4668	1160.57
650	21.5147	1160.52
651	21.5574	1123.97
652	21.6013	1123.78
653	21.6463	1122.33
654	21.6912	1121.45
655	21.7319	1121.44
656	21.7795	1120.54
657	21.8203	1119.65
658	21.8656	1118
659	21.9102	1117.91
660	21.9513	1117.89
661	21.994	1117.41
662	22.0369	1117.34
663	22.0807	1117.33
664	22.1204	1117.32
665	22.163	1117.28
666	22.2072	1117.27
667	22.2525	1117.11
668	22.2921	1116.98
669	22.3336	1116.91
670	22.3763	1108.59
671	22.4175	1106.99
672	22.4656	1106.91
673	22.509	1106.9
675	22.593	1106.83
676	22.6351	1106.48
677	22.6752	1099.66
678	22.7191	1099.63
679	22.7642	1099.61
680	22.8051	1099.45
681	22.8496	1099.41
682	22.8901	1096.53
683	22.9354	1096.08
684	22.9772	1095.8
685	23.0178	1095.69
686	23.0631	1083.41
687	23.106	1082.93
688	23.149	1082.72
689	23.1898	1082.65
691	23.2764	1071.03
692	23.3177	1070.32
693	23.3585	1069.84
694	23.4021	1069.81
695	23.4441	1069.76
696	23.4865	1069.48
697	23.5274	1069.35
698	23.5713	1069.32
699	23.6156	1065.74
700	23.6585	1065.71
701	23.7035	1065.58
702	23.746	1065.5
703	23.7868	1065.48
704	23.8302	1056.98
705	23.8745	1056.77
706	23.9155	1056.72
707	23.9634	1056.24
708	24.0061	1055.74
709	24.0481	1054.45
710	24.0953	1054.36
711	24.1453	1054.35
712	24.1932	1053.49
713	24.2365	1052.77
714	24.2821	1052.31
715	24.3236	1052.3
716	24.3669	1052.3
717	24.4109	1052.29
718	24.4545	1051.83
719	24.5007	1051.74
720	24.5473	1051.55
721	24.5894	1050.88
722	24.6348	1050.36
723	24.6771	1050.35
724	24.7222	1050.34
725	24.7644	1050.31
726	24.8061	1050.18
727	24.8537	1049.11
728	24.8979	1049.04
729	24.9416	1049.04
730	24.9839	1048.92
731	25.0288	1048.87
732	25.0749	1048.78
733	25.1172	1042.75
734	25.161	1042.66
735	25.2065	1031.18
736	25.2497	1030.74
737	25.2965	1029.65
738	25.3385	1029.64
739	25.3837	1029.56
740	25.4319	1029.47
741	25.4737	1029.46
742	25.5194	1028.84
743	25.5612	1028.76
744	25.6065	1028.42
745	25.6504	1028.42
746	25.6922	1028.13
747	25.7378	1027.88
748	25.78	1027.57
749	25.8258	1027.31
750	25.8681	1027.2
751	25.912	1027.18
752	25.9579	1026.88
753	26.0045	1026.56
754	26.0469	1026.36
755	26.0942	1026.03
756	26.1361	1025.25
757	26.1787	1025.23
758	26.2238	1025.05
759	26.2676	1024.99
760	26.3123	1024.91
761	26.355	1024.9
762	26.4021	1024.85
763	26.4444	1024.22
764	26.4931	1024.18
765	26.5369	1023.72
766	26.5851	1023.32
767	26.6275	1023.22
768	26.6705	1023.15
769	26.7164	1021.81
770	26.762	1019.45
771	26.8079	1019.4
772	26.8508	1017.73
773	26.8961	1017.66
774	26.9405	1017.35
775	26.9857	1016.14
776	27.0276	1016.07
777	27.0767	1015.92
778	27.1224	1015.9
779	27.1673	1015.87
780	27.2144	1015.37
781	27.258	1014.84
782	27.3048	1014.69
783	27.3473	1014.56
785	27.4392	1014.3
786	27.4864	1014.25
787	27.5329	1013.13
788	27.576	1012.74
789	27.6207	1012.06
790	27.6647	1011.9
791	27.7093	1011.85
793	27.7971	1011.52
794	27.8408	1011.51
796	27.9308	1011.48
797	27.9792	1008.18
798	28.0237	1008.18
799	28.0678	1004.81
800	28.1167	1003.01
801	28.1595	1003.01
802	28.2042	1002.86
803	28.2491	1002.25
804	28.2941	1002.15
805	28.3392	1000.29
806	28.382	1000.28
807	28.4299	1000.28
808	28.4725	1000.17
810	28.5633	1000.1
811	28.6065	996.983
812	28.6517	996.573
813	28.6953	996.253
814	28.7377	995.891
815	28.7841	995.649
816	28.8269	990.513
817	28.8773	990.421
818	28.926	989.51
819	28.9694	989.398
820	29.0166	989.18
821	29.0601	989.147
822	29.1041	988.537
823	29.1531	985.064
824	29.1971	985.019
825	29.2427	984.934
826	29.2903	982.872
827	29.334	975.322
828	29.3814	975.275
829	29.4273	974.243
830	29.4737	974.241
831	29.5177	973.538
832	29.5643	972.95
833	29.6122	972.582
834	29.6566	972.487
835	29.7046	970.68
837	29.7967	970.452
838	29.8408	970.442
839	29.8859	970.424
840	29.9321	970.264
841	29.976	969.799
842	30.0195	969.717
843	30.0673	969.117
844	30.1113	969.063
845	30.1581	968.987
846	30.2059	968.964
847	30.2522	968.509
848	30.2966	968.429
849	30.3448	968.336
850	30.3924	968.304
851	30.4403	968.041
852	30.4843	968.015
853	30.529	967.208
854	30.5732	967.029
856	30.6648	966.968
857	30.712	966.904
858	30.7585	966.869
859	30.8057	966.862
860	30.8502	964.983
861	30.8962	964.642
862	30.9436	963.356
863	30.9899	963.323
864	31.0365	962.986
865	31.0817	962.986
866	31.1267	958.582
867	31.1743	957.874
868	31.2178	957.802
870	31.3141	956.189
871	31.3602	956.155
872	31.4096	955.718
873	31.4565	953.937
874	31.5055	953.818
875	31.5518	953.337
876	31.6001	952.942
877	31.6476	952.926
878	31.6919	952.859
880	31.7848	949.863
881	31.8308	940.575
882	31.8771	940.45
883	31.9281	940.388
884	31.9721	940.213
885	32.0231	940.042
886	32.0678	939.919
887	32.1149	939.902
888	32.1598	939.867
889	32.205	936.903
890	32.2549	935.128
891	32.2996	935.037
892	32.3454	934.966
893	32.3916	934.322
894	32.4385	931.15
895	32.4874	931.094
896	32.5334	930.84
897	32.5795	921.817
898	32.6259	921.516
899	32.6733	920.766
900	32.7231	920.669
901	32.7679	918.193
902	32.82	910.635
903	32.8664	910.596
904	32.914	910.505
905	32.9604	908.629
906	33.0079	901.98
907	33.053	899.882
908	33.1	899.152
909	33.1457	896.42
910	33.1941	896.232
911	33.2385	876.44
912	33.2873	876.407
913	33.3334	874.138
914	33.3801	874.12
915	33.4251	874.033
916	33.4737	873.995
917	33.5223	873.956
918	33.5679	873.851
919	33.6165	872.314
920	33.6631	872.309
921	33.7088	871.761
922	33.7557	871.748
923	33.8017	871.425
924	33.8507	871.392
925	33.8974	871.106
926	33.9442	868.847
927	33.9918	868.379
928	34.0391	868.367
929	34.0866	868.289
930	34.134	868.285
931	31.7086	868.259
932	31.7538	868.257
933	31.7992	865.636
935	31.8983	858.587
936	31.9467	858.566
937	31.9939	858.54
939	32.0846	858.525
940	32.1324	858.524
941	32.1806	858.386
942	32.2326	858.189
943	32.2797	857.034
944	32.3255	856.871
945	32.3762	856.203
946	32.4214	855.706
947	32.4672	855.641
948	32.5134	855.436
949	32.5635	855.407
950	32.6095	855.273
951	32.6585	855.229
952	32.7058	855.179
953	32.7543	855.066
954	32.8006	854.835
955	32.8484	854.794
956	32.8931	854.732
957	32.941	854.729
958	32.9877	852.562
959	33.0343	852.561
960	33.0833	852.54
961	33.1291	848.524
962	33.1788	843.676
963	33.2262	842.019
964	33.2766	841.735
965	33.323	841.416
966	33.3704	819.231
967	33.4168	818.709
968	33.4659	818.621
969	33.5158	817.306
970	33.5628	809.632
971	33.6128	807.998
972	33.6595	804.392
973	33.7068	804.335
974	33.7521	804.329
975	33.8021	804.169
976	33.851	802.344
977	33.8967	770.953
978	33.9465	767.735
979	33.9947	767.629
980	34.0421	762.438
981	34.0897	762.4
982	34.1386	762.242
983	34.1867	762.23
984	34.2321	759.681
985	34.2821	758.761
986	34.3278	758.754
987	34.3732	756.782
988	34.4224	756.475
990	34.5161	756.37
991	34.5639	747.231
992	34.6119	747.135
993	34.6591	746.306
994	34.709	746.218
995	34.7542	746.215
996	34.8021	746.058
997	34.8517	746.027
998	34.897	745.846
999	34.9488	745.765
1000	34.9963	745.75
1001	35.0441	745.639
1002	35.0949	745.561
1003	35.1427	745.54
1004	35.1906	745.518
1005	35.2378	745.492
1006	35.2876	745.485
1007	35.3363	745.446
1008	35.384	745.431
1009	35.4331	745.412
1010	35.4822	742.203
1011	35.5355	741.999
1012	35.5834	737.21
1013	35.632	737.118
1014	35.6824	737.081
1015	35.7298	737.064
1016	35.7787	736.567
1017	35.8283	735.846
1018	35.8745	735.845
1020	35.991	735.786
1021	36.0481	735.61
1022	36.0991	733.223
1023	36.1497	729.921
1024	36.1981	729.113
1025	36.2501	728.925
1026	36.2994	727.764
1027	36.3498	727.757
1028	36.3968	727.754
1029	36.4487	727.727
1031	36.5471	719.844
1032	36.5959	719.785
1033	36.6434	719.623
1034	36.6991	719.61
1035	36.7464	719.606
1036	36.7931	719.592
1037	36.8416	719.327
1038	36.8925	719.041
1039	36.9383	719.024
1041	37.0397	718.963
1042	37.0887	718.947
1043	37.1354	718.913
1044	37.1884	718.391
1045	37.2347	718.328
1046	37.2816	718.319
1047	37.3343	717.42
1048	37.381	717.313
1049	37.4336	716.825
1050	37.4804	716.802
1051	37.5277	716.775
1052	37.5766	715.742
1053	37.6251	715.57
1054	37.6734	714.534
1055	37.72	714.534
1056	37.7662	714.517
1057	37.8363	714.511
1058	37.8927	713.833
1059	37.9512	713.821
1060	37.9983	713.517
1061	38.051	713.21
1062	38.1039	712.696
1063	38.1679	712.694
1064	38.2627	712.562
1065	38.3857	712.494
1066	38.4499	712.481
1067	38.5014	712.313
1068	38.5803	712.254
1069	38.6354	712.253
1070	38.6859	712.242
1071	38.732	712.22
1072	38.7781	712.217
1073	38.8243	710.989
1074	38.8705	710.935
1075	38.9267	709.981
1076	38.9728	709.957
1077	39.0191	709.747
1078	39.0658	709.741
1079	39.1117	709.685
1080	39.169	709.608
1081	39.2159	709.599
1082	39.262	708.277
1083	39.3082	708.262
1084	39.3546	707.738
1085	39.401	707.737
1086	39.4582	707.617
1087	39.5046	707.606
1088	39.5512	707.133
1089	39.6023	707.009
1090	39.6568	707.004
1091	39.7155	706.812
1092	39.7635	706.625
1093	39.8103	706.476
1094	39.8562	706.07
1095	39.9028	705.623
1096	39.9488	705.436
1097	40.0108	705.4
1098	40.057	705.386
1099	40.1035	705.371
1100	40.1499	705.318
1101	40.1961	705.25
1102	40.2531	705.196
1103	40.2999	705.173
1104	40.3461	705.148
1105	40.3923	705.102
1106	40.4386	704.795
1107	40.4851	704.722
1108	40.5433	704.65
1109	40.5899	703.721
1110	40.6363	703.677
1111	40.6829	703.674
1112	40.7292	703.201
1113	40.7873	702.887
1114	40.8354	702.873
1115	40.8825	701.932
1116	40.9292	701.928
1117	40.9756	701.89
1118	41.0227	701.852
1119	41.0781	701.795
1120	41.1304	701.575
1121	41.1771	701.423
1122	41.2239	701.271
1123	41.2703	701.219
1124	41.3171	700.899
1125	41.3636	700.684
1126	41.4204	700.663
1127	41.4685	700.11
1128	41.516	699.99
1129	41.563	699.957
1130	41.61	699.941
1131	41.6572	699.927
1132	41.7156	699.893
1133	41.7626	699.585
1134	41.81	699.585
1135	41.8571	699.58
1136	41.9044	699.569
1137	41.9523	698.133
1139	42.0729	696.701
1140	42.1287	695.95
1141	42.1764	695.919
1142	42.2245	695.824
1143	42.2785	695.235
1144	42.3268	695.23
1145	42.3759	694.39
1146	42.4279	694.388
1147	42.4757	694.386
1148	42.5278	694.339
1149	42.576	694.293
1150	42.6253	694.284
1151	42.6783	694.206
1152	42.7261	692.63
1153	42.7747	692.541
1154	42.8271	692.079
1155	42.8754	691.624
1156	42.9234	691.547
1157	42.9711	691.531
1158	43.0202	691.486
1159	43.0687	691.262
1160	43.1193	691.086
1161	43.1669	691.075
1162	43.2159	691.009
1163	43.264	688.334
1164	43.3112	688.333
1165	43.3598	688.296
1166	43.4189	687.4
1167	43.5003	678.435
1169	43.7033	678.383
1170	43.8129	678.383
1171	43.8662	678.323
1172	43.9144	678.316
1174	44.0099	678.292
1175	44.0582	677.975
1177	44.1529	677.423
1178	44.2014	677.397
1179	44.2488	677.395
1180	44.2972	677.292
1181	44.3446	677.175
1182	44.3926	677.165
1183	44.4402	676.966
1184	44.4878	676.949
1185	44.5359	676.927
1186	44.584	676.921
1187	44.632	676.883
1188	44.6795	676.841
1189	44.7274	676.787
1190	44.775	676.645
1191	44.823	676.506
1192	44.8726	676.47
1193	44.9218	675.117
1194	44.97	675.086
1195	45.0204	674.982
1196	45.0692	674.976
1197	45.1189	674.899
1198	45.1808	674.884
1199	45.2337	674.882
1200	45.2876	674.788
1201	45.3372	674.785
1202	45.3901	674.19
1203	45.4421	674.186
1204	45.4957	674.017
1205	45.5515	674.017
1206	45.6056	673.821
1207	45.6587	673.69
1208	45.7103	673.649
1209	45.7652	673.636
1210	45.8187	673.597
1211	45.8682	673.585
1212	45.9247	673.495
1214	46.0255	672.633
1215	46.0765	672.371
1217	46.1829	672.358
1218	46.2327	672.213
1219	46.2863	672.201
1220	46.3361	672.05
1221	46.3917	672.027
1222	46.4418	671.832
1223	46.4991	671.83
1224	46.5532	671.608
1225	46.604	670.893
1227	46.7076	670.889
1228	46.7591	670.853
1229	46.8159	669.421
1230	46.8656	668.168
1231	46.9169	668.117
1232	46.9688	668.108
1233	47.0195	667.735
1234	47.077	661.805
1235	47.1274	661.785
1236	47.1784	660.998
1237	47.2291	657.604
1238	47.2823	657.509
1239	47.3309	657.446
1240	47.389	657.392
1241	47.441	655.751
1242	47.4951	653.537
1243	47.5466	653.337
1245	47.6534	653.325
1246	47.7047	649.885
1247	47.7561	648.767
1248	47.8094	648.699
1250	47.9174	648.663
1251	47.9733	635.716
1252	48.0286	635.714
1253	48.0792	635.643
1254	48.1312	635.619
1255	48.1848	635.582
1256	48.235	635.571
1258	48.3382	635.56
1259	48.3883	634.631
1260	48.4413	634.631
1261	48.4909	634.605
1262	48.5443	634.602
1263	48.5976	631.451
1264	48.649	631.448
1265	48.7001	631.329
1266	48.7544	627.875
1267	48.8039	627.857
1268	48.8551	627.85
1269	48.9046	627.838
1270	48.9582	627.814
1271	49.0153	627.746
1272	49.0693	627.74
1273	49.1196	627.317
1274	49.1746	627.268
1275	49.2263	624.461
1276	49.2824	624.458
1277	49.3354	624.446
1278	49.3848	624.438
1279	49.4395	624.434
1280	49.4902	624.433
1281	49.5405	624.43
1282	49.5946	624.245
1283	49.6437	622.993
1285	49.7487	622.906
1286	49.7981	622.627
1288	49.9041	620.731
1289	49.9558	620.712
1291	50.0595	620.688
1292	50.1082	620.526
1293	50.1617	620.325
1294	50.214	620.227
1295	50.2627	620.212
1297	50.3711	620.187
1298	50.4204	617.01
1299	50.4742	617.01
1300	50.5252	616.975
1301	50.577	616.853
1302	50.6268	616.217
1303	50.6806	615.436
1304	50.7337	615.431
1305	50.7851	614.171
1306	50.8387	609.814
1307	50.889	608.741
1310	51.0421	601.378
1311	51.0993	600.016
1313	51.2013	599.843
1314	51.2526	599.833
1315	51.3063	599.756
1316	51.3585	599.746
1317	51.4115	569.836
1318	51.468	567.395
1320	51.5714	566.74
1321	51.6225	566.506
1323	51.7278	566.503
1324	51.7782	564.881
1325	51.8316	561.515
1326	51.885	561.502
1327	51.9347	560.845
1328	51.9894	560.781
1329	52.0392	560.436
1330	52.0878	560.435
1331	52.1406	556.283
1332	52.1923	556.276
1333	52.2432	554.702
1334	52.2944	554.676
1336	52.3975	554.66
1337	52.4488	554.576
1339	52.5537	554.538
1340	52.606	554.459
1341	52.659	554.445
1342	52.7142	554.379
1343	52.7645	554.336
1344	52.8186	554.325
1345	52.871	554.297
1346	52.9238	554.286
1348	53.0307	554.283
1349	53.0814	554.28
1350	53.1336	553.624
1351	53.1886	553.546
1352	53.2382	552.487
1353	53.2918	552.365
1354	53.3433	552.275
1355	53.3973	552.27
1360	53.6558	552.207
1361	53.7078	552.168
1362	53.7693	551.949
1363	53.8316	551.555
1364	53.8859	551.506
1365	53.9388	551.48
1366	53.9957	550.351
1367	54.048	550.297
1369	54.155	550.254
1371	54.2593	547.521
1372	54.3096	547.504
1373	54.3639	547.502
1374	54.4185	547.448
1375	54.4718	547.444
1376	54.5216	547.441
1377	54.5783	547.174
1379	54.6891	547.166
1380	54.7402	547.156
1381	54.7933	547.144
1382	54.8462	547.143
1384	54.9529	547.11
1385	55.0057	547.06
1386	55.059	547.054
1387	55.114	546.821
1388	55.1667	545.425
1389	55.2208	544.981
1390	55.2747	544.981
1391	55.3266	544.978
1392	55.3815	544.084
1393	55.4318	544.072
1394	55.4904	543.873
1396	55.5948	543.873
1397	55.6472	543.872
1398	55.6992	543.54
1399	55.7517	543.539
1400	55.8033	543.277
1401	55.8562	542.871
1402	55.9103	541.486
1403	55.9641	541.484
1404	56.0158	541.479
1405	56.0702	541.474
1406	56.1222	541.473
1407	56.1744	541.468
1408	56.2309	541.467
1409	56.282	541.467
1410	56.3331	541.397
1411	56.3873	541.343
1412	56.4388	541.338
1413	56.4978	541.266
1414	56.5485	541.255
1415	56.6036	541.171
1416	56.6553	541.152
1417	56.7099	540.996
1418	56.7653	540.995
1419	56.8156	540.984
1420	56.8693	540.971
1421	56.921	540.969
1422	56.9756	540.408
1423	57.0299	540.406
1424	57.0841	540.122
1426	57.1885	540.116
1427	57.2442	540.114
1428	57.3001	539.918
1429	57.3557	539.907
1430	57.4099	539.902
1431	57.4658	539.792
1432	57.5221	539.772
1433	57.5763	539.645
1434	57.6373	539.301
1435	57.6902	538.887
1436	57.7428	538.23
1437	57.7953	538.226
1438	57.8484	538.095
1439	57.9001	538.092
1440	57.957	538.038
1441	58.0104	538.022
1442	58.0619	537.952
1443	58.1164	537.95
1444	58.1731	537.938
1445	58.2247	537.929
1446	58.2764	537.772
1447	58.3275	537.761
1448	58.3862	537.675
1449	58.4421	537.171
1450	58.4931	537.134
1451	58.548	537.12
1452	58.5995	536.972
1453	58.6579	536.963
1455	58.7666	536.302
1456	58.8191	536.298
1457	58.8717	536.279
1458	58.9289	536.117
1461	59.0861	536.003
1462	59.1411	535.691
1464	59.2473	535.628
1465	59.2979	535.503
1466	59.355	535.497
1467	59.4078	535.482
1468	59.4625	535.46
1469	59.516	534.932
1470	59.5681	534.867
1471	59.6203	534.861
1472	59.6725	534.84
1473	59.7299	534.062
1474	59.781	534.06
1475	59.8403	534.052
1476	59.8948	534.047
1477	59.9478	533.779
1478	60.0025	533.779
1479	60.0529	532.686
1480	60.1072	532.024
1481	60.1616	532.014
1482	60.2153	531.947
1483	60.271	531.691
1484	60.3225	531.691
1485	60.3768	531.299
1487	60.482	531.297
1488	60.537	531.11
1489	60.5904	530.103
1490	60.6415	530.075
1491	60.6984	529.908
1492	60.7517	529.331
1493	60.8076	529.324
1494	60.8609	529.011
1495	60.9129	528.778
1496	60.9685	528.717
1497	61.0195	528.713
1498	61.075	528.69
1499	61.1267	528.616
1500	61.1822	528.504
1502	61.2894	528.489
1503	61.3469	525.19
1504	61.3978	525.189
1505	61.4509	525.181
1506	61.5042	524.162
1507	61.5558	520.307
1508	61.6125	520.15
1509	61.665	520.097
1510	61.72	520.096
1511	61.774	520.087
1512	61.8269	519.999
1514	61.9336	519.987
1515	61.9882	519.841
1517	62.0912	519.671
1518	62.1455	519.581
1519	62.1997	519.569
1520	62.2622	519.469
1521	62.3172	519.438
1522	62.3714	519.435
1523	62.4306	519.417
1524	62.4827	519.415
1525	62.5407	519.379
1526	62.5933	519.378
1527	62.6473	519.006
1529	62.7529	518.99
1530	62.8097	518.979
1531	62.8643	518.887
1532	62.917	518.761
1533	62.9709	518.046
1534	63.0263	518.019
1535	63.0798	517.965
1536	63.1334	517.951
1537	63.1859	517.94
1538	63.2423	517.909
1539	63.2956	517.908
1540	63.3497	517.896
1541	63.4061	517.894
1542	63.4571	517.066
1543	63.5126	517.062
1544	63.5661	517.032
1545	63.6188	517.032
1547	63.7285	516.828
1548	63.7827	516.815
1549	63.8393	516.787
1552	61.514	516.662
1553	61.5655	516.641
1554	61.6202	516.564
1555	61.6735	516.284
1557	61.781	516.283
1558	61.8341	516.188
1559	61.8852	516.173
1560	61.9431	516.131
1561	61.994	516.106
1562	62.0494	515.969
1564	62.1607	515.872
1565	62.2126	515.781
1568	62.3798	515.748
1569	62.4325	515.248
1570	62.4894	513.876
1571	62.5442	513.682
1572	62.595	513.671
1573	62.6533	513.312
1574	62.7087	511.264
1575	62.764	511.24
1576	62.819	511.177
1577	62.871	510.688
1578	62.9277	510.674
1579	62.9811	510.647
1580	63.0379	510.628
1581	63.0912	509.326
1582	63.1478	506.36
1583	63.2024	506.21
1584	63.256	506.21
1585	63.3113	506.208
1586	63.3627	504.597
1587	63.4215	504.075
1589	63.5317	504.072
1590	63.5853	504.061
1591	63.6394	503.106
1593	63.7475	501.891
1594	63.8021	501.887
1595	63.856	501.867
1597	63.9639	501.865
1598	64.0172	501.612
1599	64.0752	499.775
1600	64.1296	499.775
1601	64.1823	499.765
1602	64.2407	499.763
1604	64.3485	499.76
1605	64.401	499.751
1606	64.4582	499.534
1607	64.5132	499.522
1608	64.5693	499.522
1609	64.6215	499.52
1610	64.6791	499.347
1611	64.7316	499.312
1612	64.7898	499.307
1613	64.843	499.294
1614	64.8962	499.253
1615	64.9551	499.238
1617	65.0624	499.237
1618	65.1142	499.157
1619	65.1727	499.156
1620	65.2307	499.153
1621	65.2826	499.15
1622	65.3356	499.02
1623	65.3863	498.188
1624	65.444	498.186
1625	65.4955	497.971
1626	65.55	497.749
1628	65.6601	496.393
1629	65.7164	496.393
1631	65.8254	496.384
1632	65.8829	496.311
1633	65.9345	496.142
1634	65.9905	495.959
1635	66.0436	495.938
1638	66.2102	490.871
1641	66.3734	490.85
1642	66.4286	490.722
1643	66.4831	489.966
1645	66.5942	489.778
1646	66.6506	488.893
1647	66.705	488.888
1648	66.7585	488.88
1649	66.8136	488.861
1650	66.8681	480.391
1651	66.929	478.68
1654	67.0945	478.675
1655	67.1498	478.643
1656	67.2028	478.473
1657	67.2561	459.569
1658	67.3106	458.711
1660	67.4209	458.239
1661	67.475	458.158
1662	67.5293	458.036
1663	67.5823	458.032
1664	67.6375	457.877
1665	67.6891	455.908
1666	67.7457	455.906
1667	67.7993	455.275
1668	67.8553	455.267
1669	67.9071	455.127
1670	67.96	455.117
1671	68.0168	453.745
1673	68.1234	453.511
1674	68.1769	453.476
1676	68.2829	453.461
1677	68.337	453.433
1678	68.3903	453.345
1679	68.4457	453.214
1680	68.5006	453.18
1681	68.5537	453.127
1682	68.6107	453.101
1683	68.6635	453.057
1685	68.767	453.017
1686	68.8221	453.004
1687	68.874	453.001
1688	68.9251	452.987
1689	68.9793	452.983
1692	69.1393	452.061
1693	69.1944	452.048
1694	69.2536	451.944
1697	69.418	451.923
1698	69.4729	451.914
1699	69.528	451.912
1701	69.6348	451.906
1702	69.6875	451.905
1703	69.7403	451.124
1704	69.7962	451.088
1705	69.8494	451.061
1706	69.9014	450.07
1707	69.9567	450.058
1708	70.0103	449.98
1709	70.0617	449.976
1711	70.1698	448.102
1712	70.2253	448.102
1713	70.2771	448.1
1714	70.3335	448.094
1715	70.3881	448.091
1716	70.4426	448.088
1717	70.4968	448
1718	70.556	447.958
1719	70.6093	447.945
1720	70.6672	447.943
1721	70.7222	447.939
1722	70.779	447.938
1724	70.8933	447.901
1725	70.9472	447.897
1727	71.0543	447.732
1728	71.1096	447.546
1729	71.1647	447.192
1730	71.2266	447.189
1731	71.3366	447.175
1732	71.4264	446.334
1733	71.4839	446.07
1734	71.5409	446.005
1735	71.6054	446
1737	71.7364	445.999
1738	71.7931	445.967
1739	71.85	445.966
1740	71.9042	445.884
1741	71.9568	445.67
1742	72.015	445.286
1743	72.0697	445.285
1744	72.1241	445.284
1745	72.1763	445.235
1746	72.2361	445.23
1747	72.3097	445.228
1748	72.3672	445.169
1749	72.4218	445.168
1750	72.4796	445.159
1751	72.5344	445.102
1752	72.5897	445.101
1753	72.6484	445.087
1754	72.704	445.085
1755	72.7605	445.071
1757	72.8701	444.767
1758	72.9224	444.765
1759	72.9811	444.555
1760	73.0348	444.546
1762	73.155	443.884
1764	73.2597	443.658
1765	73.3153	443.657
1767	73.4271	443.656
1768	73.4879	442.891
1769	73.5442	442.889
1770	73.5968	442.881
1772	73.7067	442.873
1773	73.7648	442.79
1774	73.8177	442.664
1775	73.8789	442.05
1776	73.9322	442.014
1777	73.9954	442.013
1778	74.0533	441.963
1780	74.1638	441.937
1782	74.2776	441.934
1784	74.391	441.67
1785	74.4474	441.669
1786	74.5055	441.631
1787	74.5588	441.621
1788	74.6167	441.547
1789	74.6718	441.262
1790	74.7255	441.23
1791	74.7776	441.23
1792	74.835	441.23
1793	74.8873	441.225
1795	75.0017	440.671
1796	75.0573	440.666
1797	75.1117	440.641
1798	75.1695	440.294
1799	75.2251	440.288
1800	75.2844	440.259
1801	75.3383	440.184
1802	75.3952	439.418
1803	75.45	439.416
1804	75.5063	439.396
1805	75.5671	439.21
1807	75.6778	439.194
1808	75.731	439.189
1809	75.7875	437.451
1810	75.8394	437.426
1811	75.8953	437.42
1812	75.9499	437.363
1813	76.0109	436.977
1814	76.0645	436.97
1815	76.1228	436.969
1816	76.1774	436.967
1817	76.2343	436.923
1818	76.2869	436.917
1819	76.3479	436.511
1820	76.4076	435.506
1821	76.4623	435.492
1822	76.5178	435.46
1823	76.5733	435.36
1825	76.6824	434.94
1827	76.794	434.94
1828	76.8492	434.904
1829	76.9051	433.848
1830	76.9596	433.843
1831	77.0155	433.439
1832	77.0767	433.183
1833	77.1307	433.176
1834	77.1874	433.026
1835	77.2401	432.927
1837	77.3567	432.923
1838	77.4121	432.915
1839	77.4645	432.907
1841	77.5787	432.901
1842	77.6313	432.894
1843	77.6905	430.35
1844	77.7429	430.349
1845	77.7992	430.346
1846	77.8521	429.718
1847	77.9087	428.701
1848	77.9659	428.279
1849	78.023	426.929
1850	78.0771	426.927
1851	78.1337	426.922
1852	78.1861	426.887
1854	78.3015	426.887
1855	78.3571	426.76
1857	78.4669	426.093
1858	78.5196	425.936
1859	78.5795	425.909
1860	78.6361	425.839
1861	78.6907	425.835
1863	78.8105	425.786
1864	78.8656	425.766
1865	78.9217	425.753
1867	79.0358	425.74
1869	79.1468	425.683
1872	79.3174	425.636
1873	79.3743	425.275
1874	79.4329	425.265
1876	79.5415	425.26
1877	79.5986	425.198
1878	79.6515	425.196
1880	79.7659	425.196
1881	79.8206	425.172
1882	79.8761	424.536
1884	79.9913	424.504
1885	80.0471	424.504
1889	80.2728	424.487
1891	80.3827	424.485
1892	80.4373	424.185
1893	80.4921	424.173
1895	80.6018	423.935
1897	80.7127	423.934
1898	80.7664	423.859
1900	80.8758	423.702
1901	80.9279	423.664
1902	80.9849	423.616
1904	81.0954	423.613
1905	81.1552	423.413
1908	81.3191	423.412
1909	81.3736	423.3
1910	81.4288	422.911
1911	81.4838	422.881
1912	81.5406	422.877
1913	81.5974	422.585
1914	81.6508	421.28
1915	81.7087	421.227
1917	81.8171	420.888
1918	81.8718	420.83
1919	81.9277	420.619
1920	81.9808	420.61
1921	82.0352	419.848
1922	82.0899	418.124
1923	82.1477	418.08
1925	82.2644	418.079
1926	82.3221	413.248
1927	82.3916	413.119
1928	82.4544	412.317
1929	82.5139	412.281
1930	82.5729	412.268
1931	82.6285	410.161
1932	82.6864	410.16
1933	82.7397	409.921
1934	82.7974	409.92
1935	82.856	409.835
1936	82.915	409.827
1937	82.9693	409.818
1938	83.0254	409.041
1939	83.0793	408.068
1940	83.1379	408.066
1941	83.1942	408.059
1942	83.249	408.057
1944	83.3609	408.056
1945	83.4212	408.044
1946	83.4773	407.887
1947	83.5376	407.883
1948	83.5927	407.88
1950	83.7079	407.831
1951	83.7616	407.805
1952	83.818	407.803
1953	83.8743	407.798
1954	83.9317	407.765
1955	83.9903	407.76
1959	84.2154	407.76
1961	84.343	407.751
1962	84.4169	407.536
1963	84.4788	407.101
1965	84.5923	407.073
1966	84.6471	406.503
1968	84.7559	405.925
1969	84.8132	405.925
1971	84.9299	405.891
1972	84.9833	405.78
1973	85.0421	405.615
1974	85.0994	405.309
1975	85.1552	405.289
1976	85.2216	405.288
1978	85.3463	404.664
1981	85.5808	404.658
1982	85.7043	404.654
1983	85.7633	403.529
1984	85.8208	403.526
1985	85.8855	403.35
1986	85.9434	402.823
1987	86.0033	402.621
1988	86.0572	402.617
1989	86.1129	402.501
1990	86.1723	401.13
1991	86.2307	398.923
1993	86.3412	398.921
1994	86.3942	398.914
1996	86.506	398.686
1997	86.5626	381.699
1998	86.6172	381.288
2000	86.7274	379.677
2001	86.7848	379.495
2003	86.8973	379.492
2004	86.9515	379.471
2005	87.0072	379.257
2006	87.0605	379.252
2007	87.1191	379.008
2008	87.173	379.004
2009	87.2306	378.93
2013	87.4533	378.707
2014	87.5073	378.678
2015	87.5659	378.67
2016	87.6256	378.662
2019	87.7924	378.579
2020	87.8456	378.541
2022	87.9581	378.462
2023	88.0228	378.423
2025	88.1326	378.376
2026	88.1861	378.375
2027	88.2444	378.359
2028	88.2999	378.358
2031	88.4703	378.347
2032	88.5276	377.59
2033	88.5826	377.589
2035	88.6952	377.583
2037	88.8129	377.576
2038	88.8675	377.541
2040	88.98	377.535
2041	89.0377	377.287
2042	89.0924	377.112
2043	89.1494	376.552
2044	89.2081	376.248
2045	89.2623	376.231
2046	89.3149	375.277
2047	89.3696	375.275
2049	89.4831	375.27
2051	89.5954	373.873
2052	89.6528	373.87
2053	89.7076	373.868
2054	89.7633	373.866
2055	89.822	373.861
2056	89.8773	373.86
2057	89.9368	373.8
2058	89.9949	373.779
2059	90.049	373.771
2060	90.1089	373.769
2061	90.1657	373.755
2063	90.2785	373.755
2064	90.3377	373.744
2065	90.3911	373.699
2066	90.4492	373.698
2067	90.5069	373.583
2068	90.5636	373.542
2069	90.6197	373.463
2071	90.735	373.46
2072	90.7926	372.767
2073	90.85	369.954
2074	90.9068	369.893
2076	91.0195	369.892
2078	91.1304	369.844
2079	91.1908	369.843
2080	91.2464	369.654
2081	91.3031	368.608
2082	91.3561	368.377
2084	91.4663	368.373
2085	91.5194	368.368
2086	91.5794	368.364
2087	91.6333	368.363
2088	91.6891	368.335
2091	91.8546	368.333
2092	91.9105	368.332
2093	91.9654	368.329
2094	92.0233	368.325
2095	92.0827	368.324
2096	92.1378	368.317
2097	92.1923	367.978
2100	92.3645	367.848
2101	92.4257	367.848
2102	92.4793	367.366
2103	92.5381	367.366
2104	92.5924	366.539
2106	92.7065	366.536
2107	92.764	366.535
2108	92.8195	366.221
2109	92.8748	366.22
2110	92.9319	366.215
2112	93.0476	366.213
2113	93.1074	366.148
2114	93.1652	366.02
2115	93.2252	365.449
2118	93.397	365.35
2120	93.5094	365.35
2121	93.5647	365.345
2122	93.6232	365.342
2123	91.2057	365.259
2124	91.2595	365.251
2125	91.3156	365.251
2126	91.3714	365.168
2127	91.4274	365.166
2128	91.4827	365.151
2129	91.5429	364.879
2130	91.5971	364.84
2131	91.6528	364.833
2132	91.7085	364.831
2133	91.7624	364.83
2134	91.8174	364.829
2135	91.8768	364.132
2136	91.9328	364.129
2138	92.0512	363.959
2139	92.1063	363.927
2140	92.1644	363.864
2141	92.2212	363.859
2142	92.2778	363.76
2143	92.3329	363.755
2145	92.4451	362.912
2146	92.5036	362.912
2147	92.5596	362.909
2148	92.6209	362.781
2149	92.6796	361.567
2150	92.7346	361.467
2151	92.7918	361.365
2152	92.8451	361.346
2153	92.9081	360.834
2154	92.9721	360.819
2155	93.031	360.817
2157	93.1454	360.701
2158	93.1993	360.699
2159	93.2586	360.507
2160	93.3144	359.757
2161	93.3711	359.752
2162	93.4249	359.691
2163	93.4846	358.856
2164	93.5403	358.856
2165	93.5948	358.429
2166	93.6499	358.428
2168	93.7623	358.34
2169	93.8194	357.474
2170	93.8809	357.445
2171	93.9384	357.297
2172	93.9927	357.158
2173	94.0485	357.155
2174	94.1071	356.822
2175	94.1625	356.819
2177	94.2823	356.816
2178	94.3383	356.81
2179	94.3967	356.763
2181	94.5084	356.763
2182	94.5676	356.758
2183	94.6237	354.861
2184	94.679	354.86
2185	94.7346	354.859
2186	94.7944	354.015
2187	94.8557	353.767
2189	94.9689	353.667
2190	95.0264	353.666
2191	95.083	353.656
2194	95.2544	353.654
2195	95.3207	353.556
2197	95.4442	352.047
2198	95.5025	351.967
2199	95.5613	351.964
2200	95.6229	351.924
2201	95.6798	351.863
2203	95.7962	351.776
2204	95.8492	351.771
2205	95.9133	351.759
2206	95.9688	351.758
2207	96.0373	351.744
2211	96.2768	351.027
2212	96.3317	350.945
2213	96.3908	350.732
2214	96.4468	350.73
2216	96.559	350.725
2217	96.6166	350.676
2218	96.6741	350.607
2219	96.7329	350.606
2220	96.7926	350.605
2222	96.9038	350.436
2225	97.0732	350.432
2227	97.1865	350.213
2228	97.2458	350.205
2229	97.3017	350.167
2230	97.3635	350.133
2231	97.4249	350.132
2233	97.5375	350.128
2234	97.5932	350.091
2235	97.6479	349.971
2236	97.7044	349.542
2237	97.7662	349.541
2238	97.8266	349.281
2240	97.9454	349.281
2241	98.0013	349.24
2242	98.0582	349.184
2243	98.1168	349.183
2244	98.1711	349.178
2245	98.2361	349.172
2246	98.2956	349.166
2247	98.3509	349.165
2248	98.4093	349.163
2249	98.465	349.056
2250	98.5288	348.831
2251	98.5842	348.824
2252	98.6405	348.818
2253	98.7299	348.627
2254	98.7915	346.938
2255	98.8512	346.933
2257	98.964	346.624
2258	99.0195	346.619
2259	99.0829	346.608
2260	99.141	346.568
2261	99.1989	345.767
2262	99.2546	343.234
2263	99.3122	343.042
2264	99.3764	343.041
2265	99.4304	343.041
2266	99.4878	341.707
2267	99.5469	341.575
2268	99.6048	341.556
2269	99.6586	341.347
2271	99.7735	340.8
2273	99.8907	340.687
2274	99.9475	340.686
2275	100.006	340.596
2276	100.062	340.595
2277	100.123	340.592
2281	100.354	340.59
2282	100.41	340.589
2283	100.473	340.545
2284	100.531	340.542
2285	100.586	340.456
2286	100.645	340.384
2287	100.7	340.376
2290	100.88	340.363
2291	100.936	340.322
2293	101.051	340.321
2294	101.109	340.297
2295	101.163	340.297
2297	101.274	340.293
2298	101.332	340.268
2301	101.51	340.258
2303	101.624	339.817
2304	101.683	339.814
2305	101.744	339.715
2306	101.802	339.69
2308	101.916	339.623
2309	101.974	339.62
2310	102.035	339.615
2312	102.147	339.26
2314	102.266	339.13
2317	102.442	339.121
2318	102.504	336.22
2321	102.678	336.217
2323	102.793	335.918
2324	102.857	335.915
2325	102.914	335.752
2326	102.972	335.332
2327	103.028	334.469
2328	103.086	334.46
2329	103.145	334.411
2330	103.199	333.914
2331	103.257	332.776
2332	103.316	332.7
2334	103.434	332.687
2336	103.549	332.545
2337	103.604	330.58
2338	103.662	330.505
2339	103.719	330.504
2340	103.777	329.898
2341	103.83	328.881
2342	103.886	328.815
2344	104	328.731
2345	104.058	328.66
2347	104.171	328.587
2348	104.232	328.581
2349	104.286	328.554
2351	104.402	328.532
2353	104.52	328.472
2354	104.578	328.443
2355	104.633	328.336
2356	104.69	328.31
2359	104.865	328.085
2361	104.978	328.058
2362	105.033	328.056
2363	105.092	328.046
2364	105.151	328.044
2368	105.377	328.043
2369	105.438	328.041
2370	105.495	327.874
2372	105.606	327.21
2374	105.721	327.189
2375	105.779	327.173
2377	105.894	327.169
2379	106.01	327.156
2381	106.126	327.14
2382	106.182	327.036
2383	106.238	326.863
2384	106.293	326.766
2385	106.35	326.758
2386	106.407	326.292
2387	106.461	326.291
2388	106.516	326.288
2389	106.578	326.284
2391	106.694	325.594
2392	106.757	325.591
2394	106.873	325.537
2395	106.933	325.535
2396	106.995	325.534
2397	107.057	325.53
2398	107.127	325.516
2399	107.19	325.513
2400	107.254	325.51
2401	107.318	325.504
2402	107.377	325.503
2403	107.438	325.487
2404	107.497	325.486
2405	107.556	325.446
2406	107.616	325.441
2407	107.676	325.263
2408	107.735	325.261
2409	107.792	324.954
2411	107.907	324.953
2412	107.968	324.314
2413	108.024	324.242
2414	108.084	324.11
2415	108.144	324.11
2416	108.204	324.11
2417	108.266	324.109
2418	108.323	324.069
2420	108.446	322.579
2421	108.506	322.105
2422	108.563	321.8
2423	108.625	321.8
2424	108.682	321.796
2425	108.745	321.791
2426	108.8	321.79
2427	108.859	321.79
2428	108.913	321.766
2429	109.038	321.766
2430	109.102	321.671
2431	109.163	321.67
2433	109.282	321.669
2434	109.341	321.668
2436	109.456	321.655
2437	109.513	321.309
2438	109.577	321.309
2439	109.638	321.307
2440	109.699	321.243
2441	109.754	321.242
2442	109.814	320.831
2443	109.871	320.83
2444	109.928	320.742
2445	109.99	320.742
2446	110.05	320.738
2448	110.165	320.316
2449	110.225	320.307
2450	110.279	320.304
2452	110.396	320.303
2453	110.453	320.18
2454	110.512	320.063
2455	110.567	319.579
2456	110.626	319.521
2457	110.686	319.521
2458	110.746	319.439
2459	110.804	319.438
2460	110.863	319.437
2461	110.926	319.431
2462	110.985	319.43
2463	111.041	319.406
2464	111.102	319.306
2465	111.157	319.304
2466	111.216	318.697
2467	111.273	318.696
2469	111.389	318.587
2470	111.446	318.577
2471	111.505	318.576
2472	111.566	318.571
2473	111.625	318.571
2475	111.74	318.082
2476	111.797	318.077
2477	111.857	318.072
2478	111.915	317.868
2479	111.977	317.846
2481	112.095	317.791
2482	112.152	317.711
2485	112.322	317.672
2486	112.38	317.672
2487	112.436	317.667
2488	112.497	317.637
2489	112.555	317.473
2490	112.611	317.432
2491	112.667	317.292
2492	112.727	317.285
2493	112.782	316.356
2494	112.841	316.356
2497	113.011	316.301
2498	113.07	316.3
2499	113.129	316.231
2500	113.188	315.87
2501	113.244	315.865
2502	113.301	315.829
2503	113.357	315.51
2505	113.474	315.213
2507	113.585	315.212
2508	113.641	315.211
2509	113.697	314.756
2510	113.754	314.735
2511	113.81	314.699
2512	113.872	314.678
2514	113.986	314.415
2515	114.043	314.414
2516	114.098	314.411
2517	114.153	314.409
2519	114.267	314.319
2523	114.508	312.582
2524	114.563	312.581
2525	114.622	312.579
2526	114.681	311.916
2527	114.737	311.87
2529	114.852	311.55
2530	114.911	311.55
2535	115.197	311.473
2537	115.315	311.302
2538	115.379	311.139
2539	115.435	311.139
2540	115.497	311.116
2541	115.558	311.09
2542	115.615	311.089
2543	115.674	311.032
2544	115.729	311.02
2545	115.793	310.982
2546	115.848	310.98
2547	115.912	310.975
2548	115.972	310.973
2549	116.027	310.914
2551	116.147	310.652
2552	116.205	310.477
2553	116.262	310.326
2554	116.317	310.318
2556	116.436	310.316
2557	116.496	310.299
2558	116.554	310.298
2559	116.613	310.298
2560	116.675	310.297
2562	116.801	310.215
2564	116.919	310.213
2565	116.977	310.212
2567	117.095	310.193
2568	117.158	310.165
2569	117.215	310.134
2571	117.332	310.134
2572	117.394	310.016
2573	117.452	310.015
2574	117.517	309.868
2575	117.577	309.775
2576	117.636	309.764
2578	117.755	309.692
2581	117.933	309.659
2582	117.997	309.615
2584	118.118	309.608
2586	118.234	309.608
2587	118.293	309.606
2588	118.352	309.602
2589	118.413	309.556
2590	118.474	309.436
2593	118.654	309.276
2594	118.71	308.78
2597	118.883	308.483
2598	118.945	308.444
2599	119.002	308.434
2600	119.065	308.411
2601	119.126	307.572
2602	119.19	307.099
2606	119.431	306.018
2607	119.493	305.267
2609	119.61	305.074
2611	119.731	304.994
2612	119.787	304.994
2613	119.847	304.987
2614	119.903	304.974
2616	120.023	304.969
2617	120.084	304.964
2622	120.379	304.964
2624	120.497	304.963
2627	120.668	304.956
2630	120.846	304.858
2631	120.903	304.834
2633	121.017	304.832
2634	121.076	304.831
2638	121.31	304.807
2639	121.369	304.805
2641	121.49	304.792
2642	121.551	304.775
2643	121.611	304.429
2646	121.784	304.4
2647	121.846	304.398
2648	121.902	304.39
2650	122.017	304.383
2651	122.074	304.336
2652	122.139	304.213
2654	122.254	304.162
2657	122.437	304.158
2658	122.495	303.695
2663	122.791	303.179
2665	122.905	303.06
2666	122.968	302.487
2667	123.028	302.243
2668	123.084	302.219
2670	123.2	301.546
2671	123.26	300.637
2673	123.378	300.489
2674	123.434	300.47
2675	121.014	300.465
2677	121.131	298.709
2678	121.186	298.138
2679	121.249	298.128
2680	121.308	298.107
2681	121.374	297.475
2684	121.556	297.458
2687	121.735	297.422
2692	122.034	297.422
2693	122.09	296.623
2694	122.149	296.619
2695	122.206	296.594
2696	122.267	296.591
2699	122.442	296.554
2700	122.503	296.554
2701	122.568	296.481
2702	122.625	296.447
2703	122.683	296.443
2706	122.864	296.44
2708	122.984	296.438
2709	123.043	296.433
2710	123.101	296.419
2712	123.218	296.408
2715	123.397	296.396
2716	123.454	296.394
2721	123.743	296.301
2722	123.806	296.225
2723	123.866	296.118
2724	123.923	296.061
2725	123.983	296.039
2726	124.045	295.474
2727	124.101	295.472
2731	124.34	294.794
2732	124.399	294.793
2733	124.454	294.791
2734	124.515	294.786
2735	124.573	294.785
2736	124.635	294.784
2737	124.696	294.773
2738	124.752	294.753
2739	124.809	294.748
2740	124.865	294.742
2741	124.931	294.724
2742	124.988	294.723
2743	125.048	294.722
2744	125.103	294.719
2745	125.165	294.67
2746	125.224	294.669
2747	125.28	294.541
2748	125.345	294.513
2749	125.402	294.443
2751	125.523	294.442
2752	125.583	293.851
2753	125.643	293.801
2754	125.699	293.731
2755	125.766	293.73
2756	125.821	293.73
2758	125.941	293.717
2759	126.003	293.716
2760	126.067	293.156
2761	126.128	292.808
2763	126.25	292.808
2764	126.312	292.807
2765	126.372	292.796
2766	126.436	292.791
2767	126.492	292.791
2770	126.667	292.739
2771	126.726	292.271
2773	126.848	292.269
2777	127.087	291.474
2778	127.142	291.469
2780	127.262	291.352
2781	127.323	291.352
2782	127.393	291.071
2783	127.46	291.071
2784	127.526	291.037
2785	127.592	291.037
2786	127.653	291.036
2788	127.771	290.999
2789	127.831	290.997
2790	127.889	290.994
2791	127.953	290.518
2792	128.01	290.518
2793	128.075	290.486
2794	128.131	290.439
2795	128.192	289.998
2796	128.25	289.991
2798	128.386	289.972
2800	128.508	289.97
2802	128.64	289.969
2804	128.76	289.898
2806	128.878	289.825
2809	129.056	289.658
2810	129.118	289.639
2813	129.294	289.637
2815	129.416	288.278
2816	129.48	288.262
2818	129.595	288.119
2820	129.718	288.069
2821	129.78	288.068
2822	129.843	288.015
2823	129.903	288.014
2824	129.966	287.976
2825	130.024	287.963
2828	130.2	287.947
2829	130.257	287.86
2830	130.316	287.453
2831	130.377	287.424
2832	130.432	287.422
2833	130.491	286.905
2835	130.608	286.905
2837	130.722	286.844
2839	130.84	286.78
2840	130.895	286.419
2841	130.962	286.413
2842	131.019	286.388
2843	131.082	285.523
2845	131.197	285.282
2847	131.315	285.281
2848	131.375	285.25
2849	131.438	285.184
2850	131.493	285.176
2851	131.555	285.158
2852	131.611	285.119
2853	131.672	285.115
2854	131.729	284.977
2857	131.908	284.976
2858	131.969	284.952
2859	132.028	284.844
2860	132.084	284.805
2861	132.143	284.805
2862	132.199	284.803
2863	132.261	283.468
2864	132.318	283.467
2865	132.378	283.466
2866	132.437	282.886
2867	132.494	282.861
2868	132.553	282.844
2869	132.609	282.693
2870	132.667	282.693
2872	132.786	282.678
2874	132.905	282.67
2875	132.961	282.658
2877	133.08	282.543
2878	133.142	282.462
2879	133.202	282.458
2881	133.325	282.456
2882	133.386	282.456
2884	133.509	282.449
2885	133.565	282.4
2887	133.681	282.393
2888	133.737	282.38
2889	133.798	282.365
2891	133.915	282.256
2892	133.975	282.187
2893	134.032	281.889
2894	134.092	281.886
2896	134.21	281.884
2897	134.266	281.86
2899	134.382	281.86
2900	134.441	281.856
2902	134.559	281.548
2903	134.616	281.547
2904	134.676	281.517
2907	134.85	281.443
2909	134.964	281.407
2910	135.021	281.272
2911	135.08	281.266
2912	135.138	281.259
2913	135.196	281.258
2914	135.254	281.136
2916	135.372	281.099
2918	135.488	281.02
2921	135.665	280.994
2928	136.079	280.982
2930	136.196	280.948
2933	136.369	280.819
2934	136.427	280.138
2937	136.6	279.831
2939	136.717	279.827
2940	136.777	279.818
2941	136.835	278.922
2942	136.894	278.11
2946	137.131	277.203
2947	137.197	276.544
2948	137.254	276.497
2951	137.429	276.412
2952	137.49	276.41
2953	137.55	276.374
2954	137.61	276.37
2955	137.669	276.36
2956	137.728	276.35
2959	137.904	275.308
2961	138.021	275.307
2964	138.201	275.269
2967	138.38	275.269
2970	138.555	275.201
2971	138.615	275.184
2973	138.732	275.182
2974	138.792	274.532
2978	139.031	274.447
2979	139.089	274.444
2980	139.149	274.443
2981	139.209	274.427
2983	139.329	274.25
2984	139.385	274.245
2987	139.561	274.243
2988	139.62	274.192
2990	139.741	274.18
2992	139.857	273.988
2994	139.978	273.946
2995	140.034	273.946
2996	140.097	273.945
2997	140.155	273.911
2998	140.215	273.54
3000	140.333	273.54
3001	140.39	273.528
3002	140.451	273.515
3003	140.512	273.478
3005	140.631	273.407
3006	140.69	273.15
3007	140.752	272.782
3010	140.925	272.605
3011	140.985	271.923
3012	141.042	271.889
3014	141.159	271.879
3015	141.218	271.871
3017	141.331	259.895
3018	141.39	259.763
3020	141.505	259.711
3022	141.624	259.694
3024	141.74	259.647
3031	142.153	259.623
3033	142.272	259.483
3034	142.332	259.479
3036	142.45	259.443
3039	142.63	259.118
3040	142.688	259.117
3042	142.809	259.115
3043	142.867	259.065
3046	143.046	259.064
3052	143.395	258.591
3054	143.516	258.451
3059	143.834	258.45
3061	143.955	257.975
3062	144.015	257.922
3063	144.074	257.913
3064	144.133	257.884
3065	144.197	257.873
3066	144.257	257.563
3067	144.318	257.561
3069	144.44	257.56
3071	144.558	256.915
3072	144.619	256.913
3073	144.677	256.912
3074	144.738	256.91
3075	144.796	256.909
3076	144.858	256.906
3077	144.92	256.904
3078	144.981	256.883
3079	145.039	256.882
3081	145.16	256.866
3082	145.226	256.865
3083	145.286	256.859
3084	145.343	256.858
3085	145.408	256.844
3086	145.468	256.844
3087	145.532	256.773
3088	145.592	256.763
3089	145.651	256.6
3091	145.768	256.596
3092	145.827	256.092
3093	145.884	256.075
3094	145.947	255.987
3095	146.005	255.986
3098	146.197	255.881
3099	146.256	255.88
3100	146.321	254.231
3101	146.382	254.045
3102	146.44	252.574
3103	146.501	252.574
3104	146.557	252.574
3105	146.618	252.534
3106	146.675	252.533
3107	146.737	252.533
3109	146.867	252.532
3110	146.944	252.526
3111	147	252.49
3113	147.116	252.489
3114	147.176	252.489
3117	147.353	252.285
3118	147.413	252.282
3120	147.536	252.227
3121	147.599	252.227
3122	147.657	251.59
3123	147.72	251.589
3124	147.777	251.505
3125	147.835	251.505
3126	147.891	251.503
3127	147.948	251.502
3128	148.012	251.493
3129	148.068	251.493
3130	148.127	251.492
3131	148.187	251.351
3132	148.242	251.35
3133	148.304	251.335
3134	148.361	251.254
3135	148.423	250.867
3136	148.481	250.856
3137	148.539	250.856
3138	148.603	250.83
3139	148.663	250.827
3140	148.721	250.826
3141	148.78	250.817
3142	148.841	250.816
3143	148.899	250.804
3144	148.958	250.778
3145	149.016	250.776
3146	149.076	250.766
3149	149.253	250.708
3151	149.372	250.706
3153	149.493	250.704
3155	149.613	250.168
3156	149.676	250.165
3158	149.794	250.044
3160	149.914	250.031
3161	149.975	250.019
3162	150.038	249.972
3165	150.217	249.671
3167	150.336	249.663
3168	150.397	249.634
3169	150.454	249.583
3170	150.511	249.569
3171	150.572	249.551
3172	150.63	249.546
3173	150.688	249.068
3174	150.746	249.067
3175	150.805	249.067
3177	150.925	249.027
3179	151.042	248.97
3180	151.1	248.754
3182	151.217	248.655
3183	151.278	248.632
3185	151.4	248.403
3186	151.475	248.4
3187	151.547	248.4
3188	151.668	248.399
3189	151.731	248.367
3190	151.789	248.362
3191	151.848	248.261
3192	151.908	248.255
3193	151.965	248.254
3194	152.024	248.129
3195	152.082	248.127
3197	152.198	248.127
3198	152.257	248.117
3199	152.318	248.051
3200	152.379	248.031
3202	152.497	248.03
3203	152.559	246.734
3204	152.617	246.733
3205	152.679	246.729
3206	152.746	246.221
3207	152.808	246.043
3209	152.924	245.827
3210	152.981	245.827
3212	153.096	245.688
3213	153.157	245.688
3214	150.738	245.684
3215	150.795	245.67
3217	150.914	245.645
3218	150.971	245.559
3219	151.033	245.559
3221	151.152	245.555
3222	151.208	245.555
3223	151.266	245.536
3224	151.329	245.532
3225	151.385	245.528
3226	151.449	245.528
3228	151.564	245.515
3229	151.624	245.513
3231	151.745	245.457
3232	151.801	245.421
3233	151.866	245.385
3234	151.924	245.384
3236	152.046	245.382
3239	152.23	245.381
3240	152.291	245.376
3242	152.408	245.304
3245	152.585	245.304
3247	152.708	245.272
3248	152.767	245.268
3250	152.887	245.183
3252	153.004	245.174
3253	153.064	245.174
3254	153.121	245.129
3255	153.182	245.076
3256	153.242	245.028
3258	153.358	245
3260	153.479	244.943
3261	153.536	244.92
3262	153.597	244.917
3264	153.714	244.9
3265	153.776	244.893
3270	154.07	244.886
3273	154.247	244.841
3274	154.308	244.819
3277	154.489	244.571
3279	154.614	244.564
3280	154.674	244.459
3281	154.734	243.749
3282	154.792	242.96
3286	155.03	242.22
3287	155.092	241.752
3291	155.329	241.675
3292	155.39	241.667
3296	155.633	241.664
3299	155.814	241.61
3302	155.996	241.608
3304	156.132	241.607
3305	156.2	241.57
3306	156.259	241.516
3307	156.325	241.512
3311	156.567	241.495
3313	156.691	241.493
3314	156.749	241.493
3316	156.872	241.492
3317	156.928	241.49
3318	156.994	241.464
3319	157.056	241.464
3321	157.174	241.448
3322	157.233	241.446
3323	157.297	241.363
3326	157.483	241.348
3327	157.542	241.344
3331	157.789	241.331
3332	157.847	241.201
3334	157.968	241.161
3335	158.032	241.153
3338	158.208	240.787
3343	158.508	240.762
3345	158.628	240.684
3346	158.684	240.578
3347	158.747	240.492
3351	158.991	239.869
3354	159.169	239.858
3355	159.231	239.854
3356	159.29	239.836
3357	159.353	238.364
3358	159.421	238.223
3359	159.479	238.219
3360	159.541	238.217
3361	159.603	236.448
3362	159.66	236.42
3364	159.782	236.405
3365	159.845	236.374
3367	159.962	236.3
3368	160.025	236.296
3373	160.324	236.276
3374	160.386	236.275
3376	160.505	236.242
3380	160.741	236.238
3382	160.864	236.23
3383	160.921	236.193
3387	161.158	236.191
3390	161.34	236.185
3392	161.461	235.773
3394	161.579	235.714
3400	161.943	235.7
3401	162.003	235.521
3402	162.065	235.487
3404	162.184	235.464
3405	162.243	235.464
3406	162.303	235.267
3407	162.361	235.263
3409	162.484	235.256
3411	162.602	234.515
3412	162.661	234.513
3413	162.72	234.511
3415	162.838	234.51
3416	162.898	234.51
3417	162.958	234.509
3418	163.016	234.497
3420	163.135	234.474
3421	163.197	234.451
3422	163.259	234.45
3423	163.319	234.444
3424	163.376	234.443
3425	163.436	234.416
3426	163.493	234.416
3427	163.555	234.361
3428	163.611	234.356
3429	163.671	234.174
3430	163.729	234.174
3431	163.789	234.165
3432	163.846	233.726
3433	163.906	233.691
3434	163.965	233.625
3435	164.022	233.625
3436	164.083	233.625
3437	164.146	233.625
3438	164.206	233.623
3439	164.264	233.623
3440	164.326	233.316
3441	164.383	233.17
3442	164.446	233.055
3444	164.564	233.053
3445	164.62	233.048
3447	164.74	233.047
3449	164.857	233.047
3450	164.917	233.039
3451	164.975	232.996
3455	165.209	232.996
3457	165.327	232.797
3458	165.389	232.788
3459	165.447	232.788
3460	165.506	232.78
3462	165.626	232.541
3464	165.744	232.54
3465	165.804	232.539
3466	165.861	232.538
3467	165.922	232.534
3468	165.979	232.522
3469	166.04	232.521
3470	166.098	232.52
3471	166.161	232.431
3472	166.222	232.431
3475	166.4	232.109
3476	166.459	232.104
3478	166.584	232.088
3479	166.641	232.088
3483	166.882	232.084
3484	166.942	232.061
3486	167.063	232.047
3487	167.122	232.046
3488	167.182	232.043
3489	167.242	232.006
3491	167.366	232.004
3493	167.492	232.003
3494	167.552	232.002
3496	167.676	232.001
3497	167.736	231.999
3498	167.797	231.878
3499	167.854	231.876
3500	167.92	231.873
3502	168.043	231.834
3504	168.164	231.793
3505	168.225	231.776
3508	168.409	231.708
3509	168.468	231.689
3511	168.592	231.529
3512	168.652	231.522
3513	168.713	231.168
3514	168.77	231.12
3517	168.984	231.096
3519	169.106	230.463
3520	169.172	230.292
3523	169.355	230.269
3525	169.479	230.132
3526	169.541	230.124
3527	169.602	230.123
3528	169.66	230.122
3529	169.726	230.121
3530	169.788	230.116
3531	169.847	230.092
3532	169.911	230.067
3534	170.036	229.976
3535	170.093	229.976
3537	170.216	229.975
3538	170.279	229.975
3539	170.34	229.97
3540	170.399	229.968
3541	170.463	229.968
3543	170.585	229.025
3544	170.65	229.025
3545	170.709	229.023
3546	170.771	228.658
3547	170.836	228.615
3550	171.016	228.615
3551	171.083	228.532
3552	171.145	228.526
3554	171.267	228.501
3555	171.326	228.494
3558	171.511	228.446
3559	171.567	228.443
3561	171.695	228.441
3563	171.818	228.415
3564	171.88	228.41
3566	172.001	228.409
3567	172.06	228.408
3568	172.121	228.404
3569	172.183	228.38
3571	172.303	228.239
3572	172.363	228.194
3573	172.422	228.182
3574	172.486	228.18
3575	172.545	228.172
3576	172.607	228.169
3577	172.672	228.166
3579	172.808	228.166
3580	172.917	228.163
3581	173.029	228.083
3582	173.106	228.065
3584	173.236	228.061
3585	173.303	228.061
3587	173.425	228.046
3588	173.487	228.036
3590	173.609	227.977
3591	173.669	227.977
3592	173.73	227.959
3593	173.793	227.957
3594	173.85	227.911
3596	173.975	227.891
3597	174.034	227.891
3598	174.099	227.79
3599	174.158	227.786
3600	174.219	227.711
3601	174.29	227.701
3602	174.351	227.688
3604	174.476	227.677
3609	174.789	227.676
3610	174.852	227.586
3611	174.914	227.546
3613	175.04	227.484
3614	175.105	227.467
3616	175.234	227.441
3617	175.299	227.206
3619	175.426	227.198
3620	175.499	226.683
3621	175.562	226.438
3622	175.631	225.604
3623	175.691	225.601
3626	175.878	225.047
3627	175.939	224.594
3628	176.007	224.58
3630	176.133	224.567
3631	176.195	224.522
3632	176.257	224.52
3634	176.38	224.342
3635	176.441	224.323
3637	176.567	224.322
3639	176.686	224.296
3640	176.746	224.295
3642	176.875	224.294
3644	176.999	224.285
3645	177.06	224.261
3647	177.183	224.257
3650	177.372	223.809
3651	177.435	223.765
3653	177.559	223.762
3658	177.856	223.744
3659	177.918	223.743
3660	177.977	223.742
3661	178.04	223.74
3662	178.1	223.706
3663	178.16	223.638
3664	178.22	223.638
3667	178.398	223.637
3670	178.586	223.618
3671	178.648	223.601
3672	178.71	223.532
3674	178.831	223.501
3675	178.889	223.498
3677	179.008	223.498
3678	179.07	223.311
3683	179.372	223.307
3685	179.491	223.246
3686	179.55	223.097
3687	179.612	223.058
3690	179.795	223.021
3691	179.857	222.596
3692	179.916	222.594
3693	179.974	222.54
3695	180.092	222.54
3697	180.28	221.565
3698	180.348	221.515
3699	180.413	221.513
3701	180.536	221.448
3704	180.72	221.432
3705	180.79	221.3
3707	180.914	221.107
3708	180.972	221.105
3711	181.152	221.093
3713	181.272	219.955
3716	181.456	219.942
3720	181.696	219.94
3722	181.819	219.927
3723	181.883	219.897
3724	181.941	219.896
3725	182.002	219.896
3726	182.062	219.894
3730	182.302	219.893
3732	182.428	219.51
3740	182.904	219.507
3741	180.482	219.497
3742	180.542	219.465
3743	180.603	219.446
3745	180.731	219.271
3746	180.791	219.155
3747	180.849	219.151
3749	180.97	219.151
3751	181.094	218.639
3752	181.153	218.633
3753	181.211	218.632
3754	181.272	218.614
3756	181.39	218.614
3757	181.451	218.611
3759	181.569	218.61
3760	181.629	218.604
3761	181.689	218.552
3764	181.866	218.552
3765	181.925	218.536
3766	181.984	218.535
3767	182.046	218.502
3768	182.105	218.501
3769	182.164	218.339
3771	182.283	218.338
3772	182.342	217.945
3773	182.399	217.911
3774	182.462	217.863
3775	182.519	217.862
3776	182.582	217.861
3778	182.701	217.84
3779	182.759	217.84
3780	182.82	217.723
3781	182.878	217.602
3782	182.938	217.531
3786	183.182	217.53
3787	183.242	217.53
3789	183.364	217.53
3790	183.425	217.513
3791	183.483	217.504
3793	183.604	217.503
3794	183.664	217.502
3797	183.847	217.314
3798	183.908	217.305
3799	183.969	217.301
3800	184.031	217.284
3802	184.149	217.074
3804	184.273	217.069
3807	184.455	217.068
3808	184.515	217.064
3810	184.634	217.063
3811	184.694	216.971
3812	184.76	216.966
3813	184.822	216.961
3814	184.88	216.932
3815	184.943	216.567
3816	185.002	216.507
3818	185.12	216.495
3819	185.178	216.495
3820	185.243	216.492
3822	185.369	216.492
3823	185.433	216.478
3824	185.494	216.47
3826	185.615	216.451
3829	185.796	216.41
3830	185.857	216.41
3833	186.038	216.409
3834	186.1	216.409
3835	186.158	216.271
3836	186.22	216.268
3838	186.34	216.247
3839	186.401	216.243
3840	186.461	216.243
3842	186.581	216.212
3844	186.698	216.207
3845	186.758	216.198
3849	187.003	216.177
3850	187.067	215.936
3851	187.126	215.794
3852	187.188	215.789
3854	187.306	215.786
3857	187.482	215.766
3859	187.607	215.726
3860	187.665	215.517
3861	187.726	215.511
3863	187.847	215.487
3865	187.97	215.377
3867	188.092	215.376
3868	188.152	215.374
3869	188.216	215.346
3871	188.337	215.344
3872	188.399	215.334
3874	188.523	215.238
3878	188.764	215.233
3879	188.823	215.169
3880	188.882	215.169
3883	189.065	214.471
3884	189.126	214.47
3886	189.247	214.219
3887	189.308	214.201
3888	189.368	214.195
3890	189.49	214.195
3892	189.609	214.188
3895	189.793	214.167
3898	189.977	214.156
3899	190.037	214.153
3901	190.16	214.153
3903	190.284	214.124
3904	190.342	214.117
3906	190.471	214.114
3907	190.533	214.105
3908	190.592	214.104
3912	190.835	214.09
3913	190.897	214.067
3914	190.96	214.065
3916	191.077	214.063
3918	191.197	214.061
3920	191.315	214.059
3921	191.378	214.025
3922	191.436	214.003
3924	191.558	214.002
3926	191.68	214.001
3930	191.95	213.874
3932	192.071	213.872
3934	192.19	213.842
3935	192.256	213.826
3936	192.314	213.811
3938	192.437	213.795
3940	192.56	213.792
3941	192.622	213.788
3944	192.802	213.785
3952	193.279	213.766
3953	193.34	213.724
3954	193.397	213.645
3957	193.582	213.423
3959	193.704	213.419
3960	193.768	213.282
3961	193.826	212.762
3962	193.889	211.383
3963	193.951	211.382
3966	194.141	210.965
3967	194.202	210.524
3971	194.44	210.502
3972	194.514	210.502
3974	194.655	210.496
3977	194.834	210.493
3984	195.261	210.491
3986	195.381	210.4
3989	195.571	210.398
3991	195.722	210.377
3994	195.91	210.377
3998	196.155	210.351
3999	196.213	210.351
4000	196.278	210.351
4003	196.458	210.26
4005	196.578	210.214
4012	197.006	210.051
4014	197.128	210.01
4015	197.189	210.008
4017	197.31	210.006
4018	197.371	209.794
4023	197.683	209.776
4025	197.806	209.725
4026	197.865	209.666
4027	197.927	209.638
4031	198.17	209.316
4037	198.538	208.668
4042	198.84	208.244
4044	198.959	208.113
4047	199.139	208.045
4048	199.2	208.044
4051	199.378	207.798
4052	199.44	207.786
4055	199.624	207.777
4056	199.683	207.756
4059	199.87	207.743
4060	199.934	207.737
4062	200.056	207.732
4065	200.237	207.694
4068	200.418	207.692
4070	200.542	207.687
4072	200.663	207.392
4079	201.083	207.378
4080	201.145	207.374
4081	201.202	207.355
4082	201.264	207.334
4084	201.385	207.327
4085	201.444	207.158
4086	201.509	207.031
4087	201.57	207.029
4089	201.69	207.028
4091	201.811	206.458
4092	201.871	206.456
4093	201.932	206.453
4096	202.117	206.453
4097	202.175	206.45
4098	202.238	206.448
4099	202.296	206.448
4100	202.36	206.445
4101	202.421	206.416
4102	202.479	206.415
4103	202.54	206.409
4104	202.601	206.408
4105	202.661	206.376
4106	202.724	206.373
4107	202.787	206.355
4108	202.844	206.354
4109	202.905	206.33
4111	203.025	206.329
4112	203.087	205.676
4113	203.147	205.661
4114	203.207	205.609
4115	203.269	205.608
4118	203.45	205.603
4120	203.571	205.594
4121	203.632	205.541
4122	203.689	205.492
4126	203.93	205.492
4127	203.988	205.491
4129	204.111	205.491
4130	204.17	205.486
4132	204.286	205.486
4133	204.346	205.485
4137	204.592	205.338
4138	204.653	205.308
4140	204.773	205.284
4142	204.894	205.201
4146	205.138	205.2
4147	205.199	205.199
4148	205.259	205.189
4149	205.321	205.188
4151	205.443	205.133
4152	205.503	205.133
4153	205.562	205.127
4154	205.621	205.124
4155	205.685	204.778
4156	205.742	204.469
4157	205.802	204.469
4158	205.863	204.465
4159	205.924	204.463
4162	206.105	204.463
4163	206.164	204.445
4164	206.225	204.427
4165	206.285	204.426
4166	206.342	204.407
4170	206.582	204.405
4173	206.762	204.404
4175	206.888	204.293
4176	206.948	204.288
4178	207.067	204.19
4179	207.131	204.177
4180	207.192	204.169
4181	207.251	204.156
4182	207.313	204.135
4185	207.49	204.132
4189	207.733	204.125
4190	207.797	204.125
4191	207.859	204.113
4192	207.917	204.111
4193	207.977	203.863
4194	208.038	203.86
4197	208.221	203.833
4199	208.341	203.785
4200	208.409	203.704
4201	208.468	203.699
4202	208.529	203.697
4203	208.59	203.65
4205	208.709	203.54
4207	208.832	203.539
4209	208.956	203.539
4210	209.017	203.528
4211	209.077	203.514
4212	209.136	203.508
4213	209.195	203.507
4214	209.263	203.401
4215	209.324	203.4
4217	209.445	203.399
4219	209.564	203.387
4220	209.627	203.38
4221	209.683	203.38
4223	209.804	202.813
4224	209.864	202.813
4225	209.924	202.808
4226	209.981	202.596
4227	210.041	202.581
4228	210.102	202.568
4229	210.162	202.549
4230	210.224	202.545
4231	210.283	202.51
4232	210.347	202.469
4235	210.531	202.445
4238	210.711	202.435
4239	210.768	202.433
4240	210.828	202.431
4241	210.891	202.431
4243	211.014	202.39
4244	211.074	202.386
4245	211.135	202.363
4246	211.198	202.362
4248	211.318	202.35
4249	211.375	202.341
4251	211.496	202.338
4253	211.616	202.312
4254	211.681	202.306
4255	211.742	202.306
4256	211.8	202.305
4257	211.862	202.299
4258	211.921	202.298
4259	211.984	202.297
4260	212.042	202.293
4262	212.166	202.228
4263	212.229	202.228
4264	212.287	202.224
4265	212.351	202.224
4266	212.41	202.224
4267	212.468	202.213
4270	212.65	202.047
4272	210.284	202.041
4274	210.405	202.01
4276	210.524	202.002
4277	210.586	202.002
4279	210.708	201.999
4280	210.766	201.959
4282	210.89	201.952
4284	211.011	201.952
4290	211.377	201.949
4293	211.558	201.914
4294	211.621	201.853
4296	211.746	201.823
4297	211.808	201.77
4298	211.868	201.768
4299	211.929	201.759
4301	212.053	201.321
4302	212.114	201.137
4306	212.353	200.821
4307	212.414	200.391
4311	212.677	200.381
4314	212.86	200.376
4315	212.925	200.373
4317	213.046	200.372
4318	213.106	200.372
4322	213.35	200.372
4323	213.413	200.35
4324	213.474	200.349
4325	213.536	200.342
4326	213.596	200.254
4327	213.657	200.25
4328	213.716	200.25
4333	214.035	200.248
4335	214.159	200.243
4336	214.22	200.243
4339	214.403	200.241
4340	214.465	200.241
4343	214.651	200.22
4346	214.837	200.028
4347	214.897	200.024
4352	215.206	199.822
4354	215.329	199.808
4355	215.391	199.805
4358	215.578	199.719
4363	215.882	199.686
4365	216.004	199.656
4366	216.077	199.561
4367	216.144	199.547
4370	216.333	199.535
4371	216.397	199.301
4374	216.583	199.3
4375	216.64	199.288
4376	216.704	199.271
4377	216.762	198.713
4379	216.887	198.711
4382	217.068	198.694
4384	217.194	198.676
4385	217.255	198.601
4387	217.382	198.563
4388	217.441	198.563
4389	217.503	198.463
4391	217.626	198.431
4392	217.686	198.415
4393	217.749	198.412
4396	217.932	198.403
4399	218.11	198.401
4400	218.172	198.396
4405	218.48	198.385
4406	218.545	198.384
4410	218.793	198.372
4412	218.913	198.132
4413	218.978	198.114
4416	219.166	198.099
4420	219.454	198.076
4421	219.517	198.072
4422	219.583	198.053
4424	219.707	198.04
4425	219.778	197.909
4426	219.849	197.52
4427	219.916	197.519
4428	219.977	197.514
4429	220.048	197.512
4431	220.186	197.207
4432	220.248	197.206
4433	220.308	197.203
4435	220.436	197.202
4436	220.498	197.201
4437	220.559	197.201
4439	220.684	197.201
4441	220.808	197.19
4443	220.931	197.185
4444	220.998	197.183
4445	221.059	197.173
4446	221.119	197.172
4447	221.182	197.149
4448	221.241	197.148
4449	221.305	197.031
4450	221.365	197.03
4451	221.43	197.029
4452	221.488	195.762
4453	221.549	195.742
4454	221.608	195.62
4455	221.669	195.62
4456	221.732	195.619
4457	221.789	195.618
4458	221.851	195.598
4459	221.91	195.597
4460	221.97	195.589
4461	222.033	195.538
4462	222.091	195.505
4463	222.153	195.505
4464	222.212	195.505
4466	222.33	195.505
4469	222.521	195.505
4470	222.58	195.498
4472	222.702	195.497
4473	222.761	195.496
4474	222.824	195.496
4475	222.884	195.496
4477	223.007	195.383
4478	223.067	195.376
4479	223.128	195.376
4480	223.189	195.359
4482	223.315	195.183
4488	223.684	195.177
4490	223.808	195.177
4491	223.87	195.143
4492	223.93	195.142
4493	223.989	195.138
4494	224.051	195.114
4495	224.111	194.813
4496	224.173	194.767
4497	224.234	194.767
4498	224.295	194.735
4499	224.357	194.733
4500	224.417	194.733
4502	224.54	194.731
4503	224.6	194.724
4504	224.66	194.708
4505	224.718	194.708
4508	224.903	194.7
4513	225.203	194.7
4515	225.324	194.587
4517	225.444	194.587
4518	225.505	194.499
4519	225.563	194.498
4520	225.626	194.492
4521	225.684	194.489
4522	225.751	194.465
4524	225.873	194.457
4525	225.936	194.456
4530	226.238	194.449
4531	226.3	194.438
4532	226.363	194.437
4533	226.424	194.194
4534	226.489	194.186
4537	226.669	194.174
4538	226.728	194.173
4539	226.79	193.998
4540	226.853	193.873
4542	226.975	193.866
4543	227.036	193.861
4545	227.159	193.79
4547	227.283	193.79
4548	227.348	193.787
4550	227.471	193.785
4551	227.534	193.765
4552	227.592	193.756
4554	227.714	193.669
4555	227.776	193.664
4558	227.962	193.659
4560	228.087	193.659
4562	228.216	193.658
4563	228.277	193.214
4564	228.337	193.213
4565	228.4	193.213
4566	228.46	193.036
4567	228.52	193.03
4568	228.58	193.02
4569	228.638	193.01
4570	228.699	193.008
4571	228.764	192.99
4575	229.008	192.983
4577	229.132	192.966
4578	229.19	192.956
4579	229.25	192.954
4581	229.371	192.945
4585	229.615	192.944
4586	229.674	192.943
4587	229.736	192.94
4590	229.916	192.94
4591	229.982	192.936
4592	230.043	192.931
4593	230.105	192.925
4594	230.166	192.924
4596	230.288	192.924
4598	230.409	192.922
4602	230.658	192.914
4604	230.782	192.913
4605	230.84	192.913
4606	230.9	192.912
4608	231.02	192.902
4610	231.141	192.804
4611	231.203	192.804
4612	231.262	192.793
4614	231.391	192.773
4616	231.512	192.744
4620	231.755	192.742
4622	231.875	192.738
4624	231.997	192.737
4631	232.422	192.736
4633	232.543	192.733
4634	232.604	192.584
4636	232.725	192.394
4637	232.784	192.301
4639	232.91	192.3
4641	233.033	191.946
4642	233.095	191.872
4643	233.153	191.867
4646	233.333	191.555
4647	233.391	191.257
4648	233.451	191.255
4650	233.571	191.252
4651	233.632	191.238
4652	233.694	191.235
4654	233.814	191.234
4655	233.875	191.233
4656	233.937	191.232
4657	234	191.231
4661	234.242	191.228
4662	234.3	191.227
4663	234.364	191.052
4664	234.424	191.049
4665	234.485	191.039
4666	234.543	190.945
4667	234.606	190.942
4668	234.666	190.941
4669	234.727	190.939
4675	235.092	190.937
4679	235.339	190.935
4680	235.404	190.935
4682	235.528	190.918
4683	235.588	190.888
4687	235.833	190.887
4692	236.138	190.851
4693	236.198	190.817
4694	236.261	190.794
4695	236.319	190.784
4697	236.44	190.779
4698	236.5	190.757
4701	236.685	190.756
4705	236.933	190.727
4706	236.996	190.485
4707	237.054	190.478
4709	237.176	190.471
4711	237.296	190.312
4713	237.421	190.307
4715	237.544	190.299
4717	237.67	189.943
4721	237.912	189.91
4724	238.093	189.894
4725	238.156	189.812
4727	238.281	189.804
4732	238.589	189.795
4733	238.647	189.788
4735	238.772	189.761
4736	238.831	189.736
4737	238.89	189.584
4740	239.075	189.583
4742	239.201	189.582
4745	239.385	189.581
4746	239.445	189.58
4752	239.812	189.414
4754	239.934	189.386
4756	240.066	189.382
4761	240.374	189.379
4762	240.436	189.363
4763	240.495	189.352
4764	240.555	189.349
4765	240.616	189.222
4766	240.675	189.162
4767	240.748	189.161
4769	240.885	189.159
4771	241.009	188.952
4772	241.068	188.95
4774	241.189	188.949
4775	241.25	188.949
4776	241.312	188.949
4777	241.375	188.947
4779	241.498	188.947
4780	241.562	188.944
4781	241.624	188.928
4782	241.684	188.928
4783	241.746	188.925
4784	241.806	188.924
4785	241.87	188.917
4786	241.928	188.915
4787	241.989	188.899
4788	242.053	188.899
4789	242.114	188.819
4791	242.234	188.818
4792	242.293	188.643
4793	242.361	188.618
4794	242.43	188.534
4795	242.49	188.534
4798	240.196	188.531
4799	240.257	188.53
4800	240.318	188.523
4801	240.376	188.496
4802	240.44	188.476
4804	240.561	188.475
4806	240.683	188.475
4810	240.924	188.474
4811	240.987	188.468
4812	241.045	188.467
4813	241.109	188.467
4815	241.228	188.466
4817	241.347	188.389
4818	241.409	188.387
4819	241.468	188.386
4820	241.533	188.373
4822	241.655	188.25
4826	241.899	188.249
4828	242.023	188.247
4829	242.082	188.247
4831	242.208	188.243
4834	242.447	188.221
4835	242.508	187.989
4836	242.569	187.967
4837	242.629	187.966
4838	242.69	187.959
4841	242.87	187.958
4842	242.93	187.956
4844	243.051	187.947
4845	243.112	187.945
4847	243.232	187.944
4848	243.295	187.909
4849	243.352	187.831
4851	243.475	187.831
4854	243.659	187.831
4855	243.722	187.822
4857	243.84	187.819
4858	243.902	187.734
4859	243.966	187.734
4860	244.031	187.726
4862	244.152	187.718
4864	244.274	187.704
4865	244.332	187.702
4869	244.576	187.697
4871	244.703	187.69
4872	244.763	187.683
4873	244.826	187.507
4874	244.886	187.506
4876	245.006	187.505
4878	245.125	187.504
4879	245.189	187.385
4880	245.248	187.299
4882	245.372	187.298
4883	245.433	187.271
4885	245.554	187.221
4888	245.735	187.22
4889	245.799	187.215
4890	245.859	187.215
4891	245.92	187.204
4892	245.982	187.201
4893	246.042	187.201
4894	246.1	187.141
4895	246.163	187.132
4897	246.282	187.131
4898	246.343	187.131
4902	246.587	187.131
4903	246.65	186.664
4904	246.712	186.663
4905	246.772	186.66
4906	246.831	186.484
4907	246.893	186.479
4908	246.956	186.479
4909	247.019	186.468
4910	247.083	186.466
4911	247.147	186.463
4915	247.392	186.458
4917	247.517	186.346
4918	247.578	186.338
4919	247.639	186.336
4920	247.699	186.334
4921	247.759	186.334
4922	247.817	186.334
4924	247.942	186.332
4927	248.131	186.319
4929	248.247	186.313
4931	248.371	186.3
4933	248.496	186.298
4934	248.555	186.296
4937	248.74	186.296
4938	248.802	186.295
4939	248.865	186.295
4942	249.043	186.275
4947	249.348	186.273
4948	249.414	186.264
4949	249.478	186.262
4950	249.539	186.165
4951	249.602	186.164
4952	249.665	186.111
4954	249.789	186.108
4957	249.972	186.107
4962	250.278	186.1
4964	250.404	186.074
4968	250.653	186.066
4970	250.778	186.064
4971	250.841	186.062
4973	250.959	186.056
4974	251.024	186.025
4977	251.204	185.931
4979	251.331	185.928
4981	251.455	185.632
4982	251.515	185.569
4986	251.759	185.302
4987	251.835	185.017
4988	251.894	185.014
4989	251.959	184.929
4991	252.079	184.914
4994	252.261	184.913
4995	252.319	184.911
4996	252.38	184.911
4997	252.438	184.91
5000	252.621	184.909
# FIN	252.621	184.909

