# target=instancias/pollock.png T=340 iters=5000 K=32 seed=auto
iter	segundos	MSE
0	0.00347089	8953.68
1	0.0344414	8952.9
2	0.0662711	8950.08
3	0.094888	8949.25
4	0.124355	8948.07
5	0.153295	8941.29
6	0.200205	8916.64
7	0.239908	8911.58
8	0.270381	8888.64
9	0.300992	8871.89
10	0.344476	8864
11	0.389239	8862.5
12	-0.233284	8861.69
13	-0.191226	8849.92
14	-0.15181	8838.13
15	-0.114353	8828.05
16	-0.0853635	8805.64
17	-0.0575369	8790.72
18	-0.0233217	8786.36
19	0.0143157	8784.39
20	0.0544866	8784.31
21	0.0950009	8779.81
22	0.12641	8776.41
23	0.158219	8770.82
24	0.19387	8767.81
25	0.227941	8763.57
26	0.260035	8758.29
27	0.29152	8758.23
28	0.323854	8745.1
29	0.359857	8727.46
30	0.395854	8720.39
31	0.427219	8720.28
32	0.460271	8704.52
33	0.492797	8676.28
34	0.529874	8670.12
35	0.571417	8653.14
36	0.614011	8634.65
37	0.652433	8527.45
38	0.688718	8504.37
39	0.722912	8504.14
40	0.763287	8483.61
41	0.796677	8480.09
42	0.83689	8462.31
43	0.872592	8457.55
44	0.90775	8445.26
45	0.936873	8441.4
46	0.970433	8440.47
47	0.999282	8415.24
48	1.03069	8382.18
49	1.07273	8367.16
50	1.11969	8365.57
51	1.179	8360.01
52	1.27324	8332.89
53	1.32119	8329.7
54	1.39074	8293.19
55	1.45726	8292.93
56	1.50944	8283.3
57	1.55811	8272.44
58	1.62562	8266.37
59	1.69463	8263.71
60	1.74654	8262.98
61	1.78061	8253.11
62	1.82135	8224.4
63	1.8665	8223.95
64	1.90561	8223.83
65	1.95197	8220.92
66	1.99464	8213.04
67	2.03932	8203.17
68	2.08474	8201.21
69	2.11767	8160.53
70	2.1627	8152.65
71	2.20515	8152.37
72	2.25204	8148.75
73	2.28622	8144.74
74	2.32049	8132.31
75	2.35724	8129.24
76	2.39331	8129.07
77	2.42426	8128.84
78	2.46027	8111.64
79	2.50078	8092.86
80	2.53336	8075.93
81	2.57024	8064.76
82	2.60547	8064.28
83	2.63533	8048.21
84	2.66668	8028.63
85	2.70034	7994.9
86	2.72974	7993.5
87	2.76441	7989
88	2.80298	7986.78
89	2.83861	7966.3
90	2.87734	7952.47
91	2.92537	7907.29
92	2.962	7905.5
93	3.00078	7900.1
94	3.03962	7895.36
95	3.07222	7894.73
96	3.1076	7880.87
97	3.14491	7879.18
98	3.18577	7877.21
99	3.22309	7852.18
100	3.25468	7825.3
101	3.28863	7806.63
102	3.32495	7806.32
103	3.35753	7802.53
104	3.38959	7802.39
105	3.42956	7802.28
106	3.46563	7773.73
107	3.4956	7750.96
108	3.53066	7749.51
109	3.57191	7748.48
110	3.6062	7740.17
111	3.6404	7734.69
112	3.67371	7733.66
113	3.71476	7733.61
114	3.75001	7727.33
115	3.78686	7724.97
116	3.82965	7717.95
117	3.86143	7717.46
118	3.8934	7710.93
119	3.93205	7710.93
120	3.9815	7706.61
121	4.01167	7685.31
122	4.04619	7670.3
123	4.07708	7670.2
124	4.11838	7656.43
125	4.15651	7651.17
126	4.18854	7616.08
127	4.23415	7614.72
128	4.28292	7613.7
129	4.33041	7597.87
130	4.37481	7580.54
131	4.42498	7579.38
132	4.46953	7559.07
133	4.51277	7529.5
134	4.54281	7521.09
135	4.57309	7518.31
136	4.60353	7511.48
137	4.63752	7495.85
138	4.67964	7492.97
139	4.7169	7481.08
140	4.75331	7464.24
141	4.78457	7462.74
142	4.81593	7453.15
143	4.84628	7435.29
144	4.87784	7416.51
145	4.91265	7366.48
146	4.9448	7360.98
147	4.97831	7345.57
148	5.02011	7341.75
149	5.05013	7288.81
150	5.08309	7259.49
151	5.11464	7255.19
152	5.14574	7242.21
153	5.1854	7231.6
154	5.22559	7224.81
155	5.25923	7204.77
156	5.29088	7202.87
157	5.32102	7202.83
158	5.35257	7200.04
159	5.38353	7197.74
160	5.41683	7196.2
161	5.44992	7190.82
162	5.48873	7180.79
163	5.5277	7170.19
164	5.55915	7160.6
165	5.58968	7155.3
166	5.62162	7154.94
167	5.65404	7152.79
168	5.69163	7149.23
169	5.72382	7142.33
170	5.76201	7141.56
171	5.79802	7139.57
172	5.82933	7131.79
173	5.86164	7131.42
174	5.89254	7119.66
175	5.92586	7117.3
176	5.96038	7111.15
177	5.9921	7109.31
178	6.02785	7094.38
179	6.0606	7089.48
180	6.09834	7087.87
181	6.13021	7072.33
182	6.16505	7070.69
183	6.19773	7061.59
184	6.23034	7060.71
185	6.26384	7049.68
186	6.29617	7043.23
187	6.33275	7036.15
188	6.36505	7035.94
189	6.39736	7033.8
190	6.43243	7019.18
191	6.46656	6988.58
192	6.50262	6966.23
193	6.53977	6961.95
194	6.5717	6955.46
195	6.60551	6940.9
196	6.65844	6936.53
197	6.70526	6936.3
198	6.73958	6933.84
199	6.77337	6929.34
200	6.80726	6927.44
201	6.84295	6922.52
202	6.8815	6921.92
203	6.91258	6918.62
204	6.94395	6917.53
205	6.97478	6914.2
206	7.00608	6904.41
207	7.04007	6900.23
208	7.07228	6896.23
209	7.10446	6892.26
210	7.13942	6892.14
211	7.17168	6891.45
212	7.20273	6873.3
213	7.23879	6870.71
214	7.27028	6828.34
215	7.30472	6801.92
216	7.33588	6798.46
217	7.36817	6775.96
218	7.40778	6743.57
219	7.44092	6741.6
220	7.47331	6726.28
221	7.50651	6711.28
222	7.54534	6681.58
223	7.58397	6647.56
224	7.61624	6644.47
225	7.64981	6639.5
226	7.68136	6630.35
227	7.71222	6622.72
228	7.74422	6603.6
229	7.80464	6572.35
230	7.86885	6557.8
231	7.91646	6557.05
232	7.96167	6556.82
233	7.99541	6532.58
234	8.03107	6523.13
235	8.06412	6508.96
236	8.09574	6505.77
237	8.12915	6483.79
238	8.15999	6438.41
239	8.1935	6437.2
240	8.22591	6394.14
241	8.2602	6387.53
242	8.29351	6353.29
243	8.32738	6348.07
244	8.35828	6347.85
245	8.39286	6344.87
246	8.42656	6339.63
247	8.45995	6331.84
248	8.49058	6330.01
249	8.52346	6315.68
250	8.55427	6314.04
251	8.59019	6310.07
252	8.63099	6301.37
253	8.66221	6297.87
254	8.69724	6287.05
255	8.73355	6251.56
256	8.76533	6250.06
257	8.79975	6242.33
258	8.83093	6241.44
259	8.86281	6236.24
260	8.89499	6235.68
261	8.9276	6215.13
262	8.96512	6208.33
263	8.99797	6208.29
264	9.03162	6188.84
265	9.0631	6180.25
266	9.09631	6180.19
267	9.12997	6161.94
268	9.16214	6161.37
269	9.19395	6148.13
270	9.2284	6102.2
271	9.2613	6088.07
272	9.29299	6081.12
273	9.32567	6080.08
274	9.36335	6077.21
275	9.39581	6074.06
276	9.43203	6067.77
277	9.46425	6046.86
278	9.49644	6040.37
279	9.53034	6040.2
280	9.56223	6039.46
281	9.59497	6024.57
282	9.63106	6022.76
283	9.671	6001.02
284	9.71005	6000.4
285	9.74349	5999.11
286	9.77878	5990.35
287	9.81127	5980.43
288	9.84256	5976.22
289	9.87736	5972.58
290	9.9097	5970.92
291	9.94323	5964.04
292	9.97518	5955.49
293	10.0107	5949.93
294	10.0456	5948.62
295	10.0767	5946.7
296	10.1125	5940.19
297	10.1471	5939.38
298	10.1804	5933.72
299	10.2159	5932.28
300	10.2487	5926.1
301	10.2835	5905.03
302	10.3169	5896.16
303	10.3497	5886.34
304	10.3838	5855.38
305	10.4184	5848.7
306	10.4514	5836.73
307	10.4893	5834.22
308	10.5251	5829.2
309	10.5591	5826.62
310	10.5932	5823.61
311	10.6254	5821.31
312	10.6602	5803
313	10.692	5802.76
314	10.7273	5790.13
315	10.7635	5788.56
316	10.7966	5784.03
317	10.8309	5780.07
318	10.8623	5770.43
319	10.8949	5759.83
320	10.928	5758.76
321	10.9608	5734.57
322	10.9943	5734.07
323	11.0287	5728.94
324	11.0619	5719.85
325	11.0941	5717.29
326	11.1271	5711.99
327	11.1613	5703.52
328	11.1941	5694.76
329	11.2262	5683.22
330	11.2617	5682.36
331	11.2952	5680.5
332	11.334	5671.17
333	11.365	5667.08
334	11.3981	5666.12
335	11.4346	5660.18
336	11.4671	5656.47
337	11.5002	5654.78
338	11.5364	5652.18
339	11.5687	5645.03
340	11.6002	5628.08
341	11.6325	5626.79
342	11.6648	5625.87
343	11.6967	5625.29
344	11.731	5624.64
345	11.7652	5621.78
346	11.8008	5615.11
347	11.8432	5609.77
348	11.875	5596.2
349	11.9092	5582.42
350	11.9446	5580.77
351	11.9791	5576.22
352	12.0117	5575.93
353	12.0447	5574.46
354	12.0794	5573.8
355	12.1161	5571.36
356	12.1497	5568.21
357	12.1836	5552.81
358	12.2158	5550.31
359	12.2529	5550.18
360	12.2853	5549.94
361	12.3176	5542.57
362	12.3509	5539.89
363	12.3846	5536.19
364	12.4159	5528.78
365	12.4496	5528.36
366	12.4824	5526.02
367	12.5158	5525.98
368	12.5517	5521.35
369	12.5871	5516.09
370	12.6204	5504.66
371	12.6556	5504.56
372	12.6898	5487.88
373	12.7225	5478.23
374	12.7571	5477.91
375	12.7908	5476.64
376	12.8263	5472.95
377	12.859	5469.2
378	12.8977	5460.68
379	12.9332	5460.33
380	12.968	5448.28
381	13.0008	5445.54
382	13.0337	5422.93
383	13.0664	5422.49
384	13.0992	5418.56
385	13.1313	5409.06
386	13.1742	5408.22
387	13.2065	5405.79
388	13.2415	5403.86
389	13.2776	5382.87
390	13.3131	5381.88
391	13.3489	5375.58
392	13.3846	5343.64
393	13.4195	5343.11
394	13.4561	5329.53
395	13.4911	5329.31
396	13.5253	5325.18
397	13.5622	5319.77
398	13.5965	5314.43
399	13.6345	5313.86
400	13.6725	5312.31
401	13.7064	5304.89
402	13.7402	5241.76
403	13.7768	5230.76
404	13.8106	5230.71
405	13.8444	5227.88
406	13.8776	5227.49
407	13.9141	5225.58
408	13.9543	5224.19
409	13.9896	5210.11
410	14.0254	5206.7
411	14.0596	5206.5
412	14.095	5203.87
413	14.1295	5203.38
414	14.1689	5200.47
415	14.2071	5191.62
416	14.2406	5191.45
417	14.276	5191.35
418	14.3123	5187.63
419	14.3488	5186.53
420	14.3831	5169.55
421	14.4176	5169.01
422	14.4504	5168.63
423	14.4853	5161.98
424	14.5188	5152.36
425	14.557	5151.37
426	14.5985	5151.29
427	14.6383	5143.39
428	14.6723	5141.32
429	14.7071	5135.73
430	14.7605	5130.34
431	14.8265	5102.21
432	14.8697	5101.33
433	14.9169	5100.99
434	14.9631	5097.86
435	15.0318	5096.45
436	15.1032	5091.29
437	15.1413	5090.79
438	15.1782	5089.3
439	15.2106	5083.33
440	15.249	5074.86
441	15.2826	5071.21
442	15.3164	5071.2
443	15.3507	5069.83
444	15.3862	5069.78
445	15.4216	5069.29
446	15.4657	5060.07
447	15.5089	5053.01
448	15.5433	5052.66
449	15.5771	5052.29
450	15.6107	5043.45
451	15.647	5033.12
452	15.6812	5028.87
453	15.7143	5028.82
454	15.7524	5028.54
455	15.8256	5028.33
456	15.8692	5028.01
457	15.9063	5027.81
458	15.9461	5027.3
459	15.9828	5027.25
460	16.0167	5024.63
461	16.0546	5023.77
462	16.0881	5006.46
463	16.1236	5006.31
464	16.1583	5004.8
465	16.1928	5002.31
466	16.2315	4996.43
467	16.2683	4996.24
468	16.302	4995.32
469	16.3368	4986.85
470	16.3729	4974.89
471	16.4182	4972.67
472	16.4525	4957.71
473	16.4893	4949.58
474	16.5247	4948.1
475	16.5613	4947.21
476	16.603	4945.77
477	16.6394	4943.71
478	16.6743	4939.51
479	16.7089	4936.04
480	16.744	4933.2
481	16.7782	4931.87
482	16.8117	4931.02
483	16.8497	4930.17
484	16.8865	4927.96
485	16.9235	4927.48
486	16.9571	4926.97
487	16.9917	4923.24
488	17.0281	4920.05
490	17.0983	4907.92
491	17.1315	4907.88
492	17.167	4904.76
493	17.202	4902.63
494	17.2379	4902.44
495	17.2744	4899.14
496	17.3082	4898.83
497	17.3428	4896.8
498	17.3842	4896.2
499	17.4191	4891.59
500	17.4528	4888.45
501	17.4881	4887.76
502	17.5231	4884.29
503	17.5574	4872.68
504	17.5939	4863.97
505	17.6293	4863.36
506	17.6667	4863.32
507	17.7009	4861.77
508	17.7364	4858.9
509	17.7704	4858.41
510	17.8048	4858.32
511	17.8399	4858.17
512	17.8737	4855.27
513	17.9139	4855.23
514	17.9491	4843.58
515	17.9852	4840.14
516	18.0196	4833.81
517	18.0554	4833.68
518	18.0902	4830.16
519	18.1243	4829.23
520	18.1592	4829.15
521	18.1958	4812.37
522	18.2348	4811.97
523	18.2685	4810.64
524	18.3068	4809.92
525	18.3406	4807.81
526	18.3766	4804.95
527	18.4108	4801.65
528	18.4456	4801.62
529	18.4812	4800.22
530	18.5166	4790.09
531	18.5644	4775.36
532	18.6145	4772.77
533	18.6606	4766.77
534	18.7056	4766.11
535	18.7458	4764.79
536	18.7897	4764.57
537	18.8303	4763.58
538	18.8653	4763.51
539	18.901	4763.01
540	18.9356	4759.38
541	18.9743	4756.86
542	19.0103	4756.73
543	19.0491	4756.5
544	19.0859	4755.75
545	19.1239	4754.04
546	19.1624	4745.63
547	19.1989	4745.29
548	19.2366	4742.49
549	19.2711	4741.27
550	19.3081	4740.67
551	19.3451	4740.17
552	19.3814	4717.94
553	19.4208	4709.55
554	19.4567	4700.2
555	19.5021	4698.82
556	19.5373	4696.62
557	19.5753	4665.34
558	19.614	4619.92
559	19.6494	4619.65
560	19.6844	4609.95
561	19.7218	4604.17
562	19.7652	4588.13
563	19.8004	4572.18
564	19.8382	4570.88
565	19.8747	4562.92
566	19.9091	4554.55
567	19.9464	4545.42
568	19.9838	4536.85
569	20.0294	4532.41
570	20.0675	4524.94
571	20.1038	4524.8
572	20.1425	4515.15
573	20.1804	4509.53
574	20.2159	4504.07
575	20.2528	4500.24
576	20.2911	4499.65
577	20.3308	4496.66
578	20.3673	4484.59
579	20.4069	4483.58
580	20.4427	4452.24
581	20.4799	4450.21
582	20.5161	4449.57
583	20.5582	4439.46
584	20.5951	4436.45
585	20.6319	4434.92
586	20.6693	4430.32
587	20.7053	4429.78
588	20.7402	4428.81
589	20.7776	4423.69
590	20.8213	4420.34
591	20.8568	4420.33
592	20.8936	4416.29
593	20.93	4414.45
594	20.9738	4402.99
595	21.0135	4388.52
596	21.0497	4387.47
597	21.0919	4386.3
598	21.128	4386.17
599	21.1658	4385.35
600	21.2017	4384.66
601	21.2434	4377.08
602	21.2801	4366.71
603	21.3198	4366.7
604	21.3547	4350.87
605	21.3916	4341.81
606	21.4303	4341.64
607	21.4668	4334.14
608	21.504	4333.77
609	21.5406	4318.89
610	21.5772	4313.21
611	21.6169	4311.85
612	21.6537	4311.13
613	21.6917	4310.74
614	21.7275	4305.86
615	21.7647	4305.17
616	21.8	4301.35
617	21.8383	4287.29
618	21.8739	4282.61
619	21.9125	4281.2
620	21.9495	4280.67
621	21.9905	4278.13
622	22.0378	4278.04
623	22.076	4275.71
624	22.1145	4272.26
625	22.1522	4271.76
626	22.1881	4253.02
627	22.225	4250.38
628	22.2641	4249.5
629	22.3016	4246.05
630	22.3381	4245.61
631	22.3783	4244.66
632	22.418	4243.48
633	22.4578	4243.1
634	22.4957	4231.74
635	22.5318	4230.27
636	22.5702	4229.07
637	22.6084	4228.99
638	22.6443	4220.2
639	22.6804	4215.75
640	22.7208	4206.9
641	22.7604	4190.96
642	22.801	4188.32
643	22.8419	4186.91
644	22.8777	4183.61
645	22.9162	4182.76
646	22.9514	4182.18
647	22.9891	4180.19
648	23.0267	4179.9
649	23.0628	4178.31
650	23.1046	4171.98
651	23.1437	4170.63
652	23.1887	4143.98
653	23.2261	4143.75
654	23.2655	4132.21
655	23.3028	4131.28
656	23.3407	4129.94
657	23.3764	4126.4
658	23.4153	4122.87
659	23.4512	4118.64
661	23.5288	4109.42
662	23.565	4108.98
663	23.6048	4108.43
664	23.6403	4103.43
665	23.6879	4096.23
666	23.727	4096.15
667	23.7653	4091.24
668	23.8078	4084.19
669	23.8481	4082.4
670	23.8868	4080.7
671	23.9274	4080.39
672	23.9679	4073.69
673	24.0032	4068.42
674	24.0404	4068.26
675	24.0762	4067.56
676	24.1122	4066.41
677	24.1473	4065.05
678	24.1845	4062.99
679	24.2225	4062.62
680	24.2619	4058.11
681	24.3033	4058.07
682	24.3408	4056.4
683	24.3799	4055.51
684	24.4178	4055.28
685	24.453	4055.13
686	24.4932	4054.4
687	24.5313	4052.3
688	24.5712	4049.82
689	24.6099	4046.59
690	24.6506	4045.67
691	24.6873	4045.05
692	24.7392	4044.94
693	24.7757	4043.49
694	24.8122	4042.57
695	24.8503	4041.18
696	24.8872	4038.47
697	24.9227	4036.76
698	24.958	4032.77
699	24.9976	4032.12
700	25.0358	4031.85
701	25.0776	4025.01
702	25.1136	4023.45
703	25.1582	4022.73
704	25.1946	4019.21
705	25.2327	4018.89
706	25.2714	4018.8
707	25.3074	4018.78
708	25.3467	4015.57
709	25.3832	4014.95
710	25.4267	4006.54
711	25.4717	4006.34
712	25.5109	4004.44
713	25.5522	4001.59
714	25.6127	4001.52
715	25.6564	4001
716	25.6926	4000.46
717	25.7317	4000.12
718	25.7682	3989.4
719	25.8051	3989.1
720	25.8432	3987.48
721	25.8802	3987.34
722	25.9186	3986.35
723	25.9559	3986.21
724	25.9931	3985.43
725	26.0336	3979.65
726	26.0693	3979.13
727	26.1059	3975.28
728	26.145	3971.97
729	26.1851	3971.11
730	26.2226	3971.02
731	26.2627	3961.65
732	26.3075	3947.17
733	26.343	3946.74
734	26.3826	3937.68
735	26.4202	3936.96
736	26.4598	3931.96
737	26.4971	3931.42
738	26.5407	3930.29
739	26.5927	3930.07
740	26.6328	3929.57
741	26.6718	3923.84
742	26.7128	3919
743	26.7531	3913.73
744	26.7908	3913.72
745	26.8294	3913.22
746	26.8697	3912.58
747	26.9078	3908.59
748	26.9482	3908.47
749	26.9898	3875.9
750	27.0296	3871.24
751	27.0721	3871.18
752	27.1091	3869.51
753	27.1475	3869.33
754	27.1855	3869.26
755	27.2232	3864.01
756	27.2602	3863.3
757	27.2977	3863.29
758	27.3402	3863.21
759	27.3773	3860.83
760	27.4206	3850.14
761	27.4616	3848.65
762	27.5009	3848.3
763	27.5391	3847.72
764	27.5789	3846.22
765	27.6229	3842.98
766	27.6667	3842.89
767	27.7231	3842.61
768	27.7637	3840.54
769	27.8053	3838.24
770	27.8531	3832.87
771	27.8932	3812.95
772	27.9319	3812.82
773	27.9713	3812.37
774	28.0078	3809.7
775	28.0483	3808.97
776	28.0883	3806.16
777	28.1296	3804.62
778	28.1706	3803.91
779	28.2085	3792.16
780	28.2467	3792.15
781	28.2836	3791.55
783	28.3581	3791.16
784	28.3974	3790.78
785	28.4369	3790.61
786	28.4773	3780.64
787	28.5184	3780.53
788	28.5606	3780.23
789	28.5987	3779.84
790	28.6398	3779.72
791	28.6762	3778.56
792	28.7167	3777.61
793	28.7539	3777.53
794	28.7927	3776.29
795	28.8371	3776.22
796	28.8994	3775.14
797	28.9555	3775.01
798	28.9981	3773.56
799	29.0395	3773.55
800	29.0763	3772.35
801	29.1144	3772.35
802	29.1527	3771.44
803	29.1961	3771.32
804	29.2334	3768.33
805	29.2745	3767.6
806	29.3154	3762.85
807	29.3546	3762.24
808	29.3941	3762.06
809	29.4336	3761.39
810	29.4718	3761.25
811	29.5086	3760.81
812	29.5481	3757.42
813	29.5863	3754.59
814	29.6258	3752.66
815	29.6673	3750.99
816	29.7068	3748.81
817	29.7458	3746.84
818	29.7822	3743.45
819	29.8223	3737.48
820	29.8604	3733.78
821	29.9023	3730.6
822	29.9477	3729.68
823	29.992	3727.87
824	30.0295	3727.74
825	30.0703	3727.49
826	30.1122	3720.93
827	30.1506	3720.49
828	30.191	3718.81
829	30.2323	3718.68
830	30.2719	3717.87
831	30.3085	3717.23
832	30.3535	3711.81
833	30.3931	3711.12
834	30.4374	3710.24
835	30.4747	3707.55
836	30.5135	3706.93
837	30.5582	3706.48
838	30.5962	3706.1
839	30.6397	3704.84
840	30.6802	3703.56
841	30.7203	3702.97
842	30.7707	3702.52
843	30.8179	3699.09
844	30.8635	3696.45
845	30.9034	3696.41
846	30.944	3696.37
847	30.9857	3696.01
848	31.0262	3695.57
849	31.0734	3695.12
850	31.1109	3694.96
851	31.1494	3694.77
852	31.1894	3694.28
853	31.2274	3694.02
854	31.2681	3690.57
855	31.3091	3688.71
856	31.3468	3688
857	31.3855	3687.89
858	31.4255	3685.52
859	31.4632	3685.22
860	31.5021	3685.18
861	31.5449	3683.5
862	31.5819	3683.31
863	31.6199	3682.96
864	31.6608	3682.92
865	31.6977	3682.81
866	31.7372	3682.68
867	31.7788	3680.62
868	31.8174	3680.6
869	31.8589	3679.9
870	31.8971	3677.6
871	31.9364	3667.26
872	31.3019	3665.18
873	31.3423	3664.88
874	31.3802	3664.62
875	31.4232	3663.61
876	31.4607	3663.16
877	31.5038	3661.72
878	31.5466	3661.53
879	31.5889	3660.54
880	31.645	3660.04
881	31.6905	3659.8
882	31.7276	3657.4
883	31.766	3657.26
884	31.8057	3656.21
885	31.844	3655.24
886	31.8837	3650.68
887	31.9222	3650.6
888	31.9611	3649.13
889	31.9997	3641.97
890	32.0382	3641.9
891	32.08	3639.55
892	32.1174	3635.22
893	32.1587	3633.69
894	32.2007	3632.39
895	32.2409	3627.09
896	32.2794	3626.63
897	32.3203	3606.3
898	32.3604	3591.11
899	32.3985	3591
900	32.438	3588.96
901	32.4817	3586.25
902	32.5203	3582.19
903	32.561	3581.14
904	32.598	3580.7
905	32.6387	3575.17
906	32.6767	3572.36
907	32.7198	3570.6
908	32.7619	3565
909	32.7988	3561.43
910	32.8388	3558.75
911	32.8785	3557.11
912	32.9179	3553.72
913	32.9612	3550.69
914	32.9997	3546.04
915	33.0386	3543.43
916	33.0761	3542.01
917	33.114	3541.87
918	33.1516	3519.25
919	33.1902	3519.11
920	33.2294	3515.23
921	33.2791	3514.14
922	33.3183	3506.31
923	33.356	3504.32
924	33.3932	3503.21
925	33.4324	3498.99
927	33.5128	3498.53
928	33.5516	3498.16
929	33.5905	3494.3
930	33.6328	3493.43
932	33.7075	3491.95
933	33.7524	3491.31
934	33.7914	3485.58
935	33.832	3479.49
936	33.8695	3478.3
937	33.9074	3477.4
938	33.9506	3477.06
939	33.9896	3476.53
940	34.0266	3475.87
941	34.0678	3464.12
942	34.1054	3463.32
943	34.1423	3463.32
944	34.1802	3461.68
945	34.2188	3458.84
946	34.2588	3458.58
947	34.2983	3457.34
948	34.3375	3454.32
949	34.3755	3446.86
950	34.4121	3446.31
951	34.4505	3444.97
952	34.4875	3441.13
954	34.563	3439.72
955	34.6022	3439.31
956	34.6415	3437.38
957	34.678	3424.06
958	34.7193	3421.01
959	34.7646	3420.45
960	34.803	3420.25
961	34.8428	3419.15
962	34.8805	3419.11
963	34.9182	3418.28
964	34.9578	3418.23
965	34.9955	3417.85
966	35.0354	3412.96
967	35.0738	3412.93
968	35.1131	3412.34
969	35.1506	3411.35
970	35.1876	3411.29
971	35.2272	3409.94
972	35.2661	3408.86
973	35.3104	3408.66
974	35.3536	3408.12
975	35.3966	3407.82
976	35.4411	3407.11
977	35.4792	3406.74
978	35.5199	3398.62
979	35.5566	3389.81
980	35.6001	3388.71
981	35.6402	3384.24
982	35.6785	3383.27
983	35.721	3381.59
984	35.7599	3377.43
985	35.7995	3377.19
986	35.8382	3376.98
987	35.8792	3374.33
988	35.9178	3374.29
989	35.958	3373.88
990	35.9987	3373.61
991	36.0358	3372.75
992	36.0756	3369.2
993	36.1139	3369.03
994	36.1524	3364.09
995	36.191	3363.73
996	36.2308	3362.85
997	36.3039	3356.74
998	36.3746	3355.81
999	36.4291	3355.49
1000	36.4711	3355.32
1001	36.5128	3345.84
1002	36.5526	3342.01
1003	36.5915	3338.23
1004	36.6288	3337.47
1005	36.67	3334.81
1006	36.7097	3334.73
1007	36.7473	3334.45
1008	36.79	3330.83
1009	36.8311	3329.14
1010	36.8688	3328.65
1011	36.9088	3327.53
1012	36.9505	3324.9
1013	36.9911	3323.48
1014	37.03	3323.47
1015	37.0703	3322.78
1016	37.1076	3321.92
1017	37.1475	3320.88
1018	37.1922	3319.39
1019	37.2343	3319.08
1022	37.3518	3318.89
1023	37.3917	3318.78
1024	37.4318	3318.37
1025	37.4715	3318.11
1026	37.5147	3316.99
1027	37.5524	3316.68
1028	37.5944	3305.94
1029	37.6312	3305.8
1030	37.6689	3305.28
1031	37.7084	3305.18
1032	37.7519	3305.14
1033	37.7886	3304.97
1034	37.8353	3304.83
1035	37.878	3302.69
1036	37.9154	3301.24
1037	37.959	3300.38
1038	38.0007	3299.32
1039	38.0403	3297.88
1040	38.0781	3297.75
1041	38.1174	3297.39
1042	38.1565	3294.09
1043	38.1947	3290.99
1044	38.2484	3289.57
1045	38.3019	3289.5
1046	38.3502	3289.42
1047	38.3879	3289.39
1048	38.4283	3286.74
1049	38.4654	3285.59
1050	38.5145	3282.39
1051	38.5543	3282.27
1052	38.5926	3282.06
1053	38.6416	3278.43
1054	38.6831	3278.02
1055	38.723	3277.76
1056	38.765	3276.09
1057	38.8055	3274.85
1058	38.8425	3273.91
1059	38.8818	3273.72
1060	38.9204	3271.59
1061	38.9603	3271.24
1062	38.9998	3269.84
1063	39.0443	3269.71
1064	39.0842	3269.48
1065	39.1214	3269.29
1066	39.1638	3267.87
1067	39.2006	3264.94
1068	39.2404	3263.27
1069	39.2796	3262.95
1070	39.3235	3262.89
1071	39.3625	3262.7
1072	39.404	3261.42
1073	39.4419	3260.69
1074	39.4791	3254.93
1075	39.5204	3254.14
1076	39.5619	3252.92
1077	39.6067	3252.75
1078	39.6444	3244.38
1079	39.6905	3244.34
1080	39.727	3243.07
1081	39.7648	3238.72
1082	39.8059	3238.54
1083	39.8455	3233.41
1084	39.8848	3233.28
1085	39.9243	3231.14
1086	39.9653	3230.88
1087	40.0026	3230.15
1088	40.0495	3229.99
1089	40.0951	3210.29
1090	40.1368	3209.68
1091	40.1774	3208.07
1092	40.2153	3207.88
1093	40.2542	3206.88
1094	40.2914	3206.81
1095	40.3304	3201.95
1096	40.3711	3201.75
1097	40.4093	3201.74
1098	40.455	3200.53
1099	40.506	3198.97
1100	40.5445	3197.34
1101	40.5843	3195.59
1102	40.6267	3195.54
1103	40.67	3195.27
1104	40.7439	3194.64
1105	40.8084	3193.4
1106	40.8576	3193.07
1107	40.8979	3191.13
1108	40.9382	3187.78
1109	40.9766	3181.42
1110	41.0149	3180.54
1111	41.0549	3172.98
1112	41.0921	3172.8
1113	41.1372	3172.68
1114	41.1747	3171.58
1115	41.22	3171.5
1116	41.2598	3170.45
1117	41.2979	3169.88
1118	41.3382	3169.19
1119	41.3765	3168.14
1120	41.4162	3166.44
1121	41.4563	3162.96
1123	41.5374	3162.71
1124	41.5785	3161.86
1125	41.6197	3160.22
1126	41.6572	3155.98
1127	41.6989	3155.52
1128	41.7374	3155.26
1129	41.7782	3155.04
1130	41.8159	3155
1131	41.8562	3152.88
1132	41.8941	3152.15
1133	41.9378	3152.13
1134	41.9796	3152.1
1135	42.0191	3152.05
1136	42.0598	3152
1137	42.0988	3151.96
1138	42.1377	3149.89
1139	42.1762	3149.85
1140	42.2176	3149.45
1141	42.2577	3149.08
1142	42.2962	3146.63
1143	42.3371	3146.46
1144	42.3782	3146.41
1145	42.4176	3146.04
1146	42.4564	3145.29
1147	42.4986	3145.16
1148	42.5384	3144.9
1149	42.5819	3143.91
1150	42.6219	3143.85
1151	42.6598	3142.08
1152	42.7002	3140.6
1153	42.7514	3140.08
1154	42.7957	3139.03
1155	42.8357	3138.46
1156	42.8783	3137.61
1157	42.9215	3136.89
1158	42.9603	3136.26
1159	43.0053	3135.58
1160	43.0432	3134.58
1161	43.0831	3134.53
1162	43.1213	3134.47
1163	43.1635	3132.66
1164	43.201	3132.59
1166	43.2935	3132.4
1167	43.3373	3132.05
1168	43.3756	3130.56
1169	43.4152	3130.16
1170	43.4533	3128.85
1171	43.4932	3128.28
1172	43.5327	3127.18
1173	43.5741	3126.8
1174	43.6141	3126.73
1175	43.6561	3125.43
1176	43.6969	3125.34
1177	43.7361	3125.1
1178	43.7792	3124.98
1179	43.8199	3124.9
1180	43.8581	3123.98
1181	43.898	3123.52
1182	43.9371	3122.9
1183	43.9777	3122.67
1184	44.0187	3122.52
1185	44.0647	3122.44
1186	44.1055	3122.28
1187	44.145	3121.82
1188	44.1851	3121.78
1189	44.2253	3121.47
1190	44.2664	3121.42
1191	44.3107	3121.29
1192	44.3561	3120.97
1193	44.3991	3120.95
1194	44.4389	3119.93
1195	44.4802	3118.28
1196	44.5193	3112.76
1197	44.5613	3112.69
1198	44.6085	3112.04
1199	44.6488	3111.91
1200	44.689	3111.85
1201	44.7307	3111.77
1202	44.7713	3111.36
1203	44.8165	3110.93
1204	44.8573	3110.84
1205	44.8971	3110.76
1206	44.9431	3110.44
1207	44.9952	3108.68
1208	45.0367	3108.67
1209	45.0757	3108.32
1210	45.1247	3107
1211	45.1625	3106.04
1212	45.2054	3105.34
1213	45.2428	3105.15
1214	45.2822	3104.94
1216	45.3671	3104.88
1217	45.4095	3104.38
1218	45.4476	3104.32
1220	45.5261	3104.25
1221	45.5651	3104.05
1222	45.6102	3103.68
1223	45.6481	3103.21
1224	45.6878	3101.91
1225	45.7267	3101.24
1226	45.767	3100.58
1227	45.8079	3100.51
1228	45.8477	3098.35
1229	45.8888	3097.85
1230	45.9262	3097.46
1231	45.9672	3096.45
1232	46.0079	3095.07
1234	46.0869	3092.12
1235	46.1338	3091.73
1236	46.1798	3091.18
1237	46.2171	3064.01
1238	46.2564	3061.78
1239	46.2951	3061.68
1240	46.334	3059.47
1241	46.3728	3056.64
1242	46.4175	3053.91
1243	46.4577	3048.51
1244	46.4973	3048.28
1245	46.5355	3045.43
1246	46.5723	3044.65
1247	46.6108	3042.56
1248	46.6498	3041.48
1249	46.6907	3038.9
1250	46.7303	3035.09
1251	46.7691	3034.84
1252	46.8088	3033.06
1253	46.8462	3029.81
1254	46.8858	3024.22
1255	46.9256	3023.51
1256	46.9664	3023.33
1257	47.0049	3023.22
1258	47.0454	3006.51
1259	47.0839	3006.43
1260	47.1255	3003.57
1262	47.2221	3003.2
1263	47.2644	3001.25
1264	47.3031	3000.92
1265	47.3426	3000.63
1267	47.425	3000.6
1268	47.4734	3000.51
1269	47.5133	2997.78
1270	47.5539	2997.38
1272	47.6336	2994.57
1273	47.6728	2994.31
1274	47.7138	2993.18
1275	47.7559	2992.86
1276	47.7936	2992.76
1277	47.8345	2992.26
1278	47.8742	2991.93
1279	47.914	2991.52
1280	47.9595	2990.25
1281	47.9968	2989.59
1282	48.0367	2988.37
1283	48.0757	2988.36
1284	48.1167	2987.18
1285	48.1552	2984.04
1286	48.1941	2983.96
1287	48.2437	2983.18
1288	48.2814	2981.48
1290	48.3594	2979.97
1291	48.4002	2977.08
1292	48.438	2977.02
1293	48.4794	2976.93
1294	48.5191	2974.94
1295	48.5581	2974.66
1296	48.5974	2970.69
1297	48.6357	2964.49
1298	48.6759	2962.77
1299	48.7144	2961.68
1300	48.754	2961.66
1301	48.796	2960.86
1302	48.8361	2959.75
1303	48.8782	2959.32
1304	48.9167	2958.11
1305	48.9565	2957.95
1306	49.0023	2955.85
1307	49.0394	2955.84
1308	49.0786	2955.6
1309	49.1172	2954.6
1310	49.1588	2954.56
1311	49.2005	2953.65
1312	49.2445	2944.8
1313	49.2866	2944.12
1314	49.3273	2943.7
1315	49.3647	2943.28
1316	49.4025	2942.45
1317	49.4441	2942.31
1318	49.4823	2939.99
1319	49.527	2939.64
1320	49.5861	2938.99
1321	49.6395	2935.78
1322	49.6845	2935.15
1323	49.7229	2934.95
1324	49.763	2934.34
1325	49.8081	2934
1326	49.8467	2933.78
1328	49.925	2933.63
1329	49.9642	2933.36
1330	50.0048	2933.05
1331	50.0442	2932.57
1332	50.0941	2921.74
1333	50.1342	2921.33
1334	50.1731	2919.16
1335	50.2133	2917.79
1336	50.2505	2917.24
1337	50.289	2916.4
1338	50.344	2915.75
1339	50.3836	2914.69
1341	50.4656	2907.85
1342	50.5043	2906.31
1343	50.5424	2906.21
1344	50.5894	2905.57
1345	50.6303	2901.36
1346	50.6723	2901.23
1347	50.7103	2900.04
1348	50.7517	2898.23
1349	50.791	2898.03
1350	50.8323	2897.84
1351	50.8762	2897.69
1352	50.9139	2896.34
1353	50.9544	2895.43
1355	51.033	2895.28
1356	51.0718	2894.2
1357	51.1131	2892.48
1358	51.1519	2891.52
1359	51.1907	2891.39
1360	51.23	2889.86
1361	51.27	2889.84
1362	51.3082	2889.69
1363	51.3551	2889.63
1364	51.394	2889.46
1365	51.4349	2889.38
1366	51.4765	2889.26
1367	51.5157	2889.23
1368	51.5544	2885.31
1369	51.593	2885.3
1370	51.6357	2885.24
1371	51.675	2885.16
1372	51.7181	2885.03
1373	51.7618	2884.9
1374	51.8015	2884.82
1375	51.8408	2883.78
1376	51.8809	2883.37
1377	51.9204	2881.84
1378	51.9601	2881.04
1379	51.9981	2880.97
1380	52.0374	2880.86
1381	52.0758	2880.22
1382	52.117	2879.32
1383	52.1574	2878.99
1384	52.1981	2877.19
1385	52.237	2877.15
1386	52.2756	2876.99
1387	52.3171	2876.96
1388	52.3554	2875.7
1389	52.3953	2875.49
1390	52.439	2875.27
1391	52.4806	2874.96
1392	52.5214	2874.57
1393	52.5601	2873.88
1394	52.5982	2873.72
1395	52.638	2873.62
1396	52.6762	2873.4
1397	52.7202	2873.19
1398	52.7605	2872.65
1399	52.8001	2872.45
1400	52.8404	2870.48
1401	52.8809	2870.32
1402	52.9186	2870.23
1403	52.9586	2869.8
1404	53.0005	2869.39
1405	53.0386	2869.04
1406	53.0772	2868.86
1407	53.1182	2866.8
1408	53.1574	2865.43
1409	53.1963	2864.28
1410	53.2429	2864.15
1411	53.2809	2863.95
1412	53.3201	2863.29
1413	53.358	2862.42
1414	53.3971	2860.54
1415	53.4367	2860.19
1416	53.4825	2858.74
1417	53.5236	2858.65
1418	53.5646	2858.05
1419	53.6038	2858.03
1420	53.6427	2857.53
1421	53.6814	2856.93
1422	53.7199	2856.89
1423	53.7655	2856.66
1424	53.8049	2856.61
1425	53.8447	2855.35
1426	53.8835	2855.3
1427	53.9225	2854.67
1428	53.9687	2854.43
1429	54.0083	2834.48
1430	54.0477	2833.96
1431	54.0875	2833.62
1432	54.1286	2833.5
1433	54.169	2833.46
1434	54.2092	2833.23
1435	54.2474	2831.56
1436	54.2861	2831.52
1437	54.3271	2831.39
1438	54.365	2830.57
1439	54.4049	2829.31
1440	54.4441	2829.2
1441	54.4837	2828.94
1442	54.5263	2828.86
1443	54.5663	2828.76
1444	54.606	2828.28
1445	54.6441	2827.87
1446	54.6832	2827.79
1447	54.7216	2827.74
1448	54.7614	2827.22
1449	54.8045	2824.72
1450	54.8458	2823.88
1451	54.8847	2820.05
1452	54.9268	2819.91
1453	54.9645	2819.82
1454	55.0031	2819.44
1455	55.0424	2819.31
1456	55.0806	2818.33
1458	55.1789	2818.26
1459	55.2214	2815.25
1460	55.2608	2814.7
1461	55.2993	2814.38
1462	55.34	2814.37
1463	55.381	2814.17
1464	55.4218	2814.01
1466	55.506	2811.39
1467	55.5466	2810.93
1468	55.5866	2810.74
1469	55.6277	2810.56
1470	55.6672	2810.44
1471	55.7061	2810.21
1472	55.7464	2810.19
1473	55.7847	2810.16
1474	55.8247	2810.1
1475	55.8697	2810.05
1476	55.9146	2809.92
1477	55.9544	2809.9
1478	55.9981	2809.71
1479	56.037	2809.66
1480	56.0772	2808.95
1481	56.116	2808.6
1482	56.1641	2808.34
1483	56.2102	2808.11
1484	56.2599	2807.95
1485	56.3003	2807.65
1486	56.3392	2807.02
1487	56.3802	2806.86
1488	56.4241	2806.73
1489	56.463	2805.93
1490	56.5014	2805.31
1491	56.5439	2805.14
1492	56.5838	2804.3
1493	56.6327	2803.4
1494	56.6832	2802.53
1495	56.7221	2802.22
1496	56.7621	2802.15
1497	56.8023	2801.81
1498	56.8403	2801.25
1499	56.8781	2798.41
1500	56.9178	2795.91
1501	56.9665	2795.78
1502	57.01	2795.25
1503	57.0527	2794.62
1504	57.0907	2794.38
1506	57.1697	2794.25
1507	57.2084	2794.01
1508	57.2476	2792.07
1509	57.2891	2791.79
1510	57.3284	2791.41
1511	57.3682	2791.33
1512	57.4077	2791.26
1513	57.4508	2790.88
1514	57.491	2790.82
1515	57.5306	2789.51
1516	57.5721	2789.45
1517	57.6126	2789.29
1518	57.6525	2787.75
1519	57.6912	2787.37
1520	57.7395	2787.02
1521	57.809	2786.61
1522	57.8611	2785.11
1523	57.8993	2784.54
1524	57.939	2784.22
1525	57.9794	2784.19
1526	58.0215	2784.11
1527	58.0611	2783.84
1528	58.1012	2783.7
1529	58.1397	2783.02
1530	58.1784	2782.96
1531	58.2175	2782.9
1532	58.2585	2782.86
1533	58.2975	2782.83
1534	58.3369	2782.08
1535	58.3762	2780.93
1536	58.4144	2779.34
1537	58.4572	2779.28
1538	58.5034	2778.85
1539	58.543	2778.75
1540	58.5815	2778.53
1541	58.6259	2778.06
1542	58.6661	2777.98
1543	58.7051	2777.75
1544	58.7464	2777.62
1545	58.792	2777.51
1546	58.8308	2777.2
1547	58.87	2776.65
1548	58.9107	2776.6
1549	58.9494	2776.5
1550	58.9922	2775.63
1551	59.0375	2775.12
1552	59.0792	2774.37
1553	59.1223	2774.18
1554	59.1635	2773.97
1555	59.202	2773.62
1556	59.2415	2773.57
1557	59.2825	2772.91
1558	59.3241	2772.75
1559	59.3632	2772.74
1560	59.4029	2772.43
1561	59.4448	2772.34
1562	59.4837	2772.05
1563	59.523	2771.87
1564	59.5634	2771.4
1565	59.6034	2771.17
1566	59.6421	2769.92
1567	59.6829	2769.83
1568	59.7218	2767.1
1569	59.7617	2766.78
1570	59.802	2766.65
1571	59.8429	2766.21
1572	59.881	2764.74
1573	59.9204	2764.72
1574	59.9613	2763.7
1575	59.9992	2762.12
1576	60.0405	2761.93
1577	60.0847	2736.56
1578	60.1256	2734.99
1579	60.165	2734.88
1580	60.2047	2734.35
1581	60.2427	2733.18
1582	60.2806	2730.94
1583	60.3266	2729.52
1584	60.3734	2729.33
1585	60.412	2727.51
1586	60.4521	2726.86
1587	60.4918	2724.47
1588	60.5304	2723.94
1589	60.5696	2722.18
1590	60.6094	2718.49
1591	60.6492	2717.91
1592	60.689	2717.67
1593	60.7334	2716.19
1594	60.7734	2713.93
1595	60.8137	2713.22
1596	60.8598	2713.14
1597	60.9031	2709.1
1598	60.9411	2700.93
1599	60.9811	2700.89
1600	61.0212	2692.95
1601	61.0603	2691.67
1602	61.1056	2691.66
1603	61.1488	2689.91
1604	61.1893	2688.9
1605	61.2283	2688.84
1607	61.3065	2688.8
1608	61.3469	2688.44
1609	61.3873	2685.99
1610	61.4279	2685.48
1611	61.4664	2685.48
1612	61.5101	2683.7
1613	61.5522	2683.38
1614	61.5908	2682.65
1615	61.6326	2682.49
1616	61.6745	2680.23
1617	61.7137	2679.95
1618	61.7548	2679.47
1619	61.8044	2679.11
1620	61.8454	2679.02
1621	61.9101	2677.61
1622	61.9532	2677.36
1623	61.9956	2677.36
1624	62.0357	2676.72
1625	62.0757	2675.57
1626	62.116	2675.54
1627	62.1574	2675.39
1628	62.198	2673.04
1629	62.238	2670.87
1630	62.2783	2669.54
1631	62.3183	2668.59
1632	62.3567	2668.52
1634	62.4379	2666.1
1635	62.4766	2665.99
1636	62.5164	2665.32
1637	62.5558	2659.89
1638	62.5969	2659
1639	62.6364	2658.88
1640	62.6805	2658.88
1641	62.7213	2658.37
1642	62.7599	2658.28
1643	62.7989	2658.06
1644	62.8382	2657.34
1645	62.8784	2657.18
1646	62.9284	2655.92
1647	62.975	2654.83
1648	63.018	2654.73
1649	63.0569	2654.54
1650	63.096	2654.49
1651	63.1373	2654.45
1652	63.1763	2647.89
1653	63.2193	2647.87
1654	63.2582	2647.59
1655	63.3016	2647.38
1656	63.3437	2646.46
1657	63.3837	2645.61
1658	63.423	2645.06
1659	63.4631	2644.51
1660	63.5031	2643.46
1661	63.5409	2638.13
1662	62.9078	2637.87
1663	62.9478	2637.66
1664	62.9875	2636.17
1665	63.028	2634.63
1667	63.1088	2634.33
1668	63.1486	2634.29
1669	63.1873	2634.17
1670	63.2266	2633.8
1671	63.2673	2633.47
1672	63.3132	2630.99
1673	63.3552	2630.84
1674	63.3939	2629.11
1675	63.4335	2629.09
1676	63.4739	2626.54
1677	63.512	2625.85
1678	63.5519	2625.82
1679	63.5956	2625.69
1681	63.6734	2623.36
1682	63.7139	2620.82
1683	63.7527	2620.69
1684	63.7907	2620.29
1685	63.8317	2618.87
1686	63.8724	2618.76
1687	63.9102	2615.23
1688	63.9495	2614.89
1689	63.9892	2614.66
1690	64.0299	2614.42
1691	64.0993	2614.19
1692	64.1406	2611.38
1693	64.2059	2611.19
1695	64.287	2610.89
1696	64.3287	2610.59
1697	64.3683	2609.81
1698	64.409	2608.5
1700	64.4945	2607.81
1702	64.5802	2607.73
1703	64.6211	2607.31
1704	64.6592	2607.26
1705	64.6986	2606.64
1706	64.7398	2606.54
1707	64.7805	2606.43
1708	64.82	2603.67
1709	64.8605	2603.64
1710	64.8994	2602.82
1711	64.9399	2602.77
1712	64.9801	2602.74
1713	65.0219	2602.61
1714	65.0605	2602.31
1715	65.0993	2601.33
1716	65.1401	2601.02
1717	65.1833	2600.18
1718	65.2241	2599.44
1719	65.2673	2599.44
1720	65.3066	2599.25
1721	65.3452	2599.22
1722	65.385	2598.84
1723	65.4253	2598.68
1724	65.4656	2598.55
1725	65.5112	2598.53
1726	65.5569	2598.39
1727	65.5968	2598.38
1728	65.6401	2596.81
1729	65.6803	2596.68
1730	65.7187	2596.52
1731	65.7639	2596.5
1732	65.8021	2596.33
1733	65.8429	2595.7
1734	65.8814	2595.49
1735	65.9217	2594.96
1736	65.9627	2594.8
1737	66.0015	2594.72
1738	66.0433	2594.23
1739	66.0822	2594.12
1740	66.121	2593.68
1741	66.1589	2593.56
1742	66.2011	2593.51
1743	66.2407	2593.25
1744	66.2801	2593.08
1745	66.3237	2592.35
1746	66.3617	2592.24
1747	66.4007	2588.85
1748	66.4419	2588.01
1749	66.4883	2585.55
1750	66.5282	2585.43
1751	66.5721	2585.32
1752	66.6139	2584.45
1753	66.6579	2583.61
1754	66.6971	2583.28
1755	66.7399	2582.83
1756	66.785	2581.83
1757	66.8359	2581.42
1758	66.8772	2580.84
1759	66.9192	2580.82
1760	66.959	2580.52
1761	67.001	2579
1762	67.0401	2578.72
1763	67.0844	2578.61
1764	67.1241	2578.59
1765	67.1655	2577.9
1766	67.2054	2577.84
1767	67.2471	2577.53
1768	67.2878	2577.51
1769	67.3295	2567.73
1770	67.3706	2567.37
1771	67.4097	2567.26
1772	67.4485	2567.15
1773	67.4885	2567.14
1774	67.5305	2566.98
1775	67.5707	2566.85
1776	67.6299	2566.83
1777	67.6795	2566.75
1778	67.7191	2565.79
1779	67.7592	2565.61
1780	67.7987	2565.49
1781	67.8378	2565.29
1782	67.8781	2565.26
1783	67.9185	2565.21
1784	67.9569	2564.71
1785	67.9959	2564.46
1786	68.0377	2564.4
1787	68.0775	2564.37
1788	68.1181	2564.07
1789	68.1597	2562.6
1790	68.1992	2562.56
1791	68.2382	2558.95
1792	68.2772	2558.45
1793	68.3203	2558.39
1794	68.3636	2558.28
1795	68.4091	2558.04
1796	68.4484	2557.99
1797	68.4871	2557.86
1798	68.5273	2557.81
1799	68.5666	2557.22
1800	68.6073	2556.86
1801	68.6501	2556.59
1803	68.7336	2556.48
1804	68.7744	2556.33
1805	68.8139	2556.12
1806	68.8549	2554.87
1807	68.8929	2554.8
1808	68.9332	2554.63
1809	68.9745	2554.59
1810	69.0176	2554.58
1811	69.0589	2554.38
1812	69.1058	2554.36
1813	69.155	2554.35
1814	69.2028	2554.29
1815	69.2415	2554.18
1816	69.2805	2554.17
1817	69.3194	2554.15
1818	69.3604	2553.85
1819	69.4029	2553.82
1820	69.4515	2553.74
1821	69.4923	2553.59
1822	69.5314	2553.28
1823	69.5715	2553.1
1824	69.6287	2553.06
1825	69.6692	2552.88
1826	69.7137	2552.85
1827	69.7542	2552.13
1828	69.7947	2552.08
1829	69.8333	2551.39
1830	69.8718	2551.12
1831	69.9151	2550.46
1832	69.9596	2549.99
1833	70	2549.89
1834	70.0394	2549.17
1835	70.0796	2548.89
1837	70.1626	2548.73
1838	70.2017	2547.48
1839	70.2422	2546.78
1840	70.2831	2546
1843	70.4037	2545.67
1844	70.4459	2545.54
1846	70.5331	2545.53
1847	70.5732	2544
1848	70.6124	2543.3
1849	70.6521	2543.03
1850	70.6943	2541.98
1851	70.7339	2541.89
1852	70.7792	2541.78
1853	70.8218	2541.57
1854	70.8637	2541.52
1855	70.9023	2540.8
1856	70.943	2540.74
1857	70.9816	2540.59
1858	71.0274	2540.31
1859	71.0684	2539.89
1860	71.1086	2538.81
1861	71.1481	2538.26
1862	71.1923	2537.56
1863	71.2499	2536.99
1864	71.3035	2536.98
1865	71.3423	2536.97
1866	71.3814	2536.89
1867	71.4205	2536.57
1868	71.4616	2536.46
1869	71.5005	2536.38
1870	71.5453	2536.33
1871	71.5877	2536.17
1872	71.6271	2536.01
1873	71.6686	2535.99
1874	71.7077	2535.35
1875	71.7481	2535
1876	71.7904	2534.68
1877	71.8357	2534.63
1878	71.8786	2534.51
1879	71.9183	2534.43
1880	71.9576	2534.06
1881	71.9982	2533.98
1882	72.0372	2533.87
1883	72.082	2533.71
1884	72.1227	2533.65
1885	72.1628	2533.57
1886	72.2013	2533.35
1887	72.2453	2533.23
1888	72.2847	2532.63
1889	72.3311	2532.62
1890	72.3741	2531.69
1891	72.4147	2531.09
1892	72.455	2530
1893	72.4986	2529.87
1894	72.5427	2529.84
1895	72.5941	2527.39
1896	72.6369	2527.28
1897	72.6793	2527.15
1898	72.732	2527.11
1900	72.8143	2527.05
1901	72.8606	2527.02
1902	72.9039	2526.8
1903	72.9441	2526.69
1904	72.9831	2526.39
1905	73.0227	2526.18
1906	73.0636	2525.81
1907	73.1045	2525.77
1908	73.1479	2525.33
1910	73.2263	2525.27
1911	73.2665	2525.13
1912	73.3085	2525.02
1913	73.3476	2524.95
1914	73.3905	2524.18
1915	73.4305	2524.08
1916	73.4725	2523.92
1917	73.5166	2494.78
1918	73.571	2493.78
1919	73.6231	2493.66
1920	73.6714	2493.61
1921	73.7135	2492.85
1922	73.7528	2491.2
1923	73.7933	2490.38
1924	73.8332	2490.34
1925	73.8745	2489.97
1926	73.9225	2489.88
1927	73.9642	2488.87
1928	74.0029	2488.28
1929	74.044	2487.04
1930	74.0826	2483.78
1931	74.1226	2483.76
1932	74.1652	2482.7
1933	74.2052	2481.13
1934	74.2441	2479.68
1935	74.2846	2479.34
1936	74.325	2479.26
1937	74.3643	2475.73
1938	74.4052	2466.79
1939	74.4509	2466.75
1940	74.4916	2465.07
1941	74.5298	2464.6
1942	74.5691	2463.21
1943	74.6123	2461.98
1944	74.6527	2461.62
1945	74.7012	2461.57
1946	74.7401	2459.25
1947	74.7798	2459.21
1948	74.8187	2458.71
1949	74.8569	2456.55
1950	74.8981	2456.46
1952	74.9829	2456.41
1953	75.0244	2456.2
1954	75.0669	2455.66
1955	75.1091	2455.57
1956	75.1498	2455.28
1957	75.1924	2454.95
1958	75.2358	2454.35
1959	75.2765	2453.23
1960	75.3174	2453.19
1961	75.3575	2452.37
1964	75.4787	2452.28
1965	75.5183	2451.12
1966	75.5588	2451.09
1967	75.5976	2450.85
1968	75.6368	2445.72
1969	75.6777	2443.41
1970	75.7208	2442.05
1971	75.7715	2440.98
1972	75.814	2440.94
1974	75.8917	2440.4
1975	75.9311	2440.28
1976	75.9759	2439.79
1977	76.0163	2435.9
1978	76.0602	2434.48
1979	76.0992	2434.47
1980	76.1394	2434.46
1981	76.1793	2434.2
1982	76.2176	2434.16
1983	76.2611	2433.5
1984	76.3006	2433.49
1985	76.3397	2433.34
1986	76.3799	2432.21
1987	76.4198	2432.11
1990	76.5461	2432.08
1991	76.5855	2431.94
1992	76.6251	2429.67
1993	76.6661	2429.62
1994	76.7126	2429.44
1995	76.7588	2429.37
1996	76.8024	2428.93
1997	76.8429	2428.77
1998	76.8827	2428.34
1999	76.9234	2427.39
2000	76.9656	2424.87
2001	77.0058	2423.24
2002	77.0484	2423.02
2003	77.0879	2422.78
2004	77.1309	2419.29
2005	77.1709	2417.37
2007	77.2528	2417.24
2009	77.3328	2417.23
2010	77.3718	2417.13
2011	77.4121	2416.91
2012	77.4516	2415.22
2013	77.4925	2415.12
2014	77.533	2414.32
2015	77.5775	2414.24
2016	77.6171	2414.19
2017	77.6566	2413.81
2018	77.6957	2413.7
2019	77.7345	2413.53
2021	77.8166	2413.52
2022	77.8607	2412.61
2023	77.9	2412.51
2024	77.9392	2412.15
2025	77.9807	2412.04
2026	78.0246	2411.93
2027	78.0682	2411.93
2028	78.1154	2410.85
2030	78.201	2410.77
2031	78.241	2410.66
2032	78.2798	2408.81
2033	78.3248	2408.8
2035	78.4134	2408.69
2036	78.4534	2408.46
2037	78.4945	2407.28
2038	78.5368	2406.24
2040	78.6207	2406
2041	78.6615	2405.92
2042	78.7014	2405.87
2043	78.7404	2405.8
2044	78.7814	2405.75
2045	78.8212	2404.98
2046	78.8616	2404.73
2047	78.9023	2404.71
2048	78.9429	2401.68
2049	78.9828	2401.63
2050	79.0226	2401.59
2051	79.0974	2401.56
2052	79.1485	2401.54
2053	79.19	2401.46
2054	79.2324	2400.66
2055	79.2738	2399.91
2056	79.3135	2399.74
2057	79.3531	2399.1
2058	79.3929	2397.37
2059	79.4427	2397.31
2060	79.4856	2397.2
2061	79.527	2396.89
2062	79.5664	2396.63
2063	79.6066	2396.4
2064	79.6464	2396.27
2065	79.6858	2396.27
2066	79.7264	2396.18
2067	79.7673	2396.11
2068	79.8063	2395.26
2069	79.8453	2394.25
2070	79.887	2394.21
2071	79.9263	2394.15
2072	79.9719	2393.39
2073	80.0103	2392.71
2074	80.0507	2392.69
2075	80.0918	2392.6
2076	80.1319	2392.5
2077	80.1733	2392.48
2078	80.2205	2392.18
2079	80.2755	2391.89
2080	80.332	2391.7
2081	80.3729	2391.62
2082	80.4122	2391.6
2083	80.4528	2391.51
2084	80.4972	2391.43
2085	80.5369	2391.37
2086	80.5757	2391.29
2087	80.6217	2390.48
2088	80.6615	2390.04
2089	80.7025	2389.73
2090	80.7449	2389.71
2091	80.7881	2389.69
2092	80.8271	2389.2
2093	80.868	2388.6
2094	80.9076	2388.3
2095	80.9491	2387.99
2096	80.9911	2387.25
2097	81.0356	2387.15
2098	81.0764	2386.61
2099	81.1158	2386.59
2100	81.1562	2386.29
2101	81.1952	2385.81
2102	81.2356	2385.61
2103	81.2793	2384.96
2104	81.3211	2384.93
2105	81.3611	2384.59
2106	81.4012	2384.46
2107	81.443	2384.16
2108	81.4819	2384.12
2109	81.5246	2370.27
2110	81.564	2370.04
2111	81.6043	2369.97
2112	81.6443	2369.93
2113	81.6841	2369.93
2114	81.7266	2369.86
2115	81.766	2369.62
2116	81.809	2369.25
2117	81.8488	2369.24
2118	81.8872	2368.46
2119	81.9277	2368.33
2120	81.9682	2368.08
2121	82.0071	2367.59
2122	82.0575	2367.56
2123	82.098	2367.52
2124	82.1402	2367.24
2125	82.1799	2367.11
2126	82.2202	2367.05
2127	82.2608	2366.99
2128	82.3022	2366.49
2129	82.3435	2365.74
2131	82.4272	2363.72
2132	82.466	2363.45
2133	82.5064	2363.42
2134	82.5525	2363.25
2135	82.5954	2363.21
2136	82.6352	2363.05
2137	82.6794	2362.89
2138	82.7186	2362.65
2139	82.7596	2361.93
2140	82.7989	2361.65
2141	82.8463	2361.33
2143	82.9259	2361.24
2144	82.9654	2360.32
2145	83.0081	2360.12
2146	83.0475	2359.22
2147	83.0934	2359.2
2148	83.134	2359.06
2149	83.1737	2359.04
2150	83.2131	2358.2
2151	83.2533	2358.05
2152	83.2929	2357.95
2153	83.332	2357.94
2154	83.3792	2357.57
2155	83.4192	2357.5
2156	83.4628	2357.5
2157	83.5011	2357.47
2158	83.5399	2357.05
2159	83.5794	2357.03
2160	83.6193	2356.96
2161	83.6602	2356.82
2162	83.7022	2356.68
2163	83.7429	2356.61
2164	83.7857	2356.57
2165	83.8246	2355.62
2166	83.8722	2353.52
2167	83.9205	2353.39
2168	83.9628	2353.36
2169	84.0026	2352.7
2170	84.0459	2352.15
2171	84.0845	2351.88
2172	84.1306	2351.65
2173	84.181	2351.6
2174	84.226	2350.91
2175	84.2658	2350.9
2176	84.3067	2350.87
2177	84.3455	2350.78
2179	84.4387	2350.37
2180	84.4796	2349.96
2181	84.5222	2349.66
2182	84.5611	2349.62
2183	84.6014	2349.11
2184	84.6399	2349.06
2185	84.6838	2348.54
2186	84.73	2348.54
2187	84.7738	2348.39
2188	84.8155	2347.82
2189	84.8561	2347.72
2190	84.895	2345.91
2191	84.9378	2345.8
2192	84.9778	2345.64
2193	85.0181	2345.3
2194	85.0592	2345.28
2195	85.099	2344.65
2196	85.1386	2344.49
2197	85.1816	2344.39
2198	85.2249	2343.76
2199	85.2655	2343.71
2200	85.304	2343.54
2201	85.344	2342.48
2202	85.3835	2342.03
2203	85.424	2341.58
2205	85.5126	2341.54
2206	85.5565	2341.51
2207	85.5955	2341.45
2208	85.6353	2341.31
2209	85.6737	2341.22
2211	85.7569	2341.21
2212	85.7966	2340.98
2213	85.8366	2340.95
2214	85.877	2340.65
2215	85.9178	2339.81
2216	85.9571	2339.05
2217	86.0085	2339.01
2218	86.0482	2338.92
2220	86.1287	2338.82
2221	86.1694	2338.78
2222	86.2094	2338.7
2223	86.2577	2338.55
2224	86.2976	2338.5
2225	86.3382	2338.36
2226	86.3772	2337.89
2227	86.4177	2337.86
2228	86.4565	2337.45
2229	86.5003	2337.35
2230	86.5482	2336.67
2232	86.6292	2336.06
2233	86.6676	2334.38
2234	86.7068	2334.25
2235	86.7459	2333.7
2236	86.7893	2333.61
2237	86.8335	2333.59
2238	86.8727	2333.56
2239	86.9167	2333.56
2242	87.0499	2333.05
2243	87.0913	2332.96
2244	87.1312	2332.89
2245	87.1733	2332.84
2246	87.2229	2332.51
2247	87.2643	2332.32
2248	87.3146	2331.83
2249	87.3554	2330.41
2250	87.399	2330.35
2251	87.4381	2330.3
2252	87.4802	2330.21
2254	87.5612	2329.64
2255	87.6034	2329.61
2256	87.6428	2328.59
2257	87.6897	2305.39
2258	87.7296	2304.72
2259	87.7793	2304.69
2260	87.8284	2302.64
2261	87.8837	2302.21
2262	87.9267	2300.94
2263	87.9691	2300.24
2264	88.0088	2300.04
2265	88.0491	2299.92
2266	88.0914	2297.59
2267	88.1318	2296.85
2268	88.1747	2296.45
2269	88.2172	2295.27
2270	88.2644	2290.7
2271	88.3102	2289.52
2272	88.36	2287.9
2273	88.4019	2287.25
2274	88.4425	2287.07
2275	88.4872	2287.01
2276	88.5263	2285.84
2277	88.565	2283.2
2278	88.6105	2275.1
2279	88.6514	2275.09
2280	88.6935	2274.13
2281	88.7362	2273.86
2282	88.7778	2273.53
2283	88.8183	2272.76
2284	88.8587	2272.38
2286	88.9395	2271.29
2287	88.9809	2270.71
2288	89.0219	2270.65
2289	89.0609	2268.56
2290	89.101	2268.47
2291	89.1427	2268.46
2292	89.1827	2268.41
2293	89.2248	2268.39
2294	89.2689	2267.47
2295	89.3099	2267.4
2296	89.3506	2267.28
2297	89.3951	2267.2
2298	89.4407	2266.84
2299	89.4793	2265.85
2300	89.5235	2265.71
2301	89.5624	2264.91
2302	89.6019	2264.84
2304	89.6881	2263.08
2305	89.737	2262.05
2306	89.7797	2262.02
2307	89.8198	2261.82
2308	89.8592	2255.86
2309	89.8992	2255.85
2311	89.9864	2255.12
2312	90.0286	2255.1
2314	90.1098	2255.02
2315	90.1494	2255
2316	90.1904	2254.63
2317	90.2308	2248.29
2318	90.2722	2247.24
2319	90.3114	2247.23
2320	90.3507	2247.23
2321	90.3915	2247.17
2322	90.4315	2247.17
2323	90.4757	2247.05
2325	90.555	2246.93
2326	90.595	2246.04
2327	90.6338	2245.02
2329	90.7174	2244.49
2330	90.7636	2244.45
2331	90.8043	2244.15
2332	90.8442	2242.56
2334	90.9241	2242.42
2335	90.9638	2242.1
2336	91.0059	2241.82
2337	91.0471	2241.7
2338	91.0874	2241.63
2339	91.128	2241.58
2340	91.1672	2241.13
2341	91.2066	2239.96
2342	91.2472	2238.55
2343	91.2876	2238.44
2344	91.3288	2238.27
2345	91.3704	2237.78
2346	91.4215	2236.51
2347	91.4654	2236.45
2349	91.5501	2235.99
2350	91.5897	2235.96
2351	91.6293	2235.8
2352	91.6692	2234.24
2353	91.7094	2234.15
2354	91.7497	2233.4
2355	91.7967	2233.37
2356	91.8403	2231.45
2357	91.8802	2230.99
2358	91.9207	2230.99
2359	91.9593	2230.89
2361	92.0396	2230.57
2362	92.085	2230.2
2363	92.1287	2229.49
2364	92.1677	2229.16
2365	92.2095	2227.85
2366	92.2482	2227.8
2367	92.2874	2227.75
2368	92.3319	2227.49
2370	92.4122	2227.38
2371	92.4529	2227.28
2372	92.4916	2225.12
2373	92.5324	2224.97
2375	92.611	2224.74
2376	92.6545	2224.56
2377	92.694	2223.13
2378	92.7341	2222.32
2379	92.7733	2220.2
2380	92.8154	2219.95
2381	92.8635	2219.94
2382	92.9031	2219.89
2383	92.9436	2219.84
2384	92.9831	2219.8
2385	93.0222	2219.14
2386	93.0616	2219.09
2387	93.1097	2218.97
2388	93.1499	2216.5
2389	93.1931	2216.45
2390	93.2358	2216.41
2391	93.2747	2216.38
2392	93.3144	2216.28
2393	93.3533	2216.19
2394	93.3933	2216.16
2395	93.4333	2215.51
2396	93.4748	2214.59
2397	93.5145	2212.92
2398	93.555	2212.78
2399	93.5943	2212.75
2400	93.6411	2212.73
2401	93.6798	2212.45
2402	93.7227	2212.37
2403	93.7631	2212.1
2404	93.8168	2212.01
2405	93.8563	2212.01
2406	93.9214	2211.87
2407	93.9614	2211.84
2408	94.0008	2211.3
2409	94.0395	2211.25
2410	94.0803	2211.23
2411	94.1192	2211.22
2412	94.1602	2210.91
2413	94.2013	2210.16
2414	94.2429	2210.13
2415	94.2829	2210.09
2416	94.3234	2209.57
2418	94.4053	2209.12
2419	94.4454	2208.84
2420	94.4846	2208.74
2421	94.5262	2208.71
2422	94.5647	2208.69
2423	94.605	2208.67
2424	94.6449	2208.61
2425	94.6872	2208.33
2426	94.7273	2208.3
2427	94.7661	2207.85
2428	94.8066	2207.52
2429	94.8454	2207.26
2430	94.8858	2207.25
2431	94.9285	2207.18
2433	95.0106	2206.64
2434	95.0505	2206.42
2435	95.0898	2206.02
2436	94.4556	2205.59
2437	94.4942	2205.15
2438	94.5454	2204.75
2439	94.5906	2204.66
2440	94.6306	2204.43
2441	94.673	2204.19
2442	94.7125	2204.12
2444	94.7958	2204.1
2445	94.8384	2203.78
2446	94.8783	2203.7
2447	94.9204	2203.33
2448	94.961	2203.29
2449	95.0018	2183.77
2450	95.0431	2183.7
2451	95.0861	2183.65
2452	95.1262	2183.35
2453	95.1653	2183.32
2454	95.2055	2183.24
2455	95.2466	2183.05
2456	95.2951	2183.02
2457	95.3433	2183.02
2458	95.3846	2182.31
2459	95.4261	2182.31
2460	95.4646	2181.87
2461	95.5053	2181.75
2462	95.545	2181.71
2463	95.5971	2181.71
2464	95.6389	2181.46
2465	95.6779	2181.21
2466	95.7235	2181.17
2467	95.7631	2181.14
2468	95.8019	2180.74
2469	95.8471	2179.73
2470	95.8899	2179.7
2471	95.93	2175.84
2472	95.9715	2175.71
2473	96.0141	2175.31
2474	96.055	2175.3
2475	96.1008	2175.23
2476	96.1391	2174.97
2477	96.1816	2174.69
2478	96.2465	2174.33
2479	96.2917	2173.81
2480	96.3398	2173.53
2481	96.3822	2173.34
2482	96.4293	2173.33
2483	96.4811	2173.17
2484	96.5203	2172.53
2485	96.5623	2172.41
2486	96.601	2171.93
2487	96.6482	2171.93
2488	96.7148	2171.83
2489	96.7805	2171.82
2490	96.822	2169.36
2491	96.8646	2169.3
2493	96.9456	2169.29
2494	96.9878	2168.85
2495	97.027	2168.79
2496	97.0691	2168.68
2497	97.1087	2168.65
2498	97.1559	2168.6
2499	97.1994	2168.58
2500	97.2405	2168.48
2501	97.2819	2167.74
2502	97.3247	2167.63
2503	97.3639	2167.61
2504	97.4048	2167.57
2505	97.4489	2167.24
2506	97.4891	2167.09
2507	97.5365	2166.74
2508	97.5811	2166.67
2509	97.6203	2166.48
2510	97.6607	2166.14
2511	97.7056	2166.1
2512	97.7481	2166.01
2513	97.7885	2165.92
2514	97.8275	2165.2
2516	97.9088	2165.16
2517	97.9547	2165.1
2518	97.9934	2164.8
2519	98.0331	2164.42
2520	98.0751	2163.77
2521	98.1141	2163.71
2522	98.1551	2163.69
2523	98.2006	2163.34
2524	98.247	2163.32
2527	98.3697	2163.19
2528	98.4085	2162.42
2530	98.5006	2162.2
2531	98.5416	2162.13
2532	98.5836	2160.77
2533	98.6256	2160.54
2534	98.6646	2160.45
2535	98.7101	2159.98
2536	98.7491	2159.93
2537	98.7882	2159.87
2538	98.828	2159.54
2539	98.8716	2159.49
2540	98.9134	2159.43
2541	98.9529	2158.93
2542	99.0014	2158.54
2543	99.0408	2158.14
2545	99.1193	2158.13
2546	99.1602	2158.12
2547	99.2	2158.04
2548	99.2431	2157.95
2549	99.2891	2157.93
2551	99.3727	2157.78
2552	99.4152	2157.68
2553	99.4542	2157.65
2554	99.4959	2157.36
2555	99.5413	2157.33
2556	99.5824	2157.31
2557	99.6228	2157.28
2558	99.6641	2157.25
2560	99.7535	2157.17
2561	99.802	2157.16
2562	99.8456	2157.04
2563	99.8841	2156.89
2564	99.9272	2156.86
2565	99.967	2156.81
2566	100.013	2156.5
2567	100.056	2156.43
2568	100.099	2156.2
2569	100.138	2156.16
2570	100.183	2155.43
2571	100.224	2154.66
2572	100.267	2154.15
2573	100.318	2154.08
2574	100.359	2154
2575	100.398	2151.56
2576	100.445	2151.46
2577	100.489	2151.44
2578	100.536	2151.4
2579	100.577	2151.39
2580	100.619	2151.14
2581	100.66	2151.11
2582	100.704	2151.07
2583	100.744	2151.03
2584	100.785	2150.82
2585	100.826	2150.77
2586	100.87	2149.35
2587	100.909	2149.29
2588	100.952	2146.51
2590	101.032	2146.46
2591	101.072	2146.39
2592	101.113	2146.26
2594	101.195	2146.24
2595	101.241	2146.16
2596	101.28	2146.02
2597	101.325	2137.46
2598	101.366	2137.06
2599	101.407	2137.04
2600	101.447	2136.96
2601	101.489	2136.63
2602	101.534	2136.04
2603	101.575	2135.53
2604	101.62	2135.44
2605	101.662	2135.07
2606	101.703	2134.96
2607	101.746	2134.11
2608	101.786	2133.89
2609	101.827	2133.06
2610	101.87	2131.65
2611	101.91	2131.38
2612	101.951	2130.73
2613	101.992	2130.1
2614	102.044	2129.99
2615	102.087	2129.9
2616	102.129	2129.83
2617	102.171	2128.74
2618	102.211	2124.09
2619	102.252	2124.08
2620	102.291	2123.86
2621	102.335	2123.62
2622	102.379	2123.43
2623	102.424	2122.85
2624	102.464	2122.48
2626	102.545	2121.98
2627	102.587	2121.64
2628	102.626	2121.59
2629	102.671	2119.79
2630	102.711	2119.73
2631	102.752	2119.72
2633	102.835	2119.68
2634	102.876	2118.33
2635	102.917	2118.22
2636	102.959	2118.15
2638	103.042	2117.98
2639	103.086	2117.3
2640	103.124	2117.21
2641	103.165	2116.54
2644	103.289	2116.29
2645	103.331	2115.47
2646	103.372	2115.44
2647	103.412	2115.14
2648	103.456	2105.13
2649	103.497	2105.12
2650	103.537	2102.31
2651	103.578	2101.72
2652	103.618	2101.71
2654	103.701	2101.57
2655	103.743	2101.43
2656	103.782	2101.24
2657	103.824	2095.01
2658	103.866	2094.54
2659	103.905	2094.38
2660	103.946	2094.38
2661	103.986	2094.3
2663	104.067	2094.19
2665	104.15	2094.1
2666	104.19	2093.55
2667	104.234	2090.67
2670	104.377	2090.63
2671	104.418	2090.6
2672	104.459	2089.73
2673	104.501	2089.67
2674	104.545	2089.56
2675	104.586	2089.46
2676	104.629	2088.99
2677	104.676	2088.93
2678	104.715	2088.87
2679	104.755	2088.77
2680	104.802	2088.45
2681	104.843	2087.64
2682	104.883	2087.19
2683	104.924	2087.14
2684	104.966	2086.27
2685	105.011	2085.85
2686	105.062	2084.95
2689	105.197	2084.75
2690	105.24	2084.75
2691	105.286	2084.52
2692	105.339	2083.45
2693	105.382	2083.37
2694	105.429	2082.87
2695	105.476	2082.86
2696	105.52	2082.63
2697	105.567	2082.32
2698	105.609	2082.31
2699	105.652	2082.29
2701	105.737	2082.2
2702	105.836	2081.82
2703	105.898	2080.51
2705	105.998	2079.81
2706	106.041	2079.76
2707	106.083	2079.66
2708	106.125	2079.54
2710	106.212	2079.46
2711	106.256	2079.41
2712	106.299	2078.35
2713	106.342	2078.31
2715	106.428	2078.19
2716	106.475	2077.71
2717	106.521	2076.79
2718	106.566	2076.16
2719	106.609	2076.15
2720	106.65	2075.58
2721	106.692	2075.53
2722	106.737	2075.48
2723	106.777	2075.38
2724	106.817	2075.36
2725	106.857	2073.92
2726	106.897	2073.85
2727	106.939	2073.81
2728	106.984	2073.17
2729	107.026	2073.1
2730	107.068	2073.03
2731	107.107	2073.01
2732	107.146	2073.01
2733	107.185	2072.87
2734	107.227	2072.72
2735	107.268	2072.17
2736	107.308	2071.5
2737	107.35	2071.45
2738	107.392	2071.06
2739	107.431	2071.02
2740	107.478	2070.91
2741	107.519	2070.87
2742	107.56	2070.54
2743	107.601	2070.3
2744	107.642	2070.23
2745	107.681	2070.21
2746	107.726	2070.11
2747	107.771	2070.06
2748	107.841	2069.58
2749	107.897	2069.54
2750	107.97	2069.53
2751	108.029	2069.41
2752	108.078	2069.19
2753	108.117	2068.59
2754	108.158	2068.57
2755	108.198	2068.52
2756	108.242	2068.43
2758	108.326	2068.17
2759	108.365	2067.93
2760	108.405	2067.91
2761	108.447	2067.61
2762	108.486	2067.6
2763	108.529	2067.52
2764	108.568	2067.5
2765	108.608	2067.46
2766	108.648	2067.42
2767	108.687	2067.31
2768	108.727	2067.19
2769	108.769	2067.03
2770	108.82	2067.02
2771	108.861	2067
2772	108.902	2066.53
2773	108.941	2066.2
2774	108.981	2065.96
2775	109.019	2065.66
2776	109.061	2064.91
2777	109.101	2064.69
2778	109.141	2064.31
2779	109.184	2064.25
2780	109.223	2064.11
2781	109.264	2063.57
2782	109.305	2061.38
2783	109.344	2061.33
2785	109.423	2061.07
2786	109.465	2061.02
2787	109.506	2060.7
2788	109.548	2060.67
2789	109.594	2056.28
2791	109.677	2056.23
2792	109.717	2056.13
2793	109.757	2056.11
2794	109.797	2056.02
2795	109.842	2055.97
2796	109.882	2055.94
2797	109.923	2055.93
2798	109.965	2055.42
2799	110.006	2055.26
2800	110.044	2055.12
2801	110.09	2055.03
2802	110.128	2055.01
2803	110.17	2054.91
2804	110.211	2054.7
2805	110.253	2054.59
2806	110.294	2054.57
2807	110.337	2054.56
2808	110.383	2054.12
2809	110.422	2053.19
2810	110.463	2053.15
2811	110.504	2049.63
2812	110.546	2049.53
2813	110.587	2049.51
2815	110.672	2049.42
2816	110.712	2049.33
2817	110.755	2048.67
2818	110.794	2048.45
2819	110.834	2047.97
2820	110.875	2047.83
2821	110.924	2047.68
2822	110.969	2047.67
2823	111.012	2047.64
2824	111.056	2047.58
2825	111.097	2047.47
2826	111.142	2047.13
2827	111.192	2047.09
2828	111.238	2047
2829	111.277	2046.91
2830	111.321	2046.73
2831	111.361	2046.71
2832	111.401	2046.7
2833	111.44	2046.69
2834	111.481	2046.55
2835	111.522	2046.53
2836	111.563	2046.51
2837	111.602	2046.49
2838	111.644	2046.45
2839	111.684	2046.43
2840	111.727	2046.39
2841	111.766	2045.86
2842	111.807	2045.78
2843	111.848	2045.54
2844	111.888	2045.52
2845	111.935	2045.33
2846	111.975	2045.18
2847	112.018	2045.04
2848	112.06	2045.02
2849	112.1	2044.78
2850	112.139	2044.55
2851	112.179	2044.45
2852	112.224	2044.44
2853	112.263	2044.35
2854	112.309	2043.87
2856	112.388	2043.85
2857	112.429	2043.81
2858	112.472	2043.76
2859	112.513	2043.47
2860	112.555	2043.13
2862	112.637	2043.07
2863	112.677	2042.93
2864	112.72	2042.93
2865	112.762	2042.91
2866	112.803	2042.9
2867	112.842	2042.77
2868	112.883	2042.25
2870	112.962	2042.07
2871	113.006	2041.99
2872	113.051	2041.91
2873	113.095	2041.8
2874	113.136	2041.76
2875	113.175	2041.37
2876	113.216	2041.33
2877	113.261	2041.29
2878	113.306	2039.74
2879	113.346	2039.63
2880	113.388	2039.54
2881	113.428	2039.17
2882	113.468	2038.68
2883	113.515	2038.27
2885	113.595	2038.27
2886	113.637	2038.24
2887	113.675	2038.17
2888	113.715	2038.02
2889	113.763	2037.96
2891	113.842	2037.86
2893	113.921	2037.85
2894	113.961	2037.1
2896	114.045	2036.99
2897	114.085	2036.95
2900	114.211	2036.9
2902	114.293	2036.82
2903	114.336	2036.7
2904	114.377	2036.68
2905	114.42	2036.63
2906	114.459	2036.05
2907	114.499	2035.26
2908	114.538	2035.21
2909	114.578	2035.15
2910	114.618	2034.67
2911	114.66	2034.56
2912	114.7	2034.13
2913	114.74	2034.11
2914	114.78	2033.92
2915	114.823	2031.59
2916	114.864	2031.52
2918	114.943	2031.51
2920	115.022	2031.49
2921	115.064	2031.45
2922	115.107	2030.93
2923	115.148	2030.91
2924	115.188	2030.69
2925	115.228	2030.66
2926	115.269	2029.96
2927	115.307	2029.91
2928	115.354	2029.84
2930	115.434	2029.81
2932	115.525	2029.74
2934	115.606	2029.33
2936	115.688	2029.24
2937	115.73	2028.65
2938	115.77	2028.22
2939	115.811	2028.2
2940	115.85	2028.11
2941	115.892	2027.92
2942	115.933	2027.22
2943	115.972	2026.8
2945	116.052	2026.41
2946	116.092	2025.65
2947	116.133	2025.42
2949	116.213	2024.24
2950	116.255	2023.51
2951	116.294	2023.42
2952	116.333	2022.69
2953	116.373	2022.27
2954	116.412	2022.2
2955	116.455	2022.12
2956	116.497	2022.05
2957	116.539	2021.71
2958	116.579	2018.15
2959	116.619	2018.15
2960	116.664	2017.97
2961	116.703	2017.75
2962	116.743	2017.63
2963	116.784	2017.26
2964	116.824	2016.98
2966	116.905	2016.36
2967	116.949	2015.72
2968	116.989	2015.41
2969	117.031	2014.13
2970	117.073	2014.09
2971	117.112	2014.08
2972	117.154	2014.08
2973	117.199	2014.04
2974	117.243	2013.42
2975	117.285	2013.36
2976	117.325	2013.28
2978	117.405	2013.14
2979	117.446	2012.6
2980	117.49	2012.59
2981	117.537	2011.41
2982	117.58	2011.34
2983	117.622	2011.34
2984	117.66	2011.24
2985	117.706	2010.76
2986	117.757	2010.72
2987	117.801	2010.58
2988	117.844	2010.08
2989	117.884	2010.05
2990	117.928	2000.76
2991	117.968	2000.44
2993	118.051	2000.44
2994	118.093	1999.79
2995	118.131	1999.51
2996	118.173	1999.35
2997	118.214	1996.47
2998	118.266	1996.09
3000	118.35	1996.09
3001	118.388	1996.03
3003	118.467	1995.96
3004	118.507	1995.95
3005	118.551	1995.81
3006	118.592	1995.41
3007	118.636	1995.38
3009	118.715	1995.13
3010	118.758	1995.1
3011	118.799	1994.79
3012	118.84	1994.15
3013	118.881	1994.14
3014	118.92	1994.06
3015	118.962	1993.98
3016	119.002	1993.63
3017	119.045	1993.58
3019	119.125	1993.41
3020	119.166	1993.22
3021	119.205	1992.67
3022	119.247	1992.62
3023	119.289	1992.61
3024	119.329	1991.92
3025	119.371	1991.43
3026	119.412	1991.29
3027	119.451	1991.25
3029	119.533	1991.17
3030	119.573	1991.15
3031	119.615	1991
3032	119.658	1990.03
3033	119.7	1989.97
3034	119.74	1989.86
3036	119.822	1989.79
3037	119.861	1989.66
3038	119.903	1989.64
3039	119.984	1989.62
3041	120.089	1989.47
3042	120.129	1989.15
3043	120.171	1989.06
3044	120.21	1989.02
3045	120.25	1988.63
3046	120.289	1988.6
3047	120.334	1988.51
3048	120.378	1988.47
3051	120.499	1988.42
3052	120.539	1987.63
3055	120.665	1987.51
3056	120.705	1987.33
3057	120.747	1986.76
3058	120.787	1986.32
3060	120.867	1985.89
3061	120.907	1985.89
3062	120.946	1985.86
3063	120.987	1985.43
3065	121.066	1985.26
3066	121.111	1985.23
3067	121.15	1985.23
3068	121.191	1985.03
3069	121.232	1984.98
3070	121.272	1984.94
3071	121.312	1984.93
3072	121.351	1984.9
3073	121.394	1984.82
3074	121.436	1984.72
3075	121.476	1984.3
3076	121.516	1983.02
3077	121.556	1982.98
3078	121.594	1982.77
3079	121.642	1982.72
3080	121.682	1982.66
3081	121.723	1982.62
3082	121.764	1982.4
3083	121.803	1982.31
3084	121.845	1982.21
3086	121.928	1982.1
3087	121.969	1982.05
3088	122.009	1981.83
3089	122.049	1981.77
3091	122.132	1981.71
3092	122.18	1981.52
3093	122.219	1981.09
3094	122.263	1981.08
3095	122.306	1981.03
3097	122.385	1980.99
3098	122.435	1980.83
3099	122.482	1980.69
3100	122.523	1980.67
3101	122.563	1980.64
3102	122.604	1980.64
3103	122.645	1980.58
3104	122.686	1980.38
3105	122.729	1980.34
3106	122.77	1980.24
3107	122.811	1980.03
3108	122.853	1980.02
3109	122.893	1979.89
3110	122.932	1979.88
3111	122.975	1979.88
3112	123.015	1979.7
3113	123.058	1979.58
3114	123.099	1979.47
3115	123.142	1979.02
3116	123.183	1978.83
3117	123.237	1978.7
3118	123.277	1978.37
3119	123.319	1978.35
3120	123.359	1978.18
3121	123.401	1978.04
3122	123.44	1977.38
3123	123.497	1977.31
3124	123.541	1977.3
3125	123.583	1977.11
3126	123.626	1977.06
3127	123.668	1976.83
3128	123.708	1976.81
3129	123.748	1974.48
3131	123.83	1974.44
3132	123.869	1974.3
3133	123.911	1974.29
3134	123.952	1974.22
3135	123.996	1974.16
3136	124.036	1974.15
3137	124.076	1974.13
3138	124.116	1973.66
3139	124.156	1973.58
3141	124.241	1973.35
3144	124.365	1973.14
3145	124.405	1973.05
3146	124.446	1973.02
3147	124.485	1973
3148	124.534	1972.98
3149	124.577	1972.27
3150	124.618	1972.26
3151	124.657	1970.81
3152	124.698	1970.78
3153	124.737	1970.74
3154	124.778	1970.58
3155	124.82	1970.51
3156	124.861	1970.44
3157	124.902	1969.35
3158	124.943	1969.16
3159	124.983	1968.98
3160	125.024	1968.78
3161	125.064	1968.67
3163	125.144	1968.42
3164	125.183	1968.39
3165	125.224	1968.34
3168	125.35	1968.3
3169	125.389	1968.27
3170	125.431	1968.09
3171	125.47	1968.02
3173	125.551	1968.01
3174	125.593	1967.9
3175	125.637	1967.89
3176	125.676	1967.87
3177	125.718	1967.86
3180	125.84	1967.85
3181	125.88	1967.68
3182	125.923	1967.64
3183	125.963	1967.39
3184	126.003	1967.37
3185	126.045	1967.12
3186	126.089	1967.04
3187	126.128	1966.98
3188	126.17	1966.96
3189	126.21	1966.76
3190	126.251	1966.54
3191	126.292	1966.51
3192	126.334	1966.51
3193	126.383	1966.43
3194	126.424	1966.03
3196	126.504	1965.97
3197	126.545	1965.96
3198	126.584	1965.31
3199	126.628	1965.08
3200	126.669	1964.89
3202	126.076	1964.87
3203	126.118	1964.23
3204	126.173	1964.2
3205	126.22	1964.18
3206	126.265	1964.17
3207	126.305	1964
3208	126.345	1963.58
3210	126.428	1963.49
3211	126.469	1963.42
3212	126.51	1963.28
3213	126.553	1963.22
3214	126.593	1963.2
3215	126.634	1962.94
3216	126.675	1962.91
3217	126.716	1962.88
3218	126.766	1962.76
3219	126.806	1962.73
3220	126.847	1962.66
3221	126.886	1962.36
3222	126.926	1962.03
3223	126.967	1961.72
3224	127.008	1961.55
3225	127.058	1961.53
3226	127.098	1961.46
3227	127.14	1961.42
3228	127.178	1961.36
3229	127.22	1961.32
3231	127.299	1961.14
3232	127.343	1961.13
3234	127.426	1960.83
3236	127.507	1960.67
3237	127.548	1960.65
3242	127.75	1960.56
3243	127.791	1960.45
3244	127.833	1960.42
3245	127.873	1960.4
3246	127.912	1960.27
3248	127.993	1960.24
3250	128.081	1959.81
3252	128.175	1959.45
3254	128.258	1959.45
3255	128.297	1958.81
3256	128.35	1958.75
3257	128.4	1958.75
3259	128.49	1958.65
3260	128.531	1958.6
3261	128.571	1958.59
3262	128.616	1958.49
3263	128.655	1958.48
3264	128.696	1958.35
3266	128.78	1958.11
3267	128.819	1958.09
3268	128.862	1957.52
3270	128.944	1957.51
3271	128.985	1957.49
3274	129.116	1957.29
3275	129.16	1957.28
3276	129.203	1957.18
3277	129.247	1956.74
3278	129.286	1956.52
3279	129.326	1956.52
3280	129.366	1956.51
3281	129.408	1956.36
3282	129.451	1955.88
3283	129.492	1955.55
3285	129.572	1954.84
3286	129.612	1953.41
3287	129.653	1953.37
3289	129.733	1952.98
3290	129.776	1952.81
3291	129.816	1952.76
3292	129.858	1952.58
3293	129.897	1952.55
3294	129.942	1952.46
3295	129.981	1952.46
3296	130.02	1952.44
3297	130.061	1952.24
3298	130.1	1949.2
3299	130.143	1949.19
3300	130.186	1949.18
3301	130.226	1949.07
3302	130.269	1948.96
3303	130.308	1948.62
3304	130.351	1948.39
3305	130.39	1948.39
3306	130.44	1948.01
3307	130.483	1947.92
3308	130.525	1947.83
3309	130.565	1946.81
3310	130.611	1946.59
3311	130.65	1946.59
3313	130.734	1946.48
3314	130.773	1946.08
3315	130.817	1946.02
3316	130.856	1946.01
3318	130.937	1945.94
3319	130.979	1945.46
3320	131.02	1945.44
3321	131.059	1944.57
3323	131.141	1944.56
3324	131.183	1944.22
3325	131.225	1943.95
3326	131.267	1943.94
3327	131.308	1943.87
3328	131.348	1943.18
3329	131.387	1943.09
3330	131.427	1943
3331	131.466	1942.55
3334	131.6	1942.48
3335	131.641	1941.45
3336	131.679	1941.4
3337	131.721	1939.55
3338	131.77	1939.33
3340	131.855	1939.25
3343	131.981	1939.2
3345	132.066	1939.12
3346	132.125	1938.5
3347	132.164	1938.47
3350	132.295	1938.45
3351	132.339	1938.4
3352	132.381	1938.31
3354	132.462	1938.23
3356	132.553	1937.98
3357	132.601	1937.9
3359	132.682	1937.63
3360	132.721	1937.42
3361	132.762	1936.95
3362	132.806	1936.9
3364	132.892	1936.73
3365	132.932	1936.41
3367	133.021	1936.37
3368	133.066	1936.35
3369	133.107	1935.95
3370	133.148	1935.95
3371	133.188	1935.89
3372	133.229	1934.98
3373	133.27	1934.94
3376	133.406	1934.88
3377	133.448	1934.71
3378	133.49	1934.69
3381	133.636	1933.95
3382	133.701	1932.18
3383	133.741	1932.1
3384	133.781	1932.08
3385	133.824	1932.02
3386	133.865	1932.01
3387	133.906	1932
3388	133.948	1932
3389	133.998	1931.8
3391	134.081	1931.77
3392	134.132	1931.2
3393	134.174	1931.18
3395	134.255	1930.65
3396	134.299	1930.52
3397	134.343	1930.09
3398	134.395	1929.76
3399	134.436	1928.74
3400	134.48	1928.49
3401	134.52	1928.47
3402	134.561	1928.46
3403	134.603	1927.9
3404	134.646	1927.77
3405	134.692	1927.62
3406	134.734	1927.58
3407	134.775	1927.57
3408	134.814	1927.44
3409	134.855	1927.39
3410	134.901	1926.62
3411	134.94	1926.61
3412	134.981	1926.6
3413	135.021	1926.55
3414	135.068	1926.47
3415	135.109	1925.24
3417	135.195	1925.23
3418	135.237	1925.22
3419	135.276	1925.17
3420	135.317	1925.11
3421	135.358	1925.07
3422	135.408	1924.84
3423	135.451	1924.76
3424	135.496	1924.69
3425	135.536	1924.67
3426	135.578	1924.58
3427	135.617	1924.54
3428	135.663	1924.37
3429	135.709	1924.31
3430	135.75	1924.27
3431	135.791	1924.17
3432	135.833	1924.05
3433	135.876	1923.66
3434	135.915	1923.65
3435	135.961	1923.62
3436	136.002	1923.59
3437	136.046	1923.56
3438	136.086	1923.43
3439	136.13	1923.38
3440	136.17	1923.28
3441	136.211	1923.27
3443	136.294	1923.24
3444	136.335	1923.16
3445	136.374	1922.93
3446	136.416	1922.88
3447	136.466	1922.8
3448	136.508	1922.78
3449	136.55	1922.64
3450	136.588	1922.64
3451	136.629	1922.63
3452	136.671	1922.51
3453	136.711	1922.23
3454	136.758	1922.09
3455	136.798	1921.74
3456	136.843	1921.61
3457	136.883	1921.57
3458	136.923	1921.32
3459	136.964	1921.3
3460	137.006	1921.16
3461	137.049	1920.96
3462	137.089	1920.86
3463	137.13	1920.83
3465	137.212	1920.65
3466	137.255	1920.61
3467	137.299	1917.8
3468	137.343	1917.79
3469	137.383	1902.55
3471	137.466	1902.51
3472	137.514	1902.49
3473	137.555	1902.48
3474	137.597	1902.42
3475	137.637	1902.39
3476	137.676	1902.36
3478	137.767	1901.8
3480	137.85	1901.69
3481	137.889	1901.63
3482	137.93	1901.6
3483	137.97	1901.59
3484	138.011	1901.44
3485	138.055	1901.37
3486	138.095	1901.29
3487	138.136	1901.27
3489	138.217	1900.58
3490	138.258	1900.57
3491	138.301	1899.57
3492	138.341	1899.53
3493	138.382	1899.43
3494	138.423	1899.35
3495	138.466	1899.34
3496	138.506	1899.24
3497	138.553	1898.96
3498	138.595	1898.77
3499	138.64	1898.63
3500	138.679	1898.57
3501	138.72	1898.5
3503	138.803	1898.45
3504	138.854	1898.22
3505	138.894	1898.2
3508	139.017	1898.15
3509	139.058	1898.14
3510	139.098	1897.96
3511	139.14	1897.9
3512	139.179	1897.9
3514	139.262	1897.81
3515	139.302	1897.26
3516	139.342	1897.21
3517	139.385	1897.21
3518	139.426	1897.2
3520	139.508	1897.18
3521	139.559	1897.1
3522	139.603	1897.02
3523	139.645	1896.93
3524	139.687	1896.92
3525	139.726	1896.82
3527	139.807	1896.76
3528	139.849	1896.75
3529	139.89	1896.61
3530	139.94	1896.5
3531	139.989	1896.48
3533	140.072	1896.45
3534	140.113	1896.21
3537	140.243	1896.14
3539	140.327	1896.01
3540	140.368	1895.81
3541	140.407	1895.79
3542	140.449	1895.76
3543	140.489	1895.59
3544	140.53	1895.57
3545	140.572	1895.31
3546	140.611	1895.3
3547	140.653	1895.18
3548	140.694	1894.89
3549	140.736	1894.86
3550	140.775	1894.79
3551	140.818	1894.71
3552	140.86	1894.65
3553	140.899	1894.64
3554	140.949	1894.63
3555	140.992	1894.43
3556	141.032	1894.4
3557	141.074	1894.38
3558	141.113	1894.27
3559	141.153	1894.27
3560	141.194	1894.21
3561	141.241	1893.93
3562	141.281	1893.75
3563	141.323	1893.57
3565	141.405	1893.57
3566	141.446	1893.56
3567	141.491	1893.53
3568	141.533	1893.5
3569	141.574	1893.46
3570	141.616	1893.38
3571	141.656	1893.33
3574	141.784	1893.12
3575	141.826	1893.1
3576	141.867	1892.82
3577	141.908	1892.8
3578	141.95	1892.68
3579	141.995	1892.67
3580	142.037	1892.66
3582	142.119	1892.6
3583	142.157	1892.48
3584	142.198	1892.44
3585	142.237	1892.33
3586	142.28	1892.24
3588	142.363	1892.21
3590	142.445	1891.95
3591	142.486	1890.23
3592	142.53	1889.98
3594	142.612	1889.98
3595	142.654	1889.55
3596	142.695	1889.02
3597	142.737	1888.91
3599	142.819	1888.89
3600	142.858	1888.77
3602	142.939	1888.71
3604	143.027	1888.62
3606	143.115	1888.59
3607	143.156	1888.58
3608	143.196	1887.62
3610	143.279	1887.61
3611	143.33	1887.53
3612	143.37	1887.51
3613	143.415	1887.45
3614	143.457	1887.32
3615	143.497	1887.31
3616	143.537	1887.26
3617	143.579	1887.07
3618	143.619	1886.89
3619	143.661	1886.88
3621	143.741	1886.79
3622	143.785	1886.63
3623	143.825	1886.36
3625	143.912	1886.27
3626	143.953	1886.16
3627	143.996	1886.07
3629	144.092	1885.67
3630	144.133	1885.67
3631	144.178	1885.58
3632	144.218	1885.46
3633	144.258	1885.07
3634	144.298	1885.06
3635	144.338	1885.03
3636	144.387	1885.01
3637	144.429	1884.87
3638	144.47	1882.86
3639	144.511	1882.86
3640	144.552	1882.85
3641	144.591	1882.75
3642	144.634	1882.71
3643	144.673	1882.44
3644	144.713	1882.22
3645	144.756	1882.22
3646	144.795	1882.01
3647	144.838	1881.94
3648	144.88	1881.89
3649	144.922	1881.01
3650	144.962	1880.99
3651	145	1880.99
3652	145.045	1880.99
3653	145.086	1880.97
3654	145.129	1880.47
3655	145.176	1880.44
3658	145.299	1880.39
3659	145.337	1880.01
3661	145.432	1879.29
3664	145.56	1879.25
3665	145.603	1878.73
3666	145.644	1878.7
3667	145.692	1878.4
3668	145.734	1877.9
3669	145.776	1877.83
3670	145.82	1877.76
3671	145.861	1877.45
3673	145.948	1877.43
3674	145.988	1877.42
3675	146.029	1877.34
3676	146.069	1877.26
3677	146.114	1875.98
3680	146.243	1875.96
3683	146.369	1875.93
3685	146.458	1875.87
3686	146.505	1875.49
3688	146.586	1875.48
3690	146.666	1875.46
3691	146.71	1875.41
3694	146.835	1875.38
3695	146.876	1875.34
3696	146.918	1875.12
3697	146.96	1875.08
3700	147.082	1874.72
3701	147.123	1874.56
3704	147.253	1874.4
3705	147.298	1874.17
3706	147.34	1874
3707	147.38	1873.99
3709	147.463	1873.79
3710	147.511	1873.74
3711	147.555	1873.58
3712	147.597	1872.99
3713	147.637	1872.96
3717	147.807	1872.9
3718	147.846	1872.88
3719	147.89	1872.87
3721	147.972	1871.89
3722	148.012	1871.55
3723	148.053	1871.52
3727	148.215	1871.51
3729	148.3	1871.5
3731	148.385	1871.48
3732	148.426	1871.02
3735	148.558	1870.94
3736	148.601	1870.51
3737	148.644	1870.26
3738	148.686	1869.88
3739	148.725	1869.64
3740	148.765	1869.46
3741	148.809	1869.43
3742	148.851	1869.4
3743	148.891	1869.38
3745	148.974	1869.29
3746	149.013	1869.28
3747	149.055	1869.28
3748	149.099	1869.08
3749	149.144	1869.05
3750	149.185	1869.03
3751	149.229	1869.02
3752	149.27	1869.02
3753	149.316	1868.96
3754	149.361	1868.91
3755	149.402	1868.49
3756	149.441	1866.5
3757	149.484	1866.47
3758	149.525	1866.42
3759	149.564	1866.36
3760	149.614	1866.31
3761	149.662	1866.28
3762	149.703	1866.16
3763	149.744	1866.1
3765	149.824	1866.07
3766	149.867	1866
3767	149.91	1865.96
3768	149.95	1865.83
3769	149.992	1865.74
3770	150.033	1865.73
3771	150.074	1865.66
3772	150.115	1865.56
3773	150.156	1865.23
3774	150.197	1865.23
3777	150.319	1865.19
3778	150.363	1865.14
3779	150.407	1865.1
3780	150.45	1865.04
3781	150.49	1865.02
3782	150.531	1865.01
3783	150.571	1864.99
3784	150.612	1864.97
3785	150.653	1864.92
3786	150.699	1864.89
3788	150.787	1864.88
3789	150.827	1864.83
3791	150.911	1864.81
3793	150.994	1864.79
3794	151.036	1864.72
3795	151.079	1864.46
3796	151.121	1864.4
3797	151.164	1864.37
3798	151.209	1864.19
3799	151.254	1864.17
3800	151.295	1864.09
3801	151.337	1863.91
3802	151.384	1863.87
3803	151.425	1863.8
3804	151.477	1863.8
3805	151.518	1863.64
3806	151.558	1863.61
3807	151.599	1863.49
3808	151.639	1863.46
3809	151.68	1862.28
3810	151.722	1862.27
3811	151.768	1862.23
3812	151.809	1862.21
3813	151.852	1862.19
3814	151.891	1862.18
3815	151.932	1862.18
3816	151.975	1862.15
3817	152.016	1862.15
3818	152.059	1861.68
3819	152.1	1861.63
3820	152.142	1861.49
3821	152.183	1861.48
3822	152.225	1861.48
3824	152.308	1861.33
3825	152.348	1861.28
3826	152.392	1861.24
3827	152.433	1861.23
3829	152.515	1860.72
3830	152.557	1860.02
3831	152.596	1859.33
3832	152.637	1859.31
3833	152.678	1859.3
3834	152.717	1859.2
3835	152.761	1859.19
3836	152.807	1859.16
3837	152.851	1858.98
3838	152.892	1858.79
3839	152.932	1858.68
3841	153.02	1858.63
3842	153.064	1858.61
3843	153.107	1858.57
3844	153.147	1858.54
3845	153.188	1858.54
3847	153.269	1858.53
3848	153.309	1858.5
3850	153.393	1858.35
3851	153.436	1858.3
3852	153.476	1858.3
3853	153.517	1858.29
3854	153.557	1858.11
3855	153.604	1858
3856	153.644	1857.94
3857	153.686	1857.93
3858	153.727	1857.91
3860	153.811	1857.91
3861	153.861	1857.86
3862	153.905	1857.75
3863	153.945	1857.71
3864	153.984	1857.71
3865	154.024	1857.64
3867	154.108	1857.6
3868	154.151	1857.58
3869	154.19	1857.38
3870	154.233	1857.3
3871	154.272	1857.28
3873	154.354	1857.26
3874	154.403	1857.2
3875	154.444	1857.15
3876	154.487	1857.1
3877	154.526	1856.83
3878	154.569	1856.62
3879	154.61	1856.36
3880	154.654	1856.27
3881	154.694	1856.21
3882	154.736	1856.19
3883	154.782	1856.17
3885	154.863	1854.2
3887	154.949	1854.07
3888	154.988	1853.8
3889	155.028	1853.78
3890	155.069	1853.72
3891	155.108	1853.67
3892	155.151	1853.63
3893	155.199	1853.61
3894	155.245	1853.6
3895	155.284	1853.42
3896	155.325	1853.4
3897	155.365	1853.39
3898	155.408	1853.15
3899	155.449	1853.15
3901	155.529	1852.94
3902	155.57	1852.82
3903	155.61	1852.66
3906	155.737	1852.65
3907	155.777	1852.62
3908	155.817	1852.57
3909	155.858	1852.52
3910	155.898	1852.13
3911	155.946	1852.09
3912	155.986	1852.07
3913	156.026	1852.06
3914	156.066	1851.83
3916	156.146	1851.79
3917	156.189	1851.77
3918	156.231	1851.76
3919	156.284	1851.73
3922	156.43	1851.68
3923	156.472	1851.59
3924	156.512	1851.56
3925	156.554	1851.52
3926	156.594	1851.47
3927	156.635	1851.38
3928	156.675	1851.34
3929	156.715	1851.33
3930	156.755	1851.19
3931	156.798	1850.84
3932	156.839	1850.54
3934	156.925	1850.53
3935	156.964	1850.22
3936	157.005	1850.15
3937	157.046	1850.09
3939	157.141	1849.96
3940	157.182	1849.81
3941	157.225	1849.8
3942	157.264	1849.39
3943	157.304	1849.27
3944	157.343	1849.01
3947	157.476	1849
3948	157.518	1848.77
3950	157.607	1848.74
3951	157.661	1848.72
3953	157.743	1848.71
3954	157.782	1848.65
3955	157.828	1848.63
3956	157.879	1848.55
3957	157.921	1847.03
3958	157.962	1846.94
3959	158.002	1846.93
3961	158.082	1846.67
3962	158.126	1846.45
3963	158.174	1846.29
3964	158.217	1846.28
3965	158.258	1846.16
3966	157.621	1846.11
3967	157.661	1846.03
3968	157.702	1845.55
3969	157.742	1845.29
3970	157.783	1844.8
3971	157.824	1844.76
3972	157.865	1844.45
3974	157.946	1844.41
3975	157.993	1843.87
3976	158.075	1843.87
3977	158.121	1843.81
3978	158.16	1842.21
3980	158.257	1842.2
3981	158.299	1842.15
3982	158.339	1842.12
3983	158.38	1842.05
3984	158.419	1841.87
3986	158.501	1841.74
3987	158.541	1841.67
3988	158.583	1841.65
3989	158.623	1840.95
3990	158.666	1840.93
3992	158.746	1840.92
3993	158.795	1840.9
3994	158.833	1840.87
3995	158.874	1840.84
3997	158.956	1840.8
3998	159.007	1840.79
3999	159.07	1840.49
4000	159.112	1840.49
4001	159.153	1837.66
4003	159.232	1837.66
4004	159.272	1837.62
4005	159.318	1837.33
4006	159.358	1837.31
4007	159.399	1837.22
4008	159.441	1837.01
4010	159.521	1835.09
4011	159.563	1834.88
4015	159.724	1834.83
4016	159.762	1834.77
4017	159.81	1833.44
4018	159.85	1833.41
4019	159.891	1833.18
4020	159.932	1833.17
4021	159.971	1833.15
4023	160.052	1833.13
4024	160.1	1833.13
4025	160.14	1833.05
4026	160.184	1832.36
4027	160.224	1832.36
4029	160.308	1832.34
4030	160.353	1832.32
4031	160.394	1832.29
4032	160.437	1832.23
4034	160.521	1832.2
4035	160.56	1832.17
4036	160.602	1832.07
4037	160.642	1832.01
4039	160.723	1831.96
4040	160.768	1831.45
4041	160.81	1831.35
4044	160.937	1831.3
4045	160.979	1831.1
4048	161.101	1830.77
4049	161.148	1830.64
4050	161.188	1830.61
4051	161.23	1829.87
4052	161.276	1829.4
4053	161.316	1829.4
4055	161.399	1829.39
4056	161.442	1829.38
4057	161.485	1829.34
4059	161.568	1829.33
4061	161.65	1823.09
4062	161.69	1822.85
4063	161.732	1822.83
4064	161.774	1822.74
4065	161.815	1822.71
4067	161.904	1822.7
4069	161.994	1822.33
4070	162.041	1822.31
4071	162.08	1822.29
4072	162.121	1821.91
4073	162.174	1821.9
4075	162.285	1821.82
4076	162.334	1821.75
4077	162.375	1821.69
4078	162.414	1821.49
4079	162.458	1821.43
4080	162.499	1821.32
4081	162.539	1821.31
4082	162.582	1821.28
4083	162.623	1821.27
4084	162.668	1821.26
4085	162.712	1821.14
4086	162.754	1821.13
4087	162.794	1821.13
4089	162.877	1821.09
4090	162.918	1821.08
4091	162.961	1821.07
4092	163.012	1821.06
4093	163.055	1821.04
4094	163.097	1821
4095	163.136	1820.64
4096	163.178	1820.56
4097	163.218	1820.55
4098	163.258	1820.37
4099	163.302	1820.34
4100	163.344	1820.28
4101	163.385	1820.25
4102	163.427	1820.16
4103	163.469	1820.12
4104	163.516	1820.08
4105	163.558	1820.07
4106	163.601	1820.02
4107	163.642	1819.97
4108	163.684	1819.89
4109	163.724	1819.84
4111	163.81	1819.77
4112	163.849	1819.67
4113	163.894	1819.41
4114	163.934	1819.38
4115	163.975	1819.36
4117	164.059	1819.32
4118	164.101	1819.29
4119	164.145	1819.22
4120	164.186	1819.21
4121	164.226	1819.2
4122	164.268	1819.19
4123	164.312	1819.15
4124	164.36	1819.14
4125	164.404	1819.02
4126	164.444	1818.98
4127	164.484	1818.91
4128	164.525	1818.72
4129	164.564	1818.67
4131	164.648	1818.66
4132	164.688	1818.6
4133	164.729	1818.55
4134	164.768	1818.49
4135	164.809	1818.25
4136	164.85	1818.1
4137	164.891	1818.09
4138	164.93	1817.96
4139	164.97	1817.96
4140	165.01	1817.87
4141	165.049	1817.71
4142	165.092	1817.67
4143	165.139	1817.62
4145	165.222	1817.42
4146	165.261	1817.4
4147	165.3	1817.3
4148	165.341	1817.3
4149	165.39	1815.29
4151	165.471	1815.26
4152	165.513	1815.26
4153	165.553	1815.25
4154	165.596	1815.23
4155	165.643	1815.18
4156	165.685	1815.17
4157	165.725	1815.16
4158	165.773	1814.73
4159	165.814	1814.71
4160	165.855	1814.66
4161	165.9	1814.64
4162	165.939	1814.64
4164	166.033	1814.46
4165	166.074	1814.42
4166	166.117	1814.39
4167	166.165	1814.38
4169	166.248	1814.01
4170	166.288	1813.97
4171	166.329	1812.94
4172	166.389	1812.84
4173	166.46	1812.79
4174	166.506	1812.7
4175	166.553	1812.68
4176	166.598	1812.68
4177	166.638	1812.51
4178	166.679	1812.36
4179	166.724	1812.35
4180	166.767	1810.05
4181	166.809	1810.03
4183	166.893	1809.97
4184	166.934	1809.93
4185	166.977	1809.92
4188	167.108	1809.91
4189	167.162	1809.88
4190	167.204	1809.79
4191	167.25	1809.75
4192	167.295	1809.73
4193	167.335	1809.72
4194	167.374	1809.68
4195	167.415	1809.5
4196	167.456	1809.49
4197	167.507	1809.48
4198	167.547	1809.48
4199	167.592	1809.46
4200	167.636	1809.44
4202	167.725	1809.36
4203	167.774	1809.31
4204	167.816	1809.3
4205	167.857	1809.16
4207	167.947	1809.13
4208	167.997	1809.1
4209	168.054	1808.98
4210	168.099	1808.91
4211	168.14	1808.86
4213	168.221	1808.81
4214	168.267	1808.79
4216	168.374	1808.77
4217	168.418	1808.7
4218	168.458	1808.49
4219	168.5	1808.45
4221	168.581	1808.43
4222	168.624	1808.4
4223	168.664	1808.37
4226	168.79	1808.36
4227	168.837	1808.31
4228	168.876	1808.11
4231	169.015	1808.05
4232	169.062	1808
4233	169.103	1807.98
4234	169.158	1807.98
4235	169.197	1807.64
4236	169.24	1807.62
4237	169.279	1807.61
4238	169.33	1807.55
4240	169.43	1807.53
4241	169.471	1807.35
4242	169.512	1807.24
4243	169.553	1807.14
4245	169.641	1807.12
4246	169.68	1807.11
4247	169.721	1807.1
4248	169.763	1807.07
4249	169.803	1807.04
4250	169.849	1807.03
4254	170.011	1806.86
4256	170.097	1806.81
4257	170.14	1806.79
4258	170.182	1806.77
4262	170.345	1806.73
4263	170.388	1806.67
4264	170.428	1806.67
4265	170.468	1806.66
4266	170.507	1806.63
4267	170.549	1806.56
4268	170.589	1806.54
4269	170.63	1806.51
4270	170.671	1806.38
4271	170.71	1806.34
4272	170.75	1806.16
4273	170.792	1806.15
4274	170.833	1806.12
4275	170.876	1805.97
4276	170.917	1805.96
4277	170.957	1805.9
4279	171.04	1805.84
4280	171.085	1805.81
4282	171.171	1805.72
4283	171.214	1805.52
4284	171.254	1805.45
4287	171.377	1805.44
4288	171.42	1805.25
4289	171.464	1805.25
4290	171.505	1805.24
4291	171.544	1805.22
4293	171.626	1805.21
4295	171.711	1805.18
4296	171.751	1805.17
4297	171.792	1805.09
4298	171.832	1805.04
4299	171.873	1805
4300	171.915	1804.95
4301	171.955	1804.87
4302	171.999	1804.78
4303	172.039	1804.61
4304	172.078	1804.59
4305	172.119	1804.55
4306	172.159	1804.54
4307	172.2	1804.52
4308	172.241	1804.47
4309	172.282	1804.38
4310	172.321	1804.21
4311	172.362	1804.17
4312	172.404	1803.7
4313	172.443	1803.45
4314	172.516	1803.45
4315	172.561	1803.26
4316	172.603	1803.26
4318	172.682	1802.26
4319	172.726	1802.25
4320	172.767	1802.22
4322	172.85	1802.22
4323	172.891	1802.15
4324	172.937	1802.01
4326	173.02	1801.96
4327	173.06	1801.88
4328	173.099	1801.86
4329	173.138	1801.31
4330	173.178	1801.3
4332	173.27	1801.29
4333	173.31	1801.28
4334	173.35	1801.21
4335	173.392	1801.19
4336	173.433	1800.55
4338	173.525	1800.52
4339	173.566	1799.79
4340	173.609	1799.78
4341	173.654	1799.36
4344	173.788	1799.31
4345	173.827	1798.88
4346	173.868	1798.88
4347	173.909	1798.85
4348	173.951	1797.17
4351	174.081	1797.06
4353	174.168	1797.04
4355	174.251	1797.02
4356	174.3	1796.97
4357	174.343	1796.3
4360	174.466	1796.29
4361	174.506	1796.29
4362	174.547	1796.28
4363	174.59	1796.27
4365	174.671	1796.21
4366	174.71	1796.18
4367	174.759	1796.17
4370	174.895	1796.17
4371	174.936	1796.14
4374	175.056	1796.14
4375	175.105	1796.12
4376	175.144	1796.1
4377	175.185	1796.07
4379	175.265	1796.04
4380	175.306	1795.78
4381	175.348	1795.72
4383	175.434	1795.7
4384	175.474	1795.68
4385	175.513	1795.53
4388	175.637	1795.46
4389	175.679	1795.34
4390	175.718	1795.33
4391	175.759	1795.3
4392	175.799	1794.28
4393	175.839	1794.28
4394	175.879	1794.26
4395	175.938	1794.26
4397	176.018	1794.2
4399	176.106	1794.2
4401	176.189	1793.73
4402	176.229	1793.56
4404	176.309	1793.47
4409	176.515	1793.46
4411	176.594	1793.46
4412	176.635	1793.12
4415	176.756	1793.09
4416	176.798	1792.94
4417	176.836	1792.8
4418	176.876	1792.69
4419	176.918	1792.54
4420	176.958	1792.47
4421	177.004	1792.46
4422	177.048	1792.46
4423	177.089	1792.43
4424	177.132	1792.32
4425	177.174	1792.22
4427	177.253	1792.21
4428	177.292	1792.18
4429	177.332	1792.14
4430	177.372	1792.13
4431	177.415	1792.12
4432	177.458	1792.1
4433	177.514	1792.08
4434	177.553	1792.07
4435	177.592	1791.78
4436	177.635	1791.72
4437	177.676	1791.7
4438	177.716	1791.57
4439	177.759	1791.54
4440	177.805	1791.47
4441	177.844	1791.45
4442	177.886	1791.42
4443	177.926	1791.4
4444	177.967	1791.39
4445	178.021	1791.38
4446	178.067	1791.31
4447	178.11	1791.3
4448	178.152	1791.3
4449	178.195	1791.24
4451	178.28	1791.17
4452	178.32	1791.1
4453	178.36	1790.86
4454	178.4	1790.85
4455	178.443	1790.84
4456	178.484	1790.81
4457	178.532	1790.81
4458	178.573	1790.75
4459	178.612	1790.72
4460	178.651	1790.67
4462	178.73	1790.65
4463	178.774	1790.63
4464	178.815	1790.34
4465	178.866	1790.23
4466	178.912	1790.23
4467	178.952	1790.17
4468	178.992	1789
4469	179.034	1788.98
4470	179.078	1788.97
4471	179.118	1788.96
4472	179.158	1788.83
4473	179.198	1788.79
4474	179.251	1788.74
4475	179.306	1788.56
4476	179.349	1788.46
4478	179.428	1788.41
4479	179.471	1788.4
4480	179.513	1788.33
4481	179.555	1788.2
4482	179.601	1788.18
4485	179.721	1788.06
4486	179.761	1788.03
4487	179.8	1787.93
4488	179.843	1787.89
4489	179.882	1786.38
4491	179.962	1786.37
4493	180.047	1786.35
4495	180.131	1786.33
4496	180.17	1786.31
4497	180.209	1786.31
4498	180.251	1785.91
4499	180.292	1785.89
4500	180.338	1785.86
4501	180.38	1785.84
4502	180.419	1785.82
4503	180.46	1785.81
4504	180.499	1785.45
4505	180.54	1785.41
4506	180.579	1785.39
4507	180.626	1785.39
4508	180.669	1785.37
4509	180.71	1785.05
4510	180.751	1785.01
4511	180.791	1784.62
4512	180.831	1784.6
4513	180.874	1784.59
4514	180.914	1784.54
4515	180.954	1784.52
4516	180.993	1784.52
4517	181.034	1784.42
4518	181.075	1784.29
4519	181.118	1784.25
4520	181.159	1783.92
4523	181.28	1783.88
4524	181.32	1783.86
4525	181.362	1783.78
4527	181.445	1783.77
4528	181.487	1783.74
4529	181.529	1783.73
4530	181.571	1783.54
4531	181.61	1783.51
4534	181.742	1783.31
4535	181.785	1783.3
4536	181.826	1783.29
4537	181.866	1783.28
4538	181.907	1783.26
4540	181.992	1783.2
4542	182.071	1782.03
4543	182.113	1782.03
4544	182.154	1781.97
4545	182.198	1781.91
4547	182.278	1781.9
4548	182.317	1781.87
4549	182.358	1781.76
4550	182.401	1781.7
4551	182.446	1781.7
4552	182.49	1781.68
4553	182.53	1781.64
4554	182.569	1781.6
4556	182.649	1781.55
4557	182.688	1781.51
4558	182.733	1781.44
4559	182.774	1781.25
4561	182.859	1781.24
4562	182.9	1781.23
4564	182.991	1781.23
4565	183.031	1781.12
4567	183.113	1781.07
4568	183.154	1780.78
4570	183.238	1780.74
4571	183.277	1780.7
4572	183.317	1780.67
4573	183.357	1780.65
4574	183.398	1780.64
4575	183.439	1780.53
4576	183.48	1780.51
4577	183.529	1780.51
4578	183.567	1780.11
4579	183.608	1780.1
4580	183.649	1780.09
4581	183.688	1779.95
4582	183.729	1779.87
4583	183.783	1779.8
4586	183.907	1779.79
4587	183.946	1779.78
4588	183.987	1779.77
4589	184.033	1779.75
4590	184.072	1779.71
4591	184.114	1779.69
4592	184.154	1779.66
4593	184.195	1779.58
4594	184.235	1779.46
4596	184.32	1779.45
4598	184.4	1779.38
4599	184.439	1779.36
4602	184.564	1779.33
4603	184.605	1779.29
4604	184.644	1779.27
4605	184.684	1779.26
4606	184.724	1779.25
4607	184.764	1779.24
4608	184.817	1779.12
4609	184.857	1779.1
4610	184.899	1779.09
4611	184.941	1779.09
4612	184.98	1778.94
4613	185.021	1778.92
4615	185.105	1778.77
4616	185.147	1778.73
4617	185.187	1778.7
4619	185.274	1778.68
4620	185.32	1778.66
4621	185.364	1778.57
4622	185.404	1778.51
4623	185.444	1778.24
4624	185.484	1778.18
4626	185.574	1778.15
4627	185.619	1778.14
4628	185.659	1778.1
4629	185.699	1778.08
4631	185.779	1777.91
4632	185.82	1777.88
4634	185.904	1777.84
4635	185.944	1777.83
4636	185.984	1777.76
4638	186.069	1777.73
4639	186.112	1777.43
4641	186.195	1777.37
4642	186.235	1777.31
4643	186.275	1777.2
4644	186.316	1777.19
4645	186.357	1776.88
4646	186.399	1776.87
4647	186.439	1776.86
4649	186.519	1776.83
4650	186.559	1776.79
4651	186.603	1776.77
4652	186.651	1776.73
4653	186.69	1776.63
4654	186.73	1776.62
4655	186.769	1776.48
4657	186.851	1776.43
4658	186.893	1775.4
4659	186.939	1775.38
4660	186.981	1775.34
4661	187.022	1775.32
4662	187.062	1775.3
4664	187.142	1775.16
4665	187.185	1775.16
4666	187.227	1775.07
4667	187.268	1775.02
4668	187.308	1775.01
4669	187.348	1774.55
4670	187.388	1774.52
4671	187.432	1774.52
4673	187.512	1774.51
4674	187.552	1774.49
4676	187.634	1774.43
4678	187.718	1774.38
4679	187.76	1774.17
4680	187.799	1774.16
4681	187.84	1773.96
4682	187.879	1773.94
4683	187.919	1773.94
4684	187.962	1773.92
4685	188.009	1772.98
4686	188.048	1772.98
4688	188.127	1772.76
4689	188.166	1772.74
4690	188.207	1772.74
4691	188.251	1772.62
4695	188.427	1772.62
4696	188.467	1772.57
4697	188.506	1772.03
4698	188.557	1772
4700	188.638	1771.99
4701	188.681	1771.92
4702	188.721	1771.91
4703	188.762	1771.91
4704	188.803	1771.91
4705	188.843	1771.87
4706	188.883	1771.85
4707	188.922	1771.82
4708	188.964	1771.81
4709	189.005	1771.81
4710	189.047	1771.79
4711	189.089	1771.78
4712	189.129	1771.76
4715	189.25	1771.76
4716	189.29	1771.68
4717	189.332	1771.67
4719	189.415	1770.94
4720	189.457	1770.89
4722	189.535	1770.83
4724	189.62	1770.82
4725	189.66	1770.7
4726	189.7	1770.7
4728	189.78	1770.69
4730	189.177	1770.68
4731	189.217	1770.66
4732	189.257	1767.63
4733	189.297	1767.62
4736	189.426	1767.61
4739	189.546	1767.6
4741	189.627	1767.38
4742	189.669	1767.27
4744	189.755	1767.21
4747	189.884	1767.2
4749	189.973	1767.12
4750	190.012	1767.09
4751	190.054	1767.09
4752	190.095	1766.39
4755	190.222	1766.37
4756	190.264	1766.27
4758	190.343	1766.16
4759	190.383	1766.12
4760	190.423	1766.09
4761	190.464	1766.07
4762	190.509	1766.07
4763	190.55	1766.02
4765	190.63	1765.94
4766	190.669	1765.83
4767	190.709	1765.82
4768	190.756	1765.65
4769	190.797	1765.6
4770	190.837	1765.59
4771	190.878	1765.58
4772	190.918	1765.57
4773	190.958	1765.56
4774	190.998	1765.55
4775	191.04	1765.3
4776	191.078	1765.27
4777	191.119	1765.25
4778	191.16	1764.95
4779	191.2	1764.93
4780	191.242	1764.91
4781	191.282	1764.9
4782	191.324	1764.84
4783	191.363	1764.8
4785	191.443	1764.79
4786	191.487	1764.76
4787	191.529	1764.73
4788	191.571	1764.68
4789	191.61	1764.67
4790	191.649	1764.67
4791	191.69	1764.48
4792	191.734	1764.44
4793	191.777	1764.26
4794	191.821	1764.25
4795	191.862	1764.25
4796	191.902	1764.21
4797	191.941	1764.18
4798	191.981	1764.1
4799	192.022	1764.08
4800	192.07	1764.07
4802	192.154	1764.07
4803	192.197	1764.03
4804	192.237	1764.01
4805	192.278	1763.92
4806	192.326	1763.91
4807	192.383	1763.88
4808	192.454	1763.87
4809	192.495	1763.81
4810	192.54	1763.81
4811	192.582	1763.8
4812	192.624	1763.76
4813	192.662	1763.72
4814	192.703	1763.58
4815	192.743	1763.43
4819	192.911	1763.43
4820	192.951	1763.36
4821	192.99	1763.22
4823	193.073	1763.17
4824	193.116	1763.17
4825	193.157	1763.1
4826	193.196	1763.09
4827	193.238	1763.04
4828	193.279	1763.04
4829	193.32	1762.23
4831	193.406	1762.21
4832	193.446	1762.2
4833	193.486	1762.18
4834	193.527	1762.18
4835	193.568	1762.16
4836	193.615	1762.14
4838	193.7	1761.84
4839	193.741	1761.84
4840	193.781	1761.77
4841	193.821	1761.77
4842	193.861	1761.76
4844	193.953	1761.38
4845	193.997	1761.36
4846	194.036	1761.34
4847	194.077	1761.34
4848	194.117	1761.32
4849	194.162	1761.09
4850	194.202	1761.08
4851	194.243	1760.74
4852	194.284	1760.71
4854	194.41	1760.69
4855	194.464	1760.68
4856	194.504	1760.67
4857	194.545	1760.61
4858	194.6	1760.51
4859	194.656	1760.46
4860	194.702	1759.95
4861	194.761	1759.95
4863	194.883	1759.95
4864	194.928	1759.93
4865	194.968	1759.92
4868	195.094	1759.91
4870	195.175	1759.84
4871	195.219	1759.82
4874	195.344	1759.68
4875	195.385	1759.63
4876	195.426	1759.63
4877	195.47	1759.63
4878	195.513	1759.48
4880	195.617	1759.44
4881	195.657	1759.43
4882	195.699	1759.24
4883	195.738	1759.22
4884	195.784	1759.21
4885	195.837	1759.13
4886	195.886	1759.13
4887	195.925	1759.12
4888	195.969	1759.11
4889	196.013	1759.08
4890	196.056	1759.02
4891	196.096	1759.01
4893	196.177	1758.99
4896	196.303	1758.98
4898	196.387	1758.93
4899	196.429	1758.85
4901	196.51	1758.81
4903	196.601	1758.76
4904	196.65	1758.76
4907	196.771	1758.7
4908	196.811	1758.56
4910	196.893	1758.52
4911	196.933	1758.49
4912	196.974	1758.47
4913	197.016	1758.44
4914	197.057	1758.42
4915	197.1	1758.24
4916	197.141	1758.23
4918	197.22	1758.09
4919	197.26	1758.08
4920	197.302	1758.07
4921	197.344	1757.96
4922	197.395	1757.94
4923	197.434	1757.81
4925	197.515	1757.79
4927	197.599	1757.72
4929	197.687	1757.68
4930	197.727	1757.67
4931	197.768	1757.65
4933	197.85	1757.64
4934	197.894	1757.5
4936	197.976	1757.46
4938	198.059	1757.41
4939	198.111	1757.41
4941	198.208	1757.08
4942	198.248	1757.05
4943	198.289	1757
4944	198.328	1757
4946	198.411	1756.99
4947	198.453	1756.96
4948	198.494	1756.93
4949	198.534	1756.92
4952	198.656	1756.82
4953	198.699	1756.82
4954	198.739	1756.81
4955	198.78	1756.71
4956	198.822	1756.53
4957	198.866	1756.51
4959	198.949	1756.49
4960	198.999	1756.44
4962	199.079	1756.4
4963	199.119	1756.39
4964	199.158	1756.37
4967	199.287	1756.37
4968	199.326	1756.33
4970	199.407	1756.18
4971	199.447	1756.16
4974	199.596	1756.1
4975	199.651	1755.33
4976	199.696	1755.22
4977	199.737	1755.22
4979	199.823	1755.2
4980	199.864	1755.2
4981	199.905	1755.12
4983	199.987	1755.01
4984	200.026	1755
4985	200.066	1754.97
4991	200.319	1754.97
4992	200.358	1754.93
4993	200.399	1754.89
4994	200.439	1754.87
4995	200.49	1754.75
4998	200.617	1753.98
4999	200.656	1753.97
5000	200.701	1753.93
# FIN	200.701	1753.93

