# target=instancias/pollock.png T=340 iters=5000 K=32 seed=auto
iter	segundos	MSE
0	0.00226103	8651.61
1	0.028541	8605.66
2	0.054655	8577.34
3	0.0811557	8575.86
4	0.107673	8557.02
5	0.133831	8555.51
6	0.160543	8555.49
7	0.187147	8545.42
8	0.219753	8541.33
9	0.246242	8534.28
10	0.272602	8527.86
11	0.298857	8525.99
12	0.3255	8525.46
13	0.351849	8505.63
14	0.378475	8503.92
15	0.40516	8500.91
16	0.431809	8486.2
17	0.458091	8485.67
18	0.485302	8445.51
19	0.512228	8444.87
20	0.540304	8440.33
21	0.567635	8427.85
22	0.595038	8419.12
23	0.622623	8418.97
24	0.651582	8410.2
25	0.679173	8391.01
26	0.706352	8377.76
27	0.733668	8364.72
28	0.761135	8359.87
29	0.788661	8354.99
30	0.815376	8344.08
31	0.842504	8343.21
32	0.869717	8331.17
33	0.897014	8305.67
34	0.924735	8299.58
35	0.953419	8297.94
36	0.981396	8292.05
37	1.00938	8277.62
38	1.03664	8209.71
39	1.06523	8201.71
40	1.09248	8191.96
41	1.1198	8188.62
42	1.14838	8188.08
43	1.17644	8184.45
44	1.2047	8173.22
45	1.23191	8151.2
46	1.26084	8148.55
47	1.28863	8148.41
48	1.31654	8148.38
49	1.34408	8142.21
50	1.3726	8062.58
51	1.40062	8061.26
52	1.42792	8037.31
53	1.45826	8036.99
54	1.5091	8035.62
55	1.54359	8018.14
56	1.57216	8005.66
57	1.60365	7997.68
58	1.63363	7988.1
59	1.66265	7984.7
60	1.69207	7984.68
61	1.72069	7981.34
62	1.74847	7981.17
63	1.77695	7975.2
64	1.8073	7959.62
65	1.8359	7957.3
66	1.86425	7956.07
67	1.89429	7955.87
68	1.92324	7944.86
69	1.9514	7937.47
70	1.98079	7926.52
71	2.01386	7922.83
72	2.04213	7910.59
73	2.07045	7888.35
74	2.09883	7888.2
75	2.12861	7871.58
76	2.15835	7867.56
77	2.21698	7866.59
78	2.28068	7866.55
79	2.33427	7850.69
80	2.38274	7826.9
81	2.45422	7818.43
82	2.50497	7796.95
83	2.54177	7796.86
84	2.5722	7785.17
85	2.60296	7780.96
86	2.63175	7761.86
87	2.66111	7759.16
88	2.69932	7740.76
89	2.74557	7722.08
90	2.77999	7716.25
91	2.82935	7712.41
92	2.8751	7706.48
93	2.91128	7702.49
94	2.95273	7669.54
95	2.98419	7664.01
96	3.01916	7662.95
97	3.05254	7649.55
98	3.0874	7639.42
99	3.11927	7638.4
100	3.14762	7638.26
101	3.17621	7600.31
102	3.2083	7579.6
103	3.24139	7579.59
104	3.27283	7578.49
105	3.30469	7576.39
106	3.33481	7566.91
107	3.36372	7547.44
108	3.39625	7539.26
109	3.42835	7524.48
110	3.46068	7524.19
111	3.48872	7513.8
112	3.5183	7508.17
114	3.57853	7506.8
115	3.61099	7491.75
116	3.63982	7486.94
117	3.66878	7484.11
118	3.70197	7464.03
119	3.73292	7462.47
120	3.76143	7462.39
121	3.79042	7462.26
122	3.82231	7462.18
123	3.8517	7421.9
124	3.88128	7415.87
125	3.9113	7410.82
126	3.94121	7406.73
127	3.97364	7404.29
128	4.00736	7393.82
129	4.03785	7386.41
130	4.06688	7385.14
131	4.09744	7383.32
132	4.12901	7373.21
133	4.15888	7372.1
134	4.18823	7317.26
135	4.21843	7316.82
136	4.25015	7290.56
137	4.283	7269.05
138	4.31421	7261.32
139	4.34395	7244.49
140	4.3752	7211.19
141	4.40592	7205.74
142	4.43719	7204.67
143	4.46789	7204.19
144	4.50343	7201.78
145	4.53379	7185.14
146	4.56485	7137.22
147	4.59678	7109.28
148	4.6278	7105.84
149	4.65728	7099.07
150	4.68832	7097.56
151	4.71955	7088.15
152	4.75219	7080.1
153	4.78264	7060.06
154	4.81489	7053.48
155	4.84687	7048.31
156	4.87679	7047.02
157	4.9089	7026.39
158	4.94061	7008.3
159	4.96993	7005.73
160	4.99983	7004.06
161	5.03192	6998.13
162	5.0611	6975.97
163	5.09113	6975.64
164	5.1249	6968.27
165	5.156	6932.97
166	5.18511	6930.88
167	5.21451	6907.06
168	5.24372	6890.08
169	5.2769	6882.83
170	5.30633	6882.61
171	5.33603	6877.25
172	5.36865	6876.27
173	5.40128	6875.83
174	5.43113	6875.14
175	5.46094	6862.95
176	5.49318	6862.8
177	5.52689	6823.65
178	5.55668	6784.77
179	5.58642	6780.45
180	5.61938	6776.13
181	5.65014	6776.03
182	5.68337	6769.8
183	5.71683	6765.58
184	5.74683	6758.27
185	5.7777	6727.08
186	5.80895	6721.68
187	5.83835	6718.02
188	5.87063	6691.56
189	5.90306	6683.35
190	5.93907	6672.45
191	5.97065	6662.71
192	6.00067	6658.28
193	6.03403	6642.63
194	6.06527	6637.41
195	6.09541	6636.86
196	6.12725	6630.64
197	6.16102	6614.32
198	6.19126	6613.4
199	6.22155	6613.24
200	6.25194	6598.01
201	6.28461	6593.7
202	6.31686	6590.35
203	6.35032	6589.81
204	6.38163	6548.24
205	6.41391	6544.65
206	6.44456	6530.27
207	6.47635	6502.8
208	6.51172	6502.33
209	6.54176	6495.47
210	6.57196	6488.47
211	6.60276	6487.88
212	6.63442	6487.01
213	6.66864	6482.11
214	6.69907	6461.35
215	6.72894	6451.75
216	6.75928	6401.04
217	6.79453	6399.62
218	6.82496	6392.41
219	6.85622	6381.93
220	6.88793	6379.99
221	6.91966	6379.94
222	6.95076	6373.86
223	6.98228	6366.36
224	7.01503	6365.8
225	7.04865	6356.67
226	7.08086	6339.12
227	7.11378	6327.44
228	7.14715	6325.03
229	7.17857	6321.93
230	7.21116	6309.34
231	7.24448	6287.65
232	7.27497	6285.32
233	7.30721	6273.06
234	7.3394	6271.72
235	7.3692	6268.49
236	7.40046	6265.11
237	7.43628	6258.73
238	7.46905	6257.91
239	7.49909	6253.63
240	7.53001	6229.23
241	7.56338	6224.67
242	7.59509	6220.44
243	7.62526	6218.88
244	7.65879	6212.52
245	7.69518	6179.63
246	7.72611	6156.64
247	7.75663	6152.93
248	7.78704	6151.28
249	7.82062	6145.12
250	7.85595	6140.91
251	7.88679	6138.74
252	7.91722	6136.01
253	7.94955	6135.54
254	7.9849	6135.42
255	8.02027	6085.66
256	8.05262	6063.85
257	8.08358	6048.18
258	8.11438	6038.76
259	8.14974	6029.67
260	8.18142	6021.61
261	8.21389	6012.05
262	8.24965	6002.73
263	8.28042	6002.56
264	8.31107	5998.29
265	8.34376	5979.36
266	8.37868	5969.17
267	8.41095	5966.84
268	8.44243	5962.15
269	8.47503	5958.15
270	8.50768	5954.99
271	8.53966	5949.08
272	8.57544	5921.38
273	8.61016	5919.05
274	8.64275	5918.65
275	8.67528	5901.1
276	8.70795	5888.02
277	8.73974	5878.33
278	8.77246	5876.52
279	8.8071	5874.98
280	8.84067	5869.36
281	8.87171	5862.61
282	8.9028	5826.32
283	8.93693	5822.62
284	8.97035	5818.9
285	9.00349	5797.39
286	9.0341	5788.1
287	9.06509	5753.65
288	9.09636	5745.65
289	9.12882	5744.68
290	9.16166	5731.09
291	9.197	5724.82
292	9.22889	5717.05
293	9.25973	5710.08
294	9.29252	5705.53
295	9.32435	5701.14
296	9.35882	5696.17
297	9.39384	5695.84
298	9.42506	5692.03
299	9.45851	5682.81
300	9.49213	5681.63
301	9.52304	5676.74
302	9.55373	5672.84
303	9.58733	5662.63
304	9.6221	5646.75
305	9.6571	5631.82
306	9.68872	5611.45
307	9.71922	5608.3
308	9.75645	5606.16
309	9.78845	5605.77
310	9.81925	5597.14
311	9.85399	5591.29
312	9.88608	5590.04
313	9.9216	5589.98
314	9.96483	5586.03
315	10.0002	5580.36
316	10.0327	5550.56
317	10.0722	5548.52
318	10.1064	5544.65
319	10.1377	5543.16
320	10.1701	5513.93
321	10.204	5507.62
322	10.2349	5499.51
323	10.2667	5459.89
324	10.2983	5454.1
325	10.3355	5424.06
326	10.3675	5411.8
327	10.3991	5397.75
328	10.4337	5397.23
329	10.4668	5393.65
330	10.4977	5381.89
331	10.5304	5349.68
332	10.565	5330.57
333	10.5959	5324.66
334	10.6295	5324.54
335	10.6608	5321.7
336	10.6923	5310.19
337	10.7254	5308.03
338	10.7608	5291.31
339	10.7957	5286.24
340	10.8295	5280.68
341	10.8606	5235.59
342	10.8923	5225.45
343	10.9282	5225.06
344	10.9595	5206.11
345	10.9922	5204.07
346	11.031	5203.65
347	11.0627	5197.88
348	11.0951	5195.97
349	11.1303	5189.42
350	11.164	5185.99
351	11.1955	5185.97
352	11.2309	5185.91
353	11.2646	5185.29
354	11.2976	5180.95
355	11.3341	5180.53
356	11.3684	5177.62
357	11.3996	5170.01
358	11.4311	5151.72
359	11.4674	5151.57
360	11.5031	5151.47
361	11.5386	5143.75
362	11.5711	5143.31
363	11.6073	5142.52
364	11.6411	5139.81
365	11.6728	5132.32
366	11.7081	5129.03
367	11.7447	5120.81
368	11.779	5120.61
369	11.8121	5120.58
370	11.8473	5116.2
371	11.8827	5115.92
372	11.9144	5110.59
373	11.9502	5106.25
374	11.9832	5105.65
375	12.015	5103.5
376	12.0476	5097.67
377	12.083	5093.71
378	12.118	5045.41
379	12.1562	5042.32
380	12.1878	5028.24
381	12.2235	5026.03
382	12.2578	5025.5
383	12.2899	5022.59
384	12.3251	5015.59
385	12.3613	4977.91
386	12.3935	4973.29
387	12.4254	4973.26
388	12.4584	4973.05
389	12.4953	4971.62
390	12.5276	4968.77
391	12.5595	4968.5
392	12.5917	4963.43
393	12.6275	4962.5
394	12.6596	4962.3
395	12.6917	4961.91
396	12.7301	4936.06
397	12.7641	4934.65
398	12.7969	4933.85
399	12.831	4931.69
400	12.863	4931.33
401	12.8958	4931.09
402	12.9318	4931.02
403	12.9661	4930.94
404	12.9979	4930.41
405	13.0318	4930.23
406	13.0686	4928.79
407	13.1003	4928.57
408	13.1325	4926.24
409	13.1687	4924.36
410	13.2045	4920.76
411	13.2381	4915.19
412	13.2714	4910
413	13.3103	4903.4
414	13.3429	4901.93
415	13.3778	4901.45
416	13.4122	4900.51
417	13.4444	4895.39
418	13.4844	4894.82
419	13.522	4881.01
420	13.5557	4868.62
421	13.5923	4867.62
422	13.6252	4853.41
423	13.6614	4853.39
424	13.6937	4850.47
425	13.726	4848.47
426	13.7615	4838.19
427	13.7938	4837.86
428	13.828	4829.59
429	13.8641	4825.64
430	13.8965	4822.5
431	13.9296	4819.8
432	13.9626	4806.04
433	13.9982	4802.46
434	14.0316	4798.12
435	14.0684	4798.06
436	14.1028	4797.99
437	14.1359	4774.96
438	14.1716	4774.33
439	14.2067	4773.46
440	14.2398	4772.3
441	14.272	4756.42
442	14.308	4747.16
443	14.3404	4746.71
444	14.375	4741.16
445	14.4101	4741.14
446	14.4441	4738.33
447	14.4764	4732.57
448	14.5115	4731.24
449	14.5464	4727.95
450	14.579	4724.86
451	14.6126	4721.96
452	14.6484	4710.21
453	14.6812	4710.2
454	14.7146	4709.15
455	14.7503	4706.75
456	14.7833	4703.76
457	14.8173	4702.67
458	14.852	4699.14
459	14.8843	4698.32
460	14.9182	4698.22
461	14.9554	4697.73
462	14.9881	4688.16
463	15.0243	4685.76
464	15.0578	4682.08
465	15.0926	4681.29
466	15.1288	4677.17
467	15.1612	4676.94
468	15.1971	4665.71
469	15.2319	4661.26
470	15.2647	4660.61
471	15.3006	4659.78
472	15.3356	4656.41
473	15.3705	4653.39
474	15.4072	4605.59
475	15.4397	4605.56
476	15.4775	4603.93
477	15.5131	4579.69
478	15.5463	4571.77
479	15.5816	4565.27
480	15.6189	4565.07
481	15.6527	4559.31
482	15.6891	4559.25
483	15.7228	4558.86
484	15.7562	4558.21
485	15.7926	4557.54
486	15.833	4547.49
487	15.8718	4539.96
488	15.9072	4531.23
489	15.9436	4530.43
490	15.978	4529.99
491	16.0115	4529.59
492	16.0471	4527.14
493	16.0826	4526.45
494	16.1166	4525.09
495	16.1506	4517.14
496	16.1862	4517.09
497	16.2246	4513.23
498	16.2596	4507.49
499	16.2933	4503.67
500	16.3302	4502.55
501	16.3636	4502.03
502	16.3971	4460.21
503	16.4322	4460.17
504	16.4677	4453.15
505	16.501	4443.63
506	16.5359	4440.44
507	16.5709	4412.12
508	16.6063	4405.45
509	16.6412	4403.53
510	16.6743	4403.29
511	16.7098	4400.47
512	16.7461	4397.81
513	16.7831	4396.62
514	16.8166	4394.46
515	16.8535	4393.56
517	16.9215	4365.79
518	16.9559	4363.35
519	16.9945	4362.11
520	17.0319	4353.28
521	17.0654	4353.21
522	17.1015	4345.38
523	17.1376	4345.28
524	17.1712	4344.21
525	17.2086	4304.08
526	17.2421	4293.92
527	17.2796	4293.88
528	17.3141	4289.15
529	17.3486	4283.34
530	17.3848	4281.08
531	17.4185	4280.02
532	17.4516	4276.93
533	17.4883	4259.39
534	17.5229	4256.75
535	17.5581	4255.66
536	17.5954	4254.65
537	17.6311	4248.85
538	17.6665	4248.06
539	17.7037	4246.45
540	17.7391	4245.6
541	17.775	4244.96
542	17.8119	4244.83
543	17.847	4244.35
544	17.8827	4237.49
545	17.9193	4237
546	17.9589	4233.71
547	17.9925	4221.05
548	18.031	4220.48
549	18.0677	4214.14
550	18.1016	4213
551	18.1387	4212.97
552	18.1772	4212.09
553	18.2126	4208.7
554	18.2487	4206.68
555	18.2893	4200.39
556	18.3251	4175.1
557	18.3613	4168.24
558	18.3996	4167.91
559	18.4376	4164.41
560	18.4717	4164.24
561	18.509	4164.17
562	18.5466	4163.75
563	18.5815	4159.92
564	18.6189	4158.47
565	18.6561	4156.42
566	18.6899	4154.39
567	18.7269	4153.41
568	18.763	4152.86
569	18.7971	4152.54
570	18.8338	4151.71
571	18.8721	4151.4
572	18.9058	4150.88
573	18.9417	4146.6
574	18.9773	4142.31
575	19.013	4140.91
576	19.0513	4139.08
577	19.0855	4129.62
578	19.1199	4128.48
579	19.1569	4126.11
580	19.1909	4117.56
581	19.225	4109.03
582	19.2628	4107.36
583	19.299	4104.88
584	19.3341	4104.76
585	19.3713	4102.28
586	19.4094	4097.49
587	19.4463	4095.96
588	19.4806	4094.74
589	19.5176	4088.99
590	19.5558	4088.77
591	19.5918	4088.64
592	19.6264	4085.48
593	19.6638	4085.27
594	19.6994	4085.11
595	19.7356	4076.17
596	19.7734	4066.19
597	19.8083	4050.94
598	19.8427	4041.04
599	19.8807	4040.33
600	19.9152	4038.82
601	19.9492	4034.61
602	19.9876	4013.35
603	20.0259	4011.36
604	20.0617	4009.82
605	20.0961	4008.82
606	20.1337	4005.54
607	20.1682	4005.28
608	20.2028	4000.76
609	20.2394	4000.36
610	20.2736	3999.59
611	20.3093	3999.3
612	20.3469	3979.6
613	20.3816	3978.61
614	20.4179	3977.32
615	20.4557	3966
616	20.4902	3963.65
617	20.5253	3962.99
618	20.5607	3961.75
619	20.6002	3957
620	20.6394	3953.52
621	20.6747	3951.89
622	20.7097	3948.65
623	20.748	3943.35
624	20.7831	3942.85
625	20.8206	3924.8
626	20.8589	3918.66
627	20.8933	3902.27
628	20.9318	3897.76
629	20.9668	3896.64
630	21.0015	3891.39
631	21.0399	3887.79
632	21.0784	3886.05
633	21.1128	3880.3
634	21.1471	3876.78
635	21.1847	3876.08
636	21.2205	3873.16
637	21.2561	3872.9
638	21.2937	3871.64
639	21.3277	3863.54
640	21.3645	3860.49
641	21.4025	3860.49
642	21.4377	3860.43
643	21.4754	3858.7
644	21.5137	3851.95
645	21.5501	3845.29
646	21.5845	3836.13
647	21.623	3834.51
648	21.658	3831.77
649	21.6935	3829.94
650	21.7311	3827.83
651	21.7706	3826.33
652	21.8048	3826.14
653	21.8397	3825.52
654	21.8742	3818.88
655	21.9148	3814.05
656	21.9513	3778.36
657	21.9874	3774.39
658	22.025	3773.33
659	22.0596	3768.91
660	22.0954	3757.5
661	22.1327	3756.71
662	22.1682	3754.12
663	22.2049	3752.14
664	22.2429	3749.09
665	22.2774	3747.27
666	22.3143	3739.36
667	22.3509	3732.33
669	22.4212	3724.88
670	22.4626	3719.09
671	22.4976	3716.03
672	22.5323	3714.54
673	22.5704	3714.23
674	22.6056	3714.17
675	22.6418	3712.4
676	22.6815	3710.3
677	22.721	3710.11
678	22.7554	3696.82
679	22.7899	3696.08
680	22.8277	3694.45
681	22.8628	3662.8
682	22.9015	3653.32
683	22.9369	3652.01
684	22.9732	3649.6
685	23.0175	3649.54
686	23.0567	3648.62
687	23.0939	3648.02
688	23.1305	3645.22
689	23.1664	3644.16
690	23.204	3642.62
691	23.2411	3642.61
692	23.2789	3642.56
693	23.3145	3634.01
694	23.3497	3628.9
695	23.3882	3628.16
696	23.4266	3624.02
697	23.4613	3622.31
698	23.4985	3621.64
699	23.5328	3621.56
700	23.5709	3621.49
701	23.607	3620.82
702	23.6412	3619.56
703	23.6791	3619.29
704	23.716	3618.98
705	23.7513	3616.81
706	23.7934	3615.68
707	23.8279	3608.8
708	23.8659	3608.65
709	23.901	3606.65
710	23.9353	3605.07
712	24.0093	3590.13
713	24.0461	3587.74
714	24.0808	3587.58
715	24.1161	3586.82
716	24.1543	3585.22
717	24.1897	3580.93
718	24.227	3569.13
719	24.264	3568.58
720	24.299	3566.88
721	24.3361	3566.41
722	24.374	3564.88
723	24.4099	3563.67
724	24.4486	3563.01
725	24.485	3560.08
726	24.5218	3558.07
727	24.5598	3558.06
728	24.5976	3557.98
729	24.6334	3555.82
730	24.6714	3555.65
731	24.7085	3555.49
732	24.7429	3554.18
733	24.7769	3554.07
734	24.8123	3554.06
735	24.8484	3553.76
736	24.8836	3551.62
737	24.9208	3550.92
738	24.9559	3550.66
739	24.9902	3549.15
740	25.0283	3549.13
741	25.0654	3546.52
742	25.0999	3545.79
743	25.1354	3544.69
744	25.1738	3544.14
745	25.2082	3543.98
746	25.2449	3541.65
747	25.2829	3541.36
748	25.3197	3541.06
749	25.355	3540.56
750	25.3972	3539.62
751	25.4368	3538.75
752	25.4749	3538.47
753	25.5127	3536.64
754	25.5485	3536.55
755	25.584	3534.95
756	25.6222	3533.48
757	25.6581	3531.93
758	25.6954	3530.03
759	25.7335	3525.38
760	25.7691	3524.26
761	25.808	3523.78
762	25.8466	3522.67
763	25.8865	3522.66
764	25.9211	3521.81
765	25.956	3518.48
766	23.5137	3518.37
767	23.5526	3517.19
768	23.5872	3515.95
769	23.6218	3512.15
770	23.6577	3510.53
771	23.699	3510.08
772	23.734	3506.34
773	23.7715	3505.44
774	23.8092	3503.69
775	23.8445	3503.26
776	23.8823	3503.07
777	23.9229	3500.87
778	23.9612	3499.92
779	23.9964	3499.67
780	24.0314	3499.17
781	24.0683	3498.45
782	24.1074	3498.24
783	24.1443	3497.93
784	24.1793	3497.74
785	24.2167	3496.53
786	24.2536	3495.06
787	24.293	3482.09
788	24.3277	3481.84
789	24.3663	3479.22
790	24.4016	3478.91
791	24.4388	3474.04
792	24.4746	3471.27
793	24.5099	3471.26
794	24.5465	3470.7
795	24.5833	3470.57
796	24.6186	3470.44
797	24.655	3469.96
798	24.6906	3468.37
799	24.7293	3465.03
800	24.768	3464.92
801	24.803	3464.86
802	24.8386	3457.99
803	24.877	3457.51
804	24.9163	3451.38
805	24.9513	3450.75
806	24.9896	3450.32
807	25.0287	3450.28
808	25.0634	3446.05
809	25.0982	3437.26
810	25.1379	3436.43
811	25.1733	3435.96
812	25.2093	3432.49
813	25.25	3430.65
814	25.2908	3416.1
815	25.3311	3415.51
816	25.3666	3411.09
817	25.4045	3408.06
818	25.4441	3401.93
819	25.4817	3393.56
820	25.5177	3384.54
821	25.5588	3382.29
822	25.5971	3382.04
823	25.6384	3382.02
824	25.6748	3380.79
825	25.7125	3380.53
826	25.7502	3378.92
827	25.7854	3376.28
828	25.8248	3375.62
829	25.8637	3374.6
830	25.9005	3374.24
831	25.9397	3372.67
832	25.9766	3371.65
833	26.014	3368.14
834	26.0512	3367.97
835	26.0868	3367.29
836	26.1244	3367.28
837	26.1606	3366.26
838	26.1962	3364.32
839	26.235	3359.52
840	26.2735	3358.31
841	26.3095	3357.53
842	26.3444	3336.27
843	26.3828	3336.2
844	26.4197	3335.95
845	26.456	3330.37
846	26.499	3320.05
847	26.5395	3317.48
848	26.5749	3306.08
849	26.6109	3305.3
850	26.6502	3304.86
851	26.6885	3303.04
852	26.7275	3302.94
853	26.7712	3301.46
854	26.8103	3301.19
855	26.8475	3299.72
856	26.8838	3298.92
857	26.9229	3290.04
858	26.9586	3287.25
859	26.9943	3287.01
860	27.0331	3281.85
862	27.1097	3273.06
863	27.1452	3272.01
864	27.182	3271.92
865	27.2218	3260.59
866	27.2614	3256.45
867	27.2971	3255.93
868	27.3328	3252.93
869	27.3696	3251.38
870	27.4096	3249.19
871	27.4492	3249.02
872	27.4898	3243.84
873	27.5254	3243.02
874	27.565	3241.69
875	27.6031	3241.6
876	27.6398	3241.21
877	27.6787	3234.86
878	27.719	3234.63
880	27.793	3233.69
881	27.8331	3232.97
882	27.8689	3232.96
883	27.9063	3232.53
884	27.9448	3231.27
885	27.9833	3230.37
886	28.0195	3224.31
887	28.0579	3221.63
888	28.0971	3221.58
889	28.1331	3221.42
890	28.1709	3220.24
891	28.2141	3220.2
893	28.2874	3218.87
894	28.3237	3217.96
895	28.361	3217.21
896	28.3966	3210.18
897	28.4362	3209.91
898	28.4735	3209.28
899	28.5102	3205.35
900	28.549	3205.32
902	28.6223	3204.45
903	28.6609	3204.04
904	28.6999	3203.68
905	28.7373	3202.86
906	28.7727	3197.07
907	28.8099	3193.98
908	28.8481	3193.51
909	28.8844	3193.14
910	28.9224	3192.95
911	28.9584	3188.74
912	28.9964	3187.9
913	29.0353	3187.34
914	29.0708	3184.35
915	29.1098	3183.61
916	29.1459	3182.78
917	29.1823	3179.04
918	29.221	3178.36
919	29.2587	3177.38
920	29.2975	3175.59
921	29.3371	3171.48
922	29.3737	3169.43
923	29.4114	3168.94
924	29.4502	3168.9
925	29.489	3168.36
926	29.5249	3168.17
927	29.5657	3167.69
928	29.6062	3167.06
929	29.6453	3166.49
930	29.6815	3166.11
931	29.7214	3166.03
932	29.7576	3165.96
933	29.7956	3164.13
934	29.8385	3164.02
935	29.8749	3161.51
936	29.9161	3153.26
937	29.9552	3149.48
938	29.9913	3147.07
939	30.0304	3141.77
940	30.0773	3141.74
941	30.12	3141.65
942	30.1569	3139.52
943	30.2016	3139.43
944	30.2415	3139.22
945	30.2797	3138.9
946	30.3156	3136.4
947	30.3561	3135.65
948	30.392	3134.64
949	30.4283	3134.53
950	30.4712	3133.71
951	30.5128	3130.81
952	30.5487	3123.85
953	30.5866	3123.65
954	30.6254	3122.83
955	30.6611	3120.8
956	30.6981	3117.73
957	30.7388	3116.77
958	30.781	3116.36
959	30.8173	3115.94
960	30.853	3111.27
961	30.89	3110.7
962	30.9277	3107.86
963	30.9671	3102.06
964	31.0087	3101.96
965	31.0446	3098.38
966	31.0815	3094.69
967	31.1234	3090.2
968	31.1612	3090.16
969	31.1977	3089.82
970	31.2361	3085.68
971	31.276	3084.3
972	31.3143	3082.65
973	31.3501	3074.96
974	31.3936	3071.76
976	31.4683	3071.58
977	31.5116	3071.36
978	31.5504	3070.17
979	31.5875	3069.88
980	31.6281	3069.03
981	31.6688	3068.91
982	31.7332	3068.84
983	31.7742	3065.55
984	31.8147	3063.56
985	31.8524	3063.45
986	31.8919	3059.98
987	31.9353	3059.32
988	31.972	3057.57
989	32.0086	3057.42
990	32.0477	3047.5
991	32.0862	3046.53
992	32.1223	3046.29
993	32.1588	3046.06
994	32.1983	3043.63
995	32.2373	3038.85
996	32.2761	3022.06
997	32.3363	3021.89
998	32.3796	3021.37
999	32.4219	3021.15
1000	32.4649	3015.53
1001	32.5057	3015.02
1002	32.5475	3011.88
1003	32.5871	3010.73
1004	32.6235	3008.88
1005	32.6627	3007.04
1006	32.7008	3005.92
1007	32.7384	3003.22
1008	32.7778	3003.2
1009	32.8166	2995.34
1010	32.8599	2994.93
1011	32.8979	2984.11
1012	32.9358	2983.35
1013	32.9747	2983.21
1014	33.0121	2981.26
1015	33.0525	2980.44
1016	33.0914	2978.63
1017	33.1278	2978.54
1018	33.1672	2976.39
1019	33.2078	2975.93
1020	33.2446	2975.16
1021	33.2867	2952.49
1022	33.3244	2948.93
1023	33.3619	2947.29
1024	33.4	2946.78
1025	33.441	2946.51
1026	33.4793	2946.19
1027	33.517	2946.03
1028	33.5565	2945.8
1029	33.5925	2944.5
1030	33.6323	2942.99
1031	33.6702	2942.92
1032	33.7071	2942.61
1033	33.746	2942.31
1034	33.7862	2941.05
1035	33.8249	2940.87
1036	33.8635	2936.82
1037	33.9032	2936.73
1038	33.9399	2930.34
1039	33.9792	2930.3
1040	34.0184	2930.28
1041	34.057	2928.96
1042	34.0933	2927.43
1043	34.1343	2926.84
1044	34.175	2926.42
1045	34.2123	2925.63
1046	34.2492	2925.49
1047	34.2912	2925.14
1048	34.3289	2925.12
1049	34.3656	2924.24
1050	34.4056	2916.72
1052	34.4804	2913.43
1053	34.5203	2907.81
1054	34.5569	2907.69
1055	34.5956	2907.54
1056	34.6363	2906.24
1057	34.6729	2905.93
1058	34.71	2899.72
1059	34.7532	2899.17
1060	34.7906	2897.48
1061	34.8294	2896.68
1062	34.8683	2896.46
1063	34.9051	2895.11
1064	34.9419	2894.32
1065	34.979	2891.99
1066	35.0176	2889.8
1067	35.0604	2889.55
1068	35.0997	2889.49
1069	35.1358	2888.67
1070	35.1746	2888.33
1071	35.2135	2888.21
1072	35.2499	2887.48
1073	35.2865	2886.41
1074	35.3291	2886.41
1075	35.3684	2886.35
1076	35.4071	2883.21
1077	35.4448	2882.68
1078	35.4818	2882.64
1079	35.5206	2882.58
1080	35.5566	2882.55
1081	35.5978	2882.39
1082	35.635	2880.62
1083	35.6713	2880.54
1084	35.7103	2880.47
1085	35.7526	2880.41
1086	35.7902	2880.31
1087	35.8278	2880.16
1088	35.8685	2880.02
1089	35.9068	2879.6
1090	35.9435	2878.74
1091	35.9842	2878.07
1092	36.0214	2873.57
1093	36.0595	2873.02
1094	36.101	2872.99
1095	36.1378	2872.52
1096	36.1761	2871.72
1097	36.2147	2871.71
1098	36.251	2871.63
1099	36.2874	2867.08
1100	36.3268	2866.44
1101	36.3643	2866.18
1102	36.4013	2865.35
1103	36.4409	2865.29
1104	36.4873	2861.72
1105	36.5252	2857.36
1106	36.5639	2855.97
1107	36.6034	2855.81
1108	36.6403	2840.34
1109	36.6808	2837.6
1110	36.7173	2837.11
1111	36.758	2836.88
1112	36.797	2834.81
1113	36.8334	2832.68
1114	36.8701	2831.49
1115	36.9098	2827.89
1116	36.9519	2824.96
1117	36.9894	2822.29
1118	37.0287	2822.11
1119	37.0659	2821.67
1120	37.1071	2821.66
1121	37.1498	2821.46
1122	37.1896	2821.43
1123	37.2304	2821.04
1124	37.2675	2820.72
1125	37.3085	2819.33
1126	37.3498	2811.56
1127	37.39	2809.43
1128	37.4287	2809.18
1129	37.4676	2806.49
1130	37.505	2806.3
1131	37.5433	2805.46
1132	37.5811	2802.75
1133	37.6221	2802.73
1134	37.6591	2801.77
1136	37.737	2801.58
1137	37.7738	2801.19
1138	37.8116	2799.94
1139	37.8535	2799.6
1140	37.8926	2799.58
1141	37.9316	2799.5
1142	37.9692	2798.8
1143	38.0082	2797.26
1144	38.0485	2795.83
1145	38.0947	2795.24
1146	38.1358	2795.05
1147	38.1776	2795.05
1148	38.2164	2792.28
1149	38.2577	2791.11
1150	38.2949	2790.69
1151	38.3337	2790.42
1152	38.3731	2787.99
1153	38.4137	2786.82
1154	38.4532	2785
1155	38.4911	2784.99
1156	38.5326	2783.93
1157	38.5713	2776.08
1158	38.6148	2765.29
1159	38.6533	2759.1
1160	38.6907	2755.62
1161	38.7291	2755.24
1162	38.7704	2754.39
1163	38.8116	2754.37
1164	38.8495	2754.19
1165	38.8905	2753.67
1167	38.9665	2750.6
1168	39.0068	2750.5
1169	39.045	2749.23
1170	39.0867	2749.07
1171	39.1263	2748.91
1172	39.1638	2748.84
1173	39.202	2748.49
1174	39.2417	2746.18
1175	39.2812	2743.22
1176	39.3213	2743.16
1177	39.3598	2742.41
1178	39.3993	2741.27
1179	39.4387	2741.09
1180	39.4784	2740.36
1181	39.5183	2739.22
1182	39.5579	2731.05
1183	39.5999	2731.04
1184	39.6409	2730.9
1185	39.681	2730.8
1186	39.7199	2729.47
1187	39.7584	2728.21
1188	39.7976	2727.42
1189	39.8367	2727.22
1190	39.878	2727.06
1191	39.9198	2726.43
1192	39.9571	2725.9
1193	39.9969	2725.57
1194	40.0358	2723.75
1196	40.1154	2720.92
1197	40.1534	2720.07
1198	40.1948	2712.8
1199	40.2375	2711.41
1200	40.2753	2710.07
1202	40.352	2704.93
1203	40.3897	2704.07
1204	40.4293	2703.94
1205	40.4696	2698.89
1206	40.5071	2697.6
1207	40.5473	2697.32
1208	40.5868	2695.52
1209	40.6289	2694.42
1210	40.6667	2691.99
1211	40.7065	2690.82
1212	40.7453	2689.91
1213	40.7831	2688.63
1214	40.8242	2685.76
1215	40.8619	2684.66
1216	40.9075	2684.17
1217	40.9444	2682.25
1218	40.9824	2682.16
1220	41.0585	2680.66
1222	41.1396	2680.61
1223	41.1799	2680.28
1224	41.2175	2679.27
1225	41.2573	2679.04
1226	41.2965	2677.85
1227	41.3337	2675.4
1228	41.3791	2674.68
1229	41.4182	2674.45
1230	41.4571	2673.79
1231	41.497	2673.77
1233	41.5758	2673.14
1234	41.6147	2672.72
1235	41.6516	2672.6
1236	41.6902	2670.91
1237	41.733	2669.69
1238	41.771	2669.66
1239	41.8123	2669.41
1240	41.8512	2669.31
1241	41.8892	2669.07
1242	41.936	2668.86
1243	41.9748	2668.63
1244	42.0123	2668.45
1245	42.0528	2667.55
1246	42.0901	2667.02
1247	42.129	2661.94
1248	42.1735	2661.03
1249	42.2106	2660.93
1250	42.2485	2660.61
1251	42.2894	2660.3
1252	42.3262	2659.86
1253	42.3694	2659.34
1254	42.4106	2654.55
1255	42.4483	2654.43
1256	42.4887	2654.23
1257	42.529	2650.78
1258	42.5679	2650.61
1259	42.6081	2650.41
1261	42.6898	2647.98
1262	42.7333	2647.5
1263	42.7716	2646.67
1265	42.8512	2646.12
1266	42.8887	2644.43
1267	42.931	2642.96
1268	42.9685	2642.42
1269	43.0071	2642.04
1270	43.0462	2641.86
1271	43.0835	2641.03
1272	43.1208	2640.26
1273	43.1626	2640.05
1274	43.2039	2640.01
1275	43.2456	2637.83
1276	43.2837	2637.07
1277	43.3256	2636.5
1278	43.3631	2635.78
1279	43.4045	2635.37
1280	43.445	2635.34
1281	43.4835	2634.35
1282	43.5269	2632.93
1283	43.5659	2632.88
1284	43.6034	2632.71
1285	43.6433	2632.5
1286	43.6864	2629.38
1287	43.7248	2629.22
1288	43.7621	2628.76
1289	43.804	2628.66
1290	43.8417	2628.24
1291	43.8801	2628.05
1292	43.9198	2621.71
1293	43.9573	2621.68
1294	43.9967	2620.97
1295	44.0351	2618.69
1296	44.0726	2617.86
1297	44.1124	2617.33
1298	44.149	2617.18
1299	44.1874	2616.49
1300	44.2288	2615.93
1301	44.2662	2615
1302	44.3068	2612.86
1303	44.3507	2602.09
1304	44.3903	2601.88
1305	44.4317	2601.2
1306	44.4698	2598.74
1307	44.508	2596.53
1308	44.5491	2596.53
1309	44.5872	2592.32
1310	44.6315	2590.51
1312	44.7083	2589.59
1313	44.7472	2573.09
1314	44.7869	2572.77
1315	44.8257	2572.69
1316	44.8651	2571.78
1317	44.9028	2570.71
1318	44.943	2569.5
1320	45.0226	2568.29
1321	45.0624	2568.15
1323	45.1385	2566.24
1324	45.1773	2564.68
1325	45.2183	2564.14
1326	45.2612	2561.77
1327	45.2984	2560.55
1329	45.3764	2560.31
1330	45.4143	2559.9
1331	45.456	2559.67
1332	45.4935	2559.57
1333	45.5362	2559.54
1334	45.5771	2558.28
1335	45.6149	2556.6
1336	45.6556	2549.57
1337	45.6931	2549.07
1338	45.7327	2548.86
1339	45.772	2547.61
1340	45.8094	2547.27
1342	45.8934	2543.25
1343	45.9314	2542.72
1344	45.9695	2542.66
1345	46.0104	2541.53
1346	46.05	2540.82
1347	46.0874	2539.7
1348	46.1251	2539.57
1349	46.1665	2536.87
1350	46.204	2536.51
1351	46.2425	2535.8
1352	46.2836	2534.94
1353	46.3225	2534.86
1354	46.3613	2534.85
1355	46.3999	2534.55
1356	46.4387	2534.45
1357	46.4795	2534.41
1358	46.5167	2530.78
1359	46.5573	2530.59
1360	46.5982	2530.18
1361	46.6383	2524.25
1362	46.6793	2523.21
1363	46.7208	2522.97
1364	46.7583	2522.8
1365	46.7995	2522.68
1366	46.8389	2522.22
1367	46.8779	2521.32
1368	46.9217	2521.22
1369	46.959	2518.71
1370	46.9974	2518.5
1371	47.0389	2518.46
1372	47.0809	2518.35
1373	47.1193	2518.14
1374	47.1599	2516
1375	47.1981	2515.38
1376	47.2397	2514.71
1377	47.2784	2514.66
1378	47.3196	2514.55
1379	47.357	2514.37
1380	47.3991	2513.93
1381	47.4393	2513.69
1382	47.4783	2513.25
1383	47.5192	2513.15
1384	47.5575	2513.09
1385	47.5957	2511.48
1386	47.6375	2510.81
1387	47.6807	2510.57
1388	47.7193	2509.73
1389	47.7573	2509.46
1390	47.798	2500.78
1391	47.8405	2500.78
1392	47.8782	2498.98
1393	47.9195	2498.94
1394	47.961	2498.88
1395	48.0015	2498.8
1396	48.0447	2498.71
1397	48.0821	2498.66
1398	48.1193	2498.03
1399	48.1589	2497.13
1400	48.1969	2490.55
1401	48.2398	2490.32
1402	48.2775	2489.87
1403	48.3174	2488.9
1404	48.3579	2488.67
1405	48.399	2487.94
1406	48.4384	2486.61
1407	48.4779	2486.4
1408	48.5182	2486.33
1409	48.5572	2486.24
1411	48.6338	2486.15
1412	48.6753	2486.03
1413	48.7123	2485.82
1415	48.7913	2485.69
1416	48.829	2483.93
1417	48.8681	2483.72
1418	48.9112	2483.15
1419	48.9498	2483.11
1420	48.9875	2483.09
1421	49.0274	2482.89
1422	49.0711	2482.79
1423	49.1098	2482.65
1424	49.1521	2482.55
1425	49.19	2482.5
1426	49.2285	2482.4
1427	49.268	2482.32
1428	49.3091	2481.65
1429	49.3503	2481.59
1430	49.3883	2479.58
1431	49.4336	2479.02
1432	49.4717	2478.9
1433	49.511	2478.64
1434	49.5541	2478.63
1435	49.5919	2478.26
1436	49.6303	2477.23
1437	49.6705	2477.17
1438	49.7097	2477.04
1439	49.7492	2472.99
1440	49.7917	2472.56
1441	49.8295	2471.39
1442	49.8672	2470.28
1443	49.9081	2470.25
1444	49.9526	2468.56
1445	49.9904	2468.48
1446	50.0298	2468.3
1447	50.0718	2468.13
1448	50.1106	2461.24
1449	50.1504	2460.52
1450	50.1922	2459.88
1451	50.2316	2459.82
1452	50.2694	2459.54
1453	50.3132	2458.99
1454	50.352	2457.75
1455	50.3941	2457.63
1456	50.435	2456.78
1457	50.4752	2454.26
1458	50.5133	2454.22
1459	50.5515	2453.45
1461	50.6334	2453.31
1462	50.6754	2453.14
1463	50.7133	2452.83
1464	50.7527	2452.67
1465	50.7939	2451.4
1466	50.8329	2451.15
1467	50.8757	2449.2
1468	50.9177	2448.95
1469	50.96	2446.93
1470	51.0005	2446.73
1471	51.0427	2446.67
1472	51.0842	2444.88
1473	51.122	2444.31
1474	51.1651	2444.18
1475	51.203	2443.97
1476	51.2438	2443.63
1477	51.2826	2443.32
1478	51.3208	2442.32
1479	51.3639	2442.17
1480	51.4036	2442.14
1481	51.4488	2442
1482	51.49	2440.9
1483	51.5307	2440.06
1484	51.5699	2437.12
1485	51.6097	2436.69
1486	51.6535	2436.49
1487	51.6927	2436.42
1488	51.7312	2432.5
1489	51.7718	2431.86
1490	51.811	2431.51
1491	51.8513	2431.08
1492	51.8897	2429.88
1493	51.9284	2429.46
1494	51.969	2427.88
1495	52.0147	2427.86
1496	52.0524	2425.12
1497	52.0903	2423.56
1498	52.1322	2422.32
1499	52.1742	2420.76
1500	52.2135	2420.19
1502	52.2938	2419.98
1503	52.3316	2419.37
1504	52.3742	2419.29
1505	52.4125	2419.23
1506	52.4539	2417.46
1507	52.4934	2417.33
1508	52.5313	2417.26
1509	52.5737	2416.63
1510	52.614	2416.54
1511	52.6577	2416.15
1512	52.7014	2416.14
1513	52.7401	2415.78
1514	52.78	2415.68
1515	52.8184	2415.53
1517	52.9031	2414.65
1518	52.9455	2413.66
1519	52.9887	2413.42
1520	53.0271	2413.25
1521	53.068	2412.08
1522	53.1094	2411.65
1523	53.1482	2411.65
1524	53.186	2411.1
1525	53.2261	2410.84
1526	53.2661	2410.63
1527	53.3048	2409.57
1528	53.3463	2408.14
1529	53.3839	2407.63
1530	53.4235	2407.53
1531	53.4644	2402.22
1532	53.5022	2402.09
1533	53.5455	2401.95
1534	53.585	2401.42
1535	53.623	2400.93
1536	53.6644	2398.52
1537	53.7043	2398.09
1538	53.746	2397.05
1539	53.789	2396.92
1540	53.8308	2395.35
1542	53.9133	2392.05
1543	53.9549	2391.87
1544	53.9957	2391.34
1545	54.0337	2390.8
1546	54.0755	2389.24
1547	54.1164	2389.02
1548	54.1544	2387.54
1549	54.1924	2386.76
1550	54.2338	2386.27
1551	54.2725	2386.06
1552	54.313	2385.26
1553	54.3525	2382.83
1554	54.3904	2382.17
1555	54.4326	2382.03
1556	54.4728	2381.93
1557	54.5135	2381.77
1558	54.553	2381.63
1560	54.6326	2381.25
1561	54.671	2381.23
1562	54.7109	2381.22
1563	54.7485	2380.95
1564	54.7858	2380.04
1565	54.8268	2378.75
1566	54.864	2378.14
1567	54.9018	2375.94
1568	54.9423	2375.9
1569	54.9815	2375.24
1570	55.019	2374.75
1571	55.0568	2374.73
1573	55.1353	2374.39
1574	55.1732	2372.61
1575	55.2131	2372.54
1576	55.2524	2371.13
1577	55.2901	2370.24
1578	55.3313	2370.24
1579	55.3727	2370.14
1580	55.4124	2369.86
1581	55.4532	2369.79
1582	55.4933	2369.6
1583	55.5349	2369.39
1584	55.5737	2369.28
1585	55.6114	2368.6
1586	55.653	2367.86
1587	55.6934	2365.45
1588	53.2567	2365.29
1589	53.2983	2364.84
1590	53.3401	2364.81
1591	53.3805	2364.52
1592	53.4179	2364.23
1593	53.4596	2363.84
1594	53.4989	2363.07
1596	53.5776	2362.92
1597	53.6172	2361.04
1598	53.6557	2360.97
1599	53.6981	2358.85
1600	53.7431	2350.63
1601	53.7853	2347.58
1602	53.8234	2347.3
1603	53.864	2346.39
1604	53.907	2346.34
1605	53.9482	2345.4
1606	53.9871	2344.99
1607	54.0265	2344.8
1608	54.0702	2344.53
1609	54.1101	2344.34
1610	54.1482	2344.12
1611	54.1892	2344.07
1612	54.2311	2344.02
1613	54.2687	2343.93
1614	54.3099	2343.83
1615	54.3514	2342.39
1616	54.3928	2339.37
1617	54.4308	2339.23
1618	54.472	2338.89
1619	54.5096	2338.12
1620	54.549	2338.1
1621	54.5887	2337.75
1622	54.6288	2336.74
1623	54.6684	2336.69
1624	54.706	2336.57
1625	54.745	2335.32
1626	54.785	2333.8
1627	54.8229	2333.73
1628	54.8646	2333.57
1629	54.9021	2333.49
1630	54.9431	2333.42
1631	54.9823	2332.78
1632	55.0201	2328.75
1633	55.0622	2328.65
1634	55.1037	2328.57
1635	55.144	2327.71
1636	55.1819	2327.37
1637	55.2227	2327.18
1639	55.3014	2327.09
1640	55.3414	2326.66
1641	55.3825	2326.11
1642	55.4203	2316.89
1643	55.4614	2316.2
1644	55.5024	2315.92
1645	55.5398	2315.75
1646	55.5782	2313.65
1647	55.6177	2311.75
1649	55.6985	2311.34
1650	55.7377	2310.24
1651	55.775	2310.24
1652	55.8155	2309.64
1653	55.8557	2304.29
1654	55.8955	2304.13
1655	55.9371	2303.69
1656	55.9754	2303.68
1657	56.0146	2303.66
1658	56.0589	2302.91
1660	56.1384	2302.37
1661	56.1792	2302.27
1662	56.2193	2302.25
1663	56.2606	2301.07
1664	56.2995	2300.37
1665	56.3374	2300.29
1666	56.3782	2299.34
1667	56.4162	2298.85
1668	56.4556	2298.67
1669	56.4962	2297.54
1670	56.5342	2294.04
1671	56.5728	2293.87
1672	56.6162	2293.8
1673	56.6547	2293.75
1674	56.6943	2292.6
1675	56.7338	2290.69
1676	56.7718	2289.37
1677	56.8136	2288.1
1678	56.8521	2287.97
1679	56.8901	2287.79
1680	56.9296	2287.59
1682	57.0057	2287.36
1683	57.0477	2287.31
1684	57.0853	2287.04
1685	57.1268	2278.94
1686	57.1664	2278.41
1687	57.2041	2277.86
1689	57.2843	2275.58
1690	57.325	2275.28
1691	57.3639	2273.13
1692	57.4037	2273.12
1694	57.4859	2272.1
1695	57.5258	2271.81
1696	57.5674	2271.39
1697	57.6098	2271.38
1698	57.6485	2271.08
1699	57.6894	2270.81
1700	57.7273	2270.53
1701	57.7652	2269.63
1702	57.8098	2269.1
1703	57.8476	2269.04
1704	57.8856	2268.05
1705	57.9259	2267.94
1706	57.9717	2267.85
1707	58.0107	2267.49
1708	58.05	2267.41
1709	58.0904	2267.17
1710	58.1291	2267.06
1711	58.1709	2267.04
1712	58.2086	2266.74
1713	58.2478	2266.61
1714	58.2906	2265.97
1715	58.329	2265.88
1716	58.3688	2265.23
1717	58.4104	2265.19
1718	58.4533	2265.16
1719	58.4936	2265.1
1720	58.5357	2263.98
1721	58.574	2263.51
1722	58.6138	2263.37
1723	58.6565	2263.27
1724	58.6954	2263.24
1725	58.7333	2262.53
1726	58.7717	2262.34
1727	58.8147	2262
1728	58.8531	2261.9
1729	58.8933	2261.68
1730	58.9337	2261.34
1732	59.0118	2260.61
1733	59.0535	2259.36
1734	59.0912	2259.35
1735	59.1293	2259.26
1736	59.1694	2259.26
1737	59.2073	2258.08
1738	59.2454	2257.75
1739	59.2871	2257.46
1740	59.3263	2257.01
1741	59.3658	2256.84
1742	59.4078	2256.8
1743	59.4487	2256.68
1744	59.4865	2256.5
1745	59.5279	2255.72
1746	59.5691	2254.19
1747	59.6097	2254.04
1748	59.6503	2253.98
1749	59.6924	2253.9
1750	59.7314	2253.82
1751	59.772	2253.79
1752	59.8133	2253.75
1753	59.8513	2253.49
1754	59.8923	2253.48
1756	59.97	2248.9
1757	60.0101	2248.75
1758	60.0516	2248.42
1759	60.0905	2248.35
1760	60.1294	2248.34
1761	60.1697	2248.19
1762	60.2091	2246.73
1763	60.2491	2246.68
1764	60.2872	2246.64
1765	60.3275	2246.63
1766	60.3675	2246.46
1767	60.4059	2246.11
1768	60.4461	2245.73
1769	60.4857	2245.62
1770	60.5243	2245.36
1771	60.5686	2244.83
1772	60.6068	2244.72
1773	60.6463	2244.45
1774	60.6876	2244.42
1775	60.726	2244.13
1776	60.7675	2243.71
1777	60.8063	2243.71
1778	60.8452	2243.62
1779	60.8839	2243.18
1781	60.9652	2242.79
1782	61.0049	2242.32
1783	61.0464	2242.31
1785	61.1231	2242.08
1786	61.1641	2242.01
1787	61.2023	2241.99
1788	61.242	2241.4
1789	61.2828	2240.89
1790	61.3222	2240.83
1791	61.3629	2240.82
1792	61.4066	2240.68
1793	61.4445	2240.31
1794	61.4829	2239.02
1795	61.5209	2238.99
1797	61.6033	2237.66
1798	61.6432	2237.57
1799	61.6827	2237.18
1800	61.727	2237.15
1801	61.7684	2237.04
1803	61.8476	2236.9
1804	61.8894	2236.14
1805	61.9274	2236.08
1806	61.9678	2235.85
1807	62.0066	2234.07
1808	62.0508	2233.34
1809	62.0886	2233.07
1810	62.1299	2233.06
1811	62.1696	2233.03
1812	62.2077	2231.59
1814	62.2916	2231.56
1816	62.3711	2230.99
1817	62.4101	2230.7
1818	62.45	2229.77
1819	62.488	2229.74
1820	62.5257	2229.74
1821	62.5688	2229.65
1822	62.6105	2229.51
1823	62.6501	2228.92
1824	62.6901	2228.13
1825	62.7281	2227.76
1826	62.7677	2227.6
1827	62.8097	2227.57
1828	62.8487	2225.25
1829	62.8901	2224.28
1830	62.9294	2224
1831	62.9695	2223.83
1832	63.0093	2223.33
1833	63.0471	2223.05
1834	63.0871	2222.68
1835	63.1257	2222.67
1836	63.1688	2221.62
1837	63.2122	2220.51
1838	63.2528	2218.5
1839	63.2909	2216.85
1841	63.3718	2216.66
1842	63.4113	2216.55
1843	63.452	2216.46
1844	63.4904	2216.38
1846	63.5695	2213.2
1847	63.6085	2213.13
1848	63.6476	2213.08
1849	63.6853	2212.33
1850	63.7254	2211.93
1851	63.7644	2211.66
1852	63.8039	2211.65
1853	63.8439	2211.37
1854	63.8819	2211.3
1855	63.9207	2211.21
1857	63.9988	2210.58
1858	64.0393	2209.98
1859	64.0787	2209.85
1860	64.1169	2209.74
1861	64.1579	2209.46
1862	64.198	2209.33
1863	64.2358	2209.32
1864	64.2764	2209.13
1865	64.3179	2208.82
1866	64.3582	2208.78
1867	64.3971	2208.61
1868	64.4364	2208.42
1869	64.4745	2208.25
1870	64.516	2208.19
1871	64.5537	2203.63
1872	64.5922	2203.48
1873	64.6332	2203.38
1874	64.6706	2203.01
1875	64.7096	2200.23
1876	64.7489	2200.2
1877	64.7869	2199.83
1878	64.8255	2199.37
1879	64.8679	2199.13
1880	64.9067	2199.02
1882	64.9883	2195.99
1883	65.028	2195.87
1884	65.0667	2195.81
1885	65.1078	2195.79
1887	65.1827	2195.7
1888	65.2206	2191.84
1889	65.262	2191.61
1891	65.3429	2190.78
1892	65.3826	2190.25
1893	65.4216	2190.11
1894	65.4662	2188.56
1895	65.5069	2188.24
1896	65.5459	2188.13
1897	65.5887	2188.1
1898	65.629	2188.03
1900	65.7059	2187.91
1901	65.7482	2187.88
1902	65.7869	2187.87
1903	65.8249	2187.65
1904	65.8651	2187.58
1905	65.9044	2187.35
1906	65.9418	2186.94
1907	65.9832	2185.61
1908	66.0215	2185.61
1909	66.0623	2185.15
1910	66.1019	2184.75
1911	66.1397	2184.74
1912	66.1795	2184.73
1913	66.2198	2184.42
1914	66.2594	2179.27
1915	66.2981	2179
1916	66.3365	2178.26
1917	66.3757	2177.93
1918	66.4181	2177.89
1919	66.456	2177.6
1920	66.4954	2177.26
1921	66.5362	2177.22
1922	66.5743	2177.19
1923	66.6166	2177.02
1924	66.6543	2176.98
1925	66.6938	2176.37
1926	66.7321	2175.62
1927	66.7699	2175.39
1928	66.8087	2175.22
1929	66.8508	2175.06
1930	66.8887	2175.06
1931	66.9291	2174.97
1932	66.9688	2174.75
1933	67.007	2174.38
1934	67.0508	2172.2
1935	67.0896	2172.07
1936	67.129	2171.93
1937	67.1703	2170.36
1938	67.2091	2170.21
1939	67.2474	2169.67
1940	67.2883	2166.02
1941	67.3294	2164.61
1942	67.37	2164.39
1943	67.409	2164.14
1944	67.4479	2164.13
1945	67.4886	2163.55
1946	67.5327	2163.5
1947	67.574	2163.4
1948	67.6141	2163.22
1949	67.6522	2163.09
1950	67.6921	2163
1952	67.7678	2162.97
1953	67.81	2162.93
1954	67.8477	2162.92
1955	67.8869	2161.69
1956	67.9308	2161.19
1957	67.9743	2160.84
1958	68.0132	2160.6
1959	68.054	2160.48
1961	68.134	2160.28
1962	68.1743	2159.82
1963	68.2128	2159.63
1964	68.2541	2159.23
1965	68.2953	2157.67
1966	68.3335	2156.32
1967	68.3744	2156.25
1968	68.4141	2155.94
1969	68.4526	2155.23
1970	68.4922	2154.97
1971	68.532	2154.95
1972	68.5736	2152.03
1973	68.6113	2152
1974	68.6504	2151.89
1975	68.6938	2151.26
1976	68.7317	2150.6
1977	68.771	2150.5
1978	68.812	2150.41
1979	68.8503	2149.72
1980	68.8882	2149.51
1981	68.9319	2148.3
1982	68.9733	2148.18
1983	69.0117	2147.65
1984	69.0504	2147.39
1985	69.0934	2147.25
1986	69.1326	2145.4
1987	69.174	2144.5
1989	69.2578	2144.3
1990	69.3006	2143.49
1991	69.3401	2143.32
1992	69.3821	2143.03
1993	69.4221	2140.54
1994	69.4622	2140.43
1995	69.5037	2139.93
1996	69.5434	2139.87
1997	69.5851	2139.85
1998	69.6268	2139.33
2000	69.7071	2138.88
2001	69.7452	2138.59
2002	69.7855	2138.58
2003	69.827	2137.81
2004	69.8684	2136.95
2005	69.9063	2136.84
2006	69.9464	2135.63
2007	69.9875	2135.43
2008	70.0267	2135.35
2009	70.0682	2133.9
2010	70.1105	2133.69
2011	70.1525	2133.58
2012	70.1909	2133.57
2013	70.231	2133.52
2014	70.2707	2133.15
2015	70.3124	2132.95
2016	70.355	2131.61
2017	70.3964	2131.25
2018	70.4347	2130.46
2019	70.4764	2130.01
2020	70.5171	2129.88
2021	70.5566	2128.76
2022	70.5979	2128.32
2023	70.6366	2127.95
2024	70.675	2127.3
2025	70.7181	2126.46
2026	70.76	2125.6
2027	70.7979	2124.97
2029	70.8785	2123.38
2030	70.9179	2123.14
2031	70.9564	2121.57
2032	70.9965	2121.53
2034	71.0738	2121.32
2035	71.1126	2121.27
2036	71.1532	2121.09
2037	71.1943	2121.09
2038	71.2331	2120.66
2039	71.2713	2120.22
2040	71.3141	2120.16
2041	71.3523	2119.73
2042	71.3903	2119.29
2043	71.4282	2119.24
2044	71.4701	2118.74
2045	71.5098	2118.67
2046	71.5499	2118.43
2047	71.5888	2118.41
2048	71.6265	2118.22
2049	71.6675	2115.49
2050	71.7083	2115.24
2051	71.7473	2114.8
2052	71.7909	2114.55
2054	71.8674	2113.38
2055	71.9089	2113.32
2056	71.947	2112.88
2057	71.9867	2112.83
2058	72.0247	2112.71
2059	72.0635	2112.69
2060	72.1053	2112.04
2061	72.1439	2111.95
2062	72.1818	2111.82
2063	72.2231	2111.63
2064	72.2647	2111.6
2065	72.3038	2111.46
2066	72.3454	2111.09
2067	72.3849	2110.99
2068	72.4267	2110.97
2069	72.4667	2110.78
2070	72.5047	2108.34
2072	72.5859	2106.05
2073	72.6256	2105.4
2074	72.6691	2105.4
2076	72.7501	2104.77
2077	72.7895	2104.68
2078	72.8316	2104.45
2079	72.8711	2103.99
2080	72.9107	2103.73
2081	72.9489	2103.56
2082	72.9977	2103.45
2083	73.0422	2103.04
2084	73.0917	2102.94
2085	73.1307	2102.2
2086	73.1747	2101
2087	73.214	2100.92
2088	73.2521	2100.89
2089	73.2973	2100.67
2091	73.3753	2100.61
2092	73.4151	2100.59
2094	73.4927	2100.56
2096	73.573	2100.33
2097	73.6137	2100.17
2098	73.6526	2100.07
2099	73.6909	2100
2100	73.7342	2099.98
2101	73.7738	2099.83
2102	73.8122	2099.52
2103	73.853	2099.51
2104	73.892	2099.12
2105	73.9303	2099.11
2106	73.9699	2098.5
2107	74.0119	2098.47
2108	74.0516	2098.43
2110	74.1323	2098.42
2111	74.1699	2098.01
2112	74.2086	2097.95
2114	74.2892	2097.94
2115	74.327	2097.68
2116	74.3664	2097.27
2117	74.4075	2097.26
2118	74.4454	2097.22
2119	74.4849	2096.79
2120	74.5239	2096.75
2121	74.5645	2096.6
2122	74.6043	2096.07
2125	74.7234	2095.87
2126	74.7623	2095.74
2127	74.8024	2095.64
2128	74.8406	2094.56
2129	74.881	2094.23
2130	74.9205	2094.13
2131	74.9596	2094.04
2132	75.0004	2093.94
2133	75.0419	2093.64
2134	75.087	2093.33
2135	75.1294	2093.25
2136	75.1696	2093.09
2137	75.2076	2090.04
2139	75.2908	2090.01
2141	75.3692	2089.95
2143	75.4501	2089.67
2144	75.4904	2089.44
2145	75.5277	2089.44
2146	75.5679	2089.08
2147	75.6089	2088.64
2148	75.648	2088.39
2149	75.6879	2087.99
2150	75.7265	2087.98
2151	75.7666	2087.83
2152	75.8097	2087.09
2154	75.8895	2087.06
2155	75.9308	2087.06
2156	75.9688	2086.78
2157	76.0111	2086.49
2158	76.0493	2085.76
2159	76.0868	2085.69
2160	76.131	2085.68
2161	76.17	2085.6
2162	76.2079	2085.31
2163	76.2473	2084.63
2164	76.2887	2084.06
2165	76.3319	2083.76
2166	76.3713	2083.6
2167	76.4092	2083.59
2168	76.4503	2081.09
2169	76.488	2080.91
2170	76.5268	2080.71
2171	76.5703	2080.62
2172	76.6096	2080.14
2173	76.6488	2079.76
2174	76.6898	2079.68
2175	76.7292	2079.66
2176	76.7686	2078.99
2177	76.8082	2078.54
2178	76.8465	2076.25
2179	76.8869	2075.83
2182	77.0059	2075.77
2183	77.0457	2075.75
2184	77.083	2075.72
2186	77.1617	2075.07
2187	77.1996	2075.05
2188	77.2385	2074.91
2189	77.2787	2074.77
2190	77.3191	2074.67
2191	77.3573	2074.46
2192	77.399	2074.42
2193	77.4395	2074.27
2194	77.4825	2074.22
2197	77.6016	2073.77
2198	77.6397	2073.06
2199	77.6788	2073.03
2200	77.7193	2072.97
2201	77.7578	2072.72
2203	77.8412	2072.67
2204	77.8788	2072.55
2205	77.9174	2072.44
2206	77.9591	2072.3
2207	77.9992	2069.93
2208	78.0382	2069.82
2209	78.0782	2069.68
2210	78.1192	2069.53
2211	78.1569	2068.99
2212	78.1981	2068.84
2213	78.2384	2068.81
2214	78.2765	2068.44
2215	78.3178	2067.96
2216	78.3578	2067.77
2217	78.3962	2067.65
2218	78.4371	2067.31
2219	78.4749	2067.07
2220	78.5132	2066.25
2221	78.5548	2066.24
2222	78.5962	2064.04
2223	78.6371	2063.99
2224	78.6747	2063.78
2225	78.7135	2063.72
2227	78.7951	2063.49
2228	78.8343	2062.44
2229	78.8721	2062.25
2231	78.9509	2061.83
2232	78.9913	2061.66
2234	79.0683	2061.3
2235	79.1076	2061.05
2236	79.1484	2060.98
2237	79.1868	2060.83
2238	79.2248	2060.81
2239	79.2667	2060.79
2240	79.3052	2060.75
2241	79.3427	2060.67
2242	79.3828	2060.65
2243	79.4237	2060.51
2244	79.4632	2060.11
2245	79.5024	2059.83
2246	79.5417	2059.62
2247	79.5823	2058.47
2249	79.6596	2058.3
2250	79.6984	2057.86
2251	79.7399	2057.84
2252	79.7793	2057.83
2253	79.8216	2057.8
2254	79.8653	2057.15
2255	79.9041	2056.96
2256	79.9452	2056.86
2257	79.9868	2056.51
2258	80.0274	2056.5
2259	80.0656	2055.89
2260	80.105	2055.78
2261	80.1471	2055.4
2263	80.2247	2055.29
2265	80.3053	2054.88
2266	80.3434	2054.56
2267	80.384	2054.55
2268	80.4218	2054.07
2269	80.4603	2054
2271	80.5401	2053.95
2272	80.5782	2053.82
2273	80.6191	2053.51
2274	80.6601	2052.85
2275	80.6977	2052.8
2276	80.7383	2052.7
2277	80.7782	2051.18
2278	80.8163	2051.14
2279	80.8554	2049.84
2280	80.8937	2046.31
2282	80.9742	2046.16
2283	81.015	2045.75
2284	81.0537	2045.52
2285	81.0946	2045.32
2286	81.1357	2045.06
2287	81.1735	2045
2288	81.2138	2044.89
2289	81.2534	2044.78
2293	81.4144	2044.75
2294	81.4525	2044.23
2295	81.4956	2043.48
2296	81.534	2042.97
2297	81.5761	2042.83
2298	81.6176	2042.83
2300	81.697	2042.73
2301	81.737	2042.61
2302	81.7749	2042.25
2303	81.8133	2042.19
2304	81.8526	2041.98
2305	81.894	2041.7
2306	81.9335	2040.37
2307	81.9733	2040.36
2308	82.011	2040.21
2309	82.0493	2040.18
2310	82.0912	2040.06
2311	82.1297	2040.05
2312	82.1677	2036.39
2313	82.2146	2036.37
2314	82.2551	2036.28
2315	82.2959	2035.82
2316	82.3343	2035.72
2317	82.3731	2035.67
2318	82.4121	2035.3
2319	82.4565	2035.25
2320	82.4954	2034.94
2321	82.534	2034.33
2322	82.5751	2034.2
2323	82.6156	2033.63
2324	82.6557	2033.59
2326	82.7371	2032.14
2327	82.7752	2031.11
2329	82.8578	2031.02
2330	82.8973	2030.37
2331	82.9386	2030.34
2333	83.018	2028.12
2334	83.0584	2028.06
2335	83.0962	2027.76
2336	83.1396	2027.16
2338	83.2177	2026.91
2339	83.2553	2026.9
2340	83.2944	2026.61
2341	83.3374	2026.54
2342	83.3755	2026.54
2343	83.4152	2024.89
2344	83.4565	2024.4
2345	83.497	2024.28
2346	83.5369	2023.52
2347	83.5782	2023.14
2348	83.6168	2023.12
2349	83.6561	2022.74
2351	83.7365	2022.1
2353	83.8184	2022.07
2354	83.8605	2021.79
2355	83.899	2021.6
2356	83.9407	2020.92
2357	83.9803	2020.52
2358	84.0185	2020.36
2359	84.0624	2019.99
2360	84.1005	2019.94
2361	84.1385	2019.83
2362	84.1797	2019.69
2364	84.2619	2019.44
2365	84.3007	2018.97
2366	84.3425	2017.93
2367	84.3857	2017.51
2369	84.4618	2015.76
2370	84.5011	2015.72
2371	84.542	2015.14
2372	84.5862	2015.12
2374	84.6681	2014.73
2375	84.707	2014.49
2376	84.7478	2014.47
2378	84.8272	2013.67
2379	84.8689	2013.43
2381	84.9494	2013.1
2382	84.9897	2012.96
2383	85.0296	2012.71
2384	85.07	2012.61
2385	85.1105	2012.55
2386	85.1487	2012.46
2387	85.1881	2012.41
2388	85.2292	2012.3
2389	85.2702	2011.96
2390	85.3098	2011.86
2391	85.3508	2011.22
2392	85.3896	2011.18
2394	85.4723	2011.15
2395	83.0311	2011.11
2396	83.0748	2010.04
2397	83.1239	2010.01
2398	83.1646	2009.81
2399	83.2076	2009.76
2400	83.249	2009.7
2401	83.2871	2009.66
2402	83.3267	2009.47
2403	83.3673	2009.41
2404	83.408	2009.4
2405	83.4475	2008.38
2406	83.489	2007.84
2408	83.5706	2007.79
2409	83.6095	2007.53
2410	83.6491	2007.13
2411	83.6891	2007.13
2412	83.7275	2005.31
2413	83.7687	2004.85
2414	83.8098	2004.83
2416	83.8916	2004.55
2418	83.9702	2004.37
2419	84.0099	2004.02
2420	84.0507	2003.64
2421	84.0903	2003.53
2422	84.131	2003.35
2423	84.172	2003.25
2424	84.2112	2003.17
2425	84.2491	2002.72
2426	84.2904	2001.74
2427	84.3312	2001.67
2428	84.3689	2001.64
2429	84.413	2001.5
2431	84.4936	2001.48
2432	84.5349	2001.42
2433	84.5729	2001.39
2434	84.616	2001.17
2436	84.6928	2001.02
2437	84.7338	2000.95
2438	84.7714	2000.87
2439	84.809	2000.84
2440	84.8481	2000.82
2441	84.8886	2000.67
2442	84.9282	2000.59
2443	84.9658	2000.57
2444	85.0046	2000.54
2445	85.0445	2000.52
2446	85.0835	2000.08
2447	85.1224	2000.01
2448	85.1617	1999.95
2450	85.2431	1999.78
2451	85.2838	1999.34
2452	85.3234	1999.13
2453	85.3616	1999.09
2454	85.4019	1999.02
2455	85.4419	1998.73
2456	85.4832	1998.11
2457	85.5209	1998.11
2458	85.5587	1997.89
2459	85.5997	1997.73
2460	85.6414	1997.57
2461	85.6801	1997.5
2462	85.7217	1997.13
2463	85.761	1997.12
2465	85.8417	1997.06
2466	85.8794	1996.97
2467	85.9205	1996.88
2468	85.9608	1994.19
2469	85.9991	1993.78
2470	86.0387	1993.74
2471	86.078	1993.64
2472	86.1158	1992.64
2473	86.1575	1992.38
2474	86.1957	1992.14
2475	86.2358	1992.07
2476	86.2758	1992.01
2477	86.3146	1991.92
2479	86.394	1991.86
2481	86.475	1991.78
2482	86.5131	1991.72
2483	86.5525	1991.35
2484	86.5944	1991.24
2485	86.6334	1991.24
2486	86.6739	1991
2487	86.7148	1990.55
2488	86.7529	1987.94
2489	86.7927	1987.81
2491	86.8789	1987.78
2492	86.9199	1987.62
2494	86.9991	1987.58
2496	87.0814	1987.36
2497	87.1215	1987.11
2498	87.1606	1986.44
2499	87.2019	1985.92
2500	87.2425	1985.89
2501	87.2803	1985.85
2502	87.3239	1985.74
2503	87.3621	1985.27
2504	87.4	1984.82
2505	87.442	1984.34
2506	87.4844	1984.15
2507	87.5224	1984.13
2508	87.5624	1982.19
2509	87.6047	1982.02
2510	87.6471	1981.7
2511	87.685	1981.64
2512	87.723	1981.35
2513	87.7654	1981.08
2514	87.8051	1981.08
2515	87.8446	1981.03
2516	87.8871	1980.57
2517	87.9266	1980.25
2518	87.9648	1979.74
2519	88.0079	1979.18
2522	88.1268	1979.12
2523	88.165	1978.96
2524	88.2075	1978.92
2526	88.2972	1978.43
2528	88.4512	1978.27
2529	88.497	1978.1
2530	88.5381	1978.03
2531	88.5772	1977.87
2532	88.6178	1977.81
2533	88.6597	1977.7
2534	88.7005	1977.65
2537	88.8234	1977.08
2538	88.8654	1976.68
2539	88.9036	1976.6
2540	88.9467	1976.43
2541	88.9863	1975.93
2543	89.0679	1975.92
2544	89.107	1973.59
2545	89.1493	1973.46
2546	89.1886	1973.4
2547	89.2304	1973.2
2549	89.312	1973.1
2550	89.354	1972.74
2551	89.3932	1972.45
2552	89.4365	1972.35
2553	89.4766	1971.81
2554	89.5148	1971.51
2555	89.5563	1971.25
2556	89.6	1971.08
2557	89.6386	1971.02
2558	89.6781	1970.74
2559	89.7221	1970.52
2560	89.762	1969.93
2561	89.7999	1969.91
2562	89.8412	1967.68
2563	89.8876	1967.6
2564	89.9261	1967.43
2565	89.9673	1967.39
2567	90.0458	1967.31
2568	90.0841	1966.6
2569	90.1273	1966.58
2571	90.2063	1966.48
2572	90.2467	1966.3
2573	90.2869	1966.24
2574	90.3292	1966.11
2575	90.3718	1965.93
2576	90.4103	1965.9
2577	90.4505	1965.8
2578	90.4941	1965.78
2579	90.5338	1965.75
2581	90.6159	1965.68
2582	90.6536	1965.66
2583	90.6942	1965.51
2584	90.7353	1965.07
2585	90.7761	1963.96
2586	90.8181	1963.83
2587	90.8563	1962.96
2588	90.9006	1962.95
2589	90.9401	1962.84
2590	90.98	1962.51
2591	91.0233	1962.5
2592	91.0619	1962.49
2593	91.1021	1962.46
2594	91.1416	1962.03
2595	91.1807	1961.87
2596	91.2231	1961.6
2597	91.261	1961.37
2599	91.3404	1961
2600	91.3823	1960.56
2601	91.4224	1960.5
2603	91.5005	1960.42
2604	91.5427	1960.39
2605	91.5847	1959.26
2606	91.6295	1958.86
2607	91.674	1958.84
2608	91.715	1958.6
2609	91.7561	1958.55
2610	91.7989	1958.54
2611	91.8385	1958.5
2612	91.8767	1958.43
2613	91.9179	1958.2
2614	91.9564	1957.62
2615	91.9987	1957.41
2616	92.0367	1957.32
2617	92.0783	1956.05
2618	92.1187	1956.03
2619	92.16	1955.54
2620	92.2025	1955.53
2621	92.2404	1955.34
2622	92.2791	1955.19
2623	92.3208	1955.04
2625	92.4004	1954.93
2626	92.4395	1954.87
2627	92.4797	1954.82
2628	92.5255	1954.75
2629	92.5656	1954.66
2630	92.6036	1954.65
2631	92.6477	1954.49
2633	92.7272	1954.46
2634	92.7689	1954.44
2635	92.8085	1953.9
2636	92.8496	1953.42
2637	92.891	1953.4
2638	92.9299	1953.29
2639	92.9701	1953.28
2640	93.0097	1953.28
2641	93.0516	1953.2
2642	93.0926	1952.99
2643	93.1314	1952.96
2645	93.2124	1952.89
2646	93.2514	1951.94
2647	93.2919	1951.92
2649	93.3736	1951.89
2650	93.415	1951.71
2652	93.4912	1950.11
2653	93.5339	1950.08
2655	93.6105	1949.72
2657	93.6905	1949.72
2658	93.7322	1949.7
2659	93.7734	1949.64
2660	93.8116	1949.34
2661	93.853	1949
2663	93.9319	1948.94
2664	93.976	1948.91
2666	94.0563	1947.65
2667	94.0976	1946.91
2669	94.1767	1946.81
2670	94.2213	1945.72
2671	94.2633	1945.72
2672	94.3018	1945.63
2673	94.3435	1943.79
2674	94.3819	1943.08
2675	94.4221	1942.72
2676	94.4627	1942.67
2678	94.5429	1942.53
2680	94.6225	1942.42
2681	94.6612	1942.42
2682	94.6991	1942.39
2683	94.7372	1942.02
2684	94.7766	1941.82
2686	94.8594	1941.55
2687	94.8976	1941.15
2689	94.9804	1941
2691	95.0614	1940.85
2692	95.1001	1940.74
2693	95.1416	1940.71
2695	95.2194	1940.46
2696	95.2608	1940.01
2697	95.2992	1939.74
2698	95.3426	1939.58
2699	95.3814	1939.48
2700	95.4227	1939.42
2701	95.4615	1939.31
2702	95.4994	1939.12
2704	95.5811	1938.91
2705	95.6188	1938.49
2706	95.6574	1938.12
2707	95.6991	1936.82
2709	95.7782	1935.27
2711	95.8597	1934.91
2714	95.9789	1934.76
2715	96.0167	1934.55
2716	96.0545	1934.53
2717	96.0938	1934.52
2718	96.134	1934.34
2719	96.1748	1934.15
2720	96.2136	1934.13
2721	96.2547	1933.77
2722	96.2924	1933.77
2723	96.3351	1933.7
2724	96.3775	1933.65
2725	96.42	1933.6
2726	96.4588	1933.36
2727	96.502	1931.93
2728	96.5418	1931.75
2729	96.5802	1931.57
2730	96.6214	1931.37
2731	96.6604	1931.08
2732	96.6993	1930.34
2734	96.7795	1930.33
2735	96.818	1930.3
2736	96.8599	1930.03
2737	96.8998	1929.93
2738	96.9397	1929.81
2739	96.9795	1929.54
2740	97.0189	1929.49
2742	97.1006	1927.76
2743	97.1395	1927.72
2744	97.1805	1927.7
2746	97.2601	1927.06
2747	97.3018	1926.96
2748	97.3419	1926.93
2749	97.3823	1926.64
2750	97.4292	1926.32
2753	97.5731	1926.12
2755	97.6704	1926.07
2756	97.7097	1926.06
2757	97.754	1926.01
2758	97.793	1925.97
2759	97.8331	1925.74
2760	97.8749	1925.5
2761	97.9159	1925.38
2762	97.9544	1925.36
2763	97.9953	1925.29
2764	98.0355	1925.23
2765	98.0739	1924.44
2766	98.1126	1924
2767	98.156	1923.98
2768	98.1943	1923.96
2769	98.2352	1923.86
2771	98.3148	1923.82
2772	98.3555	1923.77
2773	98.3967	1923.76
2774	98.4345	1922.3
2775	98.4758	1922.27
2776	98.5149	1922.08
2777	98.5567	1922.04
2778	98.5958	1921.98
2779	98.635	1921.96
2780	98.6793	1921.96
2781	98.7211	1921.88
2782	98.7615	1921.81
2783	98.7999	1921.8
2784	98.8412	1921.77
2785	98.8814	1921.71
2786	98.9221	1921.51
2787	98.9603	1921.45
2788	98.9987	1921.43
2789	99.0415	1921.41
2791	99.1224	1921.04
2792	99.1614	1919.51
2793	99.2032	1919.45
2794	99.243	1919.43
2795	99.2841	1919.3
2796	99.322	1919.1
2797	99.3597	1919.1
2798	99.4025	1918.97
2799	99.4413	1918.9
2800	99.4807	1918.82
2801	99.5203	1918.51
2805	99.6846	1918.48
2806	99.7248	1918.42
2807	99.7646	1918.33
2808	99.8054	1916
2809	99.8437	1915.69
2810	99.8853	1915.68
2811	99.9261	1915.62
2812	99.9676	1913.96
2813	100.007	1913.8
2814	100.047	1913.63
2815	100.088	1913.58
2816	100.126	1913.53
2817	100.168	1911.73
2819	100.248	1911.73
2820	100.287	1911.58
2821	100.329	1911.49
2823	100.408	1911.37
2824	100.451	1911.32
2825	100.489	1911.31
2826	100.531	1911.14
2827	100.573	1910.94
2828	100.612	1910.42
2829	100.65	1910.22
2831	100.734	1910.2
2832	100.772	1910.17
2834	100.853	1910.16
2835	100.891	1910.03
2836	100.931	1909.82
2837	100.973	1909.61
2838	101.011	1909.05
2839	101.053	1908.98
2840	101.094	1908.95
2841	101.136	1908.94
2842	101.179	1908.91
2843	101.221	1908.66
2844	101.26	1908.55
2845	101.299	1908.46
2846	101.341	1908.33
2847	101.382	1908.33
2848	101.421	1906.92
2850	101.504	1906.75
2851	101.542	1906.71
2852	101.583	1906.57
2853	101.623	1906.35
2854	101.664	1906.26
2855	101.706	1906.23
2856	101.745	1906.09
2857	101.786	1905.88
2858	101.825	1905.68
2859	101.866	1905.58
2860	101.908	1905.51
2861	101.948	1905.24
2862	101.991	1905.16
2863	102.033	1905.14
2864	102.073	1905.13
2866	102.151	1904.83
2868	102.23	1904.82
2869	102.268	1904.75
2870	102.312	1904.71
2871	102.352	1904.58
2872	102.391	1904.54
2873	102.432	1904.46
2874	102.471	1904.42
2876	102.552	1904.41
2877	102.592	1903.88
2878	102.633	1903.64
2879	102.674	1903.6
2880	102.714	1903.5
2881	102.754	1903.31
2883	102.834	1903.31
2884	102.876	1900.73
2885	102.917	1900.17
2886	102.956	1900.07
2887	102.997	1899.97
2889	103.076	1899.86
2890	103.116	1899.19
2891	103.16	1898.97
2892	103.2	1898.85
2893	103.24	1898.3
2894	103.283	1898.07
2895	103.321	1897.84
2896	103.359	1897.72
2899	103.481	1897.5
2900	103.526	1897.36
2901	103.565	1897.35
2902	103.604	1895.36
2903	103.648	1895.33
2904	103.687	1895.19
2905	103.727	1895.19
2907	103.812	1895.09
2908	103.851	1894.5
2909	103.892	1894.32
2910	103.932	1894.3
2911	103.971	1894.21
2912	104.012	1894.09
2913	104.052	1894.06
2915	104.133	1893.89
2916	104.171	1893.86
2918	104.252	1893.82
2919	104.291	1893.81
2921	104.373	1893.75
2922	104.415	1893.75
2923	104.454	1893.64
2924	104.496	1893.55
2925	104.538	1893.4
2926	104.579	1893.39
2927	104.617	1892.86
2928	104.658	1892.85
2929	104.701	1892.82
2930	104.739	1892.55
2931	104.784	1892.54
2933	104.862	1892.46
2934	104.904	1892.14
2935	104.944	1891.98
2936	104.987	1891.75
2937	105.026	1891.58
2939	105.108	1891.16
2941	105.188	1891.14
2943	105.272	1890.93
2944	105.313	1890.85
2945	105.353	1890.56
2946	105.391	1890.36
2948	105.471	1890.07
2950	105.55	1890.07
2951	105.588	1890.06
2953	105.67	1889.82
2954	105.71	1889.36
2955	105.751	1889.24
2956	105.79	1888.9
2957	105.828	1887.74
2958	105.873	1887.72
2959	105.914	1887.35
2960	105.954	1887.28
2962	106.037	1887.11
2963	106.076	1887.07
2964	106.12	1886.94
2965	106.159	1886.89
2966	106.198	1886.86
2967	106.24	1886.85
2968	106.279	1886.79
2969	106.317	1886.71
2970	106.361	1886.66
2971	106.4	1886.43
2974	106.52	1886.26
2975	106.559	1885.69
2976	106.6	1885.29
2977	106.639	1885.26
2979	106.722	1885.24
2981	106.799	1885.19
2982	106.842	1884.98
2983	106.88	1884.98
2984	106.919	1884.92
2985	106.959	1884.84
2986	107.001	1883.97
2988	107.078	1883.89
2990	107.159	1883.69
2991	107.2	1883.68
2992	107.24	1882.41
2993	107.279	1882.41
2995	107.358	1882.16
2996	107.398	1882.09
2999	107.524	1882.04
3000	107.565	1881.9
3001	107.604	1881.87
3002	107.644	1881.85
3003	107.685	1881.41
3004	107.725	1881.39
3005	107.765	1881.35
3006	107.808	1880.27
3007	107.847	1879.74
3009	107.93	1879.73
3010	107.971	1878.97
3011	108.009	1878.95
3012	108.054	1878.91
3013	108.094	1877.32
3014	108.132	1877.24
3016	108.219	1877.16
3018	108.302	1876.2
3020	108.382	1876.14
3021	108.425	1876.08
3022	108.465	1876.08
3023	108.508	1875.85
3024	108.551	1875.8
3026	108.634	1875.59
3027	108.672	1875.38
3028	108.711	1875.36
3029	108.751	1875.19
3030	108.789	1875.19
3031	108.829	1875.07
3032	108.87	1874.61
3033	108.908	1874.59
3035	108.991	1874.33
3036	109.033	1874.02
3037	109.071	1873.8
3038	109.112	1873.78
3039	109.153	1873.67
3040	109.192	1873.65
3042	109.272	1872.63
3044	109.352	1872.48
3045	109.393	1872.29
3046	109.434	1872.22
3047	109.473	1872.08
3048	109.518	1872.08
3049	109.558	1870.99
3051	109.642	1869.7
3054	109.761	1869.55
3055	109.806	1869.51
3056	109.845	1869.43
3057	109.885	1869.42
3058	109.925	1868.76
3060	110.007	1867.72
3061	110.045	1867.65
3062	110.085	1867.65
3063	110.126	1867.5
3064	110.165	1867.41
3065	110.205	1867.37
3066	110.243	1867.29
3067	110.284	1867.24
3068	110.328	1867.24
3069	110.366	1867.14
3070	110.404	1867.08
3071	110.446	1867.05
3072	110.49	1866.97
3074	110.569	1866.9
3075	110.617	1866.87
3076	110.658	1866.62
3077	110.698	1866.58
3078	110.737	1866.42
3079	110.781	1866.09
3080	110.823	1866.04
3081	110.861	1865.1
3082	110.905	1864.99
3083	110.947	1864.97
3084	110.986	1864.96
3086	111.067	1864.72
3088	111.146	1864.68
3089	111.188	1864.47
3090	111.23	1863.2
3091	111.268	1863.2
3092	111.31	1861.92
3093	111.35	1861.65
3094	111.39	1861.63
3095	111.428	1861.54
3096	111.467	1861.51
3097	111.509	1861.49
3099	111.59	1861.28
3100	111.632	1861.15
3101	111.672	1861.05
3102	111.71	1861.03
3103	111.755	1860.97
3104	111.794	1860.91
3105	111.836	1860.28
3106	111.877	1859.62
3107	111.916	1859.54
3108	111.958	1859.53
3109	111.999	1859.48
3111	112.08	1859.46
3112	112.121	1859.45
3114	112.198	1859.43
3115	112.24	1859.39
3116	112.279	1858.54
3117	112.318	1858.44
3118	112.358	1858.36
3119	112.399	1858.34
3120	112.44	1858.34
3121	112.48	1858.21
3122	112.518	1858.19
3123	112.557	1858.19
3124	112.597	1858.18
3125	112.637	1858.13
3126	112.679	1858.04
3127	112.718	1858
3128	112.763	1857.96
3129	112.804	1857.95
3130	112.843	1857.91
3131	112.884	1857.66
3132	112.927	1857.56
3134	113.012	1857.54
3135	113.053	1857.43
3136	113.093	1856.75
3137	113.132	1856.74
3138	113.172	1856.7
3139	113.217	1856.66
3140	113.255	1856.65
3141	113.297	1856.25
3142	113.341	1856.07
3145	113.46	1856.06
3146	113.5	1856.01
3147	113.543	1855.93
3148	113.581	1855.45
3149	113.622	1855.34
3150	113.666	1855.34
3151	113.707	1855.13
3152	113.746	1855.13
3153	113.787	1854.99
3154	113.828	1854.63
3155	113.868	1854.57
3156	113.908	1854.55
3157	113.946	1854.42
3161	114.11	1854.34
3162	114.151	1854.33
3163	114.191	1854.25
3164	114.233	1854.16
3165	114.272	1854.14
3166	114.314	1853.9
3167	114.353	1853.82
3168	114.394	1853.65
3169	114.433	1853.57
3171	114.514	1853.45
3172	114.556	1853.38
3173	114.595	1853.37
3174	114.634	1853.33
3175	114.674	1853.25
3176	114.714	1853.08
3177	114.754	1852.9
3178	114.794	1852.53
3179	114.837	1852.45
3180	114.876	1852.36
3181	114.914	1852.36
3182	114.954	1851.01
3183	114.996	1850.86
3184	115.035	1850.71
3185	115.078	1850.55
3186	115.116	1850.39
3188	115.197	1849.1
3190	112.798	1849.09
3191	112.839	1849.08
3193	112.926	1848.95
3195	113.004	1848.93
3196	113.047	1848.88
3197	113.09	1848.73
3198	113.128	1848.56
3199	113.177	1848.43
3201	113.26	1848.43
3202	113.299	1848.39
3203	113.342	1848.37
3206	113.462	1848.14
3208	113.539	1848.13
3209	113.581	1848.09
3210	113.621	1848.07
3211	113.661	1848.01
3212	113.701	1848
3213	113.742	1847.91
3214	113.782	1847.89
3215	113.823	1847.89
3216	113.865	1847.88
3217	113.904	1847.63
3218	113.946	1847.48
3220	114.028	1847.42
3221	114.068	1847.29
3222	114.107	1847.28
3223	114.149	1847.28
3224	114.188	1846.96
3225	114.227	1846.8
3226	114.267	1846.78
3227	114.308	1846.72
3229	114.386	1846.62
3230	114.426	1846.57
3231	114.467	1846.44
3232	114.506	1846.43
3233	114.547	1846.27
3234	114.587	1846.11
3235	114.625	1846.09
3236	114.665	1845.98
3237	114.706	1845.92
3239	114.788	1845.79
3240	114.83	1845.72
3241	114.87	1845.72
3242	114.911	1843.93
3243	114.952	1843.89
3245	115.034	1843.78
3247	115.115	1843.74
3248	115.156	1843.23
3249	115.198	1843.15
3250	115.242	1842.37
3251	115.285	1842.31
3252	115.325	1842.24
3255	115.454	1841.96
3256	115.498	1841.93
3257	115.537	1841.87
3259	115.619	1841.86
3260	115.657	1841.69
3261	115.701	1841.6
3262	115.741	1841.6
3263	115.779	1841.51
3264	115.819	1841.44
3265	115.86	1841.31
3266	115.9	1841.23
3267	115.941	1840.94
3268	115.984	1840.91
3269	116.023	1840.9
3270	116.064	1840.64
3271	116.106	1840.63
3272	116.145	1840.63
3274	116.224	1840.1
3275	116.264	1840
3276	116.305	1839.99
3277	116.344	1839.84
3278	116.386	1839.84
3279	116.424	1839.17
3281	116.505	1839.11
3283	116.584	1839.06
3284	116.625	1838.65
3285	116.666	1838.47
3287	116.75	1838.17
3288	116.789	1837.94
3289	116.83	1837.92
3291	116.913	1837.9
3293	116.991	1837.68
3294	117.031	1837.4
3295	117.073	1837.35
3296	117.114	1837.28
3297	117.152	1836.27
3299	117.233	1835.92
3300	117.272	1835.83
3302	117.352	1835.75
3303	117.391	1835.41
3308	117.594	1835.37
3309	117.636	1835.32
3310	117.684	1835.32
3312	117.763	1835.32
3313	117.803	1835.3
3314	117.841	1835.16
3315	117.881	1834.69
3316	117.924	1834.46
3318	118.003	1834.41
3319	118.045	1834.41
3322	118.163	1834.28
3323	118.201	1834.27
3325	118.284	1834.25
3326	118.322	1833.47
3327	118.363	1833.46
3329	118.443	1833.43
3330	118.483	1833.33
3332	118.565	1832.45
3333	118.604	1832.43
3335	118.686	1832.25
3338	118.81	1832.25
3339	118.85	1832.21
3340	118.895	1831.78
3341	118.933	1831.78
3342	118.974	1831.75
3343	119.014	1831.41
3344	119.053	1831.37
3346	119.132	1830.42
3347	119.171	1829.92
3348	119.215	1829.92
3349	119.257	1829.86
3350	119.297	1829.35
3353	119.419	1827.82
3354	119.459	1827.77
3356	119.539	1827.74
3358	119.62	1826.81
3359	119.662	1826.8
3361	119.743	1826.72
3363	119.826	1826.6
3366	119.946	1826.45
3367	119.989	1826.05
3368	120.034	1826.03
3369	120.074	1826.02
3371	120.155	1824.3
3372	120.196	1823.87
3373	120.238	1823.85
3374	120.279	1823.83
3375	120.317	1823.71
3376	120.356	1823.31
3377	120.399	1823.17
3379	120.495	1823.15
3380	120.538	1823.15
3381	120.578	1822.83
3382	120.62	1822.57
3383	120.659	1822.51
3384	120.703	1822.43
3385	120.749	1822.27
3386	120.818	1822.19
3387	120.895	1822.13
3389	120.996	1821.33
3390	121.036	1821.31
3391	121.08	1821.21
3394	121.201	1821.13
3395	121.244	1821.06
3396	121.285	1820.98
3398	121.367	1820.46
3399	121.406	1820.42
3400	121.446	1819.92
3401	121.487	1819.75
3403	121.568	1819.68
3404	121.612	1819.64
3405	121.653	1819.62
3406	121.691	1819.57
3407	121.733	1819.46
3408	121.774	1819.37
3409	121.813	1819.28
3410	121.856	1819.07
3411	121.894	1819.05
3412	121.933	1819
3414	122.014	1818.96
3415	122.056	1818.93
3416	122.097	1818.82
3417	122.137	1818.74
3418	122.181	1818.72
3419	122.22	1818.71
3420	122.262	1818.67
3421	122.305	1818.53
3422	122.346	1818.43
3423	122.386	1818.43
3424	122.429	1818.4
3425	122.469	1818.38
3426	122.511	1818.18
3428	122.589	1818.16
3429	122.632	1818
3430	122.674	1817.78
3432	122.752	1816.8
3433	122.796	1816.63
3434	122.836	1816.62
3436	122.921	1816.6
3439	123.041	1816.45
3440	123.08	1816.18
3441	123.125	1816.12
3442	123.164	1816.05
3443	123.203	1816.01
3444	123.244	1815.98
3445	123.283	1815.59
3446	123.325	1815.01
3447	123.363	1814.96
3449	123.447	1814.89
3451	123.526	1814.83
3454	123.649	1814.81
3455	123.687	1814.78
3456	123.729	1814.5
3458	123.815	1814.44
3459	123.853	1814.44
3460	123.895	1814.43
3461	123.934	1814.32
3463	124.017	1814.31
3464	124.057	1814.29
3465	124.099	1814.26
3466	124.138	1814.05
3467	124.178	1814.03
3468	124.22	1814.01
3470	124.3	1813.97
3471	124.338	1813.75
3472	124.377	1813.69
3474	124.457	1813.67
3475	124.498	1813.62
3476	124.537	1813.51
3478	124.618	1813.5
3480	124.699	1813.44
3481	124.739	1813.41
3482	124.782	1813.31
3486	124.943	1812.66
3487	124.984	1812.61
3488	125.026	1812.18
3491	125.148	1812.17
3492	125.188	1812.14
3493	125.229	1812.05
3494	125.267	1811.91
3495	125.308	1811.87
3496	125.35	1811.81
3497	125.388	1811.74
3500	125.507	1811.74
3501	125.548	1811.6
3503	125.631	1811.45
3505	125.711	1811.45
3506	125.751	1811.35
3507	125.793	1811.31
3508	125.832	1811.26
3509	125.872	1811.02
3511	125.95	1811.01
3513	126.033	1810.99
3514	126.074	1810.99
3515	126.112	1810.95
3516	126.154	1810.79
3517	126.195	1810.65
3518	126.234	1810.33
3520	126.317	1810.32
3522	126.396	1808.39
3523	126.439	1808.3
3524	126.478	1808.23
3525	126.519	1808.13
3526	126.56	1808.03
3528	126.639	1807.13
3529	126.678	1807.05
3530	126.717	1806.99
3532	126.8	1806.44
3533	126.841	1806.34
3535	126.92	1806.31
3537	126.999	1805.39
3538	127.039	1805.29
3539	127.081	1805.2
3540	127.123	1805.15
3542	127.206	1805.12
3543	127.249	1805.11
3544	127.291	1805.1
3545	127.331	1804.99
3546	127.372	1804.88
3548	127.454	1804.87
3549	127.494	1804.86
3550	127.535	1804.83
3551	127.577	1804.77
3552	127.616	1804.72
3553	127.657	1804.67
3554	127.696	1804.65
3556	127.779	1804.65
3557	127.818	1804.4
3558	127.857	1804.34
3559	127.897	1804.29
3560	127.935	1804.23
3561	127.979	1804.12
3563	128.056	1804.12
3564	128.096	1804.1
3565	128.135	1804.01
3566	128.175	1803.98
3567	128.216	1803.95
3568	128.254	1803.95
3569	128.293	1803.88
3570	128.333	1803.86
3571	128.374	1802.7
3572	128.414	1802.69
3573	128.455	1802.57
3574	128.493	1802.24
3576	128.576	1802.16
3577	128.616	1802.1
3579	128.695	1802
3580	128.738	1801.86
3581	128.776	1801.85
3582	128.818	1800.48
3583	128.859	1800.47
3584	128.9	1800.41
3586	128.98	1800.4
3587	129.02	1800.4
3588	129.06	1800.18
3589	129.103	1800.15
3590	129.143	1800.06
3591	129.181	1799.94
3592	129.223	1799.88
3593	129.263	1799.81
3594	129.302	1799.81
3595	129.343	1799.63
3596	129.384	1799.55
3597	129.425	1799.54
3598	129.466	1799.54
3599	129.507	1799.52
3600	129.552	1799.51
3601	129.591	1799.43
3602	129.634	1799.43
3603	129.674	1799.37
3605	129.756	1799.25
3606	129.796	1799.24
3607	129.841	1799.07
3608	129.879	1799.07
3610	129.961	1798.87
3611	130.002	1798.87
3612	130.043	1798.87
3614	130.124	1798.62
3615	130.165	1798.54
3616	130.203	1798.37
3617	130.247	1798.32
3618	130.287	1798.32
3619	130.328	1798.05
3621	130.407	1797.89
3623	130.492	1797.87
3624	130.534	1797.83
3625	130.573	1797.55
3626	130.616	1797.54
3628	130.694	1797.46
3629	130.734	1797.46
3631	130.814	1797.44
3633	130.894	1797.3
3634	130.937	1796.99
3635	130.978	1796.98
3636	131.016	1796.94
3637	131.058	1796.07
3639	131.138	1795.83
3640	131.18	1795.78
3642	131.259	1795.56
3643	131.303	1795.39
3644	131.341	1795.26
3646	131.423	1795.23
3647	131.462	1795.22
3648	131.503	1795.21
3649	131.546	1795.17
3650	131.586	1795.16
3651	131.625	1795.1
3652	131.665	1795.09
3653	131.708	1795.09
3654	131.747	1795.04
3655	131.789	1794.81
3656	131.828	1794.68
3657	131.869	1794.66
3660	131.99	1794.66
3662	132.067	1794.64
3666	132.227	1794.01
3667	132.265	1794
3669	132.346	1793.97
3670	132.385	1793.92
3671	132.426	1793.88
3672	132.469	1792.7
3673	132.51	1792.68
3674	132.549	1792.68
3675	132.59	1792.5
3677	132.673	1792.49
3678	132.712	1792.47
3679	132.751	1792.45
3680	132.792	1792.33
3681	132.832	1792.31
3682	132.871	1792.31
3683	132.91	1792.23
3684	132.952	1792.21
3685	132.993	1792.18
3686	133.034	1791.31
3687	133.077	1790.99
3689	133.189	1790.98
3690	133.229	1790.69
3691	133.268	1790.69
3693	133.348	1789.47
3694	133.39	1789.42
3695	133.431	1789.3
3696	133.471	1789.29
3697	133.513	1789.28
3698	133.552	1789.07
3701	133.676	1789.05
3706	133.882	1788.94
3707	133.92	1788.79
3708	133.961	1788.78
3711	134.082	1788.64
3712	134.12	1788.32
3713	134.161	1788.31
3714	134.202	1788.16
3715	134.248	1788.07
3716	134.289	1787.77
3717	134.331	1787.68
3719	134.416	1787.64
3720	134.454	1787.62
3721	134.498	1787.52
3722	134.537	1787.36
3727	134.737	1787.17
3728	134.779	1787.17
3729	134.819	1786.5
3731	134.899	1786.43
3734	135.017	1786.35
3737	135.136	1786.35
3738	135.174	1786.27
3740	135.253	1786.09
3741	135.292	1785.97
3742	135.334	1785.96
3743	135.374	1785.91
3744	135.412	1785.84
3745	135.451	1785.81
3746	135.495	1785.78
3747	135.534	1785.69
3748	135.573	1785.63
3749	135.612	1784.98
3750	135.652	1784.75
3751	135.694	1784.73
3752	135.736	1784.68
3753	135.775	1784.68
3754	135.817	1784.65
3755	135.859	1784.62
3756	135.898	1784.53
3757	135.939	1784.49
3759	136.017	1784.48
3760	136.058	1784.44
3761	136.1	1784.34
3762	136.141	1784.29
3763	136.179	1784.28
3764	136.218	1784.26
3765	136.259	1784.11
3766	136.297	1783.88
3768	136.376	1783.85
3769	136.416	1783.66
3770	136.458	1783.51
3772	136.54	1782.76
3773	136.581	1782.76
3774	136.626	1782.75
3776	136.71	1782.74
3779	136.829	1782.61
3780	136.871	1781.03
3781	136.911	1780.94
3782	136.95	1780.77
3783	136.99	1780.72
3784	137.03	1780.6
3785	137.07	1780.34
3786	137.108	1779.92
3787	137.151	1779.86
3789	137.232	1779.86
3790	137.279	1779.77
3791	137.318	1779.73
3793	137.401	1779.7
3794	137.439	1779.68
3796	137.52	1777.41
3797	137.558	1777.39
3798	137.602	1777.34
3799	137.641	1777.31
3800	137.682	1777.31
3801	137.72	1777.2
3803	137.801	1777.19
3804	137.84	1777.18
3806	137.922	1777.17
3807	137.967	1777.16
3808	138.008	1777.15
3809	138.049	1777.15
3811	138.129	1775.33
3812	138.172	1775.29
3813	138.213	1773.97
3814	138.255	1773.95
3815	138.295	1773.91
3816	138.334	1773.84
3817	138.376	1773.83
3818	138.414	1773.8
3820	138.495	1773.77
3821	138.54	1773.65
3823	138.619	1773.64
3825	138.701	1773.62
3826	138.743	1773.61
3827	138.783	1773.58
3828	138.822	1773.24
3830	138.905	1773.24
3831	138.947	1773.22
3832	138.989	1773.2
3833	139.032	1773.12
3834	139.074	1773.03
3835	139.117	1773
3837	139.2	1772.98
3838	139.239	1772.97
3839	139.281	1772.97
3841	139.36	1772.86
3843	139.438	1772.23
3846	139.559	1772.17
3847	139.599	1772.03
3848	139.638	1772.01
3849	139.679	1771.94
3850	139.719	1771.94
3851	139.757	1771.91
3852	139.797	1771.87
3853	139.84	1771.87
3854	139.878	1771.83
3856	139.959	1771.7
3857	139.997	1771.58
3858	140.039	1771.33
3860	140.123	1771.3
3862	140.205	1771.03
3863	140.245	1770.94
3864	140.288	1770.9
3865	140.327	1770.84
3866	140.368	1770.7
3868	140.446	1769.86
3869	140.486	1769.84
3870	140.526	1769.78
3871	140.567	1769.78
3872	140.607	1769.53
3873	140.646	1769.45
3874	140.688	1769.45
3875	140.73	1769.31
3877	140.809	1769.06
3878	140.852	1768.98
3880	140.933	1768.39
3882	141.013	1768.39
3883	141.055	1768.38
3884	141.093	1768.37
3885	141.134	1768.31
3886	141.176	1768.16
3888	141.256	1768.15
3889	141.294	1768.14
3890	141.336	1768.14
3891	141.377	1768.11
3892	141.423	1768.11
3893	141.466	1768.07
3894	141.507	1768.06
3895	141.547	1768.02
3896	141.585	1768.01
3897	141.631	1767.83
3898	141.669	1767.75
3899	141.708	1767.67
3900	141.75	1767.63
3901	141.795	1767.53
3903	141.875	1767.53
3904	141.918	1767.5
3905	141.956	1767.47
3906	141.996	1767.44
3907	142.039	1767.43
3908	142.078	1767.42
3909	142.116	1767.37
3910	142.158	1767.36
3911	142.2	1767.24
3913	142.278	1767.17
3914	142.321	1767.01
3916	142.403	1766.95
3917	142.443	1766.75
3918	142.485	1766.69
3919	142.525	1766.68
3920	142.569	1766.6
3921	142.607	1766.59
3922	142.649	1765.47
3923	142.691	1765.45
3924	142.731	1765.37
3925	142.772	1765.33
3926	142.81	1764.95
3927	142.852	1764.91
3928	142.894	1764.76
3929	142.936	1764.75
3930	142.976	1763.95
3931	143.017	1763.88
3932	143.057	1763.86
3935	143.183	1763.71
3936	143.224	1763.69
3937	143.264	1763.54
3938	143.306	1763.48
3939	143.346	1763.48
3940	143.385	1763.44
3941	143.426	1763.35
3942	143.473	1763.35
3943	143.515	1763.31
3945	143.596	1763.2
3946	143.635	1763.16
3949	143.762	1763.14
3950	143.808	1762.99
3951	143.854	1762.99
3954	143.978	1762.86
3955	144.017	1762.8
3956	144.057	1762.77
3957	144.104	1762.73
3958	144.145	1762.73
3959	144.193	1762.48
3960	144.237	1762.48
3961	144.29	1762.44
3963	144.368	1762.42
3965	144.449	1762.33
3966	144.488	1762.21
3967	144.526	1761.62
3968	144.571	1761.57
3971	144.692	1761.54
3973	144.777	1761.46
3974	144.816	1759.47
3975	144.862	1759.46
3976	144.903	1759.4
3977	144.942	1758.69
3979	145.027	1758.36
3982	142.661	1758.13
3983	142.7	1757.03
3985	142.789	1756.98
3986	142.832	1756.97
3988	142.92	1756.96
3989	142.96	1756.92
3990	143.001	1756.91
3993	143.124	1756.9
3994	143.174	1756.85
3995	143.218	1756.7
3996	143.26	1756.58
3998	143.341	1756.56
3999	143.388	1756.54
4000	143.427	1756.54
4001	143.472	1756.52
4004	143.595	1756.35
4006	143.684	1755.89
4007	143.73	1755.89
4010	143.853	1755.85
4011	143.894	1755.77
4012	143.937	1754.88
4013	143.983	1754.87
4014	144.022	1754.85
4015	144.063	1754.33
4017	144.14	1754.33
4018	144.182	1754.32
4019	144.221	1754.31
4020	144.26	1754.22
4021	144.3	1754.16
4022	144.344	1754.09
4024	144.424	1754.08
4025	144.463	1754.07
4026	144.506	1753.3
4027	144.548	1753
4029	144.628	1752.99
4030	144.668	1752.88
4031	144.709	1752.88
4033	144.79	1751.79
4034	144.832	1751.79
4036	144.912	1751.76
4037	144.951	1751.76
4038	144.994	1751.46
4039	145.032	1751.46
4042	145.151	1751.45
4043	145.192	1751.29
4045	145.274	1751.29
4046	145.314	1751.2
4047	145.353	1751.16
4049	145.437	1751.11
4051	145.518	1751.03
4052	145.557	1750.76
4053	145.597	1750.76
4054	145.637	1750.72
4055	145.675	1750.69
4056	145.716	1750.48
4057	145.756	1750.42
4059	145.835	1749.76
4062	145.957	1749.59
4064	146.046	1749.58
4065	146.087	1749.51
4067	146.171	1749.42
4068	146.211	1749.41
4069	146.251	1748.94
4071	146.33	1748.88
4073	146.407	1748.87
4074	146.445	1748.82
4075	146.488	1748.78
4077	146.567	1748.78
4078	146.608	1748.74
4080	146.687	1748.61
4081	146.73	1748.59
4082	146.768	1748.52
4083	146.807	1748.48
4084	146.846	1748.44
4085	146.887	1748.42
4086	146.924	1748.38
4087	146.969	1748.06
4088	147.012	1748.03
4089	147.053	1747.27
4090	147.094	1747.25
4091	147.132	1747.23
4092	147.172	1747.18
4094	147.252	1747.17
4095	147.293	1747.16
4096	147.333	1747.07
4097	147.373	1747.05
4098	147.415	1747.03
4099	147.453	1747.02
4100	147.491	1746.95
4101	147.531	1746.24
4102	147.572	1746.2
4103	147.611	1746.18
4104	147.651	1746.16
4105	147.69	1745.9
4106	147.73	1745.75
4108	147.81	1745.74
4109	147.852	1745.56
4110	147.891	1745.49
4112	147.97	1744.84
4113	148.008	1744.6
4118	148.205	1744.55
4120	148.284	1744.48
4121	148.322	1744.41
4122	148.361	1743.8
4123	148.408	1743.76
4124	148.448	1743.62
4125	148.487	1743.38
4126	148.525	1743.03
4127	148.566	1742.95
4128	148.606	1742.94
4129	148.648	1742.91
4130	148.687	1742.43
4131	148.729	1742.41
4132	148.77	1742.41
4134	148.847	1742.39
4136	148.933	1742.16
4138	149.016	1742.12
4140	149.095	1742.12
4141	149.137	1742.03
4142	149.176	1742.03
4143	149.218	1742.02
4146	149.337	1741.75
4147	149.38	1741.74
4148	149.417	1741.7
4149	149.456	1741.5
4151	149.535	1741.15
4152	149.578	1741.11
4153	149.616	1741.1
4154	149.658	1741.09
4155	149.698	1741.07
4156	149.738	1740.94
4157	149.78	1740.93
4158	149.82	1740.9
4159	149.861	1740.89
4160	149.9	1740.87
4161	149.94	1740.87
4162	149.98	1740.86
4163	150.019	1740.85
4165	150.102	1740.77
4166	150.144	1740.73
4167	150.186	1740.69
4168	150.225	1740.32
4169	150.265	1740.26
4170	150.303	1740.21
4171	150.342	1740.05
4172	150.384	1740.04
4173	150.425	1739.98
4174	150.463	1739.88
4175	150.505	1739.87
4177	150.584	1739.84
4178	150.625	1739.84
4179	150.665	1739.83
4180	150.704	1739.83
4181	150.746	1739.77
4183	150.851	1739.24
4186	150.986	1739.18
4187	151.03	1739.17
4188	151.07	1739.12
4189	151.111	1739.05
4190	151.152	1739.04
4191	151.19	1739.03
4193	151.275	1739.02
4194	151.314	1738.98
4196	151.394	1738.89
4197	151.433	1738.23
4198	151.474	1738.02
4199	151.515	1737.99
4200	151.557	1737.99
4202	151.638	1737.97
4203	151.679	1737.94
4204	151.717	1737.86
4205	151.756	1737.85
4206	151.799	1737.79
4208	151.878	1737.27
4209	151.92	1736.23
4210	151.962	1736.18
4211	152.001	1736.18
4212	152.041	1736.01
4213	152.08	1735.76
4215	152.163	1735.39
4216	152.201	1735.36
4217	152.242	1735.13
4218	152.282	1735.09
4220	152.365	1734.3
4221	152.403	1734.3
4222	152.443	1734.29
4223	152.483	1734.28
4225	152.563	1734.26
4226	152.602	1734.11
4228	152.684	1734.08
4229	152.723	1734.05
4231	152.805	1734.04
4232	152.843	1734.04
4233	152.881	1733.99
4234	152.924	1733.98
4236	153.004	1733.98
4237	153.045	1733.84
4239	153.124	1733.35
4240	153.165	1733.3
4241	153.205	1733.19
4242	153.25	1733.19
4243	153.297	1733.19
4244	153.336	1733.17
4245	153.377	1733.03
4247	153.458	1733.02
4249	153.537	1732.97
4250	153.579	1732.96
4251	153.618	1732.87
4253	153.698	1732.82
4254	153.736	1732.71
4255	153.778	1732.66
4256	153.819	1732.59
4257	153.86	1732.5
4258	153.903	1732.47
4260	153.983	1732.38
4261	154.023	1732.37
4262	154.061	1731.36
4263	154.1	1731.35
4264	154.141	1731.32
4266	154.222	1731.29
4267	154.264	1731.27
4268	154.302	1731.17
4269	154.34	1731.16
4270	154.379	1731.07
4271	154.419	1731
4272	154.457	1730.55
4273	154.501	1730.49
4274	154.539	1730.48
4275	154.581	1730.37
4276	154.62	1730.36
4278	154.7	1730.36
4279	154.742	1730.35
4281	154.823	1730.3
4282	154.862	1730.3
4285	154.988	1730.21
4286	155.026	1730.21
4287	155.067	1730.2
4289	155.149	1729.84
4290	155.187	1729.75
4292	155.269	1729.74
4294	155.346	1729.68
4295	155.39	1729.63
4296	155.428	1729.55
4297	155.468	1729.5
4299	155.545	1729.34
4300	155.585	1729.28
4301	155.628	1729.27
4302	155.673	1729.27
4303	155.713	1729.27
4304	155.755	1729.25
4305	155.794	1729.18
4306	155.836	1729.17
4307	155.875	1729.15
4311	156.035	1729.14
4312	156.073	1729.13
4313	156.114	1729.08
4314	156.153	1728.88
4316	156.228	1728.84
4317	156.269	1728.18
4319	156.351	1727.92
4320	156.39	1727.91
4322	156.472	1727.87
4323	156.514	1727.62
4327	156.674	1727.62
4329	156.755	1727.6
4331	156.831	1727.59
4332	156.872	1727.58
4334	156.955	1727.55
4335	156.993	1727.4
4336	157.037	1727.34
4338	157.114	1727.32
4341	157.237	1727.2
4346	157.436	1726.8
4349	157.556	1726.79
4350	157.597	1726.37
4351	157.636	1726.32
4352	157.674	1725.53
4353	157.714	1725.53
4354	157.753	1725.52
4355	157.792	1725.45
4357	157.873	1725.43
4359	157.954	1725.43
4364	158.16	1725.41
4366	158.24	1724.86
4367	158.279	1724.63
4369	158.359	1724.62
4370	158.398	1724.47
4371	158.439	1724.47
4372	158.479	1724.45
4373	158.517	1723.55
4374	158.556	1723.52
4376	158.641	1723.51
4378	158.72	1723.43
4379	158.759	1723.43
4382	158.88	1723.42
4384	158.958	1723.38
4385	158.998	1723.37
4386	159.038	1723.32
4388	159.117	1723.32
4389	159.158	1723.29
4390	159.201	1723.28
4391	159.24	1723.18
4392	159.28	1722.93
4393	159.321	1722.92
4394	159.362	1722.9
4395	159.4	1722.69
4396	159.44	1722.48
4397	159.481	1722.4
4398	159.524	1722.4
4402	159.684	1722.3
4403	159.725	1722.28
4404	159.764	1722.28
4405	159.806	1721.94
4407	159.884	1721.77
4408	159.926	1721.77
4409	159.965	1721.42
4410	160.004	1721.41
4411	160.047	1721.39
4413	160.129	1721.36
4414	160.167	1721.33
4417	160.286	1721.33
4418	160.326	1721.31
4420	160.408	1721.12
4422	160.489	1720.99
4423	160.527	1720.94
4424	160.568	1720.89
4425	160.609	1720.88
4426	160.648	1720.76
4427	160.689	1720.74
4428	160.73	1720.72
4429	160.77	1720.42
4430	160.812	1720.25
4431	160.854	1720.23
4432	160.893	1720.16
4434	160.974	1720.15
4435	161.015	1720.14
4436	161.055	1720.06
4437	161.094	1720.06
4438	161.134	1719.93
4439	161.173	1719.92
4440	161.212	1719.89
4442	161.291	1719.85
4444	161.374	1719.83
4445	161.413	1719.64
4446	161.454	1719.55
4448	161.536	1719.53
4449	161.575	1719.38
4450	161.615	1719.2
4452	161.697	1718.73
4453	161.738	1718.56
4459	161.977	1718.44
4460	162.021	1718.41
4461	162.059	1718.23
4462	162.097	1718.17
4463	162.138	1718.13
4464	162.18	1718.09
4465	162.218	1717.92
4466	162.26	1717.83
4467	162.301	1717.79
4469	162.379	1717.79
4470	162.421	1717.72
4471	162.46	1717.7
4474	162.581	1717.7
4476	162.661	1717.55
4478	162.742	1717.53
4480	162.836	1717.53
4481	162.886	1717.44
4482	162.931	1717.43
4483	162.97	1717.43
4484	163.017	1717.43
4485	163.06	1717.42
4486	163.109	1717.09
4487	163.155	1717.08
4488	163.196	1717.06
4489	163.237	1716.66
4490	163.281	1716.6
4491	163.322	1716.28
4492	163.365	1716.25
4494	163.448	1716.23
4495	163.486	1716.21
4496	163.526	1716.17
4498	163.611	1716.14
4499	163.653	1716.13
4500	163.692	1716.13
4501	163.731	1716.13
4502	163.774	1716.12
4503	163.817	1716.1
4504	163.856	1715.88
4505	163.897	1715.82
4507	163.978	1715.78
4508	164.02	1715.51
4509	164.063	1715.47
4510	164.104	1715.46
4511	164.169	1715.46
4512	164.217	1715.44
4513	164.259	1715.43
4514	164.302	1715.37
4515	164.343	1715.37
4516	164.381	1715.36
4517	164.422	1715.27
4518	164.464	1715.25
4521	164.592	1715.18
4523	164.692	1714.75
4524	164.74	1714.63
4525	164.794	1714.63
4526	164.846	1714.57
4527	164.901	1714.54
4528	164.946	1714.52
4529	165.002	1714.47
4530	165.052	1714.47
4531	165.104	1714.46
4532	165.146	1714.45
4534	165.228	1714.43
4536	165.403	1714.22
4537	165.459	1714.16
4538	165.499	1713.89
4540	165.589	1713.89
4542	165.677	1713.8
4544	165.767	1713.72
4545	165.813	1713.69
4546	165.858	1713.64
4547	165.905	1713.64
4548	165.949	1713.16
4549	165.995	1713.15
4550	166.037	1713.05
4551	166.079	1713.05
4552	166.125	1712.99
4553	166.175	1712.92
4554	166.216	1712.88
4555	166.257	1712.86
4557	166.343	1712.55
4558	166.391	1712.52
4560	166.472	1712.28
4562	166.554	1712.21
4563	166.596	1712.21
4564	166.637	1712.19
4565	166.677	1712.15
4566	166.718	1711.84
4569	166.839	1711.84
4571	166.919	1711.81
4572	166.957	1711.81
4573	166.996	1711.8
4574	167.039	1711.79
4575	167.078	1711.78
4576	167.116	1711.77
4577	167.155	1711.7
4578	167.195	1711.61
4579	167.239	1711.55
4581	167.32	1711.46
4582	167.363	1711.34
4583	167.403	1711.34
4585	167.483	1711.31
4586	167.522	1711.3
4587	167.564	1711.28
4589	167.651	1711.24
4590	167.691	1711.23
4591	167.732	1711.21
4593	167.813	1711.2
4594	167.854	1711.1
4595	167.894	1711.04
4596	167.932	1710.99
4597	167.973	1710.98
4598	168.015	1710.97
4599	168.059	1710.96
4600	168.097	1710.88
4602	168.177	1710.18
4603	168.216	1710.17
4604	168.256	1710.11
4605	168.296	1710.11
4606	168.336	1710.08
4607	168.377	1710.07
4609	168.459	1710.07
4610	168.498	1709.97
4611	168.54	1709.92
4612	168.58	1709.8
4615	168.704	1709.72
4616	168.743	1709.72
4618	168.824	1709.69
4619	168.863	1709.69
4621	168.943	1709.68
4623	169.025	1709.65
4625	169.108	1709.6
4626	169.146	1708.85
4627	169.191	1708.66
4628	169.232	1708.66
4629	169.27	1708.65
4630	169.311	1708.54
4633	169.431	1708.54
4634	169.476	1708.53
4635	169.518	1708.51
4638	169.637	1708.5
4639	169.679	1708.37
4640	169.721	1708.35
4641	169.765	1708.35
4642	169.808	1708.34
4645	169.93	1708.25
4647	170.026	1708.23
4649	170.107	1708.23
4651	170.187	1708.22
4652	170.228	1707.97
4653	170.266	1707.44
4654	170.31	1707.09
4655	170.351	1707.09
4656	170.392	1707.05
4657	170.431	1706.55
4658	170.471	1706.54
4659	170.512	1706.33
4660	170.55	1706.31
4662	170.631	1706.3
4663	170.672	1706.15
4665	170.749	1706.11
4667	170.831	1706.1
4668	170.869	1706.1
4669	170.909	1706.08
4670	170.949	1706.08
4671	170.988	1706.07
4672	171.033	1706.06
4673	171.071	1706.06
4674	171.11	1706.05
4675	171.153	1705.97
4676	171.193	1705.96
4678	171.273	1705.95
4679	171.313	1705.67
4680	171.352	1705.67
4681	171.393	1705.61
4683	171.469	1705.61
4684	171.511	1705.6
4686	171.59	1705.27
4689	171.713	1705.27
4690	171.752	1705.03
4691	171.792	1705.02
4692	171.833	1704.42
4693	171.872	1704.42
4695	171.956	1704.23
4696	171.995	1704.18
4697	172.033	1704.17
4700	172.154	1704.15
4703	172.277	1704.1
4704	172.32	1704.09
4705	172.359	1704.04
4706	172.404	1703.6
4707	172.442	1703.44
4708	172.484	1703.44
4711	172.604	1703.44
4713	172.685	1702.77
4714	172.724	1702.74
4715	172.764	1702.6
4716	172.807	1702.59
4717	172.85	1702.59
4718	172.889	1702.46
4719	172.929	1702.45
4720	172.969	1701.95
4722	173.046	1701.74
4723	173.087	1701.67
4725	173.167	1701.43
4726	173.207	1701.38
4727	173.25	1701.34
4728	173.294	1701.34
4729	173.333	1701.32
4730	173.374	1701.31
4731	173.416	1701.24
4732	173.454	1701.05
4733	173.494	1701.05
4734	173.532	1700.36
4735	173.571	1700.32
4736	173.613	1700.16
4737	173.651	1700.13
4738	173.689	1700.13
4739	173.731	1700.09
4742	173.852	1699.99
4744	173.931	1699.98
4745	173.973	1699.38
4747	174.053	1699.27
4748	174.094	1699.26
4749	174.134	1698.98
4751	174.216	1698.95
4754	174.337	1698.94
4756	174.416	1698.93
4758	174.497	1698.92
4759	174.536	1698.91
4760	174.577	1698.73
4761	174.614	1698.7
4762	174.657	1698.68
4763	174.699	1698.62
4764	174.738	1698.6
4765	174.779	1698.55
4766	172.346	1698.53
4767	172.386	1698.52
4768	172.427	1697.69
4769	172.465	1697.28
4770	172.506	1697.1
4771	172.547	1697.08
4772	172.585	1697.04
4774	172.666	1697.01
4775	172.708	1697.01
4776	172.749	1696.93
4777	172.788	1696.92
4778	172.828	1696.77
4779	172.868	1696.75
4780	172.909	1696.73
4781	172.947	1696.67
4782	172.986	1696.66
4783	173.027	1696.62
4784	173.066	1696.6
4785	173.104	1696.45
4786	173.147	1696.36
4787	173.186	1696.36
4788	173.225	1696.34
4789	173.267	1696.2
4790	173.308	1696.04
4792	173.385	1695.94
4793	173.426	1695.87
4796	173.577	1695.87
4797	173.616	1695.66
4798	173.661	1695.6
4799	173.701	1695.5
4800	173.741	1695.4
4801	173.783	1695.35
4802	173.821	1695.32
4803	173.861	1695.28
4804	173.903	1695.22
4805	173.942	1695.06
4806	173.982	1694.89
4807	174.026	1694.88
4810	174.143	1694.87
4811	174.182	1694.85
4812	174.225	1694.83
4814	174.302	1694.82
4815	174.344	1694.82
4816	174.383	1694.72
4818	174.463	1694.68
4820	174.541	1694.68
4821	174.585	1694.61
4822	174.624	1694.09
4824	174.706	1694.04
4826	174.788	1693.97
4828	174.864	1693.95
4829	174.905	1693.93
4830	174.948	1693.92
4831	174.987	1693.68
4832	175.026	1693.66
4833	175.068	1693.64
4834	175.11	1693.62
4835	175.148	1693.62
4836	175.188	1693.58
4837	175.228	1693.58
4838	175.266	1693.46
4839	175.307	1693.44
4840	175.346	1693.44
4845	175.544	1693.41
4847	175.622	1693.39
4848	175.67	1693.15
4849	175.708	1693.14
4851	175.788	1693.14
4852	175.827	1693.07
4853	175.867	1693.01
4854	175.907	1692.98
4855	175.944	1692.97
4857	176.026	1692.92
4861	176.185	1692.9
4862	176.224	1692.89
4863	176.262	1692.63
4864	176.304	1692.55
4865	176.344	1692.54
4866	176.382	1692.48
4867	176.423	1692.43
4868	176.461	1692.41
4870	176.542	1692.4
4873	176.659	1692.4
4874	176.698	1692.38
4876	176.777	1692.27
4877	176.819	1692.25
4878	176.862	1692.01
4880	176.942	1692
4882	177.031	1691.91
4883	177.072	1691.43
4884	177.114	1691.39
4885	177.152	1691.39
4886	177.194	1691.32
4887	177.232	1691.3
4888	177.27	1690.9
4890	177.351	1690.86
4892	177.432	1690.83
4893	177.47	1690.78
4894	177.511	1690.76
4895	177.551	1690.75
4897	177.629	1690.57
4898	177.67	1690.56
4900	177.751	1690.22
4902	177.83	1690.2
4903	177.873	1690.19
4904	177.911	1690.19
4905	177.948	1690.17
4906	177.987	1690.11
4908	178.065	1690.08
4909	178.105	1690.07
4912	178.226	1690.06
4914	178.305	1690.06
4916	178.386	1690.06
4917	178.424	1690
4918	178.466	1689.99
4919	178.503	1689.94
4920	178.542	1689.91
4921	178.58	1689.81
4922	178.621	1689.79
4923	178.662	1689.78
4924	178.7	1689.77
4925	178.739	1689.75
4929	178.904	1689.74
4930	178.942	1689.71
4931	178.983	1689.71
4933	179.063	1689.67
4934	179.101	1689.57
4936	179.181	1689.54
4937	179.222	1689.54
4938	179.263	1689.41
4939	179.305	1689.29
4940	179.346	1689.22
4941	179.388	1689.22
4942	179.428	1688.51
4943	179.469	1688.49
4944	179.51	1688.42
4948	179.669	1688.35
4950	179.749	1688.34
4951	179.788	1688.3
4952	179.828	1688.2
4953	179.866	1688.19
4954	179.905	1688.17
4955	179.948	1688.12
4956	179.986	1688.1
4957	180.025	1688.09
4958	180.066	1688.06
4959	180.105	1688.06
4961	180.187	1688
4963	180.266	1687.97
4964	180.308	1687.48
4965	180.346	1687.4
4966	180.385	1687.3
4967	180.425	1687.26
4968	180.467	1687.26
4970	180.546	1687.18
4971	180.59	1687.18
4973	180.673	1687.17
4974	180.711	1687.17
4975	180.752	1687.11
4976	180.796	1687.07
4977	180.834	1687.06
4978	180.873	1687.05
4979	180.916	1686.93
4980	180.957	1686.92
4981	180.996	1686.92
4983	181.085	1686.92
4984	181.123	1686.92
4985	181.163	1686.89
4986	181.207	1686.88
4988	181.286	1686.84
4991	181.41	1686.3
4993	181.494	1686.23
4994	181.535	1686.09
4995	181.576	1686.09
4996	181.614	1686.05
4997	181.655	1685.52
4998	181.696	1685.52
4999	181.735	1685.35
5000	181.78	1685.35
# FIN	181.78	1685.35

