# target=instancias/pollock.png T=340 iters=5000 K=32 seed=auto
iter	segundos	MSE
0	0.00220675	9676.18
1	0.0264355	9668.76
2	0.0505331	9666.32
3	0.0749155	9666.06
4	0.0997926	9664.98
5	0.123885	9664.94
6	0.148053	9634.92
7	0.172374	9610.46
8	0.196813	9599.99
9	0.221205	9574.34
10	0.246191	9572.49
11	0.271494	9549.44
12	0.296795	9547.74
13	0.322705	9543.88
14	0.346922	9541.84
15	0.371474	9498.34
16	0.395817	9498.13
17	0.420333	9472.92
18	0.445035	9467.37
19	0.469552	9441.3
20	0.494039	9439.89
21	0.518628	9438.88
22	0.543496	9436.79
23	0.569972	9389.07
24	0.594376	9381.76
25	0.618875	9365.93
26	0.643722	9279.89
27	0.669619	9267.9
28	0.69626	9203.85
29	0.721316	9147.59
30	0.746117	9110.76
31	0.770999	9088.05
32	0.79603	9086.5
33	0.82135	9078.69
34	0.84635	9077.9
35	0.871365	9077.34
36	0.896781	9076.8
37	0.923702	9069.43
38	0.950234	9061.47
39	0.975813	9061.38
40	1.00087	9057.57
41	1.02637	9044.05
42	1.05161	9031.23
43	1.0785	9005.03
44	1.10412	9004.9
45	1.12934	8999.31
46	1.15474	8998.66
47	1.18027	8997.94
48	1.20572	8991.41
49	1.2314	8927.55
50	1.25686	8919.47
51	1.28247	8918.6
52	1.30894	8916.98
53	1.33437	8904.17
54	1.36016	8892.31
55	1.38584	8889.39
56	1.4113	8886.16
57	1.43765	8881.6
58	1.46331	8874.36
59	1.48924	8872.08
60	1.51531	8871.46
61	1.54121	8850.59
62	1.56718	8849.13
63	1.59318	8834.16
64	1.61899	8779.32
65	1.64444	8778.25
66	1.67056	8777.06
67	1.69659	8734.39
68	1.72215	8633.8
69	1.74774	8567.24
70	1.77408	8552.93
71	1.80083	8540.95
72	1.82658	8521.16
73	1.85279	8512.32
74	1.87872	8511.01
75	1.90511	8500.16
76	1.931	8486.41
77	1.95657	8481.14
78	1.98344	8456.67
79	2.01016	8448.63
80	2.03661	8448.56
81	2.06221	8429.57
82	2.08873	8428.35
83	2.11465	8420.23
84	2.14076	8419.82
85	2.16666	8408.34
86	2.19232	8386.7
87	2.21809	8366.48
88	2.24421	8359.45
89	2.27046	8354.94
90	2.29609	8325.9
91	2.32272	8307.07
92	2.34881	8249
93	2.37494	8249
94	2.40088	8235.96
95	2.42673	8233.72
96	2.45371	8203.54
97	2.48084	8202.76
98	2.50707	8184.13
99	2.53333	8181.71
100	2.55985	8180.91
101	2.58601	8180.46
102	2.61287	8138.06
104	2.66725	8137.72
105	2.69374	8124.24
106	2.72003	8088.08
107	2.74652	8071.18
108	2.77351	8050.13
109	2.80036	8045.42
110	2.827	8029.38
111	2.85322	8027.47
112	2.87963	8026.75
113	2.90632	7968.77
114	2.93282	7957.3
115	2.96068	7948.65
116	2.99436	7945.46
117	3.02597	7915.81
118	3.05405	7908.96
119	3.08316	7867.3
120	3.10984	7845.52
121	3.13731	7830.41
122	3.16438	7828.88
123	3.19194	7786.48
124	3.21876	7778.17
125	3.24652	7773.38
126	3.27405	7771.13
127	3.30092	7754.57
128	3.32796	7750.95
129	3.35586	7688.69
130	3.3831	7687.43
131	3.4102	7679.89
132	3.43716	7653.3
133	3.46486	7652.65
134	3.49196	7638.25
135	3.51901	7637.02
136	3.54636	7626.83
137	3.57447	7578.35
138	3.60297	7578.14
139	3.63079	7575.82
140	3.6629	7537.16
141	3.69066	7504.51
142	3.71876	7501.83
143	3.74585	7501.13
144	3.77367	7491.85
145	3.80202	7488.71
146	3.82976	7483.33
147	3.85909	7481.9
148	3.88721	7481.53
149	3.91635	7464.45
150	3.94469	7463.37
151	3.97407	7461.21
152	4.00242	7461.18
153	4.03237	7460.31
154	4.05985	7460.09
155	4.08736	7420.04
156	4.11563	7419.85
157	4.14472	7415.81
158	4.17213	7414.92
159	4.20165	7410.37
160	4.2296	7409.45
161	4.25724	7405.43
162	4.2852	7388.57
163	4.31336	7387.59
164	4.3417	7370.78
165	4.36942	7369.28
166	4.39829	7369.24
167	4.44756	7368.15
168	4.49101	7338.76
169	4.53465	7337.92
170	4.59852	7324.15
171	4.6399	7301.64
172	4.66985	7292.59
173	4.70025	7286.55
174	4.73248	7253.01
175	4.76058	7252.36
176	4.7905	7248.04
177	4.82611	7227.6
178	4.8563	7218.63
179	4.89596	7216.39
180	4.93771	7215.29
181	4.96802	7214.72
182	5.00098	7214.58
183	5.03593	7213.66
184	5.07081	7190.56
185	5.09949	7184.86
186	5.12808	7178.08
187	5.15931	7175.2
188	5.18952	7147
189	5.21881	7141.9
190	5.25029	7136.05
191	5.28054	7124.1
192	5.31047	7118.79
193	5.34023	7107.85
194	5.37316	7102.59
195	5.40141	7092.7
196	5.42982	7092.5
197	5.4581	7088.56
198	5.49029	7086.87
199	5.52116	7082.7
200	5.54945	7080.45
201	5.57858	7067.87
202	5.61478	7067.4
203	5.64244	7058.3
204	5.67057	7051.28
205	5.70552	7006.27
206	5.73601	7003.33
207	5.76464	6996.21
208	5.79684	6992.55
209	5.8255	6990.15
211	5.88449	6983.84
212	5.9173	6982.47
213	5.94608	6981
214	5.97508	6976.98
215	6.00843	6972.73
216	6.03792	6970.14
217	6.06895	6910.58
218	6.0976	6898.21
219	6.12673	6895.87
220	6.15744	6895.11
221	6.18694	6891.17
222	6.21722	6886.31
223	6.24887	6883.63
224	6.27795	6881.64
225	6.31127	6880.63
226	6.34246	6875.7
227	6.37283	6869.69
228	6.40285	6853.85
229	6.43289	6852.58
230	6.46377	6830.61
231	6.49314	6818.22
232	6.52371	6803.69
233	6.55562	6800.21
234	6.58505	6787.5
235	6.61381	6780.03
236	6.64553	6778.37
237	6.67603	6765.03
238	6.70525	6755.59
239	6.73638	6753.25
240	6.76927	6744.04
241	6.80208	6740.97
242	6.83518	6735.54
243	6.86525	6722.66
244	6.89509	6719.86
245	6.92659	6719.29
246	6.95706	6712.7
247	6.98645	6704.23
248	7.0173	6698.72
249	7.04811	6689.16
250	7.07724	6668.41
251	7.10996	6668.33
252	7.13978	6619.89
253	7.16969	6597.6
254	7.19987	6592.27
255	7.22939	6576.56
256	7.26224	6562.59
257	7.29279	6562.19
258	7.32191	6556.39
259	7.35399	6553.49
260	7.38907	6514.9
261	7.41903	6509.99
262	7.45584	6494.63
263	7.48564	6493.55
264	7.51563	6488.56
265	7.54979	6469.79
266	7.58286	6461.94
267	7.61304	6423.29
268	7.64332	6422.51
269	7.67681	6407.6
270	7.70791	6403.45
271	7.74061	6402.56
272	7.77103	6395.08
273	7.80495	6382.12
274	7.83631	6378.51
275	7.86585	6378.26
276	7.89672	6378.12
277	7.92974	6377.53
278	7.96058	6357.8
279	7.99298	6343.95
280	8.0252	6336.95
281	8.0555	6324.75
282	8.08615	6318.41
283	8.11939	6316.34
284	8.14881	6290.78
285	8.17881	6273.58
286	8.21104	6248.1
287	8.24237	6244.39
288	8.27217	6239.12
289	8.30334	6237.36
290	8.33784	6231.93
291	8.36754	6226.65
292	8.39798	6219.87
293	8.43013	6201.76
294	8.46	6196.63
295	8.49031	6184.74
296	8.52286	6169.88
297	8.55486	6157.95
298	8.58442	6154.29
299	8.61515	6137.69
300	8.648	6136.03
301	8.67836	6126.74
302	8.70875	6113.6
303	8.74146	6109.7
304	8.77164	6106.49
305	8.80151	6096.2
306	8.83549	6088.34
307	8.86636	6075.84
308	8.89726	6051.72
309	8.93057	6016.09
310	8.96206	5989.8
311	8.99539	5988.7
312	9.02645	5984.02
313	9.06206	5983.99
314	9.09371	5983.01
315	9.12361	5981.44
316	9.15439	5919.41
317	9.18963	5906.34
318	9.21979	5903.42
319	9.24987	5867.71
320	9.28032	5844.08
321	9.31267	5828.29
322	9.34271	5791.34
323	9.37542	5790.76
324	9.41165	5783.27
325	9.44242	5759.46
326	9.47335	5759.07
327	9.50508	5759.02
328	9.53833	5757.96
329	9.56842	5753.27
330	9.60082	5738.06
331	9.633	5726.17
332	9.66472	5716.62
333	9.69788	5711.23
334	9.73296	5709.9
335	9.76462	5691.05
336	9.79709	5674.26
337	9.82951	5671.31
338	9.86225	5669.96
339	9.89397	5624.17
340	9.92851	5614.66
341	9.9587	5614.05
342	9.9908	5613.75
343	10.0247	5613.67
344	10.0555	5611.12
345	10.0883	5611.03
346	10.1206	5609
347	10.1511	5598.88
348	10.1838	5596.19
349	10.2164	5595.1
350	10.2479	5591.86
351	10.2811	5584.43
352	10.3155	5582.16
353	10.3466	5571.75
354	10.3793	5570
355	10.4139	5545.82
356	10.4443	5545.6
357	10.4751	5544.49
358	10.5076	5539.46
359	10.5427	5515.5
360	10.5743	5515.48
361	10.6054	5515.23
362	10.6388	5514.99
363	10.6736	5498.01
364	10.7065	5496
365	10.7378	5487.68
366	10.7713	5474.66
367	10.8043	5461.56
368	10.8355	5446.24
369	10.8684	5422.98
370	10.9019	5406.41
371	10.934	5396.14
372	10.9643	5395.1
373	10.9986	5392.63
374	11.0324	5392.38
375	11.0639	5391.87
376	11.0991	5391.7
377	11.1318	5391.63
378	11.1633	5390.67
379	11.1985	5390.55
380	11.2321	5385.56
381	11.2631	5378.97
382	11.2956	5374.8
383	11.329	5354.24
384	11.3646	5353.05
385	11.3995	5352.55
386	11.4327	5351.65
387	11.4668	5344.59
388	11.5019	5343.07
389	11.5329	5338.5
390	11.5637	5331.36
391	11.5969	5326.92
392	11.6323	5322.97
393	11.6634	5318.2
394	11.6957	5289.75
395	11.7299	5284.54
396	11.7633	5284.45
397	11.7979	5282.54
398	11.8309	5278.37
399	11.8637	5277.88
400	11.8959	5277.38
401	11.9279	5274.63
402	11.9589	5274.09
403	11.9938	5269.07
404	12.0268	5240.66
405	12.0585	5238.06
406	12.0929	5238
407	12.1263	5234.55
408	12.1588	5204.3
409	12.1914	5202.76
410	12.2257	5184.74
411	12.2574	5173.26
412	12.2933	5165.91
413	12.326	5147.23
414	12.3577	5144.02
415	12.3901	5139.24
416	12.424	5131.69
417	12.4566	5130.07
418	12.4909	5119.78
419	12.5223	5114.3
420	12.5545	5114.16
421	12.5891	5109.04
422	12.6253	5108.82
423	12.6583	5108.35
424	12.6901	5107.21
425	12.7257	5103.95
426	12.7613	5035.43
427	12.7931	5026.71
428	12.8262	5023.09
429	12.8623	5020.52
430	12.8948	5006.33
431	12.9303	5002.94
432	12.9621	4987.25
433	12.9952	4987.19
434	13.0296	4979.01
435	13.0614	4977.44
436	13.0936	4972.55
437	13.13	4972.51
438	13.1645	4969.97
439	13.1965	4968.01
440	13.2308	4967.25
441	13.2663	4966.42
442	13.3022	4958.51
443	13.3345	4958.51
444	13.3679	4958.46
445	13.4018	4956.16
446	13.4376	4925.34
447	13.4706	4922.33
448	13.5054	4917.56
449	13.5403	4916.48
450	13.5746	4914.96
451	13.6108	4914.83
452	13.6432	4914.82
453	13.6751	4909.53
454	13.7088	4908.45
455	13.7448	4904.61
456	13.7768	4899.99
457	13.8111	4898.28
458	13.8474	4897.32
459	13.8838	4895.52
460	13.9203	4879.41
461	13.9527	4876.65
462	13.9867	4875.74
463	14.0207	4874.44
464	14.0545	4871.49
465	14.0895	4869.3
466	14.1247	4868.07
467	14.1587	4847.96
468	14.1921	4843.92
469	14.2277	4835.42
470	14.2606	4830.59
471	14.2937	4830.43
472	14.3286	4824.43
473	14.363	4821.04
474	14.3965	4816.11
475	14.4323	4815.51
476	14.4659	4814.79
477	14.4994	4776.29
478	14.5405	4776.1
479	14.5785	4775.83
480	14.6111	4755.89
481	14.6476	4752.57
482	14.6854	4751.62
483	14.7184	4750.89
484	14.7547	4750.06
485	14.7935	4743.5
486	14.8268	4733.8
487	14.8613	4732.76
488	14.8953	4730.86
489	14.9342	4724.92
490	14.9703	4724.17
491	15.0059	4724.04
492	15.0417	4724
493	15.0773	4723.91
494	15.1119	4720.89
495	15.1494	4702.67
496	15.1821	4700.37
497	15.2165	4693.25
498	15.2541	4693.11
499	15.2869	4685.56
500	15.3194	4684.67
501	15.3583	4680.94
502	15.3926	4671.18
503	15.4256	4671.18
504	15.4614	4665.18
505	15.4989	4663.85
506	15.5317	4663.74
507	15.5682	4662.78
508	15.6061	4654.35
509	15.6399	4653.91
510	15.6753	4646.14
511	15.7112	4634.77
512	15.7471	4634.62
513	15.7798	4633.53
514	15.8145	4629.44
515	15.8494	4628.46
516	15.8856	4627.32
517	15.9207	4622.86
518	15.954	4619.76
519	15.9871	4615.37
520	16.0277	4615.26
521	16.063	4615
522	16.0964	4614.88
523	16.1312	4614.04
524	16.167	4612.93
525	16.1999	4611.82
526	16.2357	4610.88
527	16.2725	4608
528	16.3054	4604.34
529	16.3433	4600.91
530	16.38	4596.67
531	16.4138	4585.03
532	16.4484	4579.57
533	16.4872	4578.28
534	16.5227	4577.45
535	16.5587	4574.4
536	16.5916	4574.12
537	16.6278	4573.38
538	14.1944	4572.39
539	14.2277	4569.19
540	14.2641	4565.51
541	14.2998	4563.27
542	14.337	4563.25
543	14.3723	4562.61
544	14.4101	4562.24
545	14.4441	4517.75
546	14.479	4517.58
547	14.5132	4516.31
548	14.5507	4513.96
549	14.5842	4512.94
550	14.618	4512.91
551	14.6565	4511.19
552	14.6925	4510.51
553	14.7263	4509.66
554	14.7653	4509.33
555	14.8	4508.71
556	14.8343	4501.17
557	14.8723	4472.04
558	14.9095	4461.01
559	14.9462	4460.14
560	14.9802	4459.87
561	15.0193	4457.89
562	15.0547	4445.44
563	15.0883	4444.35
564	15.125	4444.17
565	15.1586	4440.59
566	15.1922	4438.68
567	15.2264	4438.53
568	15.2626	4426.01
569	15.2992	4424.08
570	15.3334	4418.9
571	15.3669	4407.44
572	15.4025	4403.35
573	15.44	4400.94
574	15.4742	4399.25
575	15.5081	4396.93
576	15.5478	4394.56
577	15.5824	4388.78
578	15.6159	4386.13
579	15.6498	4385.91
580	15.6873	4385.44
581	15.723	4383.86
582	15.7572	4378.99
583	15.7968	4375.53
584	15.8306	4375.29
585	15.8683	4375.12
586	15.9055	4372.41
587	15.9453	4372.09
588	15.9809	4363.54
589	16.0164	4363.32
590	16.0531	4359.82
591	16.089	4359.51
592	16.1248	4342.02
593	16.1624	4340.01
594	16.1971	4331.05
595	16.2323	4323.52
596	16.2696	4321.42
597	16.3034	4320.93
598	16.3394	4320.86
599	16.3775	4318.21
600	16.4127	4282.02
601	16.4471	4277.34
602	16.4819	4260.19
603	16.5179	4258.86
604	16.5528	4258.49
605	16.5927	4256.89
606	16.6269	4253.29
607	16.661	4246.68
608	16.6993	4245.55
609	16.736	4244.36
610	16.7697	4243.53
611	16.8072	4241.14
612	16.8472	4237.23
613	16.8838	4232.42
614	16.9187	4231.87
615	16.9576	4231.14
616	16.9925	4230.83
617	17.0285	4230.65
618	17.0637	4209.31
619	17.0992	4199.36
620	17.1375	4193.86
621	17.1729	4189.9
622	17.2083	4186.63
623	17.2464	4184.16
624	17.2819	4181.09
625	17.3165	4176.85
626	17.3538	4176.84
627	17.3909	4173.78
628	17.4258	4166.32
629	17.4643	4162.92
630	17.5	4158.4
631	17.534	4153.14
632	17.572	4145.6
633	17.6084	4127.29
634	17.642	4125.7
635	17.6777	4119.09
636	17.7157	4114.08
637	17.7555	4111.6
638	17.7898	4110.89
639	17.8261	4107.33
640	17.8626	4107.21
641	17.896	4099.67
642	17.9319	4097.05
643	17.9699	4096.19
644	18.0127	4095.01
645	18.05	4079.09
646	18.098	4075.06
647	18.1361	4073.82
648	18.1706	4070.43
649	18.208	4068.86
650	18.2541	4063.57
651	18.3212	4061.6
652	18.3806	4059.69
653	18.4252	4059.67
654	18.4755	4059.59
655	18.516	4058.36
656	18.5505	4041.78
657	18.5848	4038.73
658	18.6192	4033.42
659	18.6586	4021.2
660	18.6928	4007.11
661	18.731	4003.79
662	18.7676	3996.01
663	18.8039	3992.95
664	18.8433	3989.02
665	18.8775	3981.9
666	18.9115	3981.58
667	18.9533	3981.45
668	18.9901	3981.39
669	19.0243	3978.84
670	19.0596	3977.77
671	19.0974	3977.17
672	19.1344	3964.27
673	19.173	3960.7
674	19.2109	3958.89
675	19.2492	3956.7
676	19.2854	3951.17
677	19.3197	3951.15
678	19.3548	3950.35
679	19.4053	3939.57
680	19.4448	3936.79
681	19.4858	3936.66
682	19.5204	3935.56
683	19.5567	3935.48
684	19.5959	3935.39
685	19.6357	3935.29
686	19.6827	3933.87
687	19.7366	3914.73
688	19.782	3911.63
689	19.8164	3910.08
690	19.851	3909.67
691	19.892	3906.89
692	19.9287	3905.93
693	19.9632	3903.92
694	20.002	3903.88
695	20.0375	3887.72
696	20.0727	3887.49
697	20.1106	3886.38
698	20.1494	3883.86
699	20.184	3865.83
700	20.2225	3865.81
701	20.2597	3865.3
702	20.2941	3865.1
703	20.3328	3863.42
704	20.3717	3861.83
705	20.4064	3857.05
706	20.4411	3847.77
707	20.4807	3843.72
708	20.5187	3843.65
709	20.5528	3842.31
710	20.5906	3840.74
711	20.6323	3835.6
712	20.6672	3834.75
713	20.7022	3830.58
714	20.741	3830.57
715	20.7758	3830
716	20.8137	3829.86
717	20.8513	3829.18
718	20.8887	3827.91
719	20.9274	3827.78
720	20.963	3827.31
721	21.0009	3823.96
722	21.036	3821.63
723	21.0734	3818.49
724	21.1104	3816.68
725	21.1457	3816.52
726	21.1838	3816.36
727	21.2226	3815.94
728	21.2594	3815.81
729	21.2944	3815.78
730	21.3294	3813.81
731	21.3703	3812.63
732	21.4061	3812.11
733	21.4423	3810.35
734	21.4794	3800.9
735	21.5144	3800.15
736	21.5508	3799.94
737	21.5912	3797.43
738	21.6264	3796.23
739	21.6632	3795.88
740	21.7009	3794.73
741	21.7393	3792.83
742	21.7773	3786.05
743	21.8144	3773.85
744	21.8494	3763.09
745	21.8846	3760.6
746	21.9239	3760.58
747	21.9599	3758.74
748	21.9976	3757.07
750	22.0704	3754.5
751	22.1106	3747.7
752	22.1456	3745.67
753	22.1815	3743.65
754	22.2209	3741.52
755	22.2559	3740.19
756	22.2912	3739.97
757	22.3299	3739.33
758	22.3648	3736.6
759	22.4018	3734.67
760	22.439	3732.7
761	22.4745	3702.11
762	22.5132	3702.04
763	22.5514	3700.39
764	22.5884	3700.26
765	22.6253	3693.52
766	22.6609	3641.49
767	22.6998	3637.2
768	22.7352	3635.67
769	22.771	3627.83
770	22.8157	3623.66
771	22.8533	3622.97
772	22.8918	3602.46
773	22.9277	3602.26
774	22.9649	3598.33
775	23.004	3598
776	23.0391	3593.86
777	23.0763	3593.72
778	23.1155	3593.53
779	23.1535	3589.59
780	23.1896	3589.26
781	23.2296	3588.82
782	23.2663	3588.41
783	23.3066	3588.37
784	23.3428	3587.59
785	23.3803	3587.05
786	23.4186	3583.91
787	23.4559	3582.62
788	23.4924	3579.64
789	23.5327	3578.86
790	23.5684	3577.49
791	23.6067	3577
792	23.6488	3576.98
793	23.6847	3576.64
794	23.7212	3576.46
795	23.7638	3576.27
796	23.8012	3570.72
797	23.8383	3570.42
798	23.8756	3569.29
799	23.9136	3566.06
800	23.9547	3565.9
801	23.9949	3561.71
802	24.0306	3560.36
803	24.067	3557.58
804	24.1069	3555.42
805	24.1466	3555.25
806	24.1824	3553.99
807	24.2205	3552.23
808	24.2624	3552.03
809	24.2986	3550.24
810	24.3345	3548.57
811	24.3737	3548.46
812	24.4092	3539.06
813	24.4445	3538.31
814	24.484	3535.38
815	24.5213	3534.96
816	24.5569	3534.8
817	24.5939	3516.92
818	24.6356	3514.97
819	24.6713	3514.72
820	24.7071	3501.43
821	24.7441	3500.69
822	24.7809	3500.11
823	24.8166	3499.47
824	24.8565	3498.44
825	24.8922	3497.67
826	24.9296	3496.96
827	24.9688	3496.75
828	25.0045	3496.14
829	25.0419	3491.99
830	25.0796	3491.57
831	25.1163	3491.51
832	25.1535	3491.44
833	25.1901	3488.16
834	25.2279	3488
835	25.2679	3479.23
836	25.3046	3479.22
837	25.3416	3478.69
838	25.3811	3476.99
839	25.4176	3475.33
840	25.4539	3472.85
842	25.531	3466.2
843	25.5668	3466.19
844	25.6044	3464.81
845	25.6429	3463.71
846	25.6785	3462.52
847	25.7161	3462.38
848	25.7519	3449.3
849	25.7883	3449.07
850	25.8261	3442.58
851	25.8616	3437.12
852	25.9005	3437.11
853	25.9401	3437.08
854	25.9756	3435.3
855	26.0128	3435.26
856	26.0529	3435.15
857	26.0911	3434.62
858	26.128	3434.03
859	26.1663	3433.71
860	26.2049	3433.51
861	26.241	3433.48
862	26.2829	3433.22
863	26.3221	3426.5
865	26.4011	3425.21
866	26.4381	3424.95
867	26.4797	3422.53
868	26.52	3422.17
869	26.5562	3419.08
870	26.5969	3418.62
871	26.6357	3416.24
873	26.7114	3415.92
874	26.7472	3414.41
875	26.784	3414.28
876	26.8245	3414.05
877	26.8645	3413.41
878	26.9043	3412.63
879	26.9404	3412.24
880	26.9768	3412.07
881	27.0185	3409.75
882	27.0568	3409.73
883	27.0942	3408.88
884	27.1337	3408.77
885	27.17	3405.73
886	27.2081	3405.72
887	27.2459	3405.37
888	27.2822	3404.23
889	27.3227	3404.19
890	27.361	3404.14
891	27.3977	3403.3
892	27.4407	3403.02
893	27.4769	3401.87
894	27.5153	3401
895	27.5562	3399.82
896	27.5996	3399.33
897	27.639	3384.98
898	27.6779	3382.02
899	27.7151	3381.51
900	27.7514	3380.14
901	27.7891	3379.83
902	27.8274	3378.09
903	27.8641	3377.29
904	27.9036	3377.14
905	27.9394	3376.82
906	27.9851	3374.3
907	28.024	3373.81
908	28.0624	3373.29
909	28.099	3373.08
910	28.1351	3372.99
911	28.1726	3366.29
912	28.2134	3364.41
913	28.2511	3360.87
914	28.2908	3360.68
915	28.3275	3357.97
916	28.37	3356.38
917	28.4063	3354.21
918	28.4445	3347.77
919	28.4839	3347.35
920	28.5218	3346.61
921	28.5594	3345.23
922	28.5967	3344.98
923	28.633	3342.11
924	28.6736	3339.69
925	28.7121	3339.68
926	28.7508	3338.05
927	28.7919	3337.85
928	28.831	3337.58
929	28.868	3337.26
930	28.9075	3337.03
931	28.9492	3335.62
932	28.9878	3335.26
933	29.0239	3332.78
934	29.0675	3320.11
935	29.1038	3319.35
936	29.1441	3317.72
937	29.1832	3317.71
938	29.2197	3316.94
939	29.2622	3312.36
940	29.3007	3297.58
941	29.3379	3294.19
942	29.3769	3291.31
943	29.4147	3290.24
944	29.4525	3290.21
945	29.4904	3284.32
946	29.5269	3283.55
947	29.567	3276.23
948	29.6032	3275.49
949	29.6405	3273.93
950	29.6831	3273.25
951	29.7197	3272.42
952	29.7558	3272.04
953	29.7919	3269.74
954	29.8276	3268.76
955	29.8684	3268.59
956	29.9069	3267.9
957	29.9447	3267.77
958	29.9833	3262.75
959	30.0211	3260.84
960	30.0606	3255.43
961	30.0976	3255.26
962	30.1364	3252.03
963	30.1757	3249.48
964	30.2122	3247.01
965	30.2492	3241.74
966	30.2923	3241.73
967	30.3342	3240.93
968	30.3705	3237.22
969	30.4068	3236.94
970	30.4453	3232.99
971	30.4847	3230.53
972	30.5211	3229.75
973	30.5576	3216.04
974	30.5986	3215.68
975	30.6354	3213.7
976	30.6733	3207.23
977	30.7138	3205.82
978	30.7532	3205.2
979	30.7896	3200.98
980	30.8279	3200.84
981	30.8685	3194.68
982	30.9066	3193.69
983	30.9457	3190.51
984	30.9886	3189.76
985	31.0308	3171.52
986	31.0683	3171.4
987	31.1095	3169.76
988	31.1507	3165.41
989	31.1889	3154.4
990	31.2269	3154.39
991	31.2705	3148.45
992	31.3095	3143.81
993	31.3458	3143.78
994	31.3865	3143.73
995	31.4265	3143.5
996	31.4642	3136.15
997	31.5071	3135.28
998	31.5432	3134.17
999	31.5799	3122.49
1000	31.6182	3118.8
1001	31.6589	3118.67
1002	31.6954	3106.06
1003	31.7353	3105.74
1004	31.7716	3099.39
1005	31.8092	3094.17
1006	31.8495	3094.05
1007	31.8887	3093.92
1008	31.929	3093.88
1009	31.9688	3091.59
1010	32.0075	3084.61
1011	32.0435	3082.72
1012	32.083	3080.9
1013	32.1237	3078.62
1014	32.1606	3078.54
1015	32.1983	3076.77
1016	32.2409	3072.14
1019	32.357	3068.87
1020	32.3951	3067.53
1021	32.4327	3067.39
1022	32.4716	3067.31
1023	32.5089	3065.08
1024	32.5514	3065.02
1025	32.5886	3065.02
1026	32.625	3063.14
1027	32.6638	3056.65
1028	32.7005	3055.55
1029	32.7379	3055.48
1030	32.7822	3055.23
1031	32.8203	3054.07
1032	32.8568	3053.99
1033	32.8968	3051.09
1034	32.9378	3051.08
1035	32.9744	3049.66
1036	33.0118	3049.57
1037	33.0497	3049.07
1038	33.0864	3048.59
1039	33.1273	3041.96
1040	33.1664	3041.94
1041	33.2035	3041.16
1042	33.2402	3041.14
1043	33.2804	3040.21
1044	33.3167	3038.35
1045	33.3583	3036.9
1046	33.3953	3036.73
1047	33.4346	3036.27
1049	33.5175	3034.01
1050	33.5564	3032.87
1051	33.595	3031.47
1052	33.6345	3030.83
1053	33.6715	3027.56
1054	33.7102	3027.13
1055	33.7516	3026.68
1056	33.7928	3026.49
1057	33.8303	3025.81
1058	33.8696	3025.3
1059	33.9084	3025.09
1060	33.946	3025.05
1061	33.9852	3024.59
1062	34.022	3023.45
1063	34.0621	3022.52
1064	34.0994	3022.45
1065	34.1387	3021.52
1066	34.1815	3021.3
1067	34.2191	3021.08
1068	34.2598	3017.29
1069	34.2966	3017.08
1070	34.338	3015.35
1071	34.377	3013.45
1072	34.4138	3013.22
1073	34.4538	3011.8
1074	34.4916	3010.95
1075	34.5338	3009.68
1076	34.5709	3009.01
1077	34.6087	3007.64
1078	34.6509	3007.58
1079	34.6898	3006.44
1080	34.7274	3005.94
1081	34.7696	3005.11
1082	34.8072	3003.92
1083	34.8467	3003.5
1084	34.8869	2997.47
1085	34.9236	2995.55
1086	34.9616	2995.54
1087	35.0006	2993.27
1088	35.039	2992.06
1089	35.0783	2991.6
1090	35.1155	2991.31
1091	35.1539	2989.81
1092	35.1938	2988.55
1093	35.234	2985.85
1094	35.2739	2985.67
1095	35.3152	2984.65
1096	35.3528	2984.47
1097	35.3907	2983.43
1098	35.4316	2983.33
1099	35.4702	2982.28
1100	35.5106	2981.28
1101	35.551	2979.78
1102	35.5896	2979.73
1103	35.6265	2979.26
1104	35.666	2979.16
1105	35.7034	2978.13
1106	35.7407	2936.42
1107	35.7858	2935.92
1108	35.8293	2935.78
1109	35.8705	2930.77
1110	35.908	2927.28
1111	35.9455	2926.98
1112	35.9867	2923.62
1113	36.0246	2923.51
1114	36.0638	2921.95
1115	36.1082	2921.61
1116	36.1458	2920.04
1117	36.1849	2920.03
1118	36.2247	2919.24
1119	36.2616	2916.59
1120	36.3006	2916.21
1121	36.3455	2914.99
1122	36.3837	2914.89
1124	36.4613	2914.87
1125	36.4997	2914.78
1126	36.5368	2911.86
1127	36.577	2911.37
1128	36.6202	2909.14
1129	36.661	2908.97
1130	36.698	2908.28
1131	36.7386	2908.21
1132	36.7759	2908.13
1133	36.8166	2907.99
1134	36.8557	2907.9
1135	36.8954	2907.71
1136	36.9417	2906.05
1137	36.9789	2905.84
1138	37.0176	2905.28
1139	37.0591	2904.27
1140	37.0963	2893.7
1141	37.1357	2891.2
1142	37.1776	2891.09
1143	37.2188	2890.38
1144	37.2556	2887.95
1145	37.2979	2887.82
1146	37.3346	2884.63
1147	37.3779	2882.78
1148	37.4177	2882.22
1149	37.4552	2881.48
1150	37.4985	2881.09
1151	37.5366	2880.59
1152	37.5745	2880.09
1153	37.6141	2879.54
1154	37.6529	2877.02
1155	37.69	2876.6
1156	37.7274	2876.41
1157	37.7695	2874.55
1158	37.8092	2873.54
1159	37.8476	2873.4
1160	37.889	2872.16
1161	37.9307	2871.22
1162	37.9682	2871.18
1163	38.0079	2870.75
1164	38.0451	2869.99
1165	38.0829	2869.54
1166	38.1228	2867.72
1167	38.1601	2867.21
1168	38.2041	2866.28
1169	38.2469	2865.06
1170	38.2849	2864.74
1171	38.3223	2864.65
1172	38.368	2864.6
1173	38.4075	2863.33
1174	38.4486	2863.16
1175	38.4861	2859.23
1176	38.5273	2859.23
1177	38.5653	2858.31
1178	38.6033	2857.89
1179	38.6455	2856.54
1180	38.6837	2855.8
1181	38.7223	2854.67
1182	38.7719	2850.73
1183	38.8439	2850.7
1184	38.9023	2850.59
1185	38.9788	2850.28
1186	39.0447	2849.44
1187	39.087	2848.97
1188	39.1242	2846.46
1189	39.1626	2846.31
1190	39.2053	2841.64
1191	39.2423	2840.83
1192	39.2869	2840.8
1193	39.3264	2840.79
1194	39.3645	2835.23
1195	39.4064	2833.49
1196	39.4456	2833.48
1197	39.4838	2831.84
1198	39.526	2830.98
1199	39.5668	2830.93
1200	39.6045	2830.6
1201	39.6454	2830.54
1202	39.6865	2830.29
1203	39.7259	2829.33
1205	39.807	2828.72
1206	39.8449	2828.57
1207	39.8855	2826.18
1208	39.9282	2825.81
1209	39.9668	2825.03
1210	40.0066	2823.06
1211	40.0489	2820.21
1213	40.1258	2820.03
1214	40.1686	2819.17
1215	40.2062	2819.03
1216	40.2447	2818.78
1217	40.2863	2817.01
1218	40.327	2816.94
1219	40.3662	2815.82
1220	40.4063	2815.41
1221	40.4463	2815.02
1223	40.5267	2813.19
1224	40.567	2813.08
1225	40.611	2809.87
1226	40.649	2809.8
1227	40.687	2808.07
1228	40.7284	2805.74
1229	40.7662	2804.46
1230	40.8083	2804.45
1231	40.8456	2803.85
1232	40.8851	2803.7
1233	40.9281	2803.49
1234	40.9681	2801.55
1235	41.0066	2801.21
1236	41.0461	2798.91
1237	41.0876	2793.11
1238	41.1257	2790.72
1239	41.1654	2790.5
1240	41.2058	2786.49
1241	41.2437	2786.21
1242	41.3084	2784.19
1243	41.3465	2783.64
1244	41.3881	2783.52
1245	41.43	2783.2
1246	41.4687	2782.33
1247	41.5091	2781.94
1248	41.5508	2781.56
1249	41.5885	2780.97
1250	41.6305	2780.9
1251	41.6702	2776.45
1252	41.7127	2772.36
1253	41.755	2772.06
1254	41.7934	2771.13
1255	41.8355	2770.67
1256	41.8743	2766.49
1257	41.9122	2765.34
1258	41.9522	2764.43
1259	41.9986	2764.28
1260	42.0386	2762.25
1261	42.0779	2761.7
1262	42.1162	2761.39
1264	42.1958	2761.31
1265	42.2338	2760.07
1266	42.2761	2758.68
1267	42.3172	2758.47
1268	42.3556	2758.26
1269	42.4008	2757.97
1270	42.4386	2757.3
1271	42.481	2756.83
1272	42.5191	2756.5
1273	42.5566	2755.12
1274	42.5989	2753.03
1275	42.6369	2752.61
1276	42.6811	2750.74
1277	42.7232	2750.37
1278	42.7631	2750.12
1279	42.8017	2749.81
1280	42.8445	2746.38
1281	42.8871	2746.19
1282	42.9244	2744.03
1283	42.975	2743.97
1284	43.0191	2743.87
1285	43.0584	2740.54
1286	43.0979	2740.02
1287	43.1363	2739.61
1288	43.1739	2739.29
1289	43.2154	2738.03
1290	43.2615	2737.59
1291	43.3022	2737.16
1293	43.3831	2736.9
1294	43.421	2736.33
1295	43.4607	2736.11
1296	43.5036	2735.37
1297	43.5431	2735.32
1298	43.5843	2731.66
1299	43.6226	2725.62
1300	43.6625	2721.18
1301	43.7011	2720.97
1302	43.7389	2716.99
1303	43.7769	2716.66
1304	43.8172	2714.36
1305	43.8547	2710.33
1306	43.8959	2710.32
1307	43.9352	2710.09
1308	43.9725	2709.61
1309	44.0144	2709.46
1310	44.0529	2708.53
1311	44.0926	2707.26
1312	44.1319	2706.58
1313	44.1693	2706.43
1314	44.2095	2705.6
1315	44.2481	2704.75
1316	44.2916	2703.97
1317	44.3303	2703.05
1318	44.3684	2702.7
1319	44.4058	2700.25
1320	44.4475	2700.1
1321	44.4905	2698.7
1322	44.529	2697.23
1323	44.5666	2697.17
1324	44.6051	2696.62
1325	44.6441	2691.11
1326	44.6829	2690.96
1327	44.7229	2690.35
1328	44.7607	2683.04
1329	44.8022	2678.13
1330	44.8418	2678.11
1331	44.8818	2676.08
1332	44.9225	2674.33
1333	44.9615	2674.26
1334	45.0033	2674.17
1335	45.041	2674.02
1336	45.0837	2673.9
1337	45.1265	2673.31
1338	45.1646	2672.85
1339	45.2063	2668.63
1340	45.2438	2667.97
1342	45.3266	2664.98
1343	45.3672	2664.66
1344	45.4112	2660.99
1345	45.4515	2657.07
1346	45.4892	2657.03
1347	45.5313	2656.96
1348	45.569	2656.92
1349	45.6105	2652.65
1350	45.6481	2651.22
1351	45.6868	2647.74
1352	45.7305	2646.4
1353	45.7678	2644.61
1354	45.8071	2644.24
1355	45.8468	2643.1
1356	45.8858	2637.67
1359	46.007	2634.91
1360	46.0469	2633.24
1361	46.0845	2633.15
1362	46.1261	2633.08
1363	46.1638	2632.23
1364	46.2025	2632.18
1365	46.2454	2632.1
1366	46.2845	2631.05
1367	46.3268	2627.74
1368	46.3665	2627.27
1369	46.4042	2627.24
1370	46.4432	2627.21
1371	44.0041	2625.44
1372	44.0444	2624.35
1373	44.0853	2620.41
1375	44.1671	2619.7
1376	44.2051	2619.64
1377	44.2464	2619.54
1378	44.2873	2619.27
1379	44.3252	2614.49
1380	44.3688	2614.43
1381	44.4065	2614.37
1382	44.4458	2614.34
1383	44.4863	2613.6
1384	44.5246	2613.42
1385	44.5661	2612.15
1386	44.605	2612
1387	44.6433	2611.8
1388	44.683	2611.71
1389	44.7205	2611.24
1390	44.7597	2610.68
1391	44.801	2608.42
1392	44.8383	2607.41
1393	44.8783	2607.05
1394	44.9196	2607
1395	44.9589	2606.75
1396	44.9994	2606.7
1397	45.0394	2606.69
1398	45.0771	2604.63
1399	45.1172	2604.32
1400	45.1573	2604.15
1401	45.1984	2604.11
1402	45.2388	2603.98
1403	45.2791	2603.38
1404	45.3265	2603.14
1405	45.3642	2602.77
1406	45.4028	2602.72
1407	45.4408	2602.61
1408	45.4807	2599.13
1409	45.5206	2598.96
1410	45.5626	2598.9
1411	45.6056	2598.46
1412	45.6434	2598.45
1413	45.6829	2598.19
1414	45.7225	2597.44
1415	45.7604	2597.34
1416	45.8022	2597.28
1417	45.8402	2596.47
1418	45.878	2595.58
1419	45.9202	2595.29
1420	45.9589	2594.77
1421	46.0105	2594.24
1422	46.0555	2594.03
1423	46.1007	2593.77
1424	46.1438	2592.18
1425	46.185	2591.54
1427	46.2701	2590.94
1428	46.3113	2590.8
1429	46.3554	2590.79
1430	46.3938	2589.37
1431	46.435	2585.49
1432	46.4804	2583.67
1433	46.5184	2582.39
1434	46.5593	2582.18
1435	46.5976	2581.7
1436	46.6373	2581.47
1437	46.6767	2579.77
1438	46.7179	2579.1
1439	46.761	2578.6
1440	46.8044	2578.29
1441	46.8423	2577.52
1442	46.883	2577.5
1443	46.9222	2577.01
1444	46.96	2576.59
1445	47.0027	2575.85
1446	47.0399	2570.15
1447	47.0775	2570.09
1448	47.1191	2569.99
1449	47.1595	2568.82
1450	47.1983	2567.48
1451	47.243	2566.36
1452	47.2808	2566.05
1453	47.3188	2564.73
1454	47.3596	2564.65
1455	47.4016	2564.38
1456	47.4393	2563.92
1457	47.4808	2563.92
1458	47.5221	2563.75
1459	47.563	2562.8
1460	47.6048	2562.35
1461	47.6488	2561.94
1462	47.691	2561.29
1463	47.7314	2561.21
1464	47.7702	2561.21
1465	47.8177	2557.77
1466	47.8573	2555.68
1467	47.8955	2555.59
1468	47.9367	2553.55
1469	47.9772	2553
1470	48.0189	2552.3
1471	48.0564	2552.02
1472	48.0967	2551.91
1473	48.1376	2551.73
1474	48.177	2551.4
1475	48.2179	2551.15
1476	48.2561	2550.41
1477	48.2938	2550.36
1478	48.3347	2549.86
1479	48.3806	2549.24
1480	48.4201	2548.55
1481	48.4607	2546.81
1482	48.5012	2546.39
1483	48.5422	2545.9
1484	48.5803	2545.09
1485	48.6186	2545.01
1486	48.6598	2543.75
1487	48.6998	2542.75
1488	48.7389	2542.5
1489	48.779	2539.57
1490	48.8164	2539.4
1492	48.8961	2539.09
1493	48.9344	2538.58
1494	48.976	2537.14
1495	49.0148	2536.85
1496	49.0522	2536.45
1497	49.0927	2534.71
1498	49.1337	2534.34
1499	49.1722	2534.25
1500	49.2128	2533.42
1501	49.2516	2532.78
1502	49.291	2532.75
1503	49.3342	2532.36
1504	49.3748	2531.94
1505	49.4126	2531.76
1506	49.4533	2531.2
1507	49.4923	2531.07
1508	49.533	2530.57
1509	49.5727	2529.83
1510	49.6113	2528.9
1511	49.6515	2528.84
1512	49.6952	2528.81
1513	49.733	2528.76
1514	49.7707	2528.35
1515	49.8107	2525.97
1516	49.8504	2525.94
1517	49.8958	2525.6
1518	49.9374	2525.52
1519	49.9758	2524.63
1520	50.0181	2524.58
1521	50.0581	2523.09
1522	50.0991	2520.35
1523	50.1378	2520.34
1524	50.1839	2520.18
1525	50.2217	2520.16
1526	50.2599	2520.14
1527	50.3001	2520.01
1528	50.3409	2519.47
1529	50.381	2519.3
1530	50.4214	2517.53
1531	50.4592	2517.01
1532	50.4985	2516.96
1533	50.5412	2516.95
1534	50.5816	2512.68
1535	50.6195	2512.52
1536	50.6619	2512.51
1537	50.7012	2511.19
1538	50.7423	2511.1
1539	50.7843	2510.79
1540	50.8223	2510.56
1541	50.8623	2510.49
1542	50.9051	2510.4
1543	50.9471	2509.7
1545	51.0254	2509.35
1546	51.0687	2509.28
1547	51.1077	2507.63
1548	51.1487	2507.48
1549	51.1894	2507.05
1550	51.2309	2506.49
1551	51.2731	2505.81
1553	51.3528	2505.67
1554	51.3915	2505.43
1555	51.4324	2505.37
1556	51.4725	2504.89
1557	51.5118	2503.74
1558	51.557	2503.72
1559	51.5974	2503.7
1560	51.636	2503.33
1561	51.6763	2503.09
1563	51.7551	2502.66
1564	51.7988	2502.04
1565	51.8372	2499.47
1566	51.8792	2499.35
1567	51.9181	2498.63
1568	51.9572	2497.88
1569	52.0042	2497.49
1570	52.0467	2497.46
1571	52.0889	2497.17
1572	52.1293	2496.38
1573	52.1718	2496.33
1574	52.2124	2493.99
1575	52.2535	2493.85
1576	52.2942	2493.65
1577	52.3364	2492.71
1578	52.3783	2490.67
1579	52.4204	2490.56
1580	52.4633	2489.5
1581	52.5019	2489.06
1582	52.5399	2482.66
1583	52.5825	2482.16
1584	52.6227	2481.68
1585	52.6615	2480.92
1586	52.6994	2480.42
1587	52.7403	2480.21
1588	52.7804	2479.9
1589	52.8211	2479.43
1590	52.8639	2479.43
1591	52.9015	2476.49
1592	52.9442	2475.87
1593	52.982	2475.59
1594	53.0205	2475.35
1595	53.0605	2475.1
1596	53.1001	2471.56
1597	53.1426	2470.43
1598	53.1801	2463
1599	53.2189	2462.99
1600	53.2598	2462.95
1601	53.3021	2462.64
1602	53.3415	2462.51
1603	53.385	2462.12
1604	53.4246	2461.89
1605	53.4633	2460.78
1606	53.5091	2459.94
1607	53.5488	2459.8
1608	53.5864	2459.57
1609	53.6297	2459.31
1610	53.6679	2458.8
1611	53.708	2458.36
1612	53.7491	2458.2
1613	53.7894	2458.05
1614	53.8326	2455.82
1615	53.8731	2455.45
1616	53.9126	2452.78
1617	53.9554	2452.06
1618	53.9965	2451.32
1619	54.0344	2451.05
1620	54.0734	2448.68
1621	54.1165	2448.52
1622	54.1552	2446.68
1623	54.1968	2446.44
1624	54.2364	2446.43
1625	54.2742	2442.67
1626	54.3146	2442.3
1627	54.3533	2442.03
1629	54.4312	2441.13
1630	54.4705	2440.88
1631	54.5121	2440.6
1632	54.5512	2440.52
1633	54.5917	2440.43
1634	54.6339	2440.37
1635	54.672	2440.17
1636	54.7155	2439.87
1637	54.7541	2439.82
1638	54.7977	2436.28
1639	54.8372	2436.1
1640	54.8785	2435.72
1641	54.9198	2435.47
1642	54.9582	2434.28
1643	55.0019	2433.67
1644	55.0417	2431.75
1645	55.0815	2431.57
1646	55.1194	2431.57
1647	55.1578	2431.3
1648	55.2015	2431.1
1649	55.2414	2430.98
1650	55.2786	2430.64
1651	55.3187	2429.36
1652	55.3628	2428.79
1653	55.4002	2428.79
1655	55.4755	2428.48
1656	55.5156	2425.55
1657	55.5553	2424.29
1658	55.5993	2424.13
1659	55.6372	2422.24
1660	55.6768	2421.97
1661	55.7169	2418.48
1662	55.7548	2417.56
1663	55.7955	2417.48
1664	55.8332	2416.92
1665	55.8715	2415.76
1666	55.9115	2415.41
1667	55.9515	2415.05
1668	55.9894	2413.54
1669	56.0302	2409.08
1670	56.0716	2409.06
1671	56.1112	2408.42
1672	56.151	2407.7
1673	56.1911	2407.46
1674	56.2294	2406.88
1675	56.2712	2406.44
1676	56.312	2404.86
1677	56.3508	2404.75
1678	56.3975	2404.53
1679	56.4354	2399.89
1680	56.473	2399.26
1681	56.5143	2399.26
1682	56.5578	2395.82
1683	56.5957	2395.75
1684	56.637	2395.25
1685	56.6767	2391.7
1686	56.7188	2391.43
1687	56.7568	2391.39
1688	56.7961	2391.34
1689	56.8353	2389.56
1690	56.8729	2388.11
1691	56.9157	2387.78
1692	56.9541	2387.06
1693	56.9955	2384.82
1694	57.0337	2384.14
1695	57.0722	2383.81
1696	57.1177	2379.86
1698	57.2079	2379.85
1699	57.2513	2377.64
1700	57.2889	2376.41
1701	57.3341	2376.3
1702	57.3719	2376.25
1703	57.4119	2376.08
1704	57.4522	2376.07
1705	57.4928	2376.06
1706	57.5359	2375.7
1707	57.5755	2375.36
1708	57.6127	2374.97
1709	57.6508	2374.95
1710	57.6929	2374.92
1711	57.7306	2374.75
1712	57.7699	2374.59
1713	57.8132	2374.49
1714	57.8512	2374.49
1715	57.8914	2374.38
1717	57.9728	2373.7
1718	58.0111	2373.39
1719	58.0555	2370.77
1720	58.0934	2370.76
1721	58.144	2370.71
1722	58.203	2370.66
1723	58.2468	2368.64
1724	58.3071	2368.42
1725	58.3473	2367.7
1726	58.3882	2367.55
1727	58.4264	2367.46
1728	58.4692	2367.27
1729	58.5081	2366.8
1730	58.5461	2366.21
1731	58.5875	2364.58
1732	58.6256	2364.37
1733	58.6667	2364.3
1734	58.7068	2364.27
1735	58.7443	2363.99
1736	58.7859	2363.92
1737	58.8263	2363.91
1738	58.8709	2363.48
1739	58.9213	2363.45
1740	58.97	2363.43
1741	59.0129	2363.31
1742	59.0506	2363.12
1743	59.0926	2362.57
1744	59.1353	2362.28
1745	59.1764	2362.06
1746	59.215	2361.99
1747	59.2533	2361.82
1748	59.2946	2361.38
1749	59.3332	2361.23
1750	59.3756	2361.13
1751	59.4161	2361.01
1752	59.454	2360.95
1753	59.495	2360.84
1754	59.5379	2360.48
1755	59.5798	2360.43
1756	59.62	2360.2
1757	59.6606	2359.55
1758	59.7012	2359.42
1759	59.74	2359.14
1760	59.7814	2358.75
1761	59.8211	2358.45
1762	59.8609	2358.37
1763	59.9	2358.11
1764	59.9394	2357.85
1765	59.9804	2357.19
1766	60.0271	2357.19
1767	60.0647	2356.76
1768	60.1069	2356.4
1769	60.1446	2356.37
1770	60.1868	2354.05
1771	60.228	2349.46
1772	60.2658	2349.04
1773	60.3041	2347.72
1774	60.3469	2347.57
1775	60.3854	2347.25
1776	60.4264	2347.1
1777	60.4667	2347.05
1778	60.5116	2346.94
1779	60.5495	2346.85
1780	60.5881	2346.79
1781	60.6298	2346.08
1782	60.6677	2346.08
1783	60.7094	2345.89
1784	60.7503	2343.36
1785	60.7975	2342.92
1786	60.8358	2340.14
1787	60.8746	2339.71
1788	60.9166	2339.57
1789	60.9593	2338.85
1790	60.9993	2338.35
1792	61.0808	2338.32
1793	61.1194	2338.11
1794	61.1627	2338.1
1795	61.2014	2337.88
1796	61.2428	2337.48
1797	61.2869	2337.41
1798	61.3255	2337.28
1799	61.3661	2336.41
1800	61.4127	2336
1801	61.4545	2335.89
1802	61.4942	2335.12
1803	61.5392	2335.02
1804	61.5776	2335.01
1805	61.6186	2334.62
1806	61.6647	2320.8
1807	61.7054	2320.6
1808	61.7446	2316.69
1809	61.7867	2316.48
1810	61.8307	2314.78
1811	61.87	2314.64
1812	61.9155	2314.64
1813	61.9559	2314.6
1814	61.9963	2314.35
1815	62.0362	2314.23
1816	62.0779	2313.82
1818	62.1618	2311.31
1819	62.2007	2310.61
1820	62.2435	2307.98
1821	62.2826	2306.82
1822	62.3304	2306.62
1824	62.4091	2306.23
1825	62.4501	2306.04
1826	62.4933	2304.42
1827	62.5318	2303.93
1828	62.5749	2303.81
1829	62.6153	2303.03
1830	62.6537	2302.94
1831	62.6989	2301.31
1832	62.7384	2300.98
1833	62.7773	2300.6
1834	62.8199	2299.55
1835	62.8611	2299.35
1836	62.9037	2298.85
1837	62.942	2298.26
1838	62.985	2297.98
1839	63.0254	2297.94
1840	63.0642	2297.4
1841	63.1071	2296.88
1842	63.147	2296.85
1843	63.1881	2296.51
1844	63.2282	2296.01
1845	63.2671	2295.81
1846	63.3121	2295.03
1847	63.3517	2294.89
1848	63.3935	2294.34
1849	63.434	2293.68
1850	63.4755	2293.24
1851	63.5133	2293.21
1852	63.5521	2293.2
1853	63.5904	2293.17
1854	63.6338	2292.7
1855	63.6737	2291.18
1856	63.7135	2291.18
1857	63.7539	2290.62
1858	63.7928	2290.33
1859	63.833	2289.14
1860	63.8755	2288.96
1862	63.953	2287.22
1863	63.9979	2287.22
1864	64.037	2287.01
1865	64.0756	2286.94
1866	64.1206	2286.45
1867	64.1631	2286.44
1868	64.2042	2286.12
1869	64.2475	2285.95
1870	64.2899	2282.37
1871	64.3318	2282.01
1872	64.3752	2281.91
1873	64.4162	2281.9
1874	64.4545	2279.51
1875	64.4993	2279.4
1877	64.5764	2276.59
1878	64.6169	2276.51
1879	64.6595	2275.96
1880	64.7005	2275.94
1881	64.7431	2275.91
1882	64.7831	2275.29
1883	64.825	2274.89
1884	64.8704	2274.87
1885	64.9097	2274.6
1886	64.9516	2274.56
1887	64.9928	2273.25
1888	65.0314	2273.04
1889	65.0703	2272.82
1890	65.1132	2271.38
1891	65.1516	2270.83
1892	65.193	2270.79
1893	65.2324	2270.7
1894	65.2746	2270.21
1895	65.313	2270.2
1896	65.3511	2270.13
1897	65.3917	2269.83
1898	65.4304	2269.8
1900	65.5093	2268.58
1901	65.5514	2268.5
1903	65.6297	2268.23
1904	65.6746	2268.21
1905	65.7163	2266.56
1906	65.7586	2266.38
1907	65.7976	2266.17
1908	65.8436	2264.59
1909	65.8833	2264.1
1910	65.9217	2264.08
1911	65.965	2263.9
1912	66.0043	2263.78
1913	66.0462	2263.43
1914	66.0856	2263.28
1915	66.1273	2263.16
1916	66.1656	2262.99
1917	66.2056	2261.31
1918	66.2455	2259.57
1919	66.2843	2259.46
1920	66.3303	2259.1
1921	66.3712	2258.99
1922	66.4117	2258.62
1923	66.4503	2258.21
1924	66.4913	2258.04
1925	66.5302	2257.76
1926	66.5705	2257.51
1927	66.6092	2257.21
1928	66.6533	2257.18
1929	66.6982	2256.44
1930	66.7408	2256.36
1931	66.7796	2254.63
1932	66.8185	2254.03
1933	66.8578	2253.68
1934	66.9013	2252.18
1935	66.9416	2250.77
1936	66.9806	2250.19
1937	67.0211	2250.04
1938	67.0651	2247.95
1939	67.1035	2247.85
1940	67.1467	2245.33
1941	67.185	2245.05
1942	67.2247	2244.95
1943	67.2633	2244.24
1944	67.3044	2244.19
1945	67.3428	2244.01
1946	67.3831	2243.26
1947	67.4272	2243.14
1949	67.5048	2243.02
1950	67.5467	2242.66
1951	67.5875	2241.94
1953	67.6665	2241.84
1954	67.7051	2240.06
1955	67.7461	2238.92
1956	67.7899	2236
1957	67.8296	2235.78
1958	67.8725	2235.66
1959	67.9112	2235.49
1960	67.9501	2234.48
1961	67.992	2234.24
1962	68.03	2233.35
1963	68.0716	2233.32
1965	68.1529	2232.96
1966	68.1911	2232.81
1967	68.2295	2232.72
1969	68.3146	2232
1970	68.3543	2231.84
1971	68.3984	2231.76
1973	68.4803	2231.61
1974	68.5217	2231.59
1975	68.564	2231.32
1976	68.6033	2231.18
1977	68.6455	2231.15
1978	68.6886	2230.16
1980	68.7705	2230.11
1981	68.813	2229.94
1982	68.8536	2228.92
1983	68.8948	2227.39
1984	68.9333	2226.22
1985	68.9728	2226.12
1987	69.0539	2225.99
1988	69.0967	2225.81
1990	69.1752	2225.77
1991	69.2158	2225
1992	69.2578	2224.59
1993	69.2963	2224.24
1995	69.3766	2221.55
1996	69.4193	2219.21
1997	69.4575	2218.39
1999	69.5399	2218.32
2000	69.5792	2218.3
2001	69.6197	2218
2002	69.6587	2216.54
2003	69.6979	2216.41
2004	69.7396	2216.29
2005	69.7781	2215.63
2006	69.8193	2215.37
2007	69.8595	2214.32
2008	69.8979	2201.52
2009	69.9381	2200.4
2011	70.0146	2199.89
2012	70.0537	2199.31
2013	70.0991	2199.26
2014	70.1373	2199.07
2015	70.179	2198.89
2016	70.2185	2198.63
2017	70.2592	2198.18
2018	70.3008	2198.08
2019	70.34	2195.2
2020	70.3815	2194.54
2021	70.4214	2194.51
2022	70.4615	2193.08
2023	70.5003	2193.06
2024	70.5406	2192.79
2025	70.5806	2190.38
2026	70.6191	2190.3
2027	70.6614	2190.14
2028	70.7023	2190.11
2029	70.7411	2189.15
2030	70.7826	2188.95
2031	70.8212	2188.77
2032	70.8612	2188.39
2033	70.9025	2186.73
2034	70.9456	2186.56
2035	70.9849	2186.33
2036	71.0251	2183.59
2038	71.1028	2183.59
2039	71.1437	2178.23
2040	71.1837	2177.05
2042	71.2646	2177.01
2043	71.303	2176.86
2044	71.3418	2176.83
2045	71.3839	2176.81
2046	71.423	2176.55
2047	71.4666	2176.37
2048	71.5058	2175.99
2049	71.5481	2175.98
2050	71.5913	2175.95
2051	71.6307	2175.74
2052	71.6706	2175.54
2053	71.7092	2175.41
2054	71.7495	2175.39
2055	71.7906	2175.32
2057	71.8726	2174.27
2058	71.9138	2173.49
2059	71.9522	2173.1
2060	71.9927	2173.08
2061	72.0348	2173.05
2062	72.0759	2172.99
2063	72.1143	2170.16
2064	72.1579	2170.04
2065	72.1983	2169.87
2066	72.2363	2169.26
2067	72.2775	2169.19
2068	72.3224	2169.11
2069	72.3605	2168.72
2070	72.4009	2168.26
2071	72.4468	2167.98
2072	72.487	2167.74
2073	72.527	2167.66
2074	72.5672	2167.35
2075	72.6078	2167.03
2076	72.6494	2167.03
2077	72.6931	2167.01
2078	72.7927	2166.68
2079	72.8349	2166.64
2080	72.8768	2166.63
2081	72.9159	2166.5
2083	72.9992	2166.28
2084	73.0417	2166.19
2085	73.0808	2166
2086	73.1222	2165.97
2087	73.1606	2165.84
2088	73.1991	2165.55
2089	73.239	2165.34
2090	73.2799	2164.68
2091	73.3216	2164.03
2092	73.3613	2164.02
2093	73.4007	2163.27
2094	73.443	2162.39
2095	73.4849	2162.29
2096	73.5245	2162.27
2097	73.5649	2161.91
2098	73.6072	2161.8
2099	73.647	2161.61
2100	73.6896	2161.4
2101	73.7318	2161.24
2102	73.7744	2161.19
2103	73.8152	2161.18
2104	73.8585	2161.09
2105	73.8975	2160.86
2106	73.9367	2160.84
2107	73.9793	2160.64
2108	74.0182	2160.64
2110	74.0983	2159.38
2111	74.1391	2158.53
2112	74.1779	2157.74
2113	74.2177	2156.63
2114	74.258	2156.5
2115	74.2968	2156.32
2116	74.3401	2154.51
2117	74.3813	2154.36
2118	74.42	2154.29
2119	74.4587	2154.19
2120	74.5048	2154.16
2121	74.546	2151.89
2122	74.5873	2151.88
2123	74.6281	2151.82
2124	74.6676	2151.5
2125	74.7136	2151.18
2126	74.7536	2149.26
2127	74.7939	2149.07
2128	74.8349	2148.96
2129	74.8749	2148.94
2130	74.9132	2148.68
2131	74.9527	2148.5
2132	74.9987	2148.48
2133	75.0373	2147.49
2134	75.079	2147.48
2135	75.1175	2147.24
2136	75.1585	2147.2
2137	75.1988	2147.19
2138	75.238	2147.09
2139	75.2841	2146.48
2140	75.3244	2146.2
2141	75.3629	2145.4
2142	75.4061	2144.66
2144	75.4884	2144.52
2145	75.5265	2144.36
2146	75.5683	2143.59
2147	75.6068	2143.57
2148	75.648	2139.86
2149	75.6896	2139.62
2150	75.7358	2139.16
2151	75.774	2139.1
2152	75.8159	2139.1
2153	75.8543	2139.06
2154	75.895	2138.85
2155	75.9381	2138.71
2158	76.0622	2138.16
2159	76.1005	2137.34
2160	76.1403	2137.14
2161	76.1822	2136.59
2162	73.7406	2136.27
2163	73.7809	2135.94
2164	73.8208	2135.51
2165	73.8637	2135.46
2166	73.9034	2134.56
2167	73.9425	2134.29
2168	73.9887	2134.22
2169	74.0278	2134.15
2170	74.0662	2134.13
2171	74.1094	2133.19
2172	74.1525	2133.01
2173	74.191	2132.63
2174	74.2322	2131.88
2175	74.2725	2131.71
2176	74.3149	2131.59
2177	74.3537	2130.29
2178	74.3925	2130
2179	74.4354	2129.99
2180	74.4778	2128.73
2181	74.516	2128.31
2182	74.5602	2128.11
2183	74.5986	2127.88
2184	74.6397	2127.32
2185	74.679	2127.22
2186	74.7217	2127.01
2187	74.7631	2126.92
2188	74.8011	2126.62
2189	74.8391	2126.22
2190	74.8792	2125.98
2191	74.9186	2125.97
2192	74.9625	2125.93
2193	75.0044	2125.92
2194	75.0468	2125.77
2195	75.0854	2125.17
2196	75.1276	2125.15
2197	75.1691	2124.61
2198	75.2097	2124.24
2199	75.252	2122.92
2200	75.2932	2122.78
2202	75.375	2121.7
2204	75.4558	2121.52
2205	75.4958	2121.51
2206	75.5396	2121.47
2207	75.5777	2121.46
2208	75.6195	2121.16
2209	75.6648	2121.09
2210	75.7028	2118.37
2211	75.7438	2118.29
2212	75.784	2117.79
2213	75.8251	2117.78
2214	75.866	2116.04
2215	75.9044	2115.99
2216	75.9435	2115.99
2217	75.9833	2115.19
2218	76.026	2115.16
2219	76.0663	2114.99
2221	76.1499	2114.97
2222	76.1907	2114.88
2223	76.2312	2114.64
2224	76.2696	2114.6
2225	76.3137	2114.39
2226	76.3529	2114.38
2227	76.394	2113.45
2228	76.4353	2113.35
2229	76.4755	2113.24
2230	76.5165	2112.77
2231	76.5541	2112.41
2232	76.5934	2112.37
2233	76.6341	2112.33
2234	76.6752	2112.32
2235	76.7176	2112.31
2236	76.7555	2112.28
2237	76.796	2111.5
2238	76.8347	2111.15
2239	76.8731	2111.08
2240	76.9152	2110.88
2241	76.956	2110.08
2242	76.9981	2110.08
2244	77.0797	2109.87
2245	77.1204	2109.27
2246	77.1628	2108.9
2247	77.201	2108.79
2248	77.2413	2108.15
2249	77.2835	2108.01
2250	77.3239	2108
2253	77.444	2106.35
2254	77.4873	2106.25
2255	77.5264	2105.85
2256	77.565	2105.58
2257	77.6073	2104.47
2258	77.6469	2103.79
2259	77.6914	2103.72
2260	77.7336	2103.48
2261	77.7795	2103.46
2262	77.8174	2102.96
2263	77.8563	2102.63
2264	77.9004	2101.72
2265	77.9393	2101.42
2266	77.9806	2101.14
2267	78.0221	2101.12
2268	78.0608	2101.07
2269	78.1025	2100.5
2270	78.1447	2100.49
2271	78.1855	2099.6
2272	78.2244	2099.45
2273	78.2686	2099.32
2275	78.3458	2099.08
2276	78.385	2098.55
2277	78.4242	2098.35
2278	78.4674	2098.09
2279	78.5078	2098.01
2280	78.5537	2097.88
2281	78.5958	2097.62
2282	78.6345	2097.57
2283	78.6732	2097.31
2284	78.7172	2097.28
2285	78.7561	2097.16
2286	78.7948	2096.57
2287	78.8411	2096.27
2288	78.8833	2096.2
2289	78.9234	2096.09
2290	78.9621	2095.83
2291	79.0062	2095.64
2292	79.0487	2095.61
2293	79.0872	2095.46
2294	79.1322	2094.81
2295	79.1728	2094.26
2296	79.2138	2093.57
2297	79.2561	2093.42
2298	79.295	2093.32
2299	79.3354	2093.21
2300	79.3758	2092.69
2301	79.4142	2092.64
2302	79.4567	2091.74
2303	79.4948	2091.74
2304	79.5332	2091.71
2305	79.5746	2091.15
2306	79.6169	2091.03
2307	79.6562	2090.91
2309	79.7382	2090.26
2310	79.7807	2090.04
2312	79.8583	2090.03
2313	79.9014	2089.81
2315	79.9831	2088.55
2316	80.0264	2088.41
2317	80.0647	2088.4
2318	80.1076	2087.49
2319	80.1508	2087.43
2320	80.1899	2087.37
2321	80.2329	2087.24
2322	80.2734	2086.48
2323	80.3162	2086.09
2324	80.3573	2085.14
2325	80.3958	2085.1
2327	80.4749	2084.95
2328	80.5156	2084.46
2330	80.5992	2083.14
2331	80.6401	2082.45
2332	80.6791	2082.13
2333	80.7199	2080.93
2334	80.7664	2080.79
2335	80.8049	2080.45
2336	80.8449	2079.95
2337	80.8901	2079.53
2338	80.9291	2079.39
2339	80.9721	2079.38
2340	81.013	2079.34
2341	81.0514	2079.12
2342	81.0898	2077.78
2343	81.1356	2077.66
2344	81.1781	2077.31
2345	81.2219	2077.06
2346	81.2611	2076.84
2347	81.3026	2076.67
2348	81.3438	2075.78
2349	81.3822	2075.18
2351	81.4633	2074.72
2352	81.5029	2074.31
2353	81.5489	2074.27
2354	81.5894	2074.12
2355	81.6278	2073.77
2356	81.6685	2073.63
2357	81.7108	2073.55
2358	81.7523	2073.33
2359	81.7947	2071.74
2360	81.8365	2071.48
2361	81.8748	2071.48
2362	81.9146	2070.61
2363	81.957	2069.92
2364	81.9973	2069.84
2365	82.0394	2067.62
2366	82.082	2067.58
2367	82.124	2067.48
2368	82.1636	2067.45
2369	82.2065	2066.38
2370	82.2453	2066.05
2371	82.2838	2065.85
2372	82.326	2065.53
2373	82.3685	2063.73
2374	82.4066	2063.58
2375	82.4464	2063.37
2376	82.4875	2061.61
2379	82.6087	2061.07
2380	82.6475	2060.12
2381	82.6889	2060.03
2382	82.73	2060
2383	82.7705	2059.85
2384	82.8092	2059.82
2385	82.8522	2059.81
2386	82.8939	2059.55
2387	82.9422	2059.43
2388	82.9914	2059.25
2389	83.0345	2059.23
2390	83.0822	2059.19
2391	83.1369	2058.54
2392	83.1768	2058.42
2393	83.2168	2058.24
2395	83.3012	2058.17
2396	83.3414	2058.1
2397	83.3837	2058.07
2398	83.4239	2056.98
2399	83.4646	2056.25
2400	83.5042	2056.19
2401	83.5457	2056.17
2402	83.5864	2055.98
2403	83.6272	2054.96
2404	83.6692	2054.92
2405	83.7088	2054.8
2406	83.7505	2054.53
2407	83.7938	2054.47
2408	83.8333	2054.32
2409	83.8775	2053.98
2410	83.9175	2053.69
2411	83.956	2053.48
2412	83.9951	2053.43
2413	84.0372	2052.4
2414	84.0789	2052.38
2415	84.1182	2052.14
2416	84.1567	2052.08
2417	84.198	2052.06
2418	84.2367	2051.85
2419	84.2779	2051.82
2420	84.3196	2051.81
2421	84.3588	2051.74
2422	84.4009	2051.73
2424	84.4795	2051.66
2425	84.5216	2051.56
2426	84.5614	2051.5
2427	84.6035	2051.41
2428	84.6436	2051.24
2429	84.682	2051.09
2430	84.7292	2050.95
2431	84.7708	2050.84
2432	84.8094	2050.7
2433	84.8528	2050.66
2434	84.8926	2050.44
2435	84.9312	2050.38
2436	84.9716	2050.37
2437	85.0136	2050.11
2438	85.0548	2050.03
2439	85.0939	2049.92
2440	85.1356	2049.84
2441	85.1803	2049.63
2442	85.2209	2049.57
2443	85.2596	2049.55
2444	85.3006	2049.5
2445	85.3401	2049.26
2446	85.3787	2049.25
2447	85.4184	2049.08
2450	85.5377	2048.77
2451	85.5832	2048.22
2452	85.6287	2047.56
2453	85.6675	2046.95
2454	85.7061	2046.88
2455	85.7466	2046.79
2456	85.7855	2046.64
2458	85.8686	2046.57
2459	85.9106	2046.5
2460	85.95	2046.5
2461	85.9911	2042.1
2462	86.0325	2042.09
2463	86.0724	2042.06
2464	86.1125	2041.96
2465	86.1555	2041.67
2466	86.2195	2040.16
2467	86.2604	2040.04
2468	86.3016	2040.01
2469	86.3428	2039.99
2470	86.3825	2039.83
2471	86.4238	2039.78
2472	86.4667	2039.73
2473	86.506	2039.67
2474	86.5503	2039.38
2475	86.589	2039.25
2476	86.6297	2039.14
2477	86.6689	2039.12
2478	86.7116	2039.08
2479	86.7542	2038.8
2480	86.7934	2038.13
2481	86.8351	2036.99
2482	86.8738	2036.53
2485	86.9932	2036.41
2486	87.0325	2035.53
2487	87.0771	2035.45
2488	87.1162	2031.36
2489	87.1548	2031.24
2490	87.1971	2030.84
2491	87.2378	2030.79
2493	87.3207	2030.54
2494	87.3608	2030.36
2495	87.4027	2030.27
2496	87.4422	2030.25
2497	87.4803	2030.24
2498	87.5244	2029.73
2499	87.5646	2029.14
2500	87.605	2029.14
2501	87.6455	2028.84
2502	87.6855	2028.74
2503	87.7242	2028.64
2504	87.7646	2028.43
2505	87.8055	2028.41
2506	87.8444	2027.93
2507	87.8874	2027.81
2508	87.9298	2027.76
2509	87.9709	2027.71
2511	88.0524	2027.64
2512	88.0932	2027.28
2513	88.1356	2026.99
2514	88.1744	2026.66
2515	88.2166	2026.65
2516	88.2561	2026.3
2517	88.2967	2026.06
2518	88.3377	2025.81
2519	88.3768	2025.8
2520	88.4197	2025.67
2521	88.4584	2025.4
2522	88.5026	2025.05
2523	88.5433	2024.74
2524	88.582	2024.29
2526	88.6657	2024.25
2527	88.7051	2024.17
2528	88.7462	2024.03
2529	88.7862	2023.7
2530	88.828	2023.51
2532	88.9103	2023.5
2533	88.9511	2023.49
2534	88.9935	2023.35
2535	89.034	2022.16
2536	89.073	2022.15
2537	89.1154	2021.76
2538	89.1559	2020.54
2539	89.1972	2019.76
2540	89.236	2019.42
2542	89.3192	2018.2
2544	89.402	2018.01
2545	89.4412	2018
2546	89.4801	2017.96
2547	89.5219	2017.95
2548	89.5661	2017.9
2549	89.6047	2017.84
2550	89.6447	2016.99
2551	89.6861	2016.83
2552	89.7245	2016.79
2553	89.7659	2016.78
2554	89.8041	2015.64
2557	89.928	2015.14
2558	89.9676	2015.14
2559	90.0065	2014.8
2560	90.047	2014.78
2561	90.0868	2014.78
2562	90.126	2014.75
2563	90.1668	2014.51
2565	90.2453	2014.4
2566	90.2889	2014.38
2567	90.3301	2013.44
2568	90.3698	2013.39
2569	90.4119	2013.36
2570	90.4513	2012.88
2571	90.4925	2012.81
2572	90.5349	2012.77
2573	90.5751	2012.61
2574	90.617	2012.58
2575	90.6565	2012.54
2576	90.6963	2012.53
2577	90.7386	2012.08
2578	90.7775	2012.04
2579	90.8174	2011.75
2580	90.8593	2011.35
2581	90.9007	2010.36
2583	90.9824	2010.12
2584	91.0214	2010.04
2585	91.0609	2009.77
2586	91.1059	2009.68
2588	91.1869	2009.24
2589	91.2283	2009.2
2590	91.2683	2009.18
2591	91.3107	2009.08
2592	91.3521	2009.06
2593	91.3924	2008.79
2594	91.4424	2008.76
2595	91.4839	2007.85
2596	91.5247	2007.67
2597	91.5653	2007.01
2598	91.6067	2006.21
2599	91.648	2006.2
2600	91.6903	2005.91
2601	91.7291	2005.85
2602	91.7706	2005.71
2603	91.8126	2005.39
2604	91.8512	2004.75
2605	91.8935	2004.53
2606	91.9329	2004.48
2607	91.9733	2003.18
2608	92.0148	2003.18
2609	92.0527	2002.75
2610	92.0958	2002.75
2611	92.1346	2002.22
2612	92.1736	2002.07
2613	92.2129	2001.96
2615	92.2962	2001.8
2616	92.335	2001.53
2617	92.3758	2001.45
2618	92.4177	2001.27
2619	92.4567	2001.15
2620	92.497	2001.03
2621	92.5356	2000.99
2622	92.5766	2000.93
2623	92.6204	2000.89
2624	92.6595	2000.87
2625	92.7029	2000.81
2626	92.746	1999.93
2627	92.7876	1999.79
2628	92.8287	1999.69
2629	92.8683	1999.49
2630	92.9107	1997.82
2631	92.9531	1997.26
2632	92.9923	1997.25
2633	93.0373	1997.16
2634	93.0789	1996.74
2635	93.1187	1996.48
2636	93.1632	1996.06
2637	93.2028	1995.98
2638	93.2417	1995.72
2639	93.2868	1995.63
2641	93.3672	1995.5
2642	93.407	1995.02
2643	93.4517	1995.01
2644	93.4919	1995
2645	93.5305	1994.89
2646	93.5748	1994.8
2648	93.6535	1994.75
2649	93.6999	1994.21
2650	93.7432	1994.21
2651	93.7834	1994.01
2655	93.9467	1993.96
2656	93.9866	1993.9
2658	94.0711	1993.54
2659	94.1099	1993.5
2660	94.1499	1993.49
2661	94.1925	1993.27
2662	94.2329	1992.82
2663	94.2719	1992.71
2664	94.3106	1991.87
2667	94.4325	1991.79
2668	94.4713	1991.51
2669	94.512	1991.46
2670	94.551	1991.38
2671	94.5918	1990.94
2672	94.6337	1990.75
2673	94.6718	1990.27
2675	94.7542	1990.06
2676	94.7926	1987.54
2677	94.8347	1987.43
2678	94.8758	1987.32
2679	94.9207	1987.29
2680	94.9606	1987.28
2681	95.0016	1987.16
2682	95.0434	1986.18
2683	95.0837	1986.1
2684	95.1265	1986.01
2685	95.167	1985.71
2686	95.2062	1985.5
2687	95.2474	1985.47
2688	95.2897	1984.76
2689	95.329	1984.3
2691	95.4135	1981.48
2692	95.4538	1981.13
2693	95.4988	1981.12
2694	95.5413	1981.03
2695	95.5821	1980.95
2696	95.6229	1980.91
2697	95.6617	1980.46
2698	95.7036	1980.27
2699	95.7444	1979.07
2700	95.7833	1978.85
2701	95.8246	1978.81
2702	95.8643	1978.11
2703	95.9058	1978.04
2704	95.9484	1977.45
2705	95.9932	1975.98
2707	96.074	1975.89
2708	96.1157	1975.87
2709	96.1571	1974.84
2710	96.1958	1974.18
2711	96.2352	1974.12
2712	96.2761	1973.75
2713	96.3155	1972.66
2714	96.361	1972.53
2715	96.3994	1972.38
2716	96.4445	1971.27
2717	96.486	1971.21
2718	96.5246	1971.21
2719	96.563	1970.58
2720	96.6062	1969.97
2721	96.6452	1969.95
2722	96.6848	1969.9
2723	96.7261	1969.79
2724	96.7648	1969.75
2725	96.8057	1969.74
2726	96.8445	1969.55
2727	96.8832	1969.44
2728	96.9257	1969.21
2729	96.9659	1969.21
2730	97.0073	1969.21
2731	97.0471	1968.92
2732	97.0869	1968.76
2733	97.1275	1968.54
2735	97.2093	1966.79
2736	97.2478	1966.66
2737	97.2866	1966.6
2738	97.3281	1965.92
2739	97.3685	1965.71
2740	97.4072	1965.11
2741	97.4486	1965.1
2742	97.4923	1965.09
2743	97.5329	1963.96
2744	97.573	1963.95
2745	97.6118	1963.92
2746	97.6543	1963.59
2747	97.6932	1963.49
2749	97.7735	1963.12
2750	97.8177	1962.89
2751	97.8571	1962.76
2752	97.8959	1962.7
2753	97.9375	1962.46
2754	97.9757	1962.45
2755	98.0205	1962.23
2756	98.0616	1962.22
2757	98.1004	1961.83
2758	98.1413	1961.67
2759	98.183	1961.67
2760	98.2223	1961.66
2761	98.2643	1961.51
2762	98.3055	1961.32
2763	98.346	1961.29
2764	98.3867	1961.23
2765	98.4254	1961.14
2766	98.468	1961.02
2767	98.5078	1960.91
2768	98.547	1960.78
2769	98.5883	1960.65
2770	98.628	1960.6
2771	98.6686	1960.54
2772	98.7111	1960.49
2773	98.7514	1960.2
2774	98.7923	1960.19
2775	98.8345	1960.15
2777	98.9134	1959.92
2778	98.9542	1959.92
2779	98.9952	1959.82
2780	99.0359	1959.78
2781	99.0751	1959.68
2782	99.1182	1959.63
2783	99.1583	1959.6
2784	99.1984	1959.55
2785	99.2404	1959.47
2786	99.2807	1959.46
2787	99.3245	1959.31
2788	99.3634	1959.05
2789	99.403	1959.03
2790	99.4465	1958.76
2791	99.4855	1958.26
2792	99.525	1957.87
2793	99.5689	1957.18
2794	99.6102	1957.09
2795	99.649	1957.02
2798	99.77	1956.97
2799	99.81	1956.91
2800	99.8548	1956.91
2801	99.8978	1956.61
2802	99.9374	1956.6
2803	99.977	1956.44
2805	100.058	1956.22
2806	100.101	1955.06
2807	100.144	1954.92
2809	100.225	1954.91
2810	100.264	1954.86
2811	100.304	1954.83
2812	100.351	1954.78
2813	100.391	1954.7
2814	100.432	1954.65
2815	100.472	1954.63
2816	100.515	1954.61
2817	100.557	1954.53
2818	100.597	1954.47
2819	100.639	1954.27
2820	100.682	1953.43
2821	100.721	1953.26
2822	100.763	1953.13
2823	100.802	1953.11
2824	100.844	1953
2825	100.887	1952.8
2826	100.927	1952.41
2827	100.968	1952.3
2828	101.009	1950.26
2829	101.047	1950.16
2830	101.09	1949.89
2831	101.13	1949.85
2832	101.169	1949.77
2833	101.213	1949.65
2834	101.252	1949.53
2835	101.294	1949.38
2837	101.374	1949.35
2838	101.417	1949.11
2839	101.458	1948.4
2840	101.5	1948.2
2841	101.544	1947.91
2842	101.584	1947.7
2843	101.623	1947.7
2844	101.669	1947.63
2845	101.712	1947.49
2846	101.752	1947.15
2848	101.836	1947.1
2850	101.916	1947.08
2851	101.959	1946.88
2852	102	1946.71
2853	102.039	1946.45
2854	102.081	1946.12
2856	102.162	1945.13
2857	102.208	1945.03
2858	102.251	1944.8
2860	102.334	1944.72
2861	102.373	1944.58
2862	102.414	1944.47
2863	102.457	1944.21
2864	102.496	1943.99
2866	102.579	1943.84
2867	102.619	1943.77
2868	102.658	1943.66
2869	102.699	1943.48
2871	102.781	1943.15
2872	102.823	1943
2874	102.905	1942.93
2875	102.95	1942.76
2876	102.991	1942.76
2877	103.031	1942.5
2878	103.073	1942.26
2879	103.115	1941.67
2880	103.154	1941.32
2882	103.238	1941.01
2884	103.319	1940.39
2885	103.362	1940.36
2886	103.401	1940.32
2887	103.442	1940.32
2888	103.487	1940.27
2889	103.526	1940.23
2890	103.569	1939.01
2892	103.655	1938.95
2893	103.698	1938.95
2894	103.739	1938.45
2895	103.782	1938.42
2897	103.865	1938.06
2898	103.908	1938.03
2899	103.948	1937.92
2900	103.987	1937.92
2901	104.033	1937.9
2902	104.072	1937.9
2903	104.111	1937.72
2905	104.2	1937.61
2906	104.242	1937.58
2907	104.282	1936.94
2910	104.403	1936.46
2911	104.444	1936.43
2912	104.484	1936.42
2913	104.529	1936.05
2914	104.573	1936.04
2915	104.617	1936.03
2916	104.656	1936.02
2917	104.701	1935.41
2918	104.744	1935.4
2919	104.783	1935.37
2920	104.827	1935.1
2921	104.867	1934.2
2924	104.989	1934.07
2926	105.069	1933.94
2927	105.113	1933.89
2928	105.155	1932.09
2929	105.194	1932.08
2930	105.233	1932.07
2931	105.274	1932.05
2933	105.356	1931.79
2935	105.439	1931.31
2936	105.478	1931.26
2937	105.518	1931.04
2938	105.563	1930.65
2939	105.602	1930.6
2940	105.643	1930.49
2942	105.719	1930.41
2943	105.763	1930.17
2944	105.803	1929.89
2945	105.845	1929.71
2947	105.929	1929.65
2948	103.5	1928.96
2949	103.539	1928.57
2950	103.582	1928.55
2951	103.62	1928.45
2952	103.66	1928.1
2953	103.702	1928
2955	103.783	1927.87
2956	103.822	1927.78
2957	103.863	1927.62
2958	103.902	1927.54
2959	103.944	1927.43
2960	103.984	1927.32
2962	104.067	1927.23
2963	104.106	1926.87
2964	104.147	1926.86
2965	104.187	1926.79
2966	104.228	1926.29
2967	104.271	1926.03
2968	104.312	1925.74
2969	104.354	1925.58
2970	104.396	1924.76
2971	104.435	1924.62
2973	104.519	1924.48
2974	104.558	1924.19
2975	104.598	1924.06
2976	104.643	1923.62
2977	104.684	1923.55
2978	104.724	1923.35
2979	104.763	1922.35
2980	104.808	1921.86
2981	104.848	1921.75
2982	104.887	1921.31
2983	104.933	1921.22
2984	104.971	1921.22
2986	105.054	1921.14
2988	105.136	1921.09
2989	105.178	1920.3
2990	105.217	1920.15
2991	105.262	1920.15
2992	105.302	1920.13
2994	105.406	1920.12
2995	105.447	1919.99
2997	105.538	1919.98
2998	105.601	1919.79
2999	105.694	1919.79
3000	105.752	1919.78
3001	105.796	1919.63
3002	105.836	1919.15
3003	105.877	1919.02
3004	105.915	1918.58
3005	105.955	1918.55
3007	106.039	1918.49
3008	106.088	1918.3
3009	106.129	1917.97
3010	106.17	1917.92
3011	106.21	1917.08
3012	106.254	1916.9
3013	106.305	1916.36
3014	106.353	1916.33
3015	106.409	1916.19
3016	106.463	1915.52
3017	106.503	1914.93
3019	106.585	1914.89
3021	106.672	1914.89
3022	106.711	1913.33
3023	106.753	1913.26
3024	106.794	1913.16
3025	106.835	1911.61
3026	106.88	1911.45
3027	106.921	1911.35
3028	106.963	1911.01
3029	107.006	1910.67
3031	107.088	1909.48
3032	107.129	1909.22
3034	107.211	1909.15
3035	107.251	1909.08
3037	107.332	1909.05
3038	107.37	1908.97
3039	107.411	1908.32
3040	107.453	1908.24
3042	107.53	1907.67
3043	107.573	1907.62
3044	107.615	1906.26
3045	107.654	1904.97
3046	107.698	1904.96
3047	107.74	1904.88
3048	107.779	1904.88
3049	107.823	1904.08
3050	107.862	1903.33
3051	107.904	1903.33
3052	107.944	1903.17
3053	107.984	1902.35
3054	108.026	1902.22
3055	108.066	1902.12
3056	108.106	1901.23
3057	108.149	1901.15
3058	108.188	1901.14
3059	108.227	1900.82
3060	108.274	1900.41
3061	108.315	1900.23
3062	108.354	1900.22
3063	108.394	1900.12
3064	108.435	1900.08
3065	108.477	1900.07
3067	108.563	1899.99
3068	108.607	1899.87
3069	108.65	1899.86
3070	108.69	1899.85
3071	108.732	1899.64
3072	108.772	1899.41
3073	108.816	1898.32
3074	108.855	1898.3
3075	108.897	1898.14
3077	108.979	1897.96
3078	109.021	1897.87
3079	109.062	1897.79
3080	109.101	1894.82
3081	109.146	1894.8
3082	109.189	1894.79
3083	109.23	1894.52
3086	109.354	1894.47
3087	109.398	1893.97
3088	109.438	1893.84
3090	109.522	1893.81
3091	109.562	1893.71
3092	109.606	1893.64
3093	109.649	1893.53
3094	109.689	1893.51
3095	109.729	1893.39
3096	109.771	1893.32
3097	109.813	1893.29
3098	109.855	1893.21
3099	109.894	1893.21
3100	109.936	1893.18
3102	110.016	1893.06
3104	110.098	1893.04
3105	110.142	1892.89
3106	110.184	1892.85
3107	110.224	1892.73
3108	110.266	1892.32
3109	110.307	1892.22
3110	110.351	1892.16
3111	110.391	1892.05
3112	110.432	1892.01
3113	110.474	1891.94
3114	110.513	1891.72
3115	110.555	1891.67
3117	110.637	1891.55
3118	110.679	1891.54
3119	110.72	1891.52
3120	110.76	1891.39
3121	110.803	1891.26
3122	110.842	1891.19
3123	110.881	1891.08
3124	110.924	1890.99
3125	110.965	1890.96
3126	111.007	1890.95
3127	111.045	1890.59
3128	111.087	1890.1
3130	111.168	1889.83
3131	111.209	1888.77
3132	111.248	1888.74
3133	111.291	1888.43
3134	111.331	1888.36
3135	111.371	1887.94
3136	111.415	1887.86
3137	111.457	1887.82
3138	111.498	1887.71
3139	111.541	1887.66
3140	111.58	1887.55
3141	111.621	1887.36
3143	111.708	1887.25
3144	111.747	1887.22
3145	111.79	1887.07
3146	111.83	1886.01
3147	111.873	1885.91
3149	111.953	1885.89
3150	111.995	1885.71
3151	112.035	1885.55
3152	112.079	1885.51
3153	112.118	1885.48
3154	112.16	1885.45
3155	112.202	1885.32
3156	112.241	1885.25
3157	112.285	1885.17
3158	112.325	1885.12
3159	112.366	1884.97
3160	112.41	1884.71
3161	112.449	1884.68
3162	112.49	1884.52
3164	112.574	1884
3165	112.616	1883.01
3166	112.656	1882.88
3167	112.697	1882.7
3168	112.738	1880.97
3169	112.777	1880.94
3170	112.819	1880.78
3171	112.86	1880.75
3172	112.899	1880.73
3173	112.942	1880.66
3174	112.984	1880.55
3175	113.024	1880.46
3176	113.066	1880.4
3177	113.106	1880.32
3178	113.146	1880.18
3179	113.191	1879.82
3181	113.275	1877.3
3182	113.314	1876.98
3183	113.354	1876.6
3184	113.396	1876.55
3185	113.436	1876.45
3186	113.477	1876.09
3188	113.558	1876.06
3189	113.602	1876.02
3190	113.642	1875.99
3191	113.681	1875.67
3192	113.722	1875.43
3193	113.764	1875.23
3194	113.805	1875.17
3195	113.845	1875.17
3196	113.885	1874.8
3197	113.927	1874.71
3198	113.968	1874.49
3199	114.012	1874.47
3200	114.054	1874.38
3201	114.097	1874.33
3202	114.137	1874.22
3203	114.18	1874.02
3204	114.22	1873.74
3206	114.3	1873.7
3207	114.343	1873.64
3208	114.382	1873.12
3209	114.423	1873.03
3210	114.463	1872.82
3211	114.504	1872.77
3212	114.546	1872.44
3213	114.586	1872.44
3214	114.626	1872.13
3215	114.669	1872.04
3216	114.709	1872.04
3217	114.751	1870.61
3218	114.797	1870.45
3219	114.838	1869.82
3220	114.88	1869.75
3222	114.963	1869.37
3224	115.046	1869.23
3225	115.089	1869.19
3226	115.132	1869.16
3228	115.212	1868.98
3229	115.258	1868.96
3230	115.298	1867.98
3231	115.34	1867.92
3232	115.382	1867.87
3233	115.421	1867.86
3234	115.465	1867.18
3236	115.547	1867.18
3237	115.591	1866.62
3239	115.672	1866.57
3240	115.718	1866.57
3242	115.795	1866.55
3243	115.841	1866.5
3244	115.879	1866.44
3245	115.92	1866.41
3246	115.962	1866.39
3247	116.002	1865.83
3249	116.082	1865.83
3250	116.122	1865.48
3251	116.165	1865.41
3252	116.207	1865.36
3253	116.248	1865.26
3254	116.287	1865.23
3255	116.331	1865.23
3256	116.371	1865.22
3257	116.412	1864.7
3258	116.456	1864.69
3259	116.495	1864.66
3260	116.538	1864.63
3261	116.58	1864.04
3264	116.704	1863.93
3266	116.785	1863.77
3268	116.864	1863.49
3269	116.91	1863.31
3270	116.95	1863.3
3272	117.031	1863.23
3273	117.07	1863.04
3275	117.154	1862.76
3276	117.197	1862.73
3277	117.239	1862.27
3280	117.362	1862.17
3281	117.402	1862.04
3282	117.444	1861.96
3283	117.484	1861.74
3284	117.528	1861.55
3285	117.571	1861.4
3286	117.612	1861.23
3287	117.655	1861.16
3288	117.697	1860.91
3290	117.782	1860.9
3292	117.863	1860.82
3293	117.905	1860.8
3295	117.988	1860.68
3296	118.028	1860.4
3298	118.106	1860.39
3299	118.15	1860.31
3300	118.189	1860.2
3301	118.23	1860.2
3302	118.271	1860.09
3303	118.31	1859.9
3304	118.355	1859.89
3305	118.395	1859.86
3306	118.435	1859.6
3307	118.476	1859.36
3308	118.516	1859.24
3309	118.557	1859.17
3310	118.597	1858.78
3311	118.641	1858.67
3313	118.721	1858.66
3314	118.762	1858.33
3315	118.805	1858.21
3316	118.848	1857.71
3317	118.887	1857.63
3318	118.931	1857.46
3319	118.972	1857.45
3320	119.013	1857.31
3321	119.054	1856.37
3322	119.094	1856.1
3323	119.135	1856.02
3326	119.261	1855.28
3329	119.387	1854.83
3330	119.428	1854.76
3335	119.633	1854.73
3336	119.677	1854.72
3338	119.76	1854.56
3339	119.8	1854.39
3340	119.84	1854.38
3341	119.886	1854.23
3342	119.926	1853.87
3343	119.965	1853.75
3344	120.007	1853.17
3347	120.131	1853.1
3348	120.176	1852.98
3349	120.217	1852.85
3350	120.257	1852.82
3351	120.3	1852.15
3352	120.339	1852.12
3353	120.382	1851.85
3356	120.504	1851.69
3357	120.543	1851.33
3359	120.624	1851.3
3360	120.667	1851.27
3361	120.705	1851.21
3362	120.746	1850.37
3363	120.789	1849.88
3365	120.872	1849.61
3366	120.912	1849.54
3367	120.951	1849.42
3368	120.994	1849.18
3369	121.04	1849
3371	121.12	1848.35
3372	121.165	1848.12
3373	121.208	1848.11
3374	121.247	1848.08
3375	121.29	1848.03
3376	121.33	1848.02
3377	121.369	1848.02
3378	121.411	1847.97
3379	121.452	1847.52
3380	121.492	1847.51
3381	121.534	1847.48
3382	121.574	1845.29
3383	121.613	1845.25
3384	121.657	1845.09
3385	121.696	1844.01
3387	121.777	1843.94
3388	121.817	1843.94
3389	121.858	1843.27
3390	121.9	1843.22
3392	121.986	1843.1
3393	122.026	1842.35
3394	122.068	1842.31
3395	122.108	1842.25
3396	122.149	1840.96
3397	122.188	1840.95
3398	122.232	1840.93
3399	122.272	1840.8
3400	122.313	1840.45
3401	122.352	1840.43
3402	122.396	1840.43
3403	122.435	1840.35
3405	122.522	1840.33
3406	122.564	1840.33
3407	122.603	1840.06
3408	122.649	1840.06
3409	122.69	1840.03
3410	122.731	1840.03
3411	122.77	1839.93
3412	122.812	1839.87
3413	122.853	1839.52
3414	122.893	1839.5
3415	122.936	1839.47
3416	122.976	1839.46
3417	123.017	1839.42
3418	123.059	1839.26
3419	123.1	1839.18
3420	123.141	1839.11
3421	123.182	1839.09
3422	123.226	1839.09
3423	123.267	1838.98
3424	123.306	1838.94
3425	123.352	1838.93
3426	123.392	1838.93
3427	123.431	1838.92
3428	123.471	1838.92
3430	123.558	1838.92
3431	123.599	1838.85
3432	123.638	1838.82
3433	123.681	1838.39
3435	123.762	1838.31
3436	123.805	1838.04
3437	123.844	1838.03
3439	123.927	1838.01
3440	123.969	1837.98
3441	124.011	1837.89
3442	124.052	1837.83
3444	124.136	1837.7
3445	124.177	1837.55
3446	124.219	1837.53
3447	124.259	1837.49
3448	124.299	1837.46
3449	124.341	1837.39
3450	124.381	1837.31
3452	124.465	1837.29
3453	124.504	1837.23
3454	124.547	1836.07
3455	124.586	1836.04
3457	124.667	1836.03
3459	124.748	1835.99
3460	124.788	1835.98
3461	124.832	1835.89
3462	124.873	1835.86
3463	124.912	1835.75
3464	124.953	1834.24
3465	124.996	1833.9
3466	125.034	1833.9
3467	125.076	1833.7
3468	125.123	1833.57
3470	125.203	1833.43
3471	125.244	1832.93
3472	125.284	1832.88
3473	125.327	1832.46
3474	125.366	1832.42
3476	125.45	1832.38
3477	125.491	1832.02
3478	125.532	1831.96
3479	125.572	1831.91
3480	125.614	1831.83
3481	125.654	1831.77
3482	125.694	1831.77
3483	125.737	1831.74
3485	125.816	1831.65
3486	125.858	1830.78
3487	125.902	1830.71
3489	125.986	1830.33
3490	126.027	1830.2
3491	126.068	1830.16
3492	126.107	1829.84
3494	126.189	1829.75
3495	126.231	1829.7
3496	126.272	1829.7
3497	126.312	1829.65
3498	126.352	1829.62
3499	126.391	1829.52
3500	126.432	1829.34
3501	126.475	1829.34
3502	126.515	1829.33
3503	126.557	1829.31
3504	126.595	1828.99
3505	126.638	1828.94
3507	126.718	1828.93
3508	126.759	1828.44
3509	126.8	1828.38
3510	126.839	1827.89
3511	126.883	1827.8
3512	126.925	1827.79
3513	126.967	1827.75
3514	127.008	1827.69
3515	127.052	1827.63
3516	127.092	1827.56
3518	127.169	1827.47
3519	127.21	1826.95
3520	127.252	1826.85
3521	127.297	1826.54
3522	127.346	1826.41
3523	127.387	1826.19
3525	127.477	1826.02
3526	127.518	1825.94
3527	127.564	1825.91
3528	127.616	1825.9
3529	127.716	1825.86
3531	127.865	1825.6
3532	127.907	1825.46
3533	127.949	1825.33
3534	127.989	1825.32
3535	128.032	1825.31
3536	128.075	1825.08
3537	128.116	1825.01
3538	128.16	1824.82
3539	128.208	1824.78
3540	128.249	1824.73
3541	128.289	1824.72
3542	128.331	1824.64
3543	128.374	1824.33
3544	128.414	1824.24
3546	128.497	1824.21
3547	128.538	1824.16
3548	128.58	1824.06
3549	128.619	1824.05
3550	128.664	1823.89
3551	128.703	1823.85
3552	128.743	1823.82
3554	128.826	1823.5
3556	128.909	1823.5
3557	128.954	1823.41
3558	128.994	1823.32
3559	129.033	1822.68
3562	129.155	1822.6
3564	129.238	1822.54
3565	129.279	1822.52
3566	129.318	1822.49
3567	129.36	1822.48
3568	129.401	1821.76
3569	129.44	1821.74
3570	129.482	1821.25
3571	129.524	1821.16
3572	129.568	1821.11
3573	129.609	1821.09
3574	129.652	1820.94
3575	129.693	1820.94
3577	129.775	1820.74
3579	129.858	1820.68
3580	129.899	1820.66
3581	129.938	1820.66
3582	129.981	1820.65
3583	130.02	1820.52
3585	130.104	1820.21
3587	130.184	1819.83
3589	130.267	1819.82
3590	130.309	1819.5
3591	130.352	1819.48
3593	130.436	1819.41
3594	130.477	1819.37
3596	130.562	1819.36
3597	130.602	1819.1
3598	130.649	1819.1
3600	130.729	1819.08
3601	130.775	1818.86
3603	130.855	1818.79
3606	130.979	1818.69
3608	131.062	1818.24
3610	131.142	1818.23
3611	131.182	1817.95
3612	131.225	1817.91
3613	131.266	1817.86
3615	131.35	1817.74
3616	131.389	1817.73
3617	131.431	1817.47
3620	131.556	1817.36
3622	131.638	1816.94
3623	131.679	1816.79
3624	131.718	1816.66
3625	131.761	1816.53
3626	131.8	1816.41
3627	131.844	1816.37
3629	131.924	1816.35
3630	131.969	1816.34
3633	132.092	1816.32
3634	132.131	1816.31
3635	132.172	1816.11
3637	132.251	1816.04
3638	132.293	1816.01
3639	132.333	1815.96
3640	132.374	1815.91
3641	132.416	1815.9
3642	132.456	1815.84
3643	132.496	1815.72
3644	132.542	1815.72
3645	132.586	1815.69
3646	132.629	1815.44
3647	132.669	1815.22
3648	132.71	1815.05
3649	132.751	1814.99
3650	132.792	1814.75
3651	132.832	1814.69
3652	132.87	1814.68
3653	132.913	1814.66
3654	132.954	1814.45
3655	133.001	1814.39
3656	133.043	1813.95
3657	133.085	1813.95
3658	133.127	1813.82
3661	133.251	1813.66
3662	133.292	1813.55
3663	133.333	1813.47
3665	133.415	1813.42
3666	133.455	1813.4
3668	133.538	1813.31
3669	133.578	1813.03
3670	133.647	1813
3674	133.812	1812.99
3675	133.852	1812.96
3676	133.893	1812.94
3677	133.933	1812.93
3678	133.973	1812.85
3679	134.013	1812.81
3680	134.054	1812.8
3681	134.096	1812.68
3682	134.138	1812.38
3684	134.218	1811.99
3685	134.261	1811.99
3686	134.3	1811.99
3687	134.342	1811.94
3688	134.383	1811.83
3689	134.423	1811.79
3690	134.465	1811.77
3691	134.507	1811.49
3692	134.549	1811.42
3693	134.593	1811.25
3694	134.635	1811.22
3696	134.716	1810.78
3697	134.759	1810.44
3698	134.803	1810.43
3699	134.842	1810.35
3700	134.884	1810.34
3702	134.966	1808.78
3703	135.008	1808.37
3705	135.089	1808.22
3706	135.129	1808.15
3707	135.168	1808.07
3709	135.255	1808.01
3711	135.336	1807.52
3712	135.382	1807.33
3713	135.422	1807.32
3714	135.466	1807.29
3715	135.507	1807.28
3717	135.588	1807.27
3719	135.671	1806.79
3720	135.711	1806.79
3722	135.796	1806.65
3723	133.349	1806.63
3724	133.389	1806.46
3725	133.429	1805.72
3727	133.512	1805.65
3728	133.551	1805.64
3729	133.594	1805.12
3730	133.633	1805.07
3732	133.714	1805.01
3733	133.754	1804.65
3734	133.795	1804.61
3735	133.834	1804.46
3736	133.874	1803.63
3737	133.917	1803.63
3738	133.956	1802.95
3739	133.997	1802.85
3740	134.039	1802.61
3741	134.078	1802.6
3742	134.122	1802.59
3743	134.164	1802.48
3744	134.204	1802.39
3745	134.247	1802.38
3746	134.289	1802.34
3747	134.333	1802.32
3748	134.372	1802.25
3749	134.413	1802.25
3750	134.453	1802.25
3751	134.493	1802.16
3752	134.534	1802.09
3753	134.576	1801.91
3754	134.618	1801.9
3756	134.7	1801.88
3757	134.74	1801.85
3758	134.781	1801.74
3759	134.822	1801.74
3760	134.863	1801.67
3761	134.902	1801.65
3762	134.943	1801.65
3764	135.025	1801.61
3765	135.066	1801.57
3766	135.105	1801.54
3767	135.146	1801.11
3768	135.189	1801.06
3770	135.278	1801.02
3771	135.323	1800.89
3772	135.362	1800.89
3773	135.404	1800.81
3774	135.447	1800.81
3775	135.49	1800.75
3776	135.53	1800.7
3777	135.571	1800.67
3778	135.61	1800.67
3779	135.653	1800.66
3780	135.692	1800.65
3781	135.734	1800.61
3782	135.773	1800.54
3784	135.852	1799.74
3785	135.894	1799.6
3786	135.934	1799.58
3787	135.976	1799.57
3788	136.019	1799.55
3789	136.06	1799.54
3790	136.107	1799.5
3791	136.15	1799.45
3792	136.193	1799.45
3793	136.234	1799.45
3794	136.273	1799.44
3795	136.314	1799.42
3797	136.397	1799.29
3798	136.44	1799.29
3801	136.563	1799.23
3802	136.602	1799.2
3803	136.645	1799.07
3804	136.684	1798.99
3805	136.725	1798.92
3806	136.766	1798.92
3807	136.805	1798.85
3808	136.847	1798.79
3810	136.928	1798.7
3811	136.97	1798.23
3812	137.009	1798.22
3813	137.048	1797.92
3814	137.091	1797.83
3815	137.131	1797.6
3816	137.173	1797.54
3817	137.213	1797.5
3818	137.252	1797.49
3819	137.294	1797.46
3820	137.334	1797.45
3822	137.416	1797.44
3823	137.458	1797.34
3825	137.542	1797.27
3826	137.587	1796.69
3827	137.628	1796.69
3828	137.674	1796.68
3829	137.715	1796.66
3830	137.755	1796.6
3831	137.794	1796.56
3832	137.839	1796.49
3833	137.88	1796.47
3834	137.92	1796.46
3835	137.964	1796.41
3837	138.05	1796.39
3838	138.09	1796.36
3839	138.131	1796.31
3840	138.171	1796.14
3841	138.214	1796.12
3842	138.256	1796.09
3844	138.347	1796.04
3845	138.391	1795.98
3847	138.48	1795.94
3848	138.525	1795.57
3850	138.605	1795.36
3851	138.647	1794.89
3852	138.687	1794.87
3853	138.728	1794.86
3854	138.771	1794.81
3855	138.812	1794.75
3856	138.851	1794.73
3858	138.933	1794.68
3859	138.976	1794.28
3861	139.055	1794.03
3862	139.102	1793.75
3863	139.149	1793.59
3865	139.238	1793.55
3866	139.279	1793.55
3870	139.448	1793.23
3871	139.488	1793.03
3872	139.53	1792.99
3873	139.571	1792.85
3874	139.614	1792.85
3875	139.655	1792.84
3876	139.696	1792.71
3877	139.739	1792.65
3878	139.781	1792.49
3879	139.821	1792.49
3880	139.862	1792.44
3881	139.902	1792.38
3882	139.945	1792.33
3883	139.985	1792.28
3884	140.028	1792.17
3886	140.112	1792.14
3887	140.155	1792.09
3888	140.196	1791.97
3890	140.278	1791.89
3891	140.322	1791.87
3892	140.364	1791.86
3893	140.405	1791.86
3894	140.445	1791.82
3895	140.485	1791.81
3896	140.531	1791.81
3897	140.572	1791.77
3898	140.611	1791.68
3899	140.654	1791.14
3902	140.774	1790.98
3904	140.856	1790.91
3905	140.896	1790.89
3906	140.938	1790.86
3907	140.977	1790.85
3908	141.02	1790.67
3909	141.06	1790.67
3910	141.099	1790.22
3911	141.141	1790.11
3912	141.181	1790.03
3913	141.225	1790.01
3914	141.264	1789.97
3915	141.304	1789.96
3916	141.347	1789.96
3917	141.387	1789.75
3919	141.468	1789.69
3920	141.508	1789.68
3921	141.548	1789.66
3922	141.593	1789.66
3923	141.634	1789.57
3925	141.716	1789.5
3926	141.755	1789.49
3927	141.797	1789.14
3928	141.84	1789.1
3929	141.881	1789.09
3930	141.92	1788.82
3931	141.963	1788.78
3933	142.046	1788.69
3934	142.089	1788.69
3936	142.173	1788.68
3937	142.216	1788.32
3938	142.255	1788.28
3939	142.297	1788.27
3940	142.336	1788.26
3941	142.379	1788.13
3943	142.465	1788.08
3946	142.591	1788.02
3948	142.675	1787.8
3949	142.717	1787.68
3950	142.761	1787.63
3951	142.801	1786.94
3952	142.848	1786.88
3953	142.889	1786.8
3954	142.93	1786.78
3955	142.972	1786.74
3956	143.011	1786.73
3957	143.057	1786.69
3961	143.222	1786.68
3962	143.261	1786.59
3963	143.302	1786.47
3964	143.349	1786.41
3965	143.388	1786.31
3966	143.431	1786.25
3969	143.556	1786.23
3970	143.6	1786.23
3971	143.64	1786.13
3975	143.808	1785.93
3976	143.848	1785.85
3977	143.889	1785.77
3978	143.933	1785.77
3979	143.973	1785.75
3980	144.013	1785.7
3982	144.1	1785.66
3983	144.139	1785.57
3985	144.22	1785.55
3986	144.26	1785.26
3987	144.306	1785.08
3988	144.345	1785.02
3989	144.386	1784.85
3990	144.431	1784.65
3991	144.47	1784.61
3993	144.554	1784.58
3994	144.593	1784.4
3995	144.635	1784.4
3996	144.674	1784.04
3997	144.717	1784.04
3998	144.758	1783.95
4000	144.843	1783.95
4001	144.887	1783.82
4002	144.931	1783.72
4003	144.972	1783.7
4004	145.014	1783.7
4006	145.102	1783.68
4008	145.18	1783.65
4009	145.223	1783.52
4010	145.264	1783.37
4011	145.307	1783.37
4012	145.35	1783.35
4016	145.513	1783.33
4017	145.555	1783.33
4018	145.599	1783.29
4019	145.639	1783.24
4020	145.68	1783.23
4021	145.721	1782.41
4022	145.764	1782.12
4024	145.842	1781.79
4025	145.884	1781.78
4027	145.965	1781.75
4028	146.006	1781.65
4029	146.047	1781.62
4030	146.092	1781.61
4031	146.133	1781.42
4032	146.176	1781.33
4033	146.215	1781.26
4034	146.256	1781.24
4036	146.336	1781.06
4037	146.377	1780.79
4038	146.418	1780.76
4039	146.461	1780.75
4040	146.504	1780.75
4041	146.543	1780.7
4042	146.585	1780.09
4043	146.625	1780.03
4045	146.706	1779.84
4046	146.745	1779.83
4047	146.788	1779.77
4049	146.869	1779.76
4051	146.949	1779.42
4052	146.99	1779.24
4053	147.029	1779.21
4054	147.069	1779.2
4057	147.197	1779.2
4058	147.236	1779.17
4059	147.277	1779.02
4061	147.359	1779
4062	147.402	1778.93
4064	147.484	1778.83
4065	147.523	1778.21
4067	147.607	1778.09
4068	147.649	1778.08
4069	147.688	1777.65
4070	147.73	1777.61
4071	147.769	1777.59
4072	147.81	1777.58
4073	147.851	1777.37
4074	147.891	1777.34
4075	147.933	1777.25
4076	147.975	1776.86
4077	148.014	1776.65
4078	148.054	1776.58
4079	148.097	1776.54
4080	148.138	1776.37
4081	148.182	1776.35
4082	148.222	1776.35
4083	148.264	1776.27
4084	148.303	1776.24
4087	148.426	1776.21
4088	148.466	1776.17
4089	148.508	1776.16
4090	148.548	1776.14
4091	148.587	1776.05
4092	148.63	1775.95
4093	148.669	1775.82
4094	148.711	1775.77
4095	148.753	1775.59
4096	148.791	1775.54
4097	148.833	1775.51
4098	148.875	1775.06
4099	148.914	1774.94
4100	148.953	1774.91
4101	149	1774.9
4102	149.042	1774.9
4105	149.165	1774.78
4106	149.204	1774.77
4110	149.368	1774.75
4111	149.412	1774.66
4113	149.493	1774.6
4114	149.537	1774.6
4115	149.578	1774.52
4116	149.618	1774.49
4117	149.657	1774.34
4118	149.699	1774.31
4119	149.739	1774.28
4121	149.82	1774.26
4122	149.865	1774.16
4123	149.913	1774.07
4124	149.966	1773.82
4125	150.013	1773.67
4126	150.063	1773.66
4128	150.266	1773.63
4129	150.324	1773.61
4130	150.369	1773.55
4132	150.471	1773.52
4133	150.518	1773.47
4134	150.559	1773.2
4135	150.604	1773.19
4137	150.686	1773.17
4141	150.854	1773.12
4142	150.896	1773.11
4143	150.939	1773.02
4144	150.979	1773
4145	151.023	1772.95
4146	151.064	1772.95
4147	151.103	1772.86
4149	151.187	1772.58
4150	151.23	1772.46
4151	151.272	1772.19
4152	151.312	1772.18
4153	151.354	1771.81
4154	151.398	1771.72
4155	151.439	1771.57
4156	151.477	1771.46
4157	151.522	1771.45
4158	151.566	1771.42
4159	151.605	1771.4
4160	151.645	1771.4
4162	151.728	1771.39
4163	151.767	1771.31
4165	151.85	1771.24
4166	151.896	1770.68
4167	151.943	1770.65
4169	152.022	1770.64
4170	152.067	1770.57
4171	152.106	1770.45
4172	152.148	1770.37
4173	152.192	1770.11
4174	152.235	1770.11
4175	152.273	1770.06
4177	152.358	1770.01
4178	152.397	1769.92
4179	152.438	1769.89
4180	152.48	1769.76
4181	152.521	1769.76
4182	152.564	1769.73
4184	152.647	1769.68
4185	152.689	1769.65
4187	152.773	1769.64
4188	152.813	1769.3
4189	152.855	1769.3
4190	152.899	1769.12
4191	152.939	1768.74
4192	152.984	1768.74
4194	153.064	1768.73
4195	153.107	1768.68
4196	153.15	1768.64
4198	153.232	1768.57
4199	153.273	1768.24
4200	153.315	1768.23
4201	153.359	1768.03
4202	153.402	1767.97
4203	153.444	1767.28
4204	153.486	1766.89
4205	153.527	1766.88
4208	153.653	1766.86
4209	153.696	1766.84
4210	153.736	1766.83
4211	153.779	1766.63
4212	153.822	1766.51
4213	153.861	1766.4
4214	153.908	1766.31
4215	153.947	1766.31
4216	153.987	1766.25
4217	154.027	1766.19
4218	154.07	1766.06
4220	154.153	1765.98
4222	154.243	1765.58
4223	154.289	1765.52
4224	154.332	1765.52
4225	154.378	1765.51
4226	154.419	1765.46
4227	154.459	1765.44
4228	154.503	1765.34
4229	154.546	1765.25
4230	154.586	1765.19
4231	154.629	1765.17
4232	154.668	1765.16
4233	154.71	1765.16
4234	154.751	1765.09
4235	154.791	1765.06
4236	154.835	1765.05
4237	154.875	1765.01
4238	154.919	1764.96
4239	154.96	1764.5
4240	155.001	1763.92
4242	155.087	1763.74
4244	155.171	1763.68
4245	155.211	1763.65
4246	155.252	1763.63
4247	155.293	1763.62
4248	155.332	1763.44
4249	155.374	1763.43
4250	155.413	1763.03
4251	155.454	1763
4252	155.496	1762.98
4253	155.537	1762.96
4257	155.7	1762.9
4258	155.74	1762.89
4259	155.779	1762.83
4260	155.824	1762.81
4262	155.903	1762.81
4263	155.943	1762.75
4265	156.027	1762.71
4266	156.068	1762.35
4267	156.111	1762.14
4269	156.195	1762.13
4270	156.236	1761.92
4271	156.278	1761.89
4272	156.321	1761.86
4273	156.36	1761.81
4274	156.401	1761.81
4275	156.442	1761.77
4276	156.481	1761.77
4277	156.524	1761.56
4278	156.564	1761.53
4279	156.603	1761.49
4280	156.653	1761.48
4281	156.694	1761.2
4282	156.733	1761.2
4283	156.775	1760.11
4284	156.815	1760.06
4285	156.857	1760.02
4286	156.899	1759.96
4287	156.939	1759.93
4288	156.981	1759.82
4289	157.024	1759.79
4290	157.063	1759.76
4291	157.106	1759.44
4293	157.184	1759.39
4294	157.225	1759.36
4295	157.265	1759.3
4296	157.307	1759.29
4297	157.353	1759.27
4298	157.393	1759.27
4301	157.518	1759.26
4302	157.558	1759.18
4303	157.598	1759.09
4304	157.645	1759.06
4305	157.686	1758.97
4306	157.727	1758.87
4307	157.77	1758.87
4308	157.81	1758.87
4310	157.894	1758.86
4311	157.935	1758.7
4312	157.979	1758.69
4315	158.101	1758.59
4316	158.141	1758.57
4317	158.188	1758.56
4319	158.269	1758.56
4320	158.31	1758.53
4321	158.352	1758.51
4322	158.395	1758.48
4323	158.435	1758.43
4325	158.519	1758.42
4326	158.558	1758.26
4327	158.602	1757.93
4328	158.645	1757.9
4329	158.684	1757.81
4330	158.723	1757.68
4331	158.769	1756.98
4332	158.807	1756.94
4333	158.846	1756.89
4334	158.889	1756.8
4335	158.929	1756.79
4336	158.971	1756.57
4337	159.015	1756.57
4338	159.058	1756.48
4340	159.141	1756.46
4341	159.184	1756.36
4342	159.225	1756.34
4343	159.264	1756.29
4344	159.31	1756.29
4346	159.391	1756.13
4349	159.511	1756.02
4350	159.552	1756.02
4351	159.592	1756.01
4352	159.634	1755.99
4353	159.676	1755.98
4354	159.717	1755.96
4355	159.757	1755.96
4356	159.798	1755.95
4357	159.838	1755.95
4358	159.879	1755.81
4359	159.921	1755.78
4360	159.962	1755.78
4361	160.001	1755.67
4362	160.044	1755.51
4364	160.126	1755.32
4365	160.164	1755.3
4366	160.208	1755.3
4367	160.251	1755.29
4368	160.292	1755.21
4369	160.335	1755.19
4370	160.374	1755.18
4371	160.412	1755.17
4372	160.454	1755.14
4373	160.498	1755.01
4374	160.537	1754.98
4376	160.618	1754.87
4377	160.659	1754.63
4378	160.698	1754.6
4380	160.784	1754.6
4381	160.825	1754.58
4382	160.866	1754.02
4383	160.905	1753.98
4385	160.987	1753.8
4386	161.025	1753.78
4387	161.066	1753.74
4391	161.231	1753.44
4392	161.276	1753.32
4393	161.315	1753.3
4394	161.361	1753.29
4395	161.404	1753.28
4401	161.659	1753.27
4402	161.699	1753.17
4404	161.781	1753.09
4405	161.821	1752.53
4406	161.862	1752.52
4407	161.902	1752.43
4408	161.943	1752.43
4409	161.987	1752.09
4410	162.028	1752.06
4413	162.147	1751.96
4414	162.193	1751.94
4415	162.232	1751.85
4416	162.272	1751.57
4417	162.316	1751.56
4418	162.358	1751.49
4420	162.438	1751.35
4421	162.481	1751.34
4422	162.522	1751.33
4423	162.566	1751.27
4424	162.606	1751.27
4425	162.648	1751.25
4426	162.687	1751.24
4428	162.769	1751.19
4429	162.808	1751.16
4430	162.85	1751.16
4431	162.892	1751.13
4432	162.93	1751.08
4433	162.974	1751.02
4434	163.014	1751.01
4435	163.053	1750.79
4436	163.098	1750.7
4438	163.18	1750.58
4439	163.219	1750.57
4440	163.264	1750.53
4442	163.345	1750.52
4443	163.39	1750.52
4444	163.429	1750.51
4445	163.468	1750.43
4446	163.511	1750.41
4448	163.59	1750.38
4451	163.716	1750.22
4452	163.758	1750.19
4454	163.845	1750.18
4455	163.885	1750.11
4456	163.924	1750.08
4457	163.965	1750.08
4458	164.008	1750.05
4459	164.047	1750.04
4460	164.091	1750.04
4462	164.172	1749.98
4463	164.211	1749.93
4464	164.254	1749.84
4465	164.296	1749.76
4466	164.335	1749.74
4467	164.378	1749.73
4468	164.418	1749.23
4469	164.457	1749.17
4470	164.5	1749.15
4472	164.584	1748.97
4473	164.625	1748.92
4474	164.663	1748.89
4475	164.707	1748.86
4477	164.786	1748.64
4481	164.947	1748.56
4482	164.986	1748.56
4483	165.024	1748.49
4484	165.068	1748.45
4485	165.107	1748.41
4486	165.151	1748.4
4487	165.194	1748.38
4488	165.234	1748.38
4490	165.315	1748.31
4491	165.356	1748.1
4492	165.399	1748.08
4493	165.44	1747.86
4494	165.481	1747.82
4495	165.523	1747.74
4496	165.562	1747.13
4498	165.643	1747.07
4499	165.684	1747.06
4500	165.724	1747.05
4502	163.314	1747.02
4503	163.356	1746.95
4504	163.395	1746.59
4505	163.437	1746.58
4506	163.476	1746.1
4507	163.515	1746.06
4508	163.558	1746.06
4510	163.642	1746.01
4511	163.684	1745.97
4512	163.727	1745.93
4513	163.766	1745.89
4514	163.81	1745.88
4515	163.852	1745.82
4516	163.891	1745.76
4517	163.93	1745.73
4518	163.973	1745.65
4519	164.017	1745.32
4520	164.058	1745.18
4521	164.098	1745.15
4524	164.22	1745.12
4525	164.262	1744.82
4526	164.301	1743.27
4527	164.341	1743.24
4528	164.384	1742.89
4530	164.463	1742.78
4531	164.504	1742.72
4532	164.542	1742.71
4533	164.582	1742.7
4534	164.622	1742.69
4535	164.661	1742.66
4536	164.703	1742.65
4538	164.781	1742.61
4539	164.822	1742.31
4540	164.863	1742.3
4541	164.902	1742.17
4542	164.946	1741.99
4543	164.992	1741.9
4544	165.03	1741.88
4545	165.071	1741.79
4546	165.111	1741.79
4551	165.31	1741.56
4552	165.353	1741.48
4553	165.392	1741.4
4554	165.432	1741.27
4555	165.474	1741.26
4556	165.512	1741.17
4558	165.595	1741.04
4559	165.634	1741.02
4560	165.672	1740.99
4562	165.758	1740.94
4563	165.796	1740.78
4564	165.84	1740.71
4565	165.879	1740.68
4566	165.92	1740.65
4567	165.96	1740.63
4568	166.001	1740.54
4569	166.048	1740.52
4570	166.092	1740.42
4571	166.138	1740.41
4572	166.179	1740.39
4574	166.266	1740.35
4575	166.305	1740.34
4576	166.348	1740.33
4577	166.389	1740.33
4578	166.431	1740.29
4579	166.472	1739.93
4580	166.514	1739.87
4582	166.594	1739.25
4584	166.679	1739.23
4585	166.717	1739.21
4586	166.762	1739.18
4587	166.802	1739.18
4588	166.841	1739.12
4589	166.887	1739.02
4590	166.929	1738.77
4591	166.97	1738.73
4592	167.017	1738.7
4593	167.057	1738.69
4595	167.139	1738.67
4596	167.178	1738.67
4599	167.302	1738.59
4600	167.344	1738.55
4601	167.383	1738.54
4603	167.467	1738.49
4605	167.547	1738.4
4606	167.591	1738.32
4607	167.632	1738.07
4608	167.671	1738.05
4610	167.752	1737.93
4611	167.791	1737.91
4612	167.836	1737.87
4613	167.878	1737.85
4615	167.97	1737.75
4616	168.01	1737.73
4617	168.054	1737.6
4618	168.097	1737.57
4619	168.136	1737.54
4620	168.175	1737.54
4621	168.219	1737.44
4623	168.341	1737.34
4626	168.598	1737.12
4627	168.647	1736.9
4628	168.697	1736.82
4630	168.783	1736.8
4631	168.822	1736.75
4632	168.864	1736.72
4635	168.988	1736.61
4637	169.074	1736.08
4641	169.237	1736.05
4642	169.28	1735.99
4643	169.33	1735.8
4644	169.37	1735.78
4645	169.41	1735.72
4647	169.497	1735.67
4648	169.536	1735.66
4649	169.585	1735.17
4650	169.623	1735.16
4653	169.745	1735.15
4655	169.824	1734.97
4658	169.952	1734.86
4659	169.995	1734.82
4660	170.034	1734.8
4662	170.119	1734.77
4663	170.161	1734.64
4665	170.245	1734.64
4666	170.283	1734.59
4667	170.326	1734.48
4668	170.366	1734.44
4669	170.407	1734.37
4670	170.45	1734.28
4671	170.489	1734.24
4672	170.529	1734.21
4675	170.653	1734.19
4676	170.694	1733.85
4677	170.738	1733.85
4678	170.78	1733.76
4680	170.864	1733.76
4681	170.906	1733.7
4683	170.992	1733.64
4684	171.033	1733.62
4685	171.076	1733.62
4686	171.116	1733.57
4689	171.243	1733.5
4690	171.281	1733.48
4691	171.323	1733.41
4693	171.404	1733.38
4694	171.445	1733.34
4695	171.492	1733.34
4696	171.535	1733.32
4698	171.617	1732.04
4699	171.658	1732.02
4700	171.697	1732.02
4701	171.745	1731.95
4702	171.788	1731.73
4703	171.827	1731.72
4704	171.868	1731.57
4705	171.911	1731.55
4706	171.954	1731.55
4708	172.04	1731.5
4709	172.078	1731.49
4710	172.119	1731.48
4711	172.163	1731.43
4712	172.206	1731.38
4713	172.251	1731.32
4714	172.293	1731.29
4715	172.335	1731.28
4716	172.376	1731.27
4717	172.419	1731.07
4719	172.507	1731.07
4722	172.632	1730.67
4723	172.675	1730.64
4725	172.756	1730.55
4726	172.795	1730.53
4731	173.003	1730.32
4732	173.043	1730.21
4733	173.092	1730.2
4734	173.131	1730.19
4735	173.174	1730.19
4738	173.297	1730.16
4739	173.341	1730.03
4740	173.391	1730.03
4742	173.47	1730
4744	173.552	1729.74
4745	173.593	1729.52
4747	173.678	1729.45
4748	173.717	1729.45
4749	173.758	1729.21
4750	173.803	1729.2
4751	173.843	1729.2
4753	173.93	1729.15
4754	173.97	1729.14
4755	174.013	1729.02
4756	174.055	1728.95
4757	174.095	1728.93
4758	174.136	1728.78
4760	174.218	1728.55
4761	174.261	1728.53
4762	174.303	1728.52
4763	174.343	1728.47
4764	174.386	1728.45
4765	174.429	1728.44
4766	174.47	1728.36
4767	174.512	1728.34
4768	174.553	1728.32
4769	174.601	1728.31
4770	174.643	1728.3
4771	174.683	1728.23
4772	174.726	1728.22
4773	174.768	1728.17
4774	174.808	1728.16
4775	174.855	1728.01
4777	174.937	1727.99
4778	174.976	1727.91
4779	175.018	1727.87
4780	175.067	1727.83
4781	175.108	1727.83
4782	175.147	1727.82
4783	175.186	1727.76
4784	175.23	1727.76
4785	175.277	1727.76
4786	175.316	1727.74
4787	175.36	1727.73
4788	175.401	1727.71
4790	175.482	1727.66
4791	175.525	1727.61
4792	175.571	1727.6
4793	175.614	1727.58
4794	175.654	1727.58
4795	175.698	1727.54
4797	175.783	1727.37
4798	175.829	1727.37
4799	175.869	1727.36
4800	175.91	1727.36
4802	175.996	1727.3
4803	176.038	1727.27
4804	176.078	1727.18
4805	176.122	1727.1
4806	176.164	1727.09
4807	176.205	1727.07
4808	176.249	1727.05
4809	176.293	1726.99
4810	176.333	1726.98
4812	176.42	1726.94
4813	176.459	1726.89
4814	176.5	1726.85
4815	176.544	1726.82
4817	176.629	1726.75
4819	176.71	1726.74
4820	176.752	1726.66
4821	176.795	1726.62
4822	176.835	1726.61
4823	176.877	1726.58
4824	176.921	1726.55
4825	176.961	1726.52
4826	177.004	1726.52
4827	177.05	1726.23
4830	177.177	1726.15
4831	177.217	1726.01
4832	177.259	1726.01
4833	177.298	1725.85
4834	177.339	1725.82
4835	177.382	1725.79
4836	177.426	1725.74
4837	177.469	1725.72
4838	177.512	1725.68
4839	177.557	1725.66
4840	177.596	1725.64
4841	177.639	1725.63
4842	177.683	1725.61
4843	177.723	1725.54
4845	177.815	1725.5
4846	177.854	1725.14
4847	177.897	1725.14
4848	177.936	1725.13
4849	177.977	1725.11
4850	178.019	1725.09
4851	178.062	1725.07
4853	178.156	1725.02
4854	178.196	1725.02
4855	178.238	1725.01
4856	178.286	1725.01
4857	178.33	1724.98
4858	178.375	1724.92
4859	178.418	1724.87
4860	178.459	1724.74
4861	178.501	1724.74
4862	178.573	1724.72
4864	178.658	1724.69
4865	178.697	1724.65
4867	178.78	1724.63
4868	178.822	1724.18
4869	178.865	1724.13
4870	178.908	1724.07
4871	178.949	1724.04
4872	178.992	1724.04
4873	179.035	1723.96
4874	179.074	1723.95
4875	179.115	1723.91
4878	179.239	1723.89
4879	179.28	1723.65
4881	179.364	1723.54
4882	179.403	1723.36
4883	179.446	1723.33
4884	179.489	1723.3
4885	179.53	1723.29
4890	179.732	1723.24
4891	179.771	1723.06
4892	179.814	1723.01
4893	179.856	1722.95
4894	179.895	1722.88
4895	179.938	1722.87
4896	179.978	1722.82
4898	180.06	1722.71
4899	180.099	1722.69
4900	180.145	1722.61
4901	180.189	1722.58
4902	180.23	1722.53
4903	180.273	1722.49
4904	180.312	1722.47
4906	180.4	1722.45
4907	180.44	1722.4
4908	180.485	1722.32
4909	180.528	1722.31
4910	180.569	1722.28
4911	180.61	1722.21
4912	180.654	1722.2
4914	180.738	1722.18
4915	180.776	1722.17
4916	180.815	1722.17
4917	180.858	1722.16
4918	180.899	1722.1
4919	180.942	1721.77
4921	181.023	1721.77
4922	181.066	1721.75
4924	181.15	1721.71
4925	181.189	1721.68
4926	181.23	1721.65
4927	181.273	1721.64
4928	181.312	1721.55
4929	181.355	1721.53
4930	181.395	1721.28
4931	181.434	1721.25
4932	181.475	1721.21
4933	181.518	1721.2
4934	181.563	1721.15
4935	181.608	1721.14
4937	181.688	1721.14
4939	181.769	1721.09
4940	181.811	1721.07
4943	181.931	1721.06
4945	182.011	1721.04
4946	182.055	1720.97
4947	182.095	1720.8
4948	182.136	1720.77
4950	182.218	1720.65
4951	182.26	1720.63
4952	182.302	1720.6
4953	182.344	1720.5
4955	182.424	1720.48
4956	182.47	1720.48
4957	182.51	1720.36
4958	182.551	1720.35
4959	182.594	1720.25
4960	182.636	1720.24
4961	182.683	1720.18
4963	182.767	1720.17
4965	182.851	1720.16
4966	182.906	1720.07
4969	183.038	1720.03
4970	183.084	1720.02
4971	183.124	1719.97
4972	183.169	1719.86
4974	183.248	1719.77
4977	183.371	1719.73
4981	183.529	1719.69
4982	183.568	1719.39
4983	183.606	1719.32
4984	183.646	1719.3
4985	183.686	1719.24
4986	183.724	1719.24
4987	183.764	1719.23
4988	183.803	1719.22
4989	183.843	1719.21
4990	183.895	1719.2
4991	183.946	1719.11
4993	184.032	1719.1
4995	184.115	1718.95
4998	184.312	1718.91
4999	184.356	1718.83
5000	184.395	1718.81
# FIN	184.395	1718.81

