# target=instancias/starrynight.png T=340 iters=5000 K=32 seed=auto
iter	segundos	MSE
0	0.0025765	7513.09
1	0.0297939	7511.84
2	0.0563885	7485.33
3	0.0828005	7484.9
4	0.109607	7484.8
5	0.136395	7477.3
6	0.162763	7468.74
7	0.18959	7460.92
8	0.217023	7429.17
9	0.243373	7412.22
10	0.269964	7381.75
11	0.297142	7380.16
12	0.324245	7359.16
13	0.351054	7356.52
14	0.377691	7342.52
15	0.404617	7335.47
16	0.432147	7334.93
17	0.458935	7327.44
18	0.485588	7318.24
19	0.512354	7310.82
20	0.539575	7257.97
21	0.566828	7254.94
22	0.593924	7248.08
23	0.620849	7233.04
24	0.647572	7201.06
25	0.674868	7185.35
26	0.702629	7177.49
27	0.730003	7176.79
28	0.757439	7141.58
29	0.784304	7133.56
30	0.81218	7126.06
31	0.840181	7104.82
32	0.8676	7075.07
33	0.895347	7074.08
34	0.922981	7054.76
35	0.950733	7041.07
36	0.97862	7035.66
37	1.00687	7027.32
38	1.03421	7022.1
39	1.0626	6998.06
40	1.09098	6991.52
41	1.11919	6983.24
42	1.14702	6982.77
43	1.1764	6955.88
44	1.20383	6945.92
45	1.2311	6944.47
46	1.25959	6933.55
47	1.28674	6921.02
48	1.31472	6902.1
49	1.34389	6880.3
50	1.37513	6877.6
51	1.40429	6846.39
52	1.43221	6843.05
53	1.46014	6786.47
54	1.48865	6785.8
55	1.51787	6771.11
56	1.54665	6757.08
57	1.57558	6751.77
58	1.60347	6751.6
59	1.6318	6749.71
60	1.66156	6749.68
61	1.69017	6749.02
62	1.7183	6708.73
63	1.74651	6707.18
64	1.77509	6649.32
65	1.8042	6638.17
66	1.83229	6535.79
67	1.86129	6532.54
68	1.89018	6529.42
69	1.91813	6524.02
70	1.94743	6466.96
71	1.97545	6452.93
72	2.00342	6442.39
73	2.03208	6439.5
74	2.06206	6437.85
75	2.09128	6437.55
76	2.12	6426.74
77	2.14922	6422.36
78	2.17774	6378.49
79	2.20621	6355.02
80	2.23485	6318.71
81	2.26328	6318.45
82	2.29215	6297.75
83	2.32041	6295.1
84	2.34841	6286.19
85	2.37732	6268.65
86	2.40581	6260.82
87	2.43453	6243.91
88	2.463	6236.39
89	2.49163	6221.03
90	2.52083	6213.32
91	2.54976	6201.65
92	2.57845	6196.64
93	2.60662	6179.7
94	2.63521	6158.11
95	2.66432	6157.79
96	2.69386	6157.67
97	2.72284	6157.17
98	2.75175	6155.96
99	2.78034	6151.57
100	2.80862	6149.61
101	2.83719	6119.82
102	2.86661	6078.55
103	2.89515	6078.53
104	2.92381	6064.24
105	2.95242	6057.78
106	2.98172	6009.9
107	3.01068	5999.36
108	3.0391	5993.09
109	3.06869	5984.65
110	3.09788	5980.19
111	3.1264	5969.69
112	3.15512	5953.16
113	3.18415	5948.81
114	3.21376	5948.42
115	3.24221	5947.21
116	3.2711	5936.27
117	3.301	5931.96
118	3.32992	5931.66
119	3.3597	5890.79
120	3.38895	5860.56
121	3.41801	5859.46
122	3.44702	5846.92
123	3.47611	5823.81
124	3.50578	5812.77
125	3.53462	5812.47
126	3.56376	5783.9
127	3.59291	5782.94
128	3.62258	5776.14
129	3.65207	5760.88
130	3.68212	5725.92
131	3.71236	5714.92
132	3.74292	5714.29
133	3.77341	5713.82
134	3.80395	5706.94
135	3.83346	5705.28
136	3.86329	5705.28
137	3.89362	5691.87
138	3.92409	5676.73
139	3.9533	5674.36
140	3.98337	5654.89
141	4.01307	5641.74
142	4.04301	5606.59
143	4.07274	5596.69
144	4.10223	5587.59
145	4.13267	5579.74
146	4.16301	5518.91
147	4.19327	5493.83
148	4.22445	5484.72
149	4.25516	5481.78
150	4.28555	5479.5
151	4.31569	5462.24
152	4.3457	5451.05
153	4.37595	5432.93
154	4.40686	5432.86
155	4.43741	5427.39
156	1.98608	5424.86
157	2.01692	5421.53
158	2.04662	5368.17
159	2.07663	5366.99
160	2.10726	5358.6
161	2.13723	5345.93
162	2.16699	5331.43
163	2.19695	5314.11
164	2.2279	5312.37
165	2.25835	5309.79
166	2.28982	5277.3
167	2.32043	5271.04
168	2.35118	5254.22
169	2.38203	5254.13
170	2.4124	5231.66
171	2.44378	5224.3
172	2.4743	5214.71
173	2.50554	5213.06
174	2.53607	5198.46
175	2.56718	5197.27
176	2.599	5196.14
177	2.62966	5191.26
178	2.66101	5188.54
179	2.69192	5187.38
180	2.7235	5179.97
181	2.75436	5179.78
182	2.78518	5179.44
183	2.81649	5159.45
184	2.84879	5150.4
185	2.88116	5088.36
186	2.91212	5083.8
187	2.94388	5083.73
188	2.97609	5083.5
189	3.00733	5083.3
190	3.03872	5082.28
191	3.06995	5078.8
192	3.10135	5009.16
193	3.13308	4993.03
194	3.16443	4990.15
195	3.19631	4963.23
196	3.22862	4941.08
197	3.26058	4938.28
198	3.29261	4853.6
199	3.32403	4847.42
200	3.35592	4830.92
201	3.38737	4830.58
202	3.41894	4821.05
203	3.45054	4820.94
204	3.48226	4811.19
205	3.51374	4744.45
206	3.54546	4728.41
207	3.5772	4727.01
208	3.60989	4722.12
209	3.64236	4718.86
210	3.67393	4716.21
211	3.70602	4715.88
212	3.73759	4703.16
213	3.76942	4691.1
214	3.80092	4640.99
215	3.83254	4631.29
216	3.86415	4625.57
217	3.89573	4621.66
218	3.92758	4603.81
219	3.95957	4589.76
220	3.99131	4588.28
221	4.02333	4579.16
222	4.05548	4575.64
223	4.08717	4574.75
224	4.11946	4564.19
225	4.15166	4517.17
226	4.18352	4507.58
227	4.21551	4507.29
228	4.24763	4506.82
229	4.27998	4493.84
230	4.31175	4471.01
231	4.34379	4467.43
232	4.37629	4463.52
233	4.40856	4462.31
234	4.44085	4454.46
235	4.47378	4454.13
236	4.5065	4453.38
237	4.53867	4450.83
238	4.57071	4446.3
239	4.60281	4439.82
240	4.63495	4439.41
241	4.66713	4433.88
242	4.69938	4414.68
243	4.73154	4414.67
244	4.76353	4406.59
245	4.79582	4405.83
246	4.82788	4402.7
247	4.86038	4398.31
248	4.8926	4396.35
249	4.92518	4395.06
250	4.95808	4393.42
251	4.99029	4359.19
252	5.02257	4353.62
253	5.05549	4351
254	5.08809	4336.35
255	5.12084	4336
256	5.15418	4231.99
257	5.18649	4170.43
258	5.21864	4166.35
259	5.25138	4166.13
260	5.28413	4165.04
261	5.31723	4139.96
262	5.35007	4135.96
263	5.38249	4088.45
264	5.41541	4081.97
265	5.44827	4081.29
266	5.48136	4057.02
267	5.51391	4014.66
268	5.54646	4014.5
269	5.57952	4012.51
270	5.61273	4011.33
271	5.64543	4009.85
272	5.67882	3997.98
273	5.71219	3968.16
274	5.74486	3967.22
275	5.77775	3966.1
276	5.8106	3962.53
277	5.8439	3961.8
278	5.87647	3959.9
279	5.90928	3956.36
280	5.94268	3953.48
281	5.97841	3953.03
282	6.01819	3949.92
283	6.05915	3936.11
284	6.0976	3935.31
285	6.13154	3885.1
286	6.16481	3878.68
287	6.19943	3869.33
288	6.23288	3868.65
289	6.26636	3846.63
290	6.29986	3841.27
291	6.33412	3821.86
292	6.36762	3819.75
293	6.40103	3819.56
294	6.43563	3817.37
295	6.46891	3795.61
296	6.50227	3791.31
297	6.53713	3790.81
299	6.60568	3786.81
300	6.6392	3786.28
301	6.67198	3785.53
302	6.70607	3754.92
303	6.7398	3725.56
304	6.77341	3725.51
305	6.80702	3717.81
306	6.84143	3717.42
307	6.87524	3701.34
308	6.90859	3697.93
309	6.94345	3697.88
310	6.97812	3693.5
311	7.01192	3686.82
312	7.04663	3686.6
313	7.08055	3675.11
314	7.11448	3674.86
315	7.1485	3665.84
316	7.18859	3654.93
317	7.22232	3654.14
318	7.2563	3653.53
319	7.29189	3649.32
320	7.32521	3648.47
321	7.35924	3620.84
322	7.39379	3620.39
323	7.42718	3606.84
324	7.4619	3593.47
325	7.49616	3568.38
326	7.53051	3567.34
327	7.56381	3564.81
328	7.59836	3563.78
329	7.63192	3534.03
330	7.66556	3529.94
331	7.70016	3527.91
332	7.73426	3526.45
333	7.76798	3515.81
334	7.80143	3509.77
335	7.83589	3507.28
336	7.87051	3494.58
337	7.90406	3493.23
338	7.93783	3483.96
339	7.97251	3483.59
340	8.00724	3482.51
341	8.04141	3481.77
342	8.07536	3477.05
343	8.1097	3475.54
344	8.1435	3475.5
345	8.17757	3474.47
346	8.21214	3461.27
347	8.24692	3455.87
348	8.28144	3438.43
349	8.31682	3435.49
350	8.35223	3432.53
351	8.38687	3432.5
352	8.42147	3428.63
353	8.45591	3425.62
354	8.49095	3417.86
355	8.52502	3410.48
356	8.55962	3409.13
357	8.59427	3408.54
358	8.62868	3405.67
359	8.66307	3399.66
360	8.69803	3375.73
361	8.73251	3371.79
362	8.76676	3344.62
363	8.80121	3333.88
364	8.83592	3333.17
365	8.87019	3326.71
366	8.90462	3325.87
367	8.93979	3325.81
368	8.97504	3316.87
369	9.00946	3306.54
370	9.0445	3290.32
371	9.07972	3287.97
372	9.11478	3271.6
373	9.14987	3271.36
374	9.18494	3261.18
375	9.2204	3256.66
376	9.25544	3252.29
377	9.29003	3250.02
378	9.32573	3239.64
379	9.36041	3228.31
380	9.39516	3223.71
381	9.43012	3217.41
382	9.46487	3216.88
383	9.49948	3210.92
384	9.53496	3205.22
385	9.57088	3197.47
386	9.60577	3195.5
387	9.64109	3189.53
388	9.67617	3179.07
389	9.71082	3178.48
390	9.74582	3177.01
391	9.78095	3171.09
392	9.81582	3145.57
393	9.85135	3140.07
394	9.88696	3140.05
395	9.92203	3139.57
396	9.9573	3136.15
397	9.99377	3135.79
398	10.0291	3135.79
399	10.0642	3134.32
400	10.0999	3134.27
401	10.1351	3134.25
402	10.1701	3131.57
403	10.2048	3129.78
404	10.2399	3125.17
405	10.2752	3121.53
406	10.3101	3108.98
407	10.3461	3107.08
408	10.3813	3106.87
409	10.4167	3105.78
410	10.4525	3079.13
411	10.4877	3075.26
412	10.5236	3071.75
413	10.5587	3069.32
414	10.594	3068.21
415	10.6312	3068.09
416	10.6673	3067.98
417	10.7037	3052.59
418	10.741	3039.74
419	10.7761	3014.91
420	10.8117	3009.99
421	10.8473	3009.98
422	10.8828	2998.03
423	10.9187	2995.3
424	10.9552	2988.6
425	10.9915	2974.12
426	11.0282	2968.86
427	11.065	2954.08
428	11.101	2950.28
429	11.1369	2937.09
430	11.1733	2934.9
431	11.2088	2934.43
432	11.2447	2933.04
433	11.2816	2921.57
434	11.3177	2911.26
435	11.3536	2910.89
436	11.3898	2910.65
437	11.4268	2910.1
438	11.4624	2909.55
439	11.4985	2908.7
440	11.5351	2908.66
441	11.5712	2879.62
442	11.6071	2849.64
443	11.6439	2848.53
444	11.6799	2828.46
445	11.7163	2828.15
446	11.7532	2827.26
447	11.7898	2823.46
448	11.826	2821.9
449	11.8628	2820.36
450	11.8995	2819.09
451	11.9358	2817.88
452	11.9721	2815.36
453	12.0089	2813.73
454	12.0455	2807.43
455	12.082	2805.91
456	12.1189	2796.75
457	12.1561	2762.13
458	12.1924	2762.11
459	12.2291	2761.35
460	12.2657	2740.38
461	12.3024	2740.05
462	12.3392	2738.85
463	12.3768	2734.7
464	12.4132	2730.56
465	12.4499	2730.45
466	12.4876	2729.18
468	12.5611	2726.52
469	12.598	2725.7
470	12.6344	2721.65
471	12.6715	2720.52
472	12.7085	2720.1
473	12.7453	2719.85
474	12.7814	2719.8
475	12.8182	2718.18
476	12.8546	2715.47
477	12.8913	2714.63
478	12.928	2711.69
479	12.9648	2711.1
480	13.0017	2701.95
481	13.0382	2696.65
482	13.0777	2685.18
483	13.1152	2684.42
484	13.1521	2684
485	13.189	2682.19
486	13.2258	2679.38
487	13.2628	2670.17
488	13.2999	2666.35
489	13.3372	2666.19
490	13.3742	2663.3
491	13.4108	2662.92
492	13.4476	2661.06
493	13.4848	2660.22
494	13.5216	2660.19
495	13.5589	2660.13
496	13.5957	2658.9
497	13.6332	2651.81
498	13.6705	2615.66
499	13.7073	2614.4
500	13.7448	2607.08
501	13.7823	2606.88
502	13.8194	2603.05
503	13.8561	2601.96
504	13.8934	2600.67
505	13.9301	2599.2
506	13.9672	2584.78
507	14.0047	2583.01
508	14.0417	2578.68
509	14.0786	2578.68
510	14.1161	2554.74
511	14.1532	2540.2
512	14.19	2539.27
513	14.2272	2538.64
514	14.2649	2530.59
515	14.3019	2530.26
516	14.3389	2529.74
517	14.3769	2501.04
518	14.4142	2499.94
519	14.4516	2499.36
520	14.4895	2497.58
521	14.5265	2497.57
523	14.6014	2488.67
524	14.6384	2486.49
525	14.6754	2459.32
526	14.7134	2445.34
527	14.7507	2444.61
528	14.7882	2444.58
529	14.8254	2443.92
530	14.8625	2442.28
531	14.9001	2439.05
532	14.9378	2390.03
533	14.9757	2388.62
534	15.0136	2387.78
535	15.0513	2376.77
536	15.0887	2376.49
537	15.126	2375.99
538	15.1638	2330.9
539	15.2008	2306.51
540	15.2385	2293.11
541	15.2761	2289.39
542	15.3137	2289.28
543	15.3516	2289.07
544	15.3897	2288.79
545	15.4278	2278.77
546	15.4675	2275.7
547	15.505	2274.91
548	15.5421	2273.57
549	15.5798	2273.02
550	15.6173	2269.06
551	15.6547	2268.98
552	15.6919	2264.51
553	15.7296	2257.71
554	15.767	2199.57
555	15.8045	2194.14
556	15.8423	2189.92
557	15.8799	2188.65
558	15.9171	2183.08
559	15.9545	2175.14
560	15.9923	2175.13
561	16.0298	2174.85
562	16.0672	2174.32
563	16.1052	2173.96
564	16.1429	2169.52
565	16.1806	2165.15
566	16.2191	2158.48
567	16.2563	2158.42
568	16.2937	2156.97
569	16.3313	2154.44
570	16.369	2154.22
571	16.4062	2152.75
572	16.4442	2152.49
573	16.4815	2152.48
574	16.5195	2147.01
575	16.5569	2145.2
576	16.595	2145.02
577	16.6328	2144.98
578	16.6712	2144.47
579	16.709	2143.03
580	16.7465	2142.97
581	16.7839	2142.14
582	16.8217	2140.48
583	16.859	2140.45
584	16.8968	2127.43
585	16.9349	2127.38
586	16.973	2126.85
587	17.0108	2118.28
588	17.0482	2114.74
589	17.0861	2114.17
590	17.1245	2113.77
591	17.1624	2109.34
592	17.2003	2106.29
593	17.2386	2104.93
594	17.2766	2101.83
595	17.3142	2101.78
596	17.3524	2069.3
597	17.3901	2022.78
598	17.4279	2018.32
599	17.4658	2018.24
600	17.5036	2018.05
601	17.5414	1967
602	17.5799	1966.84
603	17.618	1958.74
604	17.6558	1957.53
605	17.6937	1957.48
606	17.7316	1951.98
607	17.7701	1948.73
608	17.8097	1948.51
609	17.8481	1948.42
610	17.8859	1947.97
611	17.9244	1947.47
612	17.9625	1922.96
613	18.0004	1862.92
614	18.0382	1860.96
615	18.0765	1859.27
616	18.1145	1857.89
617	18.1537	1857.55
618	18.1919	1856.35
619	18.2296	1856.13
620	18.2677	1849.22
621	18.306	1848.9
622	18.3439	1848.67
623	18.3818	1846.46
624	18.4202	1846.35
625	18.4588	1809.98
626	18.4974	1808.3
627	18.5352	1806.87
628	18.5732	1806.5
629	18.6113	1801.31
630	18.6498	1800.92
631	18.688	1768.94
632	18.7261	1765.95
633	18.7648	1765.72
634	18.8034	1761.45
635	18.8419	1747.87
636	18.8799	1745.49
637	18.9179	1744.9
638	18.9566	1743.93
639	18.9947	1741.05
640	19.0323	1737.73
641	19.0709	1736.6
642	19.1096	1735.46
643	19.1481	1723.66
644	19.1863	1723.62
645	19.2245	1720.19
646	19.2641	1719.47
647	19.3026	1716.31
648	19.3412	1715.64
649	19.3817	1715.37
650	19.4198	1713.98
651	19.4594	1712.97
652	19.4979	1712.8
653	19.536	1711.71
654	19.5739	1711.47
655	19.6132	1708.68
656	19.6526	1707.09
657	19.6908	1705.79
658	19.7306	1705.7
659	19.7699	1705.3
660	19.809	1704.85
661	19.8496	1694.81
662	19.8878	1693.87
663	19.9276	1683.43
664	19.9664	1682.51
665	20.0051	1678.25
666	20.0444	1678.13
667	20.085	1678.03
668	20.124	1677.4
669	20.1671	1669.33
670	20.209	1668.43
671	20.2482	1668.04
672	20.2879	1659.76
673	20.3272	1653.52
674	20.3664	1646.29
675	20.4067	1645.85
676	20.4468	1645.62
677	20.4859	1644.16
678	20.5256	1640.44
679	20.565	1640.04
680	20.605	1639.31
681	20.645	1639.09
682	20.6834	1638.43
683	20.7227	1638.31
684	20.7616	1637.85
685	20.8006	1636.59
686	20.8398	1627.67
687	20.8798	1625.23
688	20.9198	1612.95
689	20.9931	1612.85
690	21.0374	1612.78
691	21.0761	1612.7
692	21.1151	1611.58
693	21.1544	1610.93
694	21.1936	1610.42
695	21.2327	1602.16
696	21.2725	1601.88
697	21.3114	1601.44
698	21.3506	1601.24
699	21.3898	1600.33
700	21.4287	1578.15
701	21.4687	1577.1
702	21.5083	1568.25
703	21.5598	1566.62
704	21.6228	1566.16
705	21.6625	1565.04
706	21.7031	1564.54
707	21.7432	1564.52
708	21.7863	1563.07
709	21.8284	1557.18
710	21.8679	1547.05
711	21.9087	1546.61
712	21.9488	1546
713	21.9895	1545.85
714	22.0302	1532.52
715	22.0693	1532.33
716	22.1086	1531.44
717	22.1484	1531.37
718	22.1886	1520.43
719	22.2285	1512.07
720	22.2688	1509.54
721	22.3104	1509.26
722	22.3931	1509.16
723	22.477	1506.01
724	22.5524	1505.78
725	22.6448	1505.73
726	22.7349	1505.45
727	22.781	1504.86
728	22.8335	1503.5
729	22.8736	1503.34
730	22.9352	1502.98
731	23.0155	1500.72
732	23.0942	1489.53
733	23.1507	1487.48
734	23.1967	1487.33
735	23.2475	1486.46
736	23.2972	1486.19
737	23.3388	1485.97
738	23.3811	1485.97
739	23.4213	1485.27
740	23.4663	1485.27
741	23.5062	1484.97
742	23.5466	1484.63
743	23.5895	1484.41
744	23.6352	1472.78
745	23.6754	1471.77
746	23.7195	1470.17
747	23.7633	1470.05
748	23.8052	1469.91
749	23.8476	1468.5
750	23.895	1468.33
751	23.9356	1467.52
752	23.9782	1466.99
753	24.0254	1466.95
754	24.0676	1466.9
755	24.108	1466.86
756	24.1552	1466.03
757	24.1958	1451.54
758	24.2363	1450.3
759	24.2769	1441.78
760	24.3214	1441.74
761	24.3632	1441.7
762	24.4058	1438.1
763	24.4533	1437.78
764	24.4953	1436.22
765	24.5381	1435.78
766	24.5826	1434.78
767	24.6233	1430.22
768	24.6676	1428.91
769	24.7082	1416.57
770	24.7533	1416.41
771	24.797	1416.22
772	24.8393	1415.75
773	24.8828	1415.65
774	24.9266	1407.45
775	24.9692	1407.35
776	25.01	1407.22
777	25.0624	1405.1
778	25.1219	1403.6
779	25.1779	1403.48
780	25.2182	1403.29
781	25.2623	1382.37
782	25.305	1362.62
783	25.3489	1362.19
784	25.3924	1345.7
785	25.4363	1345.4
786	25.4789	1345.18
787	25.5225	1344.81
788	25.5784	1344.07
789	25.6313	1343.65
790	25.6759	1342.62
791	25.7227	1341.82
792	25.7657	1335.54
793	25.8096	1335.18
794	25.851	1333.36
795	25.8985	1333
796	25.9437	1332.74
797	25.9846	1279.3
798	26.026	1278.75
799	26.0707	1278.17
800	26.1118	1275.35
801	26.1573	1274.96
802	26.1989	1274.48
803	26.2487	1273.09
804	26.2913	1268.95
805	26.3364	1268.93
806	26.3806	1268.62
807	26.423	1268.4
808	26.4674	1268.23
809	26.514	1267.6
810	26.5562	1266.03
811	26.5974	1265.78
812	26.6404	1265.7
813	26.685	1265.36
814	26.7259	1265.29
815	26.7702	1264.2
816	26.8161	1263.16
817	26.8591	1262.93
818	26.9035	1262.56
819	26.9449	1262.18
820	26.9873	1261.53
821	27.032	1257.56
822	27.0765	1250.07
823	27.1208	1248.33
824	27.1654	1248.14
825	27.2095	1247.67
826	27.2527	1226.45
827	27.2947	1217.67
828	27.3382	1217.13
830	27.4266	1217.13
831	27.4686	1217.12
832	27.5148	1213.51
833	27.5583	1212.92
834	27.6025	1212.86
835	27.6475	1212.15
836	27.6905	1211.9
837	27.7335	1211.22
838	27.7768	1208.58
840	27.8644	1205.8
841	27.9116	1205.73
842	27.9561	1204.3
843	27.9988	1202.84
844	28.042	1201.92
845	28.0837	1199.65
846	28.1268	1191.91
847	28.1754	1191.78
848	28.2228	1188.79
849	28.2661	1188.78
850	28.3095	1175.36
851	28.3556	1174.95
852	28.3989	1174.63
853	28.4445	1174.34
854	28.4872	1168.47
855	28.5289	1168.1
856	28.5723	1167.92
857	28.6157	1166.83
858	28.6584	1166.43
859	28.7032	1166.31
860	28.7487	1164.6
861	28.792	1164.5
862	28.8362	1162.72
863	28.8778	1161.76
864	28.9216	1161.47
865	28.9646	1155.88
866	29.0065	1152.8
867	29.0505	1151.81
868	29.0948	1151.74
869	29.1367	1151.7
870	29.1802	1151.29
871	29.2227	1149.9
872	29.2641	1142.14
873	29.3122	1141.33
874	29.3548	1140.25
875	29.3977	1135.85
876	29.4439	1131.35
877	29.4866	1131.18
878	29.5311	1127.11
879	29.577	1119.38
880	29.6211	1104.15
881	29.6661	1103.68
883	29.7533	1103.49
884	29.7978	1103.36
885	29.8425	1095.78
886	29.8873	1095.2
887	29.9335	1093.97
888	29.9804	1093.18
889	30.0232	1092.8
890	30.0662	1091.28
891	30.1124	1090.76
892	30.155	1090.21
893	30.2048	1088.59
894	30.2475	1080.23
895	30.2924	1075.61
896	30.335	1072.8
897	30.3771	1072.04
898	30.4196	1071.55
899	30.4667	1052.81
900	30.5089	1052.78
901	30.5544	1052.46
902	30.6007	1051.61
903	30.6477	1051.4
904	30.6932	1050.35
905	30.7355	1048.03
906	30.7816	1046.02
907	30.8251	1045.45
908	30.87	1045.4
909	30.914	1044.12
910	30.9599	1044.01
911	31.0024	1043.22
912	31.0481	1042.9
913	31.0938	1042.89
914	31.1368	1041.68
915	31.182	1039.5
916	31.2258	1039.3
917	31.2724	1038.96
918	31.3154	1038.34
919	31.3614	1037.91
921	31.449	1036.98
922	31.4946	1036.62
924	31.5792	1033.58
925	31.627	1033.33
926	31.6722	1033.09
927	31.7157	1027.84
928	31.7626	1024.31
929	31.8064	1024.21
930	31.8518	1024.13
931	31.8949	1014.99
932	31.9398	1013.59
933	31.9824	1013.3
934	32.0246	1012.1
935	32.0698	1012.04
936	32.1156	993.26
937	32.1581	987.978
938	32.2046	986.959
939	32.2476	986.882
940	32.2976	986.181
941	32.3401	982.673
943	32.4305	978.462
944	32.4742	977.981
945	32.5223	977.869
946	32.5657	974.666
947	32.6089	974.36
948	32.6543	974.355
949	32.6964	974.343
950	32.7424	973.929
951	32.7854	973.576
952	32.829	971.852
953	32.8776	956.478
954	32.9217	954.544
955	32.9676	954.511
956	33.0122	953.687
957	33.0552	953.409
958	33.1006	952.62
959	33.1491	951.08
960	33.1924	950.434
961	33.2379	950.204
962	33.2829	950.084
963	33.3256	949.083
964	33.3713	948.988
965	33.4151	944.987
966	33.4612	944.224
967	33.5067	944.123
968	33.5502	943.935
969	33.5968	942.943
970	33.6398	942.84
971	33.6851	941.991
972	33.7319	941.363
973	33.7754	941.22
974	33.8218	935.928
975	33.8649	931.672
976	33.9112	930.335
977	33.9549	930.226
979	34.0455	927.89
980	34.0887	927.48
981	34.1353	926.701
982	34.1779	925.293
983	31.751	922.441
984	31.7967	922.423
985	31.8399	921.685
986	31.8857	921.389
987	31.9318	919.934
988	31.9745	919.295
989	32.0188	919.205
990	32.0667	918.838
991	32.1124	918.373
992	32.1588	917.721
993	32.2061	916.627
995	32.2976	916.226
996	32.3407	913.434
997	32.3894	912.843
998	32.4337	912.429
999	32.4798	911.77
1000	32.5281	911.463
1001	32.5712	909.846
1002	32.6172	909.485
1003	32.6638	908.848
1004	32.7082	908.672
1005	32.754	906.769
1006	32.7984	906.439
1007	32.8433	905.53
1008	32.8896	905.251
1009	32.9328	904.1
1010	32.9806	903.755
1011	33.0274	903.581
1012	33.0703	901.378
1013	33.1131	896.813
1014	33.1811	896.527
1015	33.2724	895.664
1016	33.3266	894.13
1017	33.3707	893.51
1018	33.417	889.669
1019	33.4642	889.574
1020	33.5072	888.727
1021	33.5549	888.714
1022	33.6011	888.583
1023	33.6441	888.574
1024	33.6903	888.445
1025	33.7413	886.447
1026	33.7841	879.339
1027	33.831	878.297
1028	33.8749	873.957
1029	33.9213	873.825
1030	33.9641	873.541
1031	34.013	873.019
1032	34.0572	872.868
1033	34.1004	872.246
1035	34.1917	871.57
1036	34.2362	871.535
1037	34.2831	871.13
1038	34.3262	870.976
1039	34.3745	870.515
1040	34.4195	848.746
1041	34.4637	848.603
1042	34.5078	848.006
1043	34.5528	847.417
1044	34.6017	846.9
1045	34.6478	845.933
1046	34.6946	845.441
1047	34.7401	845.197
1048	34.7876	839.877
1049	34.8308	838.749
1050	34.8793	837.695
1051	34.9227	837.416
1052	34.9714	836.47
1053	35.0154	836.465
1054	35.0615	835.172
1055	35.1064	835.01
1056	35.1507	834.604
1057	35.1959	834.599
1058	35.2399	828.606
1059	35.2885	820.271
1060	35.332	818.744
1061	35.3787	817.768
1062	35.4251	817.663
1063	35.4689	817.514
1064	35.514	817.353
1065	35.5608	817.289
1066	35.6067	817.272
1067	35.6512	816.56
1068	35.6963	816.437
1069	35.7416	816.205
1070	35.7882	815.701
1071	35.8358	815.097
1072	35.8829	814.645
1073	35.9285	814.457
1074	35.9737	814.452
1075	36.0204	812.94
1076	36.065	812.871
1077	36.1141	812.712
1078	36.1594	812.693
1079	36.2046	812.602
1080	36.2499	812.601
1081	36.2936	812.569
1082	36.3435	812.286
1083	36.3884	811.95
1084	36.4352	807.872
1085	36.4817	807.545
1086	36.525	806.58
1087	36.5744	806.497
1088	36.6187	805.482
1089	36.6629	805.03
1090	36.7076	804.672
1091	36.7536	804.333
1092	36.7982	804.32
1093	36.8452	804.286
1094	36.8924	804.168
1095	36.9375	804.059
1096	36.9884	803.991
1097	37.0326	803.697
1098	37.0804	799.956
1099	37.1242	799.562
1100	37.1693	799.411
1101	37.2145	799.4
1102	37.2585	796.738
1103	37.3069	796.511
1104	37.3516	796.182
1105	37.3985	795.79
1106	37.4429	795.79
1107	37.4906	794.66
1108	37.536	794.217
1109	37.5858	793.584
1110	37.6313	793.584
1111	37.6796	793.47
1112	37.7254	793.152
1113	37.769	793.1
1114	37.8166	790.88
1115	37.8613	790.853
1116	37.909	790.734
1117	37.9559	790.575
1118	38.0019	790.262
1119	38.0497	790.258
1120	38.0935	790.108
1121	38.1408	788.63
1122	38.1887	785.982
1123	38.2342	785.942
1124	38.2802	785.311
1125	38.3249	785.084
1126	38.3714	785.006
1127	38.4194	784.809
1128	38.4635	784.701
1129	38.5112	784.513
1130	38.557	784.035
1131	38.6025	783.982
1132	38.6486	783.059
1133	38.6956	782.766
1134	38.7401	782.41
1135	38.7836	782.152
1136	38.8333	781.916
1137	38.879	780.944
1138	38.9237	780.916
1139	38.9722	780.387
1140	39.0159	779.09
1141	39.0628	778.657
1142	39.1085	778.551
1143	39.154	778.058
1144	39.1999	776.988
1145	39.2456	776.893
1146	39.2935	776.598
1147	39.3405	776.526
1148	39.3902	776.507
1149	39.4341	776.347
1150	39.48	775.963
1151	39.5273	775.848
1152	39.5751	775.743
1153	39.6198	775.73
1154	39.668	775.586
1155	39.7151	775.248
1156	39.7603	775.079
1157	39.8087	774.907
1158	39.8735	774.892
1159	39.9284	774.669
1160	39.9735	774.657
1161	40.0198	773.894
1162	40.0661	768.114
1163	40.1115	767.094
1164	40.1582	766.774
1165	40.2045	766.724
1166	40.25	765.862
1167	40.2988	765.299
1168	40.3445	764.406
1169	40.3905	764.137
1170	40.4387	763.609
1171	40.4862	763.532
1172	40.534	762.415
1173	40.5791	762.133
1174	40.6265	762.108
1175	40.6725	761.682
1176	40.7208	761.427
1177	40.7659	761.131
1178	40.8144	759.242
1179	40.8588	759.229
1180	40.9072	734.284
1181	40.9513	733.912
1182	40.9967	733.286
1183	41.0424	733.036
1184	41.0878	732.435
1185	41.1342	732.425
1186	41.1831	728.769
1187	41.2278	728.41
1189	41.3218	728.305
1190	41.3664	701.297
1191	41.4172	700.866
1192	41.4639	700.748
1193	41.5082	700.738
1194	41.5565	699.286
1195	41.6033	699.053
1196	41.6495	698.629
1197	41.7004	698.075
1198	41.7455	697.842
1199	41.7953	697.79
1200	41.8417	697.189
1202	41.9381	696.956
1203	41.9847	696.803
1204	42.0308	696.669
1205	42.0796	695.207
1206	42.1246	694.682
1207	42.1725	694.586
1208	42.2202	694.519
1209	42.2655	694.497
1210	42.3126	694.158
1211	42.3586	693.54
1212	42.4055	693.318
1213	42.4537	692.616
1214	42.4982	691.825
1215	42.5468	690.872
1216	42.5914	690.867
1217	42.6403	690.865
1218	42.6863	682.144
1219	42.7335	679.15
1220	42.7833	678.901
1221	42.829	678.87
1222	42.8768	678.784
1223	42.9221	678.764
1224	42.9692	678.702
1225	43.0168	676.186
1226	43.0629	675.629
1227	43.1172	674.492
1228	43.1744	674.218
1229	43.2204	673.935
1230	43.2735	672.689
1231	43.3277	672.496
1232	43.3806	672.254
1233	43.4262	671.07
1234	43.474	670.467
1235	43.5184	670.189
1236	43.5647	669.727
1237	43.6142	669.219
1238	43.6592	669.02
1239	43.7086	668.287
1241	43.803	668.121
1242	43.8479	668.048
1243	43.8955	667.862
1244	43.9422	667.711
1245	43.9891	664.375
1246	44.0387	663.564
1247	44.0885	663.269
1248	44.1357	663.222
1249	44.1837	662.892
1252	44.3244	662.661
1253	44.3704	662.66
1254	44.4177	662.417
1255	44.4639	661.225
1256	44.5104	661.126
1257	44.5576	661.041
1258	44.6058	660.875
1259	44.6515	660.761
1260	44.6994	660.732
1261	44.7447	660.174
1262	44.7937	660.083
1263	44.8401	660.072
1264	44.8866	658.933
1265	44.9331	657.616
1266	44.981	657.502
1268	45.0762	657.113
1269	45.1213	657.038
1270	45.1693	656.939
1271	45.215	654.733
1272	45.2633	652.92
1273	45.3119	652.234
1274	45.359	651.733
1275	45.4065	651.724
1276	45.4548	651.147
1277	45.5002	649.428
1278	45.5478	649.312
1279	45.5945	649.208
1280	45.6428	649.191
1281	45.6919	649.06
1282	45.7363	648.982
1283	45.7852	647.122
1284	45.83	646.8
1285	45.8766	646.783
1286	45.9253	645.528
1287	45.9721	644.706
1288	46.0213	644.701
1289	46.0665	644.651
1290	46.115	644.554
1291	46.1599	644.496
1292	46.2084	643.894
1293	46.2575	641.009
1294	46.3055	639.998
1295	46.3506	639.609
1296	46.4004	638.922
1297	46.4499	638.895
1298	46.5012	638.399
1299	46.547	638.198
1301	46.6412	638.083
1302	46.6895	637.966
1303	46.7361	637.437
1304	46.7816	637.347
1306	46.875	636.731
1307	46.9251	636.585
1308	46.971	636.456
1309	47.0185	636.353
1310	47.065	636.243
1311	47.1152	636.135
1312	47.1605	634.569
1313	47.2085	634.508
1314	47.2534	631.908
1315	47.3014	631.62
1316	47.3504	631.35
1317	47.3967	631.214
1318	47.4455	631.161
1319	47.4903	629.717
1321	47.5852	628.893
1322	47.6351	628.469
1323	47.6798	626.559
1324	47.7275	626.547
1325	47.7741	626.294
1326	47.8222	626.117
1327	47.8719	625.502
1328	47.9173	625.484
1329	47.9654	625.424
1330	48.014	625.151
1331	48.059	625.031
1332	48.1086	624.852
1333	48.1539	623.613
1335	48.249	623.211
1336	48.2978	621.442
1338	48.3882	621.35
1339	48.4355	620.742
1340	48.4823	620.597
1341	48.5293	620.162
1342	48.5783	620.157
1343	48.6233	620.053
1344	48.6704	620.006
1345	48.719	619.493
1346	48.7665	619.2
1347	48.8174	619.177
1348	48.8631	618.733
1349	48.9112	617.157
1350	48.9564	617.104
1352	49.0523	616.921
1353	49.0974	616.552
1354	49.1483	616.309
1355	49.2007	616.196
1356	49.2461	614.833
1357	49.2914	614.101
1358	49.3415	613.499
1359	49.3885	613.421
1360	49.4332	612.236
1361	49.4841	612.218
1362	49.5301	612.144
1363	49.5776	612.093
1364	49.6238	612.055
1365	49.6705	611.409
1366	49.719	611.374
1367	49.7638	611.191
1368	49.8107	610.68
1369	49.859	610.318
1370	49.9039	609.734
1371	49.9542	609.267
1372	50.0018	609.209
1373	50.0497	608.951
1375	50.1442	608.322
1376	50.1915	608.296
1377	50.2392	608.132
1378	50.2856	608.117
1379	50.3358	608.109
1380	50.3874	593.165
1381	50.437	593.142
1382	50.4819	592.737
1383	50.5307	591.971
1384	50.5758	591.909
1385	50.626	591.899
1386	50.6739	591.557
1387	50.719	591.516
1388	50.7688	591.33
1389	50.817	590.795
1390	50.8665	589.986
1391	50.9141	589.769
1392	50.9644	589.131
1393	51.01	589.109
1394	51.0606	588.905
1395	51.1078	588.713
1396	51.1553	588.511
1397	51.204	588.288
1398	51.2519	588.231
1399	51.2976	587.4
1400	51.346	587.104
1401	51.3938	586.453
1402	51.4411	586.4
1403	51.4877	586.378
1404	51.5348	586.31
1405	51.5842	586.253
1406	51.6321	586.194
1407	51.6785	586.052
1409	51.773	586.051
1410	51.8193	585.704
1411	51.8686	585.395
1412	51.917	585.226
1413	51.9648	585.177
1416	52.1065	585.1
1417	52.156	585.091
1418	52.2017	585.086
1419	52.2493	585.03
1420	52.2977	584.968
1421	52.3438	584.874
1422	52.3925	584.625
1423	52.4438	584.602
1424	52.4894	584.405
1425	52.5389	584.119
1426	52.5847	583.375
1427	52.6339	583.286
1428	52.6831	582.832
1429	52.7315	582.795
1430	52.7786	582.228
1431	52.829	582.02
1432	52.8745	581.958
1433	52.9231	581.939
1434	52.971	581.93
1435	53.0204	581.772
1436	53.067	581.661
1437	53.1152	581.597
1438	53.1629	580.586
1439	53.2081	580.004
1440	53.2569	579.56
1441	53.3056	579.547
1442	53.3515	578.971
1443	53.4021	578.892
1444	53.4488	578.832
1445	53.4957	578.479
1446	53.5474	578.456
1447	53.5972	578.238
1448	53.6437	578.021
1449	53.6925	577.599
1450	53.7416	577.582
1451	53.7877	577.504
1452	53.8387	577.487
1453	53.8864	577.462
1454	53.9331	576.876
1455	53.9841	576.852
1456	54.0342	576.5
1457	54.0846	576.436
1458	54.13	576.237
1459	54.1815	576.172
1460	54.2304	576.152
1461	54.2772	575.738
1462	54.3298	574.883
1463	54.379	574.842
1464	54.4254	574.597
1465	54.4765	574.238
1466	54.5226	574.08
1467	54.5679	573.987
1468	54.6192	573.893
1469	54.6674	573.83
1470	54.7183	573.826
1471	54.7641	573.808
1472	54.8149	572.663
1473	54.8623	572.493
1474	54.9077	572.469
1475	54.9562	572.463
1476	55.0063	571.979
1477	55.0534	571.947
1478	55.1017	571.9
1479	55.1529	571.32
1480	55.1994	570.53
1481	55.2496	570.438
1483	55.3456	570.357
1484	55.3968	570.024
1485	55.4453	569.984
1486	55.4932	569.574
1487	55.5393	569.312
1488	55.5922	569.307
1489	55.6422	569.173
1490	55.6892	568.78
1491	55.7408	568.641
1492	55.7867	568.475
1493	55.8406	568.464
1494	55.8954	568.381
1495	55.9439	568.187
1496	55.9951	567.941
1497	56.0423	567.723
1498	56.0929	567.69
1499	56.147	567.461
1500	56.193	567.299
1501	56.241	566.512
1502	56.2899	564.991
1503	56.3389	564.691
1504	56.3873	564.623
1505	56.4375	564.595
1506	56.4892	564.545
1507	56.5368	564.407
1508	56.5826	564.026
1509	56.6347	563.499
1510	56.6799	563.254
1512	56.7814	562.758
1514	56.8758	562.741
1515	56.9246	562.699
1516	56.9727	562.518
1517	57.0204	562.34
1518	57.072	562.311
1520	57.1756	554.172
1521	57.2214	554.042
1522	57.275	553.582
1523	57.3242	553.397
1524	57.3728	553.327
1525	57.4247	553.012
1526	57.4736	551.73
1528	57.5721	551.646
1529	57.6171	551.639
1530	57.6699	549.565
1531	57.7178	549.517
1533	57.8175	549.297
1534	57.8641	548.7
1535	57.9171	548.64
1536	57.9647	548.583
1538	58.0618	548.569
1540	58.1581	548.484
1541	58.2098	548.461
1542	58.2581	548.31
1543	58.3107	548.297
1544	58.3643	548.099
1545	58.4127	546.032
1546	58.461	545.452
1547	58.5109	545.375
1548	58.5567	545.323
1549	58.6068	545.292
1550	58.6526	545.127
1551	58.7014	544.412
1552	58.7515	544.295
1553	58.7982	543.35
1554	58.8506	543.01
1555	58.8974	542.169
1556	58.9479	541.561
1557	58.9952	541.441
1558	59.0436	539.178
1559	59.0894	538.313
1560	59.1348	538.054
1561	59.1858	537.99
1562	59.2331	537.806
1563	59.28	537.772
1564	59.3469	537.493
1565	59.3952	536.137
1566	59.445	535.795
1567	59.4919	535.484
1568	59.5428	535.434
1569	59.5884	535.283
1570	59.6349	535.181
1572	59.7316	535.002
1573	59.7799	534.965
1574	59.8323	534.544
1575	59.8781	534.434
1576	59.9246	533.983
1577	59.9768	533.604
1578	60.0251	533.538
1579	60.0719	533.443
1582	60.2189	533.244
1583	60.2648	533.149
1584	60.3135	533.013
1585	60.3633	531.5
1586	60.4113	531.058
1587	60.4596	531.029
1589	60.5556	530.299
1591	60.6577	530.192
1592	60.7055	529.953
1593	60.7549	529.952
1594	60.8021	529.811
1595	60.8502	529.622
1597	60.9504	529.594
1598	60.996	529.422
1599	61.0471	529.418
1600	61.0947	529.376
1601	61.1446	529.033
1603	61.2432	529.015
1604	61.2914	528.587
1605	61.34	528.475
1606	61.3899	528.415
1607	61.44	527.846
1608	61.4863	527.812
1609	61.5354	527.771
1610	61.587	527.728
1611	61.6335	527.102
1612	61.679	526.591
1613	61.7305	526.576
1614	61.7789	526.365
1615	61.8275	526.321
1616	61.8794	526.055
1618	61.9733	525.965
1619	62.0235	525.961
1620	62.0763	525.923
1621	62.1235	525.845
1622	62.1701	525.832
1623	62.2181	525.337
1624	62.2674	525.289
1625	62.3157	525.276
1626	62.3618	524.673
1627	62.4106	524.536
1628	62.4588	524.527
1629	62.5058	524.394
1630	62.5557	524.199
1631	62.6056	524.197
1632	62.6522	524.105
1634	62.7514	523.639
1636	62.8496	523.434
1637	62.8953	523.374
1638	62.9454	523.13
1639	62.9933	522.806
1640	63.0424	522.755
1641	63.0972	522.677
1642	63.1451	522.511
1643	63.1919	522.129
1644	63.2446	522.11
1645	63.2903	522.063
1646	63.3398	521.939
1648	63.4416	521.808
1649	63.4882	521.511
1651	63.584	521.469
1652	63.6319	519.473
1653	63.6818	519.442
1654	63.7302	516.677
1655	63.7821	515.805
1656	63.8325	515.624
1657	63.881	515.507
1659	63.9805	514.461
1660	61.5477	514.389
1661	61.596	514.34
1662	61.6444	514.188
1663	61.69	512.466
1666	61.8363	512.259
1667	61.8856	511.955
1668	61.9349	511.438
1669	61.9817	511.393
1670	62.032	511.087
1671	62.0823	510.1
1672	62.1328	509.916
1673	62.1798	509.764
1675	62.2836	509.167
1676	62.3296	508.134
1677	62.3782	507.988
1678	62.4262	507.947
1679	62.4781	507.773
1680	62.5251	507.679
1681	62.5755	507.338
1682	62.6249	507.31
1683	62.6753	506.585
1684	62.7207	506.322
1685	62.7694	506.027
1686	62.8641	505.812
1688	62.9838	505.695
1689	63.0321	505.042
1690	63.0786	504.848
1691	63.1329	504.808
1692	63.1867	504.654
1694	63.2824	504.348
1695	63.3301	504.347
1696	63.3796	504.08
1697	63.4256	503.687
1698	63.4761	503.468
1699	63.5264	503.367
1700	63.5776	502.851
1701	63.6233	502.841
1702	63.6719	502.815
1703	63.7199	502.802
1704	63.7677	502.793
1705	63.8158	502.665
1706	63.868	501.841
1707	63.9161	501.653
1708	63.9664	496.382
1709	64.0139	496.303
1710	64.0667	496.172
1711	64.121	496.087
1712	64.1695	496.074
1713	64.262	495.958
1714	64.3467	495.887
1715	64.3972	495.803
1716	64.4458	495.792
1717	64.507	495.682
1718	64.561	495.674
1719	64.6217	495.665
1720	64.6832	482.608
1721	64.7363	482.559
1722	64.7821	482.254
1723	64.8356	482.1
1724	64.885	482.072
1725	64.9394	482.042
1726	64.9959	481.777
1727	65.0478	481.738
1728	65.0996	481.572
1729	65.1501	481.019
1730	65.1982	480.773
1731	65.2466	480.679
1732	65.2966	480.357
1734	65.4058	479.994
1735	65.4547	479.808
1736	65.502	479.629
1737	65.5547	479.557
1738	65.6047	479.173
1739	65.6546	478.877
1740	65.704	478.559
1741	65.7511	477.862
1742	65.8055	477.829
1743	65.8543	477.743
1744	65.9069	477.684
1745	65.9534	477.638
1746	66.0054	477.611
1747	66.0562	477.57
1749	66.1573	477.45
1750	66.206	477.396
1751	66.254	477.343
1753	66.3546	477.321
1754	66.4029	477.319
1756	66.5014	477.184
1757	66.5511	477.175
1758	66.5982	477.111
1759	66.6503	477.104
1760	66.6961	477.103
1761	66.7431	477.091
1762	66.7926	477.007
1763	66.8426	476.975
1764	66.8904	476.831
1765	66.9391	476.695
1766	66.9895	476.106
1767	67.0396	476.076
1768	67.0869	476.031
1769	67.1367	476.01
1770	67.1835	475.812
1771	67.2345	475.779
1772	67.2852	475.704
1773	67.3356	475.698
1774	67.3823	475.686
1775	67.4349	475.669
1776	67.4815	475.659
1777	67.533	475.633
1778	67.5796	474.856
1779	67.628	474.346
1780	67.6857	474.28
1781	67.7438	474.272
1782	67.7912	473.44
1783	67.8417	473.337
1784	67.8886	473.249
1785	67.9375	473.19
1786	67.9893	473.143
1787	68.0422	473
1788	68.0897	472.938
1789	68.1375	472.684
1790	68.1863	472.675
1791	68.2389	472.597
1792	68.2901	472.58
1793	68.3361	472.56
1794	68.3867	471.54
1795	68.4337	471.527
1796	68.484	471.431
1797	68.5306	471.374
1798	68.581	471.319
1800	68.6899	471.303
1801	68.7401	471.295
1802	68.7866	471.161
1803	68.8385	471.132
1804	68.8897	471.002
1805	68.9379	470.085
1806	68.9867	470.051
1807	69.0355	469.8
1808	69.0837	469.793
1809	69.1329	469.759
1810	69.1795	469.739
1811	69.2304	469.729
1812	69.2774	469.692
1813	69.333	469.423
1814	69.3826	469.416
1816	69.4809	468.886
1817	69.53	468.831
1818	69.5788	468.816
1819	69.6329	468.556
1820	69.6795	468.126
1821	69.7271	468
1823	69.8314	467.946
1824	69.8869	466.451
1825	69.9388	466.366
1826	69.9864	466.324
1827	70.0411	466.254
1828	70.0907	466.246
1829	70.1418	466.145
1830	70.1909	466.065
1831	70.2449	465.962
1832	70.2934	465.913
1834	70.3937	465.82
1835	70.4476	465.75
1836	70.4966	465.697
1837	70.5463	465.547
1838	70.597	465.513
1839	70.6491	465.454
1840	70.698	465.094
1841	70.7466	464.874
1842	70.7933	462.75
1843	70.8449	462.588
1845	70.9475	462.498
1846	70.996	462.415
1847	71.0443	462.282
1849	71.1405	462.273
1850	71.1864	462.247
1851	71.2397	462.201
1852	71.2879	461.92
1853	71.3344	461.874
1854	71.3834	461.862
1855	71.4322	461.829
1856	71.4788	461.707
1858	71.5839	461.549
1859	71.634	461.311
1860	71.6857	460.867
1862	71.7827	460.53
1863	71.8329	460.38
1864	71.88	460.246
1866	71.9783	455.819
1869	72.1251	455.812
1870	72.1724	454.448
1871	72.2213	454.378
1873	72.3158	454.336
1874	72.3654	454.292
1875	72.413	454.243
1876	72.4626	454.141
1877	72.5141	454.107
1878	72.5637	454.102
1879	72.6112	453.776
1880	72.6665	453.701
1881	72.7151	453.692
1883	72.8129	453.58
1884	72.8605	453.562
1885	72.9099	453.042
1886	72.96	452.707
1887	73.009	452.691
1888	73.0581	452.657
1889	73.1109	452.618
1890	73.1584	452.594
1891	73.2081	452.385
1892	73.2569	452.338
1893	73.3097	452.197
1894	73.356	451.768
1895	73.4078	451.095
1896	73.4561	450.672
1897	73.5054	450.632
1898	73.5536	448.992
1899	73.6017	447.393
1900	73.6523	447.2
1901	73.6992	447.184
1902	73.7506	447.142
1903	73.7969	447.1
1904	73.8469	447.065
1905	73.897	446.131
1906	73.9463	445.918
1907	73.9948	445.713
1908	74.0484	445.708
1909	74.0949	445.591
1910	74.1462	445.34
1911	74.1966	445.3
1912	74.2471	445.271
1913	74.2958	445.114
1914	74.3432	444.594
1916	74.4417	444.47
1917	74.493	444.233
1918	74.5404	444.201
1919	74.5921	444.184
1920	74.6386	444.174
1921	74.6876	444.016
1923	74.7845	443.964
1924	74.8358	443.876
1925	74.8859	443.002
1926	74.938	442.911
1927	74.9883	442.894
1928	75.0373	442.867
1929	75.0879	442.182
1930	75.1351	442.153
1931	75.1855	442.147
1932	75.2319	441.997
1934	75.3318	441.716
1935	75.3791	441.628
1936	75.4306	441.593
1937	75.4786	441.477
1938	75.5257	441.373
1939	75.5735	441.36
1940	75.6259	441.203
1941	75.6762	440.766
1944	75.8246	440.167
1945	75.8754	439.962
1948	76.0247	439.733
1949	76.0735	439.718
1950	76.1264	439.685
1951	76.1734	439.453
1952	76.2222	439.217
1953	76.269	439.177
1954	76.3196	439.028
1955	76.3691	439.025
1956	76.4203	438.849
1959	76.5656	438.797
1960	76.6164	438.717
1961	76.6662	438.642
1964	76.8118	438.535
1965	76.8614	438.522
1966	76.9081	438.28
1967	76.9597	438.258
1968	77.007	438.254
1969	77.0576	438.221
1970	77.1053	438.193
1972	77.2049	438.184
1974	77.3041	437.986
1975	77.3558	437.977
1976	77.4038	437.732
1977	77.4521	437.72
1978	77.5032	437.642
1979	77.5496	437.518
1981	77.6525	437.469
1982	77.7003	437.227
1983	77.7507	436.832
1984	77.7993	436.797
1985	77.8493	436.733
1986	77.9014	436.658
1987	77.9493	436.608
1988	77.9979	436.569
1990	78.0981	436.463
1991	78.1459	436.361
1992	78.1961	435.981
1994	78.2943	435.491
1995	78.3407	435.456
1996	78.3919	435.413
1999	78.5386	434.47
2000	78.5889	434.45
2002	78.6872	434.426
2003	78.7365	433.15
2006	78.884	433.022
2007	78.9365	432.983
2008	78.9859	432.926
2009	79.0345	432.884
2010	79.0822	432.85
2011	79.1316	432.744
2012	79.1822	432.6
2013	79.2303	432.547
2015	79.329	432.442
2016	79.3763	431.802
2017	79.4247	431.745
2018	79.4776	431.708
2019	79.5249	431.536
2020	79.5771	431.485
2022	79.6787	431.461
2024	79.7766	431.361
2025	79.8235	431.155
2026	79.8737	430.978
2027	79.9223	430.925
2028	79.9735	430.873
2029	80.021	430.742
2031	80.121	430.19
2032	80.1735	428.561
2034	80.2691	428.233
2035	80.3177	427.86
2036	80.3687	427.84
2037	80.4158	427.18
2038	80.4677	426.951
2039	80.5169	426.837
2040	80.5639	426.137
2041	80.6125	426.036
2042	80.661	426.025
2043	80.713	425.981
2044	80.7602	425.958
2045	80.8093	425.851
2046	80.8584	425.81
2047	80.9053	425.706
2048	80.9569	425.578
2049	81.0068	425.535
2050	81.0553	425.471
2051	81.1036	425.451
2052	81.1527	425.445
2053	81.2015	425.427
2054	81.248	425.348
2055	81.2977	425.319
2056	81.3483	425.28
2057	81.395	425.206
2058	81.4438	425.205
2059	81.491	425.184
2060	81.5447	422.636
2061	81.5941	422.629
2062	81.6411	422.523
2063	81.6916	422.446
2064	81.7378	422.446
2065	81.7878	422.44
2066	81.838	422.245
2067	81.8902	422.216
2068	81.9409	422.133
2069	81.9943	421.832
2070	82.0428	421.742
2071	82.0916	421.657
2072	82.1457	421.285
2074	82.2428	421.205
2075	82.2908	421.135
2076	82.3431	421.106
2078	82.4372	421.006
2079	82.487	420.865
2080	82.5364	420.654
2081	82.5853	420.347
2082	82.6343	420.325
2083	82.6853	420.002
2084	82.7353	419.962
2085	82.788	419.935
2086	82.8346	419.935
2087	82.8856	419.88
2088	82.9358	419.828
2089	82.9904	419.821
2090	83.0372	419.814
2091	83.0883	419.571
2093	83.1856	419.5
2096	83.3317	419.457
2097	83.3825	419.443
2098	83.429	419.426
2099	83.4801	419.42
2100	83.5285	419.407
2101	83.5782	419.395
2102	83.6259	419.339
2103	83.6737	419.321
2104	83.7214	419.224
2105	83.7729	419.146
2106	83.8196	419.008
2107	83.8709	418.9
2108	83.922	418.878
2109	83.9699	418.864
2110	84.0187	418.775
2111	84.0713	418.734
2113	84.1688	418.719
2114	84.2197	418.705
2115	84.2663	418.695
2116	84.317	418.676
2118	84.4205	418.08
2119	84.469	417.748
2121	84.5674	417.745
2122	84.6197	416.896
2124	84.7219	416.851
2125	84.7683	416.83
2126	84.8157	416.51
2127	84.8651	416.478
2128	84.914	416.397
2129	84.9637	416.099
2130	85.0114	416.088
2131	85.063	416.031
2132	85.1093	415.978
2133	85.1607	415.953
2134	85.2082	415.455
2135	85.2589	415.436
2136	85.3064	415.329
2137	85.3553	415.313
2138	85.4035	415.253
2139	85.4505	415.244
2140	85.5035	415.174
2141	85.5513	415.059
2142	85.5998	414.957
2143	85.6524	414.933
2144	85.6993	414.891
2145	85.7488	414.824
2147	85.8456	414.741
2149	85.9437	414.735
2150	85.9973	414.387
2151	86.0457	414.376
2152	86.0977	414.259
2153	86.146	414.203
2154	86.1964	414.158
2155	86.2457	414.151
2156	86.2984	414.125
2157	86.3493	414.084
2159	86.4449	413.984
2160	86.4951	413.637
2161	86.5467	413.625
2163	86.6449	413.533
2164	86.6921	411.986
2165	86.7451	411.947
2166	86.7954	411.908
2167	86.8457	411.887
2168	86.8961	411.887
2169	86.9472	411.844
2170	86.9968	411.841
2171	87.0447	411.796
2172	87.1009	411.757
2173	87.1526	411.756
2174	87.2047	411.742
2175	87.259	411.706
2176	87.309	411.217
2177	87.3831	411.126
2178	87.434	411.111
2179	87.4823	411.106
2180	87.5323	410.047
2181	87.581	409.905
2182	87.63	408.565
2183	87.6841	408.421
2184	87.7308	408.408
2185	87.7801	408.334
2186	87.8301	408.094
2187	87.8809	407.872
2188	87.9286	407.74
2190	88.0299	407.669
2192	88.1265	407.518
2194	88.2251	407.506
2195	88.2734	407.486
2196	88.3205	407.331
2198	88.4182	407.283
2200	88.519	407.045
2201	88.5713	407.007
2202	88.6628	406.716
2203	88.7605	406.583
2204	88.8254	406.454
2206	88.9263	406.387
2208	89.0367	406.344
2209	89.094	406.311
2210	89.1447	405.451
2213	89.2929	405.435
2214	89.3436	405.201
2215	89.3903	405.011
2216	89.4402	404.927
2217	89.4895	404.813
2219	89.5848	404.671
2220	89.6355	404.546
2221	89.6824	404.499
2223	89.7813	404.219
2224	89.8282	403.996
2225	89.8787	403.88
2226	89.9291	403.778
2227	89.9809	403.775
2228	90.0296	403.711
2230	90.1331	403.692
2231	90.1888	403.632
2232	90.2377	403.61
2233	90.2878	403.502
2234	90.3385	403.278
2235	90.3894	401.674
2236	90.4375	400.439
2237	90.4886	400.393
2238	90.537	399.314
2239	90.5878	399.097
2240	90.6349	399.087
2241	90.6852	399.086
2242	90.734	399.019
2243	90.7839	398.968
2244	90.833	398.952
2245	90.8831	398.513
2247	90.98	398.402
2248	91.0284	398.374
2249	91.0795	398.262
2250	91.1261	397.921
2251	91.1776	397.896
2252	91.2253	397.468
2253	91.2742	397.454
2254	91.3246	397.414
2256	91.424	397.376
2257	91.4752	397.055
2258	91.5235	396.996
2259	91.5728	396.989
2261	91.6713	396.938
2262	91.7181	396.92
2263	91.7654	396.907
2264	91.8157	396.861
2265	91.8656	395.904
2266	91.917	395.89
2267	91.9676	395.854
2268	92.0165	395.822
2269	92.0644	395.497
2272	92.2089	395.398
2274	92.3087	395.173
2275	92.3612	395.056
2276	92.4077	394.917
2277	92.4547	394.884
2278	92.5042	394.771
2280	92.6011	394.756
2281	92.6485	394.633
2283	92.7461	394.628
2284	92.7973	394.299
2285	92.8459	394.159
2286	92.8958	394.15
2288	92.9943	393.937
2289	93.043	393.923
2290	93.0914	393.896
2292	93.1894	393.738
2293	93.2419	393.734
2296	93.3849	393.639
2299	93.5325	393.618
2300	93.5807	393.588
2302	93.6784	393.578
2303	93.7277	393.554
2305	91.3465	393.544
2306	91.3984	393.066
2307	91.4535	393.063
2308	91.5017	393.06
2309	91.551	393.008
2310	91.6016	392.988
2311	91.6501	392.977
2312	91.6974	392.953
2314	91.7968	392.905
2316	91.8926	392.855
2317	91.942	392.604
2318	91.9922	392.497
2319	92.0392	391.367
2320	92.0886	391.349
2321	92.1365	391.291
2322	92.1846	391.231
2323	92.2347	390.934
2324	92.2859	390.934
2325	92.334	390.858
2326	92.386	390.8
2327	92.4325	390.799
2328	92.484	390.681
2329	92.5312	390.579
2330	92.5848	390.492
2332	92.6843	390.345
2333	92.7371	390.335
2334	92.7843	389.97
2336	92.881	389.911
2338	92.9787	389.889
2339	93.0294	389.308
2340	93.0764	389.231
2342	93.1764	389.177
2343	93.2278	388.047
2346	93.3743	387.976
2347	93.4282	387.912
2348	93.4823	387.879
2349	93.5292	387.871
2350	93.5828	387.788
2351	93.6296	387.748
2352	93.6777	387.64
2353	93.7288	387.581
2355	93.833	387.555
2356	93.8824	387.084
2358	93.9863	387.059
2360	94.0819	386.889
2362	94.183	386.777
2363	94.2364	386.751
2365	94.3334	386.565
2366	94.3837	386.434
2368	94.4804	386.326
2369	94.533	386.112
2371	94.6332	386.049
2372	94.7134	385.97
2375	94.8704	385.92
2376	94.918	385.472
2377	94.9663	385.144
2379	95.0668	385.079
2380	95.1204	384.616
2381	95.1693	384.581
2382	95.2186	384.574
2383	95.2658	384.572
2384	95.3166	384.56
2385	95.3629	384.428
2386	95.4149	384.354
2387	95.4637	384.238
2388	95.5136	383.942
2389	95.5603	383.915
2391	95.6595	383.908
2392	95.7115	383.908
2393	95.7603	383.857
2394	95.8073	383.78
2395	95.8607	383.5
2396	95.9095	383.482
2397	95.9588	383.418
2399	96.0574	383.415
2400	96.1085	382.724
2401	96.1565	382.717
2402	96.2068	382.653
2403	96.2609	382.592
2404	96.3123	382.582
2405	96.3623	382.57
2406	96.4091	382.366
2407	96.4584	382.355
2408	96.5082	382.32
2409	96.5599	382.169
2410	96.6091	382.113
2411	96.6581	382.061
2412	96.7112	381.779
2413	96.7593	381.776
2414	96.8147	381.701
2415	96.8648	381.689
2416	96.914	381.666
2417	96.9638	381.661
2418	97.0156	381.3
2419	97.0662	381.223
2420	97.1131	381.11
2421	97.1633	381.039
2422	97.2102	381.038
2423	97.2627	380.988
2425	97.3599	380.974
2426	97.4113	380.812
2427	97.4633	380.776
2428	97.5116	380.75
2429	97.5629	380.749
2430	97.6147	380.735
2431	97.6628	380.663
2433	97.7668	380.624
2435	97.8658	380.584
2437	97.9683	380.477
2438	98.018	380.462
2440	98.115	380.458
2441	98.1656	380.45
2442	98.2133	380.403
2443	98.2652	380.393
2444	98.3139	380.327
2445	98.3641	380.29
2446	98.4133	380.19
2447	98.4623	380.118
2448	98.5162	380.096
2449	98.568	380.034
2451	98.6663	380.014
2453	98.7638	380.007
2454	98.817	379.992
2455	98.8635	379.957
2456	98.9103	379.944
2457	98.9611	379.934
2458	99.0078	379.512
2459	99.0612	379.454
2460	99.1098	379.412
2461	99.16	379.409
2463	99.2573	379.409
2464	99.3074	379.295
2465	99.3574	379.277
2466	99.4052	379.212
2467	99.4561	379.087
2468	99.5047	379.085
2469	99.5559	379.03
2470	99.603	379.019
2471	99.6554	378.918
2473	99.7547	378.906
2474	99.8044	378.856
2475	99.8534	378.856
2476	99.9037	378.778
2477	99.9511	378.761
2478	100	378.713
2479	100.048	378.7
2480	100.098	378.693
2481	100.145	378.671
2482	100.196	378.629
2484	100.296	378.578
2485	100.347	378.464
2486	100.395	378.357
2487	100.448	378.319
2488	100.495	378.241
2489	100.544	378.24
2490	100.597	378.2
2491	100.646	378.163
2492	100.698	378.08
2493	100.747	378.024
2494	100.798	378.011
2495	100.846	378.001
2496	100.9	377.959
2497	100.949	377.945
2500	101.098	377.629
2503	101.248	377.575
2504	101.295	377.324
2505	101.349	377.285
2506	101.397	377.219
2507	101.446	377.191
2508	101.497	377.187
2509	101.546	377.171
2510	101.597	377.166
2511	101.644	377.137
2512	101.694	377.108
2513	101.746	377.093
2514	101.796	377.087
2515	101.843	377.034
2516	101.893	376.816
2517	101.945	376.814
2518	101.993	376.62
2519	102.042	376.605
2520	102.09	376.255
2521	102.142	375.968
2522	102.192	374.962
2523	102.241	374.863
2525	102.34	374.786
2526	102.389	374.778
2527	102.436	374.234
2528	102.486	374.191
2529	102.534	374.163
2530	102.584	374.086
2534	102.779	374.074
2535	102.827	374.052
2536	102.877	373.664
2538	102.975	373.642
2540	103.073	373.551
2541	103.123	373.522
2543	103.225	373.436
2544	103.273	373.335
2546	103.377	373.231
2547	103.425	373.194
2549	103.521	373.185
2550	103.572	372.61
2553	103.721	372.609
2554	103.77	372.381
2555	103.817	372.247
2556	103.868	372.182
2558	103.966	372.15
2561	104.114	372.146
2563	104.211	372.064
2564	104.265	372.045
2566	104.373	372.016
2567	104.438	372.014
2568	104.542	371.973
2569	104.622	371.948
2570	104.671	371.928
2572	104.773	371.927
2573	104.83	371.907
2574	104.878	371.731
2575	104.931	371.593
2576	104.984	371.542
2577	105.039	371.521
2578	105.088	370.855
2579	105.141	370.619
2580	105.19	370.605
2581	105.239	370.576
2582	105.291	370.53
2583	105.339	370.478
2584	105.392	370.465
2585	105.438	370.289
2587	105.543	370.159
2588	105.592	370.107
2589	105.644	369.977
2590	105.733	369.834
2591	105.811	369.777
2592	105.867	369.579
2593	105.916	369.577
2594	105.968	369.04
2596	106.071	368.975
2597	106.124	368.721
2598	106.175	368.709
2603	106.446	368.69
2604	106.495	368.657
2605	106.546	368.284
2607	106.645	368.246
2609	106.744	368.086
2612	106.928	368.063
2613	106.982	368.058
2614	107.035	367.991
2615	107.086	367.898
2617	107.196	367.834
2618	107.244	367.784
2619	107.3	367.719
2620	107.349	367.654
2621	107.403	367.528
2622	107.453	367.517
2624	107.559	367.277
2625	107.612	367.195
2629	107.815	367.182
2630	107.863	367.166
2631	107.911	367.105
2632	107.959	367.094
2634	108.058	366.789
2636	108.165	366.732
2639	108.318	366.725
2640	108.367	366.718
2641	108.415	366.688
2642	108.468	366.554
2643	108.517	366.514
2644	108.565	366.493
2645	108.616	366.491
2646	108.664	366.222
2649	108.809	366.198
2650	108.858	366.188
2654	109.058	366.171
2656	109.158	365.735
2657	109.206	365.692
2658	109.26	365.456
2659	109.307	365.415
2661	109.406	365.387
2662	109.453	365.355
2663	109.502	365.212
2664	109.549	365.211
2666	109.653	365.166
2667	109.699	364.955
2668	109.752	364.869
2669	109.8	364.776
2671	109.901	364.766
2672	109.949	364.633
2674	110.049	364.328
2676	110.146	364.276
2679	110.298	363.36
2681	110.398	363.285
2683	110.5	362.367
2686	110.662	362.362
2688	110.76	362.336
2689	110.814	362.328
2690	110.861	362.227
2691	110.91	362.141
2692	110.957	362.056
2693	111.018	361.726
2694	111.079	361.691
2695	111.142	361.322
2696	111.193	360.922
2697	111.241	360.899
2698	111.291	360.873
2699	111.337	360.855
2700	111.389	360.755
2702	111.487	360.742
2705	111.636	360.688
2706	111.693	360.035
2709	111.838	359.712
2711	111.936	359.581
2712	111.989	359.529
2714	112.112	359.497
2716	112.232	359.477
2717	112.279	359.309
2719	112.383	359.266
2720	112.43	358.722
2721	112.481	358.674
2722	112.532	358.669
2723	112.58	358.661
2724	112.633	358.628
2725	112.68	358.541
2726	112.729	358.306
2727	112.776	358.283
2728	112.83	357.894
2729	112.881	357.879
2730	112.931	357.835
2731	112.985	357.835
2732	113.032	357.812
2733	113.081	357.771
2734	113.128	357.74
2735	113.177	357.708
2736	113.229	357.694
2737	113.276	357.651
2738	113.326	357.645
2739	113.375	357.645
2740	113.426	357.141
2741	113.476	357.134
2742	113.526	357.079
2743	113.578	357.055
2744	113.625	357.052
2745	113.677	357.03
2746	113.723	356.877
2747	113.776	356.857
2748	113.827	356.776
2749	113.876	356.468
2750	113.924	356.434
2751	113.976	356.381
2752	114.023	356.226
2754	114.124	356.158
2755	114.174	356.148
2756	114.222	356.12
2757	114.27	356.117
2758	114.318	356.026
2759	114.372	356
2761	114.47	355.949
2762	114.52	355.944
2763	114.568	355.882
2765	114.669	355.855
2766	114.718	355.851
2767	114.771	355.839
2768	114.82	355.817
2769	114.873	355.817
2770	114.924	355.795
2773	115.076	355.674
2774	115.125	355.671
2775	115.173	355.654
2776	115.222	355.61
2777	115.277	355.599
2778	115.324	355.586
2779	115.375	355.544
2780	115.424	355.515
2781	115.472	355.508
2782	115.522	355.487
2783	115.569	355.478
2784	115.619	355.447
2785	115.666	355.269
2786	115.717	355.055
2787	115.764	355.018
2788	115.814	354.999
2789	115.864	354.881
2791	115.963	354.862
2792	116.012	354.838
2793	116.062	354.837
2794	116.111	354.824
2795	116.159	354.79
2796	116.209	354.771
2798	116.309	354.466
2799	116.358	354.445
2801	116.455	354.441
2802	116.506	354.417
2804	116.605	354.367
2805	116.658	354.353
2806	116.705	354.295
2809	116.86	354.236
2810	116.915	354.203
2811	116.965	354.154
2813	117.064	354.145
2814	117.111	354.05
2815	117.163	354.047
2816	117.216	353.762
2817	117.264	353.745
2818	117.315	353.724
2820	117.415	353.715
2821	117.463	353.71
2822	117.517	353.667
2824	117.618	353.545
2825	117.668	353.531
2826	117.719	353.477
2827	117.766	353.427
2829	117.872	353.426
2830	117.92	353.263
2831	117.967	353.208
2832	118.019	353.175
2833	118.07	353.155
2834	118.119	353.139
2835	118.167	353.129
2837	118.269	353.122
2838	118.317	353.118
2839	118.367	353.095
2840	118.419	352.855
2843	118.575	352.818
2844	118.628	352.688
2845	118.674	352.663
2846	118.725	352.633
2847	118.776	352.536
2848	118.827	352.531
2849	118.878	352.379
2851	118.976	352.372
2852	119.027	352.351
2854	119.126	352.351
2855	119.177	352.329
2856	119.226	352.135
2857	119.278	352.108
2859	119.374	352.089
2860	119.426	352.05
2861	119.473	351.531
2862	119.526	351.062
2863	119.575	350.982
2864	119.622	350.889
2865	119.673	350.865
2869	119.867	350.854
2870	119.914	350.776
2874	120.116	350.764
2875	120.167	350.741
2876	120.217	350.622
2878	120.315	350.62
2880	120.416	350.511
2881	120.47	350.505
2882	120.52	350.302
2883	120.568	350.215
2884	120.617	350.178
2885	120.664	350.175
2886	120.711	350.172
2887	120.764	350.07
2890	120.911	349.77
2894	121.11	349.711
2895	121.157	349.631
2896	121.208	349.58
2898	121.311	349.553
2900	121.443	349.549
2901	121.495	349.525
2902	121.542	349.51
2906	121.747	349.509
2907	121.793	349.499
2908	121.845	349.458
2909	121.892	349.422
2910	121.942	349.407
2911	121.99	349.2
2913	122.088	349.16
2915	122.186	348.803
2917	122.286	348.788
2918	122.335	348.206
2921	122.484	348.186
2922	122.532	348.165
2923	122.586	348.118
2924	122.633	348.087
2925	122.684	347.892
2926	122.73	347.878
2927	122.781	347.807
2928	122.829	347.801
2929	122.878	347.78
2930	122.927	347.531
2932	123.023	347.412
2933	123.073	347.385
2934	123.12	347.256
2935	123.169	347.25
2936	123.219	347.087
2937	123.267	346.967
2938	123.317	346.95
2939	123.367	346.886
2940	123.419	346.877
2942	123.515	346.874
2943	121.083	346.854
2944	121.174	346.852
2945	121.234	346.44
2946	121.281	346.377
2947	121.33	346.334
2949	121.429	346.281
2951	121.528	346.22
2952	121.577	346.214
2953	121.628	346.191
2954	121.676	346.168
2955	121.731	346.121
2956	121.779	346.109
2957	121.829	346.075
2958	121.88	346.067
2959	121.933	345.906
2960	121.98	345.889
2961	122.032	345.877
2963	122.129	345.865
2964	122.179	345.562
2965	122.23	345.494
2967	122.329	345.448
2968	122.381	345.406
2970	122.479	345.4
2978	122.876	345.382
2979	122.923	345.377
2980	122.974	345.365
2982	123.073	345.271
2983	123.125	345.256
2984	123.174	345.241
2985	123.226	345.234
2988	123.383	345.231
2994	123.68	345.136
2995	123.73	345.128
2997	123.832	345.099
2998	123.881	344.95
2999	123.934	344.902
3000	123.981	344.902
3001	124.036	344.837
3002	124.082	344.819
3003	124.13	344.612
3004	124.181	344.599
3005	124.232	344.587
3006	124.281	344.577
3007	124.33	344.555
3008	124.381	344.461
3009	124.429	344.307
3012	124.583	344.292
3013	124.634	344.275
3014	124.687	344.03
3019	124.933	343.674
3021	125.035	343.653
3023	125.134	343.069
3025	125.232	343.059
3026	125.283	343.022
3028	125.381	343.01
3029	125.428	343
3030	125.478	342.922
3031	125.529	342.845
3032	125.576	342.785
3035	125.721	342.674
3036	125.771	342.491
3038	125.869	342.468
3040	125.966	342.394
3044	126.167	342.386
3045	126.215	342.321
3046	126.268	342.13
3047	126.319	342.121
3049	126.42	341.84
3052	126.569	341.812
3054	126.67	341.689
3057	126.816	341.554
3059	126.919	341.529
3060	126.969	341.27
3061	127.027	341.246
3062	127.08	341.244
3063	127.128	341.244
3064	127.178	341.217
3065	127.231	341.156
3066	127.279	341.133
3067	127.333	341.126
3068	127.383	341.049
3069	127.432	341.026
3070	127.479	341.011
3071	127.531	341.006
3072	127.578	341.006
3073	127.629	340.973
3074	127.677	340.941
3075	127.727	340.928
3076	127.775	340.918
3077	127.826	340.914
3078	127.877	340.909
3079	127.927	340.885
3080	127.98	340.844
3082	128.08	340.55
3083	128.129	340.529
3084	128.178	340.526
3085	128.228	340.513
3086	128.278	340.422
3087	128.325	340.412
3088	128.378	340.365
3089	128.43	340.169
3090	128.478	340.142
3091	128.531	340.117
3092	128.58	339.995
3094	128.682	339.928
3095	128.733	339.866
3096	128.782	339.772
3097	128.829	339.765
3098	128.879	339.715
3099	128.926	339.7
3101	129.028	339.689
3102	129.077	339.671
3103	129.13	339.646
3105	129.225	339.638
3106	129.277	339.549
3107	129.326	339.493
3108	129.381	339.481
3109	129.429	339.479
3110	129.481	339.472
3111	129.531	339.429
3114	129.686	339.397
3116	129.784	339.329
3117	129.834	339.325
3118	129.883	339.316
3119	129.937	339.282
3120	129.987	339.267
3121	130.037	339.264
3122	130.09	339.254
3124	130.189	339.242
3125	130.236	339.168
3126	130.285	339.093
3127	130.334	339.082
3128	130.384	339.069
3129	130.436	339.049
3130	130.483	339.004
3131	130.53	338.991
3132	130.581	338.987
3133	130.631	338.986
3134	130.681	338.934
3135	130.728	338.908
3136	130.78	338.897
3137	130.83	338.894
3138	130.88	338.471
3139	130.929	338.338
3141	131.032	338.336
3142	131.08	338.297
3144	131.176	338.26
3145	131.227	338.252
3146	131.276	338.208
3147	131.33	338.205
3148	131.378	338.192
3149	131.425	338.148
3150	131.476	338.131
3151	131.523	338.104
3153	131.624	338.007
3154	131.671	337.92
3155	131.722	337.917
3156	131.786	337.898
3157	131.857	337.885
3158	131.907	337.855
3161	132.054	337.842
3162	132.107	337.817
3164	132.222	337.736
3165	132.273	337.716
3166	132.325	337.687
3167	132.379	337.616
3168	132.428	337.579
3169	132.475	337.576
3171	132.573	337.571
3172	132.623	337.551
3173	132.673	337.54
3174	132.721	337.53
3175	132.774	337.525
3176	132.823	337.501
3177	132.874	337.495
3179	132.977	337.459
3180	133.023	337.276
3182	133.125	337.271
3183	133.174	337.249
3184	133.253	337.143
3185	133.301	337.115
3186	133.352	337.081
3187	133.404	337.029
3188	133.452	337.025
3190	133.554	337.004
3191	133.603	336.994
3192	133.654	336.98
3194	133.752	336.963
3195	133.804	336.941
3196	133.854	336.79
3198	133.953	336.78
3199	134.001	336.759
3200	134.051	336.69
3201	134.101	336.536
3202	134.148	336.259
3203	134.203	336.186
3205	134.306	336.003
3206	134.357	335.99
3207	134.409	335.979
3209	134.511	335.83
3210	134.561	335.825
3214	134.759	335.797
3215	134.809	335.782
3216	134.862	335.689
3218	134.963	335.679
3220	135.07	335.67
3223	135.22	335.601
3226	135.369	335.572
3227	135.419	335.521
3230	135.57	335.31
3232	135.674	335.242
3233	135.722	335.229
3234	135.773	335.224
3235	135.824	335.146
3236	135.873	335.141
3241	136.121	335.134
3244	136.272	335.087
3246	136.373	335.03
3247	136.422	335.017
3248	136.476	334.988
3249	136.524	334.953
3250	136.577	334.935
3251	136.63	334.925
3252	136.678	334.923
3253	136.731	334.881
3254	136.778	334.832
3255	136.831	334.488
3256	136.879	334.45
3257	136.929	334.445
3258	136.977	334.078
3259	137.029	333.961
3260	137.078	333.929
3261	137.132	333.929
3262	137.185	333.887
3263	137.236	333.863
3264	137.289	333.823
3265	137.337	333.776
3266	137.39	333.732
3267	137.437	333.696
3269	137.537	333.675
3270	137.586	333.626
3272	137.688	333.609
3273	137.74	333.524
3274	137.792	333.512
3276	137.889	333.306
3277	137.939	333.197
3278	137.99	333.186
3280	138.091	333.176
3282	138.192	333.175
3283	138.242	333.156
3284	138.289	333.152
3285	138.341	332.711
3286	138.389	332.683
3289	138.542	332.572
3291	138.642	332.518
3292	138.691	332.507
3293	138.744	332.498
3295	138.848	332.494
3296	138.898	332.469
3297	138.95	332.372
3298	139.001	332.363
3299	139.049	332.322
3300	139.101	332.185
3301	139.154	332.18
3303	139.254	332.151
3304	139.301	331.976
3305	139.353	331.938
3310	139.601	331.92
3311	139.648	331.892
3313	139.752	331.873
3318	140.002	331.863
3319	140.049	331.863
3321	140.148	331.861
3322	140.198	331.861
3324	140.296	331.223
3325	140.348	331.217
3326	140.395	331.194
3328	140.494	331.191
3330	140.591	330.947
3334	140.788	330.922
3335	140.838	330.914
3336	140.886	330.453
3337	140.939	330.451
3339	141.036	330.446
3341	141.137	330.384
3342	141.188	330.321
3343	141.234	330.131
3344	141.282	330.093
3345	141.335	330.092
3346	141.382	329.98
3347	141.433	329.933
3348	141.487	329.931
3349	141.534	329.819
3351	141.641	329.815
3352	141.688	329.767
3353	141.741	329.748
3354	141.791	329.416
3355	141.841	329.237
3359	142.039	328.424
3360	142.089	328.337
3361	142.137	328.331
3363	142.237	327.974
3365	142.337	327.97
3369	142.533	327.963
3370	142.58	327.957
3371	142.631	327.885
3372	142.682	327.836
3374	142.782	327.825
3375	142.832	327.79
3376	142.88	327.655
3377	142.931	327.65
3378	142.979	327.629
3379	143.031	327.603
3380	143.079	327.57
3381	143.129	327.521
3382	143.178	327.514
3383	143.229	326.931
3386	143.382	326.854
3388	143.48	326.83
3389	143.529	326.769
3390	143.578	326.766
3392	143.682	326.756
3397	143.93	326.654
3399	144.029	326.647
3400	144.081	326.508
3401	144.134	326.496
3402	144.184	326.493
3403	144.234	326.491
3404	144.283	326.48
3405	144.334	326.453
3406	144.384	326.419
3407	144.432	326.415
3408	144.479	326.357
3409	144.529	326.307
3410	144.576	326.287
3411	144.624	326.241
3412	144.674	326.195
3413	144.722	326.174
3414	144.773	326.069
3415	144.825	326.049
3416	144.875	326.037
3417	144.925	325.97
3418	144.974	325.964
3420	145.078	325.641
3421	145.186	325.635
3422	145.261	325.605
3423	145.31	325.587
3424	145.363	325.585
3425	145.413	325.578
3426	145.461	325.518
3427	145.515	325.506
3429	145.617	325.368
3430	145.664	325.341
3431	145.711	325.302
3432	145.764	325.248
3434	145.86	325.185
3435	145.912	325.148
3436	145.961	325.13
3437	146.016	325.114
3439	146.118	325.102
3440	146.173	325.071
3441	146.22	325.065
3443	146.318	325.023
3444	146.369	325.023
3445	146.416	325.017
3446	146.468	324.978
3447	146.522	324.968
3448	146.57	324.963
3449	146.622	324.96
3450	146.669	324.957
3451	146.72	324.909
3453	146.816	324.9
3454	146.871	324.853
3455	146.92	324.743
3456	146.971	324.704
3457	147.021	324.701
3458	147.077	324.687
3459	147.132	324.676
3460	147.191	324.66
3461	147.242	324.653
3462	147.29	324.641
3463	147.341	324.633
3464	147.389	324.611
3465	147.443	324.472
3466	147.495	324.465
3467	147.542	324.455
3468	147.59	324.444
3469	147.645	324.424
3470	147.695	324.409
3471	147.748	324.401
3472	147.796	324.376
3473	147.848	324.37
3474	147.899	324.348
3475	147.949	324.339
3476	148	324.307
3477	148.05	324.299
3478	148.099	324.105
3479	148.15	323.9
3481	148.25	323.9
3483	148.345	323.879
3484	148.396	323.806
3485	148.446	323.782
3486	148.496	323.739
3487	148.545	323.674
3488	148.597	323.654
3489	148.652	323.572
3490	148.702	323.557
3491	148.755	323.557
3493	148.853	323.544
3494	148.903	323.522
3495	148.95	323.521
3496	149.001	323.512
3497	149.048	323.507
3498	149.102	323.477
3500	149.205	323.477
3502	149.304	323.461
3503	149.36	323.457
3504	149.409	323.411
3506	149.507	323.393
3507	149.556	323.371
3508	149.605	323.289
3509	149.656	323.284
3510	149.703	323.238
3511	149.755	323.2
3512	149.803	323.151
3513	149.858	322.855
3514	149.907	322.828
3515	149.957	322.824
3516	150.009	322.717
3520	150.209	322.591
3523	150.359	322.559
3524	150.406	322.483
3526	150.505	322.471
3527	150.554	322.449
3528	150.609	322.446
3529	150.656	322.446
3530	150.705	322.436
3531	150.755	322.391
3532	150.811	322.384
3533	150.859	322.373
3534	150.909	322.367
3535	150.958	322.351
3536	151.007	322.214
3538	151.106	322.199
3539	151.155	322.185
3540	151.206	322.14
3541	151.252	322.048
3542	151.302	321.725
3543	151.356	321.678
3545	151.453	321.652
3547	151.552	321.649
3550	151.7	321.629
3554	151.902	321.598
3555	151.951	321.597
3556	152.002	321.528
3557	152.049	321.519
3560	152.198	321.51
3562	152.298	321.475
3563	152.348	321.443
3566	152.497	321.35
3567	152.544	321.344
3568	152.592	321.313
3570	152.693	321.104
3572	152.793	320.968
3574	152.895	320.952
3576	152.998	320.9
3579	153.145	320.852
3580	153.195	320.85
3583	150.861	320.847
3584	150.916	320.738
3586	151.015	320.721
3587	151.062	320.718
3588	151.112	320.687
3589	151.159	320.667
3590	151.211	320.666
3591	151.259	320.633
3592	151.31	320.624
3593	151.356	320.613
3594	151.406	320.558
3595	151.453	320.501
3596	151.5	320.472
3601	151.749	320.467
3602	151.802	320.449
3603	151.851	320.43
3604	151.903	320.412
3606	151.999	320.394
3607	152.048	320.367
3609	152.145	320.348
3610	152.193	320.287
3612	152.292	320.231
3613	152.341	319.663
3614	152.39	319.655
3616	152.485	319.638
3617	152.535	319.572
3618	152.586	319.569
3620	152.685	319.558
3622	152.78	319.552
3625	152.935	319.39
3626	152.982	319.378
3627	153.031	319.377
3629	153.134	319.324
3631	153.234	319.274
3633	153.332	319.242
3635	153.431	319.214
3636	153.481	319.203
3637	153.531	319.181
3638	153.581	319.109
3639	153.63	319.074
3642	153.781	319.068
3644	153.881	318.967
3645	153.931	318.954
3646	153.982	318.949
3650	154.179	318.925
3652	154.278	318.922
3653	154.329	318.913
3655	154.427	318.894
3658	154.576	318.89
3662	154.775	318.883
3663	154.822	318.883
3664	154.874	318.832
3665	154.924	318.832
3668	155.07	318.831
3669	155.12	318.827
3670	155.168	318.781
3674	155.365	318.766
3676	155.467	318.742
3678	155.562	318.721
3680	155.662	318.719
3681	155.713	318.669
3682	155.76	318.609
3683	155.813	318.466
3684	155.863	318.44
3685	155.916	318.435
3686	155.97	318.377
3689	156.115	318.359
3691	156.213	318.345
3692	156.263	318.302
3694	156.367	318.114
3695	156.413	318.087
3699	156.612	317.674
3702	156.76	317.67
3703	156.809	317.206
3705	156.907	317.16
3710	157.156	317.156
3711	157.212	317.118
3712	157.258	317.095
3715	157.405	317.092
3716	157.453	317.012
3717	157.501	316.985
3718	157.551	316.966
3719	157.599	316.965
3720	157.653	316.952
3722	157.754	316.942
3723	157.811	316.728
3724	157.866	316.723
3726	157.978	316.563
3728	158.096	316.492
3730	158.2	316.488
3734	158.4	316.461
3736	158.501	316.453
3737	158.551	316.401
3739	158.649	316.362
3740	158.701	316.228
3741	158.75	316.21
3742	158.799	316.206
3743	158.847	316.205
3744	158.897	316.165
3745	158.946	316.162
3746	158.997	316.142
3748	159.095	316.079
3749	159.145	316.079
3750	159.193	316.079
3751	159.243	316.072
3752	159.295	316.061
3753	159.342	316.044
3754	159.393	316.032
3755	159.441	316.024
3756	159.493	316.016
3757	159.547	315.963
3758	159.597	315.961
3761	159.743	315.959
3762	159.79	315.942
3764	159.893	315.941
3765	159.941	315.939
3766	159.994	315.873
3767	160.04	315.865
3768	160.087	315.82
3769	160.137	315.769
3770	160.186	315.735
3771	160.239	315.697
3772	160.291	315.642
3774	160.39	315.608
3775	160.44	315.574
3776	160.488	315.565
3777	160.541	315.558
3778	160.594	315.492
3779	160.642	315.47
3780	160.69	315.457
3781	160.739	315.443
3782	160.789	315.442
3783	160.843	315.42
3784	160.889	315.414
3785	160.94	315.409
3786	160.993	315.404
3788	161.092	315.388
3789	161.141	315.385
3790	161.194	315.373
3791	161.241	315.367
3793	161.34	315.359
3794	161.389	315.351
3795	161.44	315.306
3796	161.487	315.281
3797	161.54	315.269
3798	161.587	315.261
3800	161.692	315.26
3801	161.739	315.255
3803	161.842	315.249
3804	161.891	315.215
3805	161.94	315.163
3807	162.038	315.146
3808	162.085	315.141
3809	162.142	315.12
3811	162.236	315.119
3812	162.289	315.104
3814	162.386	315.089
3815	162.439	315.083
3816	162.488	315.077
3817	162.569	315.07
3818	162.651	314.928
3819	162.703	314.841
3822	162.853	314.836
3823	162.902	314.832
3824	162.953	314.819
3825	163.001	314.816
3826	163.053	314.788
3828	163.15	314.777
3829	163.199	314.752
3830	163.252	314.736
3831	163.3	314.712
3833	163.401	314.401
3834	163.449	314.378
3835	163.5	314.376
3836	163.547	314.372
3837	163.598	314.359
3838	163.647	314.335
3839	163.7	314.319
3842	163.851	314.29
3844	163.949	314.262
3845	163.996	314.249
3846	164.045	314.233
3847	164.092	314.173
3848	164.143	314.13
3849	164.19	314.128
3850	164.238	314.116
3851	164.288	314.066
3852	164.336	314.003
3853	164.386	313.975
3855	164.482	313.967
3856	164.534	313.948
3857	164.583	313.945
3859	164.683	313.928
3860	164.734	313.826
3861	164.781	313.799
3862	164.834	313.787
3863	164.884	313.787
3864	164.931	313.769
3865	164.985	313.757
3866	165.033	313.756
3867	165.086	313.715
3868	165.134	313.712
3869	165.187	313.702
3870	165.238	313.669
3871	165.289	313.538
3872	165.339	313.537
3873	165.389	313.534
3875	165.485	313.515
3876	165.539	313.437
3877	165.589	313.43
3879	165.688	313.314
3880	165.741	313.295
3881	165.795	313.241
3882	165.844	313.081
3883	165.891	313.009
3884	165.942	313.001
3885	165.993	312.959
3887	166.093	312.94
3888	166.141	312.94
3889	166.188	312.933
3890	166.242	312.821
3894	166.44	312.791
3896	166.54	312.727
3900	166.735	312.636
3902	166.835	312.624
3903	166.886	312.597
3904	166.936	312.59
3906	167.037	312.52
3907	167.084	312.376
3908	167.131	312.333
3910	167.232	312.272
3911	167.281	312.247
3912	167.329	312.192
3914	167.431	312.157
3915	167.481	312.116
3916	167.532	312.104
3921	167.788	312.104
3923	167.884	312.055
3924	167.934	311.983
3925	167.985	311.957
3926	168.034	311.955
3927	168.087	311.949
3928	168.135	311.919
3929	168.185	311.901
3930	168.235	311.895
3931	168.287	311.892
3932	168.336	311.89
3934	168.436	311.818
3935	168.483	311.811
3936	168.535	311.78
3937	168.586	311.773
3939	168.688	311.729
3940	168.738	311.723
3943	168.889	311.713
3944	168.939	311.703
3945	168.99	311.692
3946	169.039	311.581
3947	169.09	311.54
3952	169.34	311.528
3953	169.388	311.445
3954	169.44	311.429
3956	169.541	311.416
3957	169.589	311.376
3958	169.65	311.375
3960	169.81	311.365
3961	169.861	311.309
3962	169.915	311.307
3963	169.966	311.29
3964	170.018	311.289
3965	170.066	309.733
3967	170.166	309.724
3968	170.219	309.719
3969	170.268	309.63
3971	170.367	309.598
3972	170.417	309.584
3973	170.468	309.582
3975	170.563	309.549
3977	170.661	309.522
3978	170.711	309.47
3979	170.763	309.339
3980	170.815	309.294
3981	170.866	309.288
3982	170.913	309.285
3984	171.017	309.197
3987	171.168	309.196
3989	171.266	309.195
3990	171.315	309.186
3991	171.367	309.143
3992	171.416	309.073
3993	171.467	308.947
3995	171.569	308.931
3997	171.668	308.93
3998	171.718	308.918
3999	171.766	308.916
4000	171.812	308.91
4005	172.059	308.908
4006	172.11	308.891
4008	172.212	308.89
4009	172.26	308.886
4010	172.31	308.869
4011	172.358	308.832
4012	172.407	308.83
4015	172.557	308.827
4019	172.759	308.814
4020	172.806	308.808
4021	172.857	308.801
4022	172.905	308.757
4023	172.955	308.71
4024	173.004	308.706
4025	173.056	308.681
4026	173.106	308.625
4028	173.203	308.625
4032	173.4	308.594
4034	173.5	308.42
4037	173.649	308.413
4039	173.75	308.273
4041	173.852	308.267
4043	173.948	308.007
4045	174.046	307.928
4048	174.195	307.926
4049	174.248	307.923
4051	174.345	307.89
4052	174.394	307.864
4054	174.493	307.859
4057	174.647	307.841
4058	174.696	307.816
4059	174.747	307.794
4060	174.799	307.783
4062	174.898	307.748
4064	174.996	307.743
4066	175.094	307.676
4068	175.193	307.604
4070	175.295	307.589
4073	175.44	307.524
4077	175.643	307.513
4079	175.747	307.478
4080	175.798	307.433
4081	175.846	307.432
4082	175.894	307.429
4084	175.998	307.416
4085	176.047	307.31
4086	176.099	307.293
4087	176.146	307.289
4088	176.199	307.234
4089	176.252	307.232
4090	176.304	307.221
4091	176.353	307.221
4092	176.403	307.213
4093	176.454	307.184
4094	176.507	307.183
4095	176.558	307.179
4096	176.609	307.142
4098	176.71	307.134
4101	176.869	307.132
4102	176.916	307.113
4104	177.021	307.111
4105	177.071	307.109
4106	177.123	307.06
4107	177.176	307.043
4108	177.224	307.021
4109	177.274	306.996
4110	177.321	306.984
4111	177.373	306.951
4112	177.424	306.922
4114	177.526	306.89
4115	177.574	306.853
4116	177.624	306.711
4117	177.672	306.71
4118	177.724	306.663
4119	177.771	306.644
4123	177.967	306.638
4125	178.07	306.635
4126	178.116	306.622
4127	178.168	306.591
4128	178.217	306.576
4129	178.27	306.573
4131	178.369	306.569
4132	178.417	306.562
4133	178.467	306.556
4134	178.514	306.547
4136	178.614	306.526
4137	178.665	306.525
4138	178.712	306.522
4139	178.763	306.508
4140	178.81	306.507
4141	178.859	306.497
4142	178.91	306.483
4143	178.958	306.48
4145	179.055	306.462
4148	179.203	306.457
4149	179.255	306.44
4151	179.356	306.427
4154	179.505	306.417
4155	179.554	306.411
4156	179.607	306.406
4157	179.657	306.403
4158	179.704	306.339
4159	179.755	306.241
4163	179.952	306.235
4165	180.049	306.23
4168	180.2	306.215
4169	180.247	306.193
4170	180.298	306.178
4171	180.345	306.175
4172	180.4	306.155
4173	180.447	306.154
4175	180.546	306.153
4176	180.605	306.15
4177	180.667	306.143
4178	180.718	306.122
4180	180.815	306.12
4182	180.917	306.101
4183	180.978	306.095
4184	181.033	306.08
4185	181.082	306.069
4186	181.133	306.06
4187	181.186	306.025
4188	181.235	306.023
4189	181.288	306.02
4191	181.386	306.01
4192	181.457	305.984
4194	181.557	305.975
4195	181.609	305.97
4196	181.656	305.882
4197	181.708	305.879
4199	181.807	305.855
4200	181.854	305.766
4202	181.953	305.763
4203	182.003	305.76
4204	182.05	305.748
4205	182.103	305.699
4206	182.155	305.688
4207	182.205	305.666
4209	182.303	305.664
4211	182.403	305.588
4212	182.45	305.58
4213	182.499	305.575
4215	182.596	305.555
4216	182.645	305.472
4218	182.746	305.462
4219	182.795	305.455
4220	182.844	305.42
4221	182.897	305.353
4223	182.994	305.284
4224	183.041	305.275
4225	183.093	305.255
4226	180.653	305.246
4227	180.699	305.244
4228	180.748	305.217
4229	180.799	305.217
4230	180.851	305.205
4231	180.899	305.204
4232	180.949	305.193
4234	181.044	305.172
4236	181.144	305.164
4237	181.196	305.143
4238	181.243	305.142
4239	181.294	305.121
4240	181.344	304.985
4243	181.491	304.961
4246	181.64	304.908
4247	181.689	304.906
4248	181.741	304.858
4250	181.838	304.794
4252	181.938	304.681
4254	182.037	304.667
4256	182.136	304.657
4257	182.187	304.645
4258	182.236	304.641
4260	182.334	304.636
4262	182.431	304.631
4263	182.48	304.586
4265	182.582	304.461
4266	182.633	304.352
4267	182.683	304.346
4268	182.734	304.321
4269	182.782	304.31
4270	182.83	304.303
4272	182.928	304.301
4273	182.978	304.284
4274	183.026	304.203
4275	183.074	304.185
4277	183.173	304.182
4278	183.22	304.18
4279	183.273	304.143
4281	183.368	304.133
4283	183.466	304.126
4284	183.516	304.11
4285	183.566	304.104
4286	183.62	304.046
4287	183.667	304.005
4288	183.718	304
4291	183.868	303.998
4292	183.915	303.987
4293	183.97	303.94
4294	184.024	303.727
4295	184.074	303.724
4296	184.124	303.715
4298	184.222	303.715
4300	184.322	303.703
4301	184.368	303.617
4302	184.418	303.617
4303	184.469	303.615
4305	184.567	303.304
4307	184.662	303.301
4308	184.712	303.297
4311	184.859	303.284
4312	184.909	303.264
4313	184.957	303.261
4315	185.061	303.096
4317	185.16	303.082
4318	185.207	303.079
4319	185.259	303.032
4321	185.357	303.029
4324	185.505	302.941
4325	185.552	302.939
4327	185.648	302.933
4329	185.747	302.932
4330	185.794	302.926
4331	185.845	302.748
4332	185.893	302.747
4333	185.944	302.662
4335	186.042	302.658
4337	186.136	302.649
4338	186.186	302.644
4339	186.238	302.636
4343	186.435	302.627
4346	186.583	302.519
4348	186.679	302.517
4349	186.732	302.51
4351	186.831	302.481
4352	186.879	302.472
4353	186.93	302.467
4354	186.98	302.461
4355	187.029	302.457
4359	187.223	302.427
4360	187.271	302.42
4362	187.37	302.403
4363	187.422	302.366
4364	187.47	302.339
4365	187.521	302.314
4366	187.569	302.29
4368	187.666	302.282
4374	187.966	302.139
4375	188.015	301.978
4378	188.159	301.969
4379	188.208	301.894
4380	188.258	301.893
4381	188.305	301.863
4383	188.408	301.772
4390	188.756	301.77
4391	188.803	301.749
4392	188.853	301.742
4393	188.9	301.736
4394	188.947	301.735
4395	189.002	301.733
4397	189.099	301.723
4398	189.149	301.707
4399	189.203	301.659
4402	189.352	301.659
4403	189.401	301.602
4404	189.451	301.594
4410	189.747	301.575
4413	189.902	301.513
4415	189.999	301.513
4416	190.045	301.492
4417	190.093	301.195
4418	190.143	301.188
4419	190.19	301.179
4420	190.241	301.095
4421	190.287	301.094
4422	190.337	301.092
4423	190.386	301.089
4424	190.436	301.074
4425	190.483	301.049
4426	190.536	301.039
4427	190.582	301.031
4428	190.632	300.979
4429	190.686	300.978
4430	190.734	300.975
4432	190.831	300.972
4433	190.88	300.96
4435	190.982	300.955
4436	191.03	300.953
4438	191.134	300.944
4440	191.233	300.932
4442	191.332	300.907
4444	191.427	300.9
4445	191.477	300.899
4446	191.528	300.837
4447	191.577	300.829
4448	191.624	300.78
4449	191.674	300.765
4450	191.725	300.732
4451	191.772	300.701
4454	191.919	300.643
4455	191.966	300.618
4456	192.017	300.597
4457	192.065	300.595
4458	192.113	300.546
4459	192.166	300.54
4462	192.312	300.535
4463	192.358	300.503
4464	192.408	300.5
4465	192.454	300.497
4466	192.504	300.449
4467	192.551	300.407
4468	192.598	300.403
4469	192.648	300.399
4470	192.697	300.397
4473	192.844	300.384
4474	192.893	300.375
4477	193.04	300.374
4478	193.088	300.374
4481	193.232	300.368
4482	193.278	300.363
4483	193.329	300.362
4484	193.378	300.357
4485	193.427	300.338
4488	193.576	300.333
4489	193.625	300.265
4490	193.676	300.244
4491	193.722	300.242
4493	193.822	300.205
4494	193.869	300.197
4495	193.918	300.192
4497	194.014	300.19
4498	194.064	300.072
4499	194.112	299.981
4500	194.163	299.974
4501	194.21	299.971
4502	194.259	299.966
4505	194.411	299.963
4506	194.459	299.961
4507	194.508	299.79
4508	194.558	299.784
4509	194.605	299.763
4510	194.656	299.744
4511	194.705	299.743
4513	194.801	299.735
4514	194.852	299.728
4515	194.905	299.724
4516	194.955	299.723
4518	195.051	299.705
4520	195.15	299.702
4522	195.249	299.697
4523	195.3	299.692
4524	195.352	299.659
4525	195.399	299.653
4526	195.447	299.644
4527	195.5	299.615
4529	195.597	299.615
4530	195.644	299.613
4531	195.694	299.602
4532	195.742	299.562
4533	195.791	299.527
4534	195.842	299.505
4535	195.891	299.485
4536	195.938	299.449
4537	195.99	299.445
4539	196.087	299.444
4540	196.136	299.377
4541	196.187	299.302
4542	196.236	299.293
4544	196.335	299.292
4545	196.386	299.26
4548	196.53	299.25
4549	196.58	299.239
4551	196.687	299.225
4555	196.885	299.181
4556	196.934	299.121
4558	197.035	299.111
4559	197.084	299.104
4560	197.134	299.09
4561	197.182	299.017
4562	197.235	298.971
4563	197.283	298.951
4564	197.333	298.928
4565	197.386	298.916
4566	197.473	298.862
4568	197.621	298.843
4570	197.719	298.817
4572	197.817	298.754
4574	197.914	298.739
4575	197.962	298.735
4576	198.012	298.722
4577	198.064	298.702
4578	198.113	298.667
4580	198.212	298.651
4581	198.262	298.642
4582	198.309	298.112
4583	198.361	298.083
4584	198.412	298.072
4586	198.517	298.063
4587	198.566	298.052
4589	198.667	298.049
4590	198.718	298.019
4592	198.817	297.979
4594	198.915	297.956
4595	198.966	297.956
4596	199.012	297.905
4597	199.06	297.901
4600	199.21	297.89
4601	199.257	297.875
4602	199.308	297.869
4603	199.359	297.817
4606	199.509	297.753
4607	199.555	297.751
4608	199.605	297.734
4609	199.655	297.732
4610	199.701	297.729
4611	199.752	297.655
4612	199.8	297.654
4613	199.851	297.645
4614	199.904	297.599
4615	199.951	297.584
4616	200.002	297.576
4617	200.051	297.575
4618	200.101	297.56
4620	200.203	297.558
4623	200.354	297.549
4624	200.4	297.544
4625	200.45	297.504
4626	200.497	297.472
4627	200.548	297.434
4628	200.602	297.433
4630	200.7	297.405
4633	200.846	297.371
4634	200.897	297.167
4636	200.995	296.939
4637	201.045	296.871
4638	201.096	296.87
4640	201.194	296.866
4641	201.244	296.768
4643	201.342	296.762
4645	201.444	296.666
4647	201.546	296.66
4648	201.593	296.65
4652	201.791	296.591
4654	201.894	296.562
4655	201.953	296.536
4657	202.055	296.523
4658	202.104	296.514
4659	202.153	296.483
4660	202.201	296.481
4661	202.253	296.475
4662	202.3	296.471
4664	202.396	296.408
4665	202.444	296.392
4666	202.495	296.349
4669	202.673	296.347
4670	202.724	296.336
4671	202.779	296.291
4672	202.83	296.276
4673	202.876	296.265
4678	203.126	296.244
4679	203.178	296.236
4680	203.227	296.233
4681	203.274	296.231
4682	203.324	296.228
4689	203.665	296.223
4693	203.862	296.21
4695	203.959	296.2
4696	204.006	296.199
4697	204.059	296.197
4699	204.156	296.192
4700	204.207	296.192
4701	204.255	296.191
4702	204.303	296.179
4703	204.35	296.082
4704	204.4	296.074
4705	204.448	296.072
4706	204.499	296.042
4707	204.547	296.041
4708	204.598	296.037
4709	204.645	296.015
4710	204.696	295.954
4714	204.893	295.92
4715	204.942	295.775
4717	205.039	295.773
4718	205.087	295.767
4719	205.139	295.456
4721	205.235	295.441
4723	205.343	295.401
4724	205.396	295.4
4725	205.444	295.394
4726	205.495	295.361
4730	205.697	295.36
4731	205.747	295.346
4732	205.8	295.336
4734	205.899	295.333
4738	206.097	295.321
4739	206.144	295.268
4742	206.295	295.241
4743	206.344	295.192
4745	206.442	295.09
4746	206.49	295.083
4752	206.792	295.039
4753	206.845	294.82
4754	206.894	294.796
4756	206.994	294.778
4757	207.044	294.727
4759	207.149	294.725
4760	207.198	294.679
4761	207.251	294.676
4762	207.303	294.674
4764	207.403	294.655
4765	207.454	294.64
4766	207.502	294.633
4767	207.55	294.628
4768	207.599	294.583
4771	207.747	294.578
4772	207.796	294.568
4773	207.849	294.551
4774	207.896	294.539
4775	207.948	294.534
4776	207.998	294.529
4778	208.097	294.504
4779	208.146	294.5
4780	208.197	294.476
4781	208.247	294.475
4782	208.294	294.466
4783	208.344	294.449
4784	208.395	294.443
4785	208.442	294.443
4786	208.491	294.398
4787	208.541	294.388
4788	208.59	294.381
4789	208.64	294.343
4790	208.688	294.327
4791	208.738	294.314
4792	208.788	294.283
4794	208.886	294.238
4795	208.936	294.201
4796	208.987	294.171
4797	209.037	294.171
4798	209.085	294.14
4799	209.134	294.124
4800	209.182	294.114
4801	209.229	294.109
4802	209.276	294.07
4804	209.374	294.069
4805	209.424	294.065
4806	209.477	294.029
4807	209.529	293.995
4808	209.576	293.995
4809	209.628	293.993
4810	209.676	293.992
4811	209.728	293.971
4812	209.778	293.966
4813	209.825	293.961
4814	209.875	293.954
4816	209.978	293.944
4817	210.027	293.941
4818	210.075	293.938
4819	210.13	293.9
4821	210.225	293.895
4822	210.28	293.89
4823	210.332	293.883
4824	210.381	293.871
4825	210.428	293.858
4826	210.484	293.839
4827	210.536	293.826
4828	210.593	293.823
4829	210.646	293.811
4831	210.747	293.809
4833	210.845	293.771
4834	210.892	293.764
4835	210.944	293.757
4836	210.995	293.744
4837	211.046	293.742
4838	211.093	293.288
4839	211.144	293.182
4841	211.246	293.176
4844	211.4	293.173
4845	211.45	293.163
4846	211.504	293.153
4847	211.551	293.127
4849	211.653	293.12
4850	211.704	293.117
4851	211.76	293.114
4853	211.863	293.103
4854	211.913	293.099
4855	211.96	293.097
4856	212.013	293.095
4858	212.118	293.065
4859	212.169	293.063
4861	212.271	293.062
4862	212.322	293.055
4863	212.369	293.05
4864	212.421	293.036
4865	212.477	293.03
4866	212.527	292.992
4867	212.574	292.943
4868	212.627	292.943
4871	212.777	292.939
4874	210.531	292.936
4875	210.596	292.93
4876	210.647	292.905
4879	210.8	292.802
4880	210.852	292.732
4883	211.006	292.717
4884	211.06	292.709
4885	211.111	292.694
4886	211.166	292.668
4888	211.265	292.661
4889	211.315	292.653
4891	211.417	292.627
4892	211.466	292.604
4895	211.619	292.545
4896	211.67	292.482
4897	211.717	292.477
4899	211.816	292.446
4900	211.868	292.422
4901	211.916	292.418
4902	211.965	292.371
4903	212.018	292.331
4904	212.066	292.329
4905	212.114	292.322
4906	212.164	292.291
4907	212.212	292.268
4908	212.268	292.203
4909	212.319	292.181
4910	212.375	292.171
4912	212.475	292.169
4914	212.575	292.156
4915	212.623	292.153
4916	212.676	292.151
4917	212.723	292.146
4920	212.876	292.141
4923	213.025	292.134
4926	213.174	292.107
4928	213.279	292.105
4930	213.377	292.006
4936	213.674	291.983
4938	213.771	291.982
4940	213.872	291.816
4941	213.92	291.812
4943	214.02	291.756
4945	214.117	291.752
4946	214.168	291.736
4947	214.215	291.734
4948	214.266	291.718
4949	214.313	291.713
4950	214.363	291.709
4952	214.457	291.709
4953	214.51	291.699
4955	214.615	291.693
4956	214.662	291.678
4961	214.917	291.678
4963	215.015	291.67
4966	215.165	291.643
4967	215.215	291.6
4968	215.267	291.595
4970	215.366	291.574
4971	215.413	291.53
4972	215.463	291.482
4973	215.515	291.439
4974	215.562	291.373
4976	215.661	291.359
4977	215.709	291.317
4978	215.758	291.316
4981	215.909	291.306
4983	216.009	291.305
4984	216.064	291.303
4985	216.111	291.273
4986	216.161	291.273
4990	216.358	291.269
4992	216.454	291.237
4995	216.603	291.22
4997	216.699	291.217
4998	216.749	291.205
4999	216.796	291.178
5000	216.846	291.176
# FIN	216.846	291.176

