# target=instancias/starrynight.png T=340 iters=5000 K=32 seed=auto
iter	segundos	MSE
0	0.00227056	7859.98
1	0.0282997	7802.38
2	0.0544569	7780.69
3	0.0815593	7759.98
4	0.107885	7726.94
5	0.134597	7685.34
6	0.161065	7669.88
7	0.187588	7669.09
8	0.213892	7662.38
9	0.241331	7629.59
10	0.267333	7623.55
11	0.293496	7607.65
12	0.31998	7564.77
13	0.346506	7498.39
14	0.373659	7441.99
15	0.400642	7399.65
16	0.428972	7398.85
17	0.457607	7389.41
18	0.484438	7389.25
19	0.510685	7377.46
20	0.537127	7369.36
21	0.563509	7369.1
22	0.59063	7367.81
23	0.617577	7362.55
24	0.644715	7342.15
25	0.671824	7341.41
26	0.698913	7338.61
27	0.725487	7335.67
28	0.752378	7306.71
29	0.779333	7249.55
30	0.80657	7218.44
31	0.833692	7192.8
32	0.860879	7172.92
33	0.887603	7172.5
34	0.914979	7142.29
35	0.941632	7131.44
36	0.968307	7114.31
37	0.995677	7110.64
38	1.02346	7072.15
39	1.05069	7059.58
40	1.07785	7041.46
41	1.10558	7033.89
42	1.13364	7028.04
43	1.16174	7014.65
44	1.18898	7014.59
45	1.21642	7004.08
46	1.24387	7002.94
47	1.27149	6981.32
48	1.29891	6977.8
49	1.32657	6947.92
50	1.35416	6947.8
51	1.38179	6940.49
52	1.40941	6931.15
53	1.43757	6909.27
54	1.46553	6896.17
55	1.49346	6880.49
56	1.52088	6874.23
57	1.54833	6869.14
58	1.57649	6846.52
59	1.6046	6830.79
60	1.63261	6795.37
61	1.66023	6786.98
62	1.69017	6783.84
63	1.71851	6759.96
64	1.7463	6747.55
65	1.77387	6730.21
66	1.80337	6728.41
67	1.83167	6724.67
68	1.85975	6700.21
69	1.88842	6699.86
70	1.91735	6696.99
71	1.94669	6674.3
72	1.97552	6662.57
73	2.00376	6648.44
74	2.03297	6631.97
75	2.06147	6629.2
76	2.08948	6609.13
77	2.11698	6594.83
78	2.14649	6590.69
79	2.17487	6529.44
80	2.20318	6518.99
81	2.23198	6501.03
82	2.2606	6489.65
83	2.28944	6471.26
84	2.31747	6458.29
85	2.34599	6458.16
86	2.37476	6451.71
87	2.4026	6437.04
88	2.43057	6435.38
89	2.45935	6430.85
90	2.4887	6417.72
91	2.51655	6410.66
92	2.54534	6407.47
93	2.5748	6406.57
94	2.60364	6379.31
95	2.63293	6346.64
96	2.66252	6328.85
97	2.69085	6328.71
98	2.7191	6311.94
99	2.74809	6276.45
100	2.77916	6275.67
101	2.80883	6268.05
102	2.83847	6236.38
103	2.8672	6228.61
104	2.89847	6216.67
105	2.92754	6213.03
106	2.95691	6191.05
107	2.98656	6186.13
108	3.01652	6177.29
109	3.04546	6172.9
110	3.07522	6164.27
111	3.10445	6150.48
112	3.13359	6130.99
113	3.16853	6116.06
114	3.21524	6069.7
115	3.2557	6069.57
116	3.28689	6061.05
117	3.31645	6039.41
118	3.34666	6036.51
119	3.37629	6035.87
120	3.40587	6030.4
121	3.43543	6012.93
122	3.46564	6008.66
123	3.49555	5971.57
124	3.52669	5960.61
125	3.55582	5954.29
126	3.58504	5894.01
127	3.61425	5888.88
128	3.64402	5854.69
129	3.67325	5821.82
130	3.70259	5812.87
131	3.73193	5811.62
132	3.76258	5783.84
133	3.79332	5680.25
134	3.82307	5675.94
135	3.85372	5664.45
136	3.88315	5664.03
137	3.91271	5662.79
138	3.94222	5652.55
139	3.97195	5637.18
140	4.00239	5633.35
141	4.03157	5626.57
142	4.06078	5601.51
143	4.09041	5599.74
144	4.12013	5597.14
145	4.15087	5596.81
146	4.18159	5516.69
147	4.21141	5516.44
148	4.24254	5509.93
149	4.27212	5498.44
150	4.30338	5496.27
151	4.34362	5493.04
152	4.40626	5479.61
153	4.46049	5460.18
154	4.51461	5459.97
155	4.56691	5456.15
156	4.59764	5448.32
157	4.63992	5447.77
158	4.67487	5367.2
159	4.70754	5348.24
160	4.73809	5347.11
161	4.76886	5335.27
162	4.80282	5331.67
163	4.83427	5309.58
164	4.86503	5303.65
165	4.91204	5256.04
166	4.95984	5247.24
167	5.01533	5245
168	5.07489	5234.6
170	5.15729	5234.05
171	5.19707	5233.14
172	5.23476	5233.13
173	5.26732	5221.22
174	5.30425	5209.02
175	5.3353	5208.06
176	5.36662	5077.9
177	5.40252	5057.02
178	5.43524	5054.09
179	5.46742	5052.01
180	5.50166	4988.84
181	5.5345	4985.2
182	5.56494	4984.14
183	5.59895	4980.96
184	5.63696	4938.19
185	5.66822	4934.29
186	5.70164	4894.56
187	5.73606	4873.14
188	5.76719	4868.42
189	5.79767	4868.37
190	5.83183	4835.73
191	5.86506	4831.41
192	5.89566	4797.7
193	5.92949	4796.64
194	5.9636	4792.95
195	5.99473	4785.22
196	6.02695	4784.62
197	6.06203	4768.13
198	6.09441	4705.04
199	6.12532	4703.37
200	6.16005	4701.94
201	6.19227	4701.68
202	6.22321	4696.92
203	6.25911	4653.91
204	6.28999	4647.66
205	6.32164	4645.22
206	6.35691	4644.99
207	6.3922	4643.91
208	6.42381	4586.15
209	6.45466	4568.67
210	6.49209	4566.56
211	6.52671	4529.5
212	6.55749	4524.45
213	6.58945	4508.48
214	6.62337	4506.25
215	6.6554	4503.96
216	6.69098	4393.37
217	6.7223	4390.31
218	6.75416	4385.52
219	6.78912	4381.06
220	6.82437	4380.45
221	6.85748	4361.08
222	6.8897	4356.82
223	6.92483	4350.08
224	6.95862	4334.64
225	6.99045	4329.24
226	7.02176	4311.73
227	7.05675	4310.93
228	7.09231	4307.81
229	7.12386	4306.74
230	7.15551	4306.52
231	7.18905	4303.63
232	7.22468	4294.71
233	7.25923	4293.23
234	7.2931	4209.67
235	7.32796	4194.83
236	7.36829	4193.5
237	7.40059	4166.56
238	7.43299	4116.36
239	7.46651	4093.68
240	7.49838	4070.66
241	7.53024	4069.22
242	7.56852	4066.73
243	7.60194	4007.2
244	7.63659	3997.79
245	7.66888	3992.5
246	7.70214	3985.61
247	7.73879	3980.6
248	7.7714	3974.83
249	7.80693	3974.82
250	7.84003	3974.61
251	7.87253	3969.06
252	7.90729	3968.92
253	7.94385	3964.38
254	7.97837	3961.84
255	8.01189	3914.1
256	8.04717	3899.82
257	8.08267	3883.29
258	8.11485	3875.55
259	8.15092	3864.62
260	8.18297	3856.53
261	8.21606	3854.31
262	8.25373	3845.57
263	8.29108	3844.4
264	8.32431	3843.98
265	8.35786	3842.29
266	8.39346	3840.97
267	8.42782	3834.21
268	8.46028	3832.47
269	8.49709	3832.21
270	8.53129	3821.14
271	8.56601	3818.29
272	8.601	3785.24
273	8.63318	3782.03
274	8.66707	3776.6
275	8.70215	3761.6
276	8.73449	3752
277	8.76904	3751.24
278	8.80354	3751.18
279	8.83853	3749.06
280	8.87303	3748.55
281	8.90595	3744.54
282	8.94114	3733.53
283	8.97396	3728.48
284	9.0105	3725.06
285	9.04275	3724.1
286	9.07705	3721.49
287	9.11317	3715.32
288	9.14959	3713.67
289	9.18203	3713.26
290	9.21629	3713.03
291	9.25341	3701.84
292	9.28671	3700.11
293	9.31911	3690.29
294	9.35512	3658.21
295	9.39375	3656.04
296	9.43184	3650.11
297	9.46542	3628.89
298	9.50084	3626.93
299	9.53404	3621.23
300	9.5671	3578.24
301	9.60406	3573.22
302	9.64077	3570.08
303	9.67634	3568.17
304	9.7094	3529.49
305	9.74554	3529.23
306	9.78126	3529.2
307	9.81705	3526.67
308	9.85093	3525.35
309	9.88786	3524.48
310	9.92491	3518.6
311	9.9632	3516.86
312	9.99856	3514.15
313	10.0361	3507.2
314	10.0689	3479.43
315	10.105	3478.74
316	10.1403	3478.28
317	10.1753	3475.11
318	10.212	3470.14
319	10.2459	3447.71
320	10.2841	3445.88
321	10.3216	3445.52
322	10.355	3418.75
323	10.3899	3389.37
324	10.4267	3388.58
325	10.4623	3365.73
326	10.5332	3355.77
327	10.6091	3355.5
328	10.6512	3345.76
329	10.6893	3328.61
330	10.7233	3324.45
331	10.7587	3315.19
332	10.7958	3315
333	10.8332	3308.46
334	10.8704	3308.09
335	10.9039	3305.12
336	10.9375	3303.34
337	10.9752	3302.43
338	11.0091	3300.09
339	11.0459	3298.66
340	11.0807	3295.82
341	11.1147	3282.75
342	11.1521	3263.77
343	11.1857	3261.81
344	11.2212	3260.95
345	11.2589	3251.41
346	11.2925	3243.6
347	11.3265	3241.22
348	11.3622	3239.88
349	11.3987	3236.06
350	11.433	3228.65
351	11.4718	3215.62
352	11.5071	3203.6
353	11.5425	3185.81
354	11.5776	3149.55
355	11.6171	3142.97
356	11.6506	3142.2
357	11.6842	3139.22
358	11.7201	3135.56
359	11.7583	3130.73
360	11.7922	3120.96
361	11.8282	3120.88
362	11.8647	3120.12
363	11.9006	3112
364	11.9368	3105.61
365	11.9726	3104.65
366	12.0084	3080.53
367	12.0461	3080.06
368	12.0807	3079.29
369	12.1147	3068.66
370	12.1525	3038.47
371	12.1881	2990.91
372	12.2241	2983.51
373	12.2619	2983.11
374	12.2964	2979.93
375	12.3336	2979.65
376	12.3721	2964.25
377	12.4087	2961.72
378	12.4439	2951.4
379	12.4811	2948.51
380	12.5161	2947.1
381	12.5507	2936.83
382	12.5852	2936.66
383	12.6234	2928.78
384	12.6591	2928.65
385	12.6942	2925.49
386	12.7329	2913.68
387	12.7673	2906.85
388	12.8026	2904.46
389	12.8397	2898.85
390	12.8775	2894.91
391	12.9149	2894.28
392	12.9542	2893.45
393	12.9884	2881.76
394	13.023	2875.93
395	13.0583	2859.25
396	13.0936	2853.77
397	13.1309	2849.98
398	13.1685	2832.35
399	13.2051	2788.71
400	13.2445	2741.37
401	13.2836	2740.93
402	13.3192	2737.86
403	13.3584	2736.77
404	13.3958	2734.73
405	13.4344	2730.61
406	13.469	2730.58
407	13.506	2729.85
408	13.544	2729.11
409	13.5863	2722.6
410	13.6225	2721.85
411	13.6583	2718.42
412	13.6961	2716.65
413	13.7329	2716.62
414	13.7697	2716.12
415	13.8062	2715.37
416	13.8464	2701.61
417	13.8847	2699.04
418	13.9213	2698.64
419	13.9607	2657.27
420	13.9971	2656.18
421	14.0319	2644.4
422	14.0682	2641.15
423	14.1066	2635.98
424	14.1446	2615.92
425	14.1827	2615.91
426	14.2177	2597.48
427	14.2566	2597.27
428	14.2931	2597.03
429	14.3292	2597.03
430	14.3682	2589.77
431	14.4066	2589.2
432	14.4417	2589.13
433	14.4805	2588.8
434	14.5157	2586.71
435	14.5519	2564.25
436	14.5936	2563.41
437	14.6326	2563.35
438	14.6698	2561.19
439	14.7122	2551.4
440	14.75	2551.27
441	14.7899	2549.64
442	14.8285	2544.1
443	14.8697	2541.26
444	14.9051	2540.28
445	14.9438	2540.18
446	14.9816	2538.17
447	15.0176	2537.84
448	15.0532	2534.57
449	15.0908	2534.14
450	15.1276	2533.77
451	15.1635	2530.07
452	15.2022	2519.15
453	15.2407	2513.2
454	15.278	2509.92
455	15.3135	2509.91
456	15.3527	2509.38
458	15.4296	2508.74
459	12.9859	2508.3
460	13.0237	2507.13
461	13.0609	2505.5
462	13.1009	2505.16
463	13.1387	2416.8
464	13.1762	2412.08
465	13.2192	2411.43
466	13.2564	2402.23
467	13.2933	2398.81
468	13.3336	2398.16
469	13.3702	2392.97
470	13.4064	2392.72
471	13.4455	2386.64
472	13.4894	2383.37
473	13.5302	2362.82
474	13.5665	2361.45
475	13.6049	2350.3
476	13.6431	2349.35
477	13.6797	2346.54
478	13.7214	2344.37
479	13.7636	2343.9
481	13.8366	2341.51
482	13.8759	2333.7
483	13.9138	2331.2
484	13.9525	2331.18
485	13.9941	2331.1
486	14.0305	2314.59
487	14.0682	2314.17
488	14.1088	2313.75
489	14.1451	2300.53
490	14.1846	2299.55
491	14.2231	2298.85
492	14.2599	2298.73
493	14.3032	2296.45
494	14.3396	2296.38
495	14.3766	2296.05
496	14.4167	2291.7
497	14.4541	2291.04
498	14.4928	2266.06
499	14.5318	2259.7
500	14.5684	2259.38
501	14.6119	2251.04
502	14.655	2250.51
503	14.6918	2246.04
504	14.7299	2245.35
505	14.7688	2241.27
506	14.8101	2233.05
507	14.8478	2232.65
508	14.8847	2231.57
509	14.9251	2231.36
510	14.9622	2230.92
511	14.9989	2230.69
512	15.0415	2230.63
513	15.0841	2229.86
514	15.1233	2219.17
515	15.1746	2218.75
516	15.2467	2166.21
517	15.2836	2163
518	15.3217	2162.64
519	15.3643	2161.46
520	15.4016	2157.17
521	15.4423	2157.17
522	15.4812	2156.69
523	15.5203	2153.28
524	15.5593	2147.75
525	15.5965	2145.81
526	15.6391	2143.6
527	15.6771	2139.75
528	15.7173	2139.06
529	15.7574	2139.02
530	15.7947	2126.7
531	15.8361	2125.98
532	15.8749	2112.02
533	15.9133	2111.49
534	15.955	2109.9
535	15.9927	2108.72
536	16.0354	2108.56
537	16.0748	2103.65
538	16.1136	2048.74
539	16.1537	2047.89
540	16.194	2047.52
541	16.2349	2042.95
542	16.2731	2037.91
543	16.3133	2028.69
544	16.3537	2024.92
545	16.395	2024.66
546	16.4334	2024.65
547	16.475	2024.6
548	16.514	2023
549	16.5512	2022.46
550	16.5898	2021.03
551	16.6308	2006.38
552	16.6692	2005.09
553	16.7095	2001.01
554	16.7467	2000.83
555	16.7889	1997.51
556	16.8285	1952.48
557	16.8669	1952.26
558	16.9091	1946.65
559	16.9464	1945.16
560	16.9865	1945.1
561	17.031	1940.55
562	17.0752	1939.06
563	17.1179	1936.7
564	17.1598	1934.76
565	17.1998	1929.4
566	17.239	1921.74
567	17.277	1918.39
568	17.3174	1918.33
569	17.3557	1917.39
570	17.3944	1917.31
571	17.4362	1917.13
572	17.4769	1910.75
573	17.5169	1910.05
574	17.5573	1885.57
575	17.5951	1871.97
576	17.6349	1871.41
577	17.6752	1866.53
578	17.7154	1860.34
579	17.7556	1843.63
580	17.7945	1836.92
581	17.8368	1835.33
582	17.8774	1833.63
583	17.9195	1807.21
584	17.9573	1801.02
585	17.998	1800.61
586	18.0388	1799.49
587	18.0769	1799.36
588	18.1176	1779.16
589	18.1603	1779.04
590	18.2028	1778.85
591	18.2427	1764.21
592	18.2806	1764.2
593	18.3233	1756.45
594	18.3666	1753.72
595	18.4046	1741.1
596	18.4435	1719.28
597	18.4862	1717.63
598	18.5254	1715.85
600	18.61	1698.38
601	18.6509	1698.35
602	18.6888	1696.75
603	18.7273	1696.38
604	18.7698	1696.12
605	18.8078	1695.92
606	18.8465	1694.31
607	18.8875	1693.55
608	18.9281	1691.79
609	18.9682	1690.85
610	19.0065	1690.31
611	19.0485	1665
612	19.0884	1658.19
613	19.1275	1657.94
614	19.169	1657.8
615	19.2081	1650.7
616	19.2481	1650.16
617	19.2896	1647.57
618	19.3287	1647.53
619	19.3715	1645.49
620	19.4108	1645.33
621	19.453	1644.02
622	19.4942	1639.46
623	19.5372	1635.66
624	19.5762	1635.33
625	19.6151	1634.09
626	19.6561	1633.69
627	19.6947	1623.91
628	19.7376	1618.68
629	19.7756	1618.48
630	19.8149	1618.2
631	19.8566	1616.61
632	19.8962	1616.31
633	19.94	1614.65
634	19.9792	1614.29
635	20.0178	1611.22
636	20.0608	1610.21
637	20.0992	1592.03
638	20.1388	1589.63
639	20.1833	1588.28
640	20.2262	1582.81
641	20.2669	1572.91
642	20.3086	1572.68
643	20.3493	1570.8
644	20.389	1561.75
645	20.4304	1561.7
646	20.474	1561.69
647	20.5145	1556.63
648	20.5547	1556.12
649	20.5951	1555.18
650	20.6404	1552.1
651	20.6788	1551.56
652	20.7208	1533.79
653	20.7593	1532.93
654	20.8028	1512.62
655	20.8453	1512.33
656	20.8835	1512.26
657	20.9224	1511.4
658	20.9669	1508.2
659	21.0059	1504.38
660	21.0443	1502.8
661	21.0901	1499.36
662	21.1313	1496.05
663	21.1701	1487.29
664	21.2132	1485.6
665	21.253	1479.05
666	21.2938	1476.41
667	21.3388	1476.3
668	21.3783	1473.8
669	21.4196	1470.5
670	21.4624	1469.75
671	21.5033	1467.83
672	21.547	1467.78
673	21.5897	1466.18
674	21.6307	1465.93
675	21.6731	1465.82
676	21.7146	1464.01
677	21.7575	1463.85
678	21.8004	1462.23
679	21.8408	1458.76
680	21.8799	1451.64
681	21.9229	1451.37
682	21.9617	1422.98
683	22.005	1422.74
684	22.0479	1422.7
685	22.0875	1422.43
686	22.1325	1420.86
687	22.1728	1420.08
688	22.2144	1419.95
689	22.2532	1411.08
690	22.2918	1404.54
691	22.3369	1403.99
692	22.3776	1403.08
693	22.4199	1400.98
694	22.4609	1399.45
695	22.502	1399.03
696	22.5412	1398.34
697	22.5804	1392.49
698	22.6246	1391.93
699	22.6658	1391.63
700	22.7055	1388.71
701	22.75	1388.57
702	22.7895	1388.04
703	22.8307	1387.03
704	22.8741	1382.3
705	22.9139	1380.41
706	22.9591	1374
707	22.9999	1373.62
708	23.0414	1373.31
709	23.0829	1369.85
710	23.1222	1367.45
711	23.162	1364.78
712	23.2054	1361.7
713	23.2469	1361.34
714	23.2926	1360.61
715	23.3362	1360.21
716	23.3758	1355.45
717	23.4217	1352.37
718	23.4725	1350.19
719	23.5229	1348.77
720	23.5666	1348.55
721	23.6062	1348.47
722	23.6493	1348.22
723	23.6943	1347.61
724	23.7343	1347.57
725	23.7759	1346.16
726	23.8179	1345.84
727	23.859	1341.59
728	23.9015	1339.91
729	23.9431	1335.02
730	23.9878	1334.9
731	24.0286	1334.2
732	24.0727	1333.83
733	24.1156	1332.98
734	24.1626	1332.79
735	24.204	1330.75
736	24.2454	1329.4
737	24.2986	1327.14
738	24.3523	1315.49
739	24.3955	1314
740	24.4416	1313.01
741	24.4867	1312.71
742	24.5308	1312.57
743	24.571	1310.17
744	24.6129	1309.74
745	24.6552	1308.37
746	24.7017	1308.04
747	24.7559	1307.81
748	24.8383	1307.78
749	24.9181	1306.81
750	24.9612	1306.73
751	25.0091	1305.22
752	25.0496	1304.27
753	25.0902	1303.89
754	25.1346	1303.87
755	25.1764	1303.24
756	25.2165	1302.43
757	25.2603	1302.32
758	25.3012	1302.15
759	25.3457	1296.71
760	25.3864	1296.18
761	25.4282	1295.11
762	25.4696	1294.36
763	25.5142	1292.44
764	25.5563	1279.01
765	25.5992	1279
766	25.6399	1278.53
767	25.6829	1278.25
768	25.7242	1277.94
769	25.7684	1277.83
770	25.8111	1273.94
771	25.853	1273.65
772	25.8985	1273.43
773	25.9392	1273.35
774	25.9803	1272.53
775	26.026	1265.36
776	26.0708	1265.04
777	26.1119	1265.04
778	26.1547	1264.41
779	26.2018	1262.33
780	26.245	1262.3
781	26.2859	1260.21
782	26.3318	1254.04
783	26.3736	1253.7
784	26.4165	1250.99
785	26.4618	1250.9
786	26.5088	1250.87
787	26.5511	1250.62
788	26.5939	1250.45
789	26.638	1250.33
790	26.6834	1250.29
791	26.7266	1250.15
792	26.7674	1248.23
793	26.8118	1247.63
794	26.853	1247.5
795	26.8995	1247.22
796	26.9408	1246.34
797	26.9841	1246.25
798	27.0277	1246.24
799	27.0712	1245.53
800	27.1156	1245.43
801	27.1591	1243.95
802	27.2041	1243.8
803	27.2474	1184.77
804	27.2909	1184.39
805	27.3329	1184.25
806	27.3769	1179.16
807	27.418	1178.7
808	27.4657	1178.11
809	27.507	1176.61
810	27.5488	1176.48
811	27.5956	1176.38
812	27.6369	1174.91
813	27.684	1173.64
814	27.7328	1171.39
815	27.7759	1170.52
816	27.8205	1170.35
817	27.8642	1169.6
818	27.9079	1168.99
819	27.9546	1168.15
821	28.0445	1168.1
822	28.088	1166.82
823	28.1334	1166.16
824	28.1747	1166.14
825	28.2163	1166.1
826	28.2647	1163.75
827	28.3063	1163.63
828	28.3526	1163.27
829	28.3973	1161.53
830	28.4412	1161.48
831	28.4846	1160.96
832	28.527	1160.9
833	28.5721	1160.34
834	28.6143	1160.3
835	28.6588	1160.02
836	28.7015	1159.42
837	28.747	1159.27
838	28.7884	1157.61
839	28.832	1156.91
840	28.8758	1156.74
841	28.9186	1152.8
842	28.9642	1152.57
843	29.0055	1150.75
844	29.0486	1149.96
845	29.0959	1145.96
846	29.1377	1143.13
847	29.1849	1142.99
848	29.227	1141.57
849	29.2725	1141.5
850	29.3137	1141.07
851	29.3556	1140.86
852	29.403	1140.77
853	29.444	1140.57
854	29.495	1136.69
855	29.5377	1136.47
856	29.58	1121.15
857	29.624	1119.8
858	29.6671	1119.47
859	29.7096	1119.34
860	29.7528	1117.88
861	29.8021	1117.87
862	29.8468	1117.62
863	29.8909	1116.13
864	29.9334	1114.65
865	29.9766	1113.9
866	30.0227	1112.55
867	30.0663	1110.4
869	30.1555	1110.39
870	30.1995	1108.87
871	30.246	1108.39
872	30.2874	1104.67
873	30.3313	1104.54
874	30.3782	1104.06
875	30.4215	1103.93
876	30.4682	1103.52
877	30.5099	1101.53
878	30.5551	1097.17
879	30.5973	1097.04
880	30.6429	1096.86
881	30.6851	1096.19
882	30.7331	1095.29
883	30.7751	1088.75
884	30.8238	1086.98
885	30.8675	1086.74
886	30.9138	1086.71
887	30.957	1086.69
888	30.9994	1084.07
889	31.0433	1083.97
890	31.085	1083.9
891	31.1276	1074.94
892	31.1747	1074.71
893	31.2207	1073.33
894	31.2667	1073.29
895	31.3156	1072.27
896	31.3574	1062.11
897	31.4014	1062.02
898	31.4465	1062
899	31.494	1061.57
900	31.5368	1061.44
901	31.5849	1058.78
902	31.6314	1057.89
903	31.6751	1057.08
904	31.7186	1056.34
905	31.7637	1055.98
906	31.8084	1054.81
907	31.8525	1054.08
908	31.8984	1054.07
909	31.9445	1053.92
910	31.9901	1053.81
912	32.0812	1053.8
913	32.1267	1053.73
914	32.169	1044.85
915	32.217	1032.17
916	32.2625	1031.98
917	32.309	1027.2
918	32.3562	1026.09
919	32.3981	1023.11
920	32.4405	1020.43
921	32.4881	1019.81
922	32.5301	1019.25
923	32.5777	1006.02
924	32.6203	995.831
925	32.6661	995.529
926	32.7081	995.213
927	32.7502	994.936
928	32.7988	988.118
929	32.8408	987.93
930	32.8906	987.642
931	32.9355	979.75
932	32.9806	979.74
933	33.0254	979.425
934	33.0715	979.414
935	33.1183	976.394
936	33.163	972.872
937	33.212	971.083
938	33.254	970.567
939	33.3024	969.733
940	33.3468	960.399
941	33.3891	960.239
942	33.4391	960.021
943	33.4818	959.892
944	33.5261	959.815
945	33.5688	959.771
946	33.6124	958.897
947	33.6632	958.591
948	33.7062	957.535
949	33.7534	957.423
950	33.798	957.222
951	33.8427	948.422
952	33.8872	942.811
953	33.931	942.738
954	33.9766	942.632
955	34.0196	941.631
956	34.0648	941.41
957	34.1096	940.506
958	34.1538	940.085
959	34.1992	939.59
960	34.2423	939.497
961	34.2882	939.057
962	34.3328	937.893
963	34.3813	935.197
965	34.4685	934.363
966	34.5131	934.354
967	34.56	927.747
968	34.6078	926.114
969	34.6529	926.045
970	34.6973	925.917
971	34.7438	925.176
972	34.7868	925.041
973	34.8348	924.197
974	34.8811	924.16
975	34.9242	922.426
976	34.9708	920.899
977	35.0143	907.656
978	35.0666	903.837
979	35.1109	903.695
980	35.1572	897.393
981	35.2007	895.727
982	35.2481	895.684
983	35.2923	893.517
984	35.3361	889.08
985	35.3832	889.061
986	35.4305	889.055
987	35.4735	888.646
988	35.5232	888.451
989	35.5706	888.25
990	35.6148	887.551
991	35.6625	886.721
992	35.7065	885.989
993	35.7516	885.43
994	35.7958	877.801
995	35.8463	877.573
996	35.8934	877.456
997	35.9362	877.379
998	35.9867	875.7
999	36.0302	865.322
1000	36.0798	863.9
1001	36.1223	863.057
1002	36.1729	862.263
1003	36.2159	860.29
1004	36.2626	860.003
1005	36.3099	858.717
1007	36.4049	858.459
1008	36.4476	857.985
1009	36.4925	857.062
1010	36.5372	856.865
1011	36.58	856.085
1012	36.6272	855.338
1013	36.6707	854.402
1014	36.7184	854.255
1015	36.7611	854.201
1016	36.8058	853.182
1017	36.855	852.522
1018	36.8992	850.724
1019	36.9444	850.241
1020	36.9915	848.299
1021	37.0379	848.197
1022	37.0831	845.939
1023	37.1304	844.943
1024	37.1731	844.456
1025	37.2194	844.239
1026	37.2619	842.619
1027	37.3111	842.335
1028	37.355	842.327
1029	37.4014	839.788
1030	37.4471	838.506
1031	37.4918	838.363
1032	37.5438	837.99
1033	37.5881	836.858
1034	37.6331	833.756
1035	37.6776	833.451
1036	37.7207	833.319
1038	37.8101	833.15
1039	37.8539	832.41
1040	37.9047	832.189
1041	37.9474	831.92
1042	37.9927	831.425
1043	38.0405	831.136
1044	38.0847	829.989
1045	38.1339	829.838
1046	38.1826	826.538
1047	38.2265	826.455
1048	38.2752	826.271
1049	38.3211	826.193
1050	38.3682	825.747
1051	38.4138	824.29
1052	38.4867	822.582
1053	38.5337	822.1
1054	38.5788	821.892
1055	38.6264	821.735
1056	38.6714	820.884
1057	38.7155	820.169
1058	38.7671	819.72
1059	38.8125	818.539
1060	38.8561	818.181
1061	38.9043	818.125
1063	39.0015	818.065
1064	39.0447	818.042
1065	39.0925	818.032
1066	39.1357	817.57
1067	39.1819	816.833
1068	39.2284	816.263
1069	39.2748	812.13
1070	39.3222	812.095
1071	39.3665	812.076
1072	39.4116	812.038
1073	39.4581	811.48
1074	39.5018	811.053
1075	39.5492	810.2
1076	39.5922	810.115
1077	39.6415	808.34
1078	39.6873	807.468
1079	39.7328	806.635
1080	39.7811	805.752
1081	39.8278	805.748
1082	39.8785	805.34
1083	39.9264	805.26
1084	39.9712	805.128
1085	40.0165	804.15
1086	40.0635	802.781
1087	40.1122	802.613
1088	40.1608	802.578
1089	40.2063	802.111
1090	40.2508	802.102
1091	40.2955	801.863
1092	40.3427	801.623
1093	40.392	801.617
1094	40.4369	801.158
1095	40.4843	800.792
1096	40.5287	800.215
1097	40.5769	799.998
1098	40.6204	799.818
1099	40.6643	797.953
1100	40.7102	797.84
1101	40.7602	797.466
1102	40.807	796.617
1103	40.8537	795.776
1104	40.9023	789.867
1105	40.9465	789.863
1106	40.9949	789.772
1107	41.0384	789.729
1108	41.0892	788.907
1109	41.1354	788.419
1110	41.1793	788.317
1111	41.224	788.02
1112	41.2693	788.005
1113	41.313	787.959
1114	41.3605	787.786
1115	41.408	787.363
1117	41.5	787.359
1118	41.5464	787.04
1119	41.5914	786.727
1121	41.683	784.299
1122	41.7315	784.037
1123	41.7778	783.472
1124	41.8279	781.912
1125	41.8741	781.875
1126	41.9207	781.797
1127	41.9692	781.707
1128	42.0173	781.469
1129	42.0626	781.355
1130	42.1085	781.346
1131	42.1575	779.909
1132	42.2018	777.839
1133	42.2513	777.664
1135	42.3414	777.643
1136	42.3894	777.43
1137	42.4382	777.299
1138	42.4836	777.243
1139	42.5316	777.084
1140	42.578	777.021
1141	42.6256	776.208
1143	42.7156	770.096
1144	42.7632	769.453
1145	42.8082	769.394
1146	42.8547	768.143
1147	42.9051	767.216
1148	42.952	767.154
1149	42.9974	767.037
1150	43.0489	766.766
1151	43.0955	766.495
1152	43.1449	766.197
1153	43.1922	765.983
1154	43.238	765.742
1155	43.2875	765.038
1156	43.3361	764.952
1157	43.3818	764.202
1158	43.4275	763.581
1159	43.4735	763.32
1161	43.5658	763.281
1162	43.6139	763.053
1163	43.6579	762.921
1164	43.7056	762.857
1165	43.7534	762.791
1166	43.7993	760.848
1168	43.8947	760.485
1169	43.9423	759.678
1170	43.9865	759.65
1172	44.0809	759.099
1173	44.1256	758.834
1174	44.1745	758.824
1175	44.2185	758.624
1176	44.265	758.458
1177	44.3095	758.165
1178	44.3561	757.482
1179	44.4053	757.373
1180	44.4505	757.032
1181	44.5007	756.152
1182	44.5473	756.044
1183	44.5976	754.224
1184	44.6452	753.868
1185	44.6914	753.267
1186	44.7377	753.056
1188	44.8297	752.857
1190	44.9213	752.682
1191	44.966	752.56
1192	45.0167	752.16
1193	45.0607	752.062
1194	45.1072	749.574
1195	45.1553	749.474
1196	42.7189	748.536
1197	42.7678	748.379
1198	42.8154	748.376
1199	42.8607	748.252
1200	42.9084	746.712
1201	42.9551	746.706
1202	43.0032	746.582
1203	43.0526	746.453
1204	43.1025	745.578
1205	43.1493	745.493
1206	43.1932	744.995
1207	43.2403	743.829
1208	43.2852	743.685
1209	43.3332	743.635
1210	43.3814	740.29
1212	43.4743	740.186
1213	43.5209	739.086
1214	43.5653	738.965
1215	43.6118	738.683
1216	43.6604	738.635
1217	43.7073	737.887
1218	43.7532	737.079
1219	43.8064	736.296
1220	43.8515	736.232
1221	43.8982	735.93
1222	43.9475	735.129
1223	43.9955	734.46
1224	44.0446	734.2
1225	44.091	734.1
1226	44.1384	734.06
1227	44.1846	734.053
1228	44.2297	733.154
1229	44.2745	733.138
1230	44.3241	733.023
1231	44.3682	730.155
1232	44.4186	729.688
1233	44.4627	729.602
1234	44.5111	729.582
1235	44.5612	728.991
1236	44.609	728.355
1237	44.6541	727.519
1238	44.703	727.271
1239	44.7481	726.69
1240	44.7979	726.542
1241	44.8433	725.423
1242	44.8983	724.089
1243	44.9474	723.53
1244	44.993	723.286
1245	45.0393	722.542
1246	45.0862	722.329
1247	45.1367	722.237
1249	45.2288	721.683
1250	45.2782	721.455
1252	45.3744	721.388
1253	45.4294	721.374
1254	45.4746	720.891
1255	45.5229	702.538
1256	45.5675	702.48
1257	45.6157	701.46
1258	45.6629	700.376
1259	45.7182	699.267
1260	45.7651	697.094
1261	45.8119	696.794
1262	45.8757	696.224
1263	45.9319	693.664
1264	45.9952	690.962
1266	46.2057	690.851
1267	46.2601	690.326
1268	46.3141	687.136
1269	46.3609	687.085
1270	46.4073	687.04
1271	46.4561	684.119
1272	46.5081	684.042
1273	46.5578	683.707
1274	46.6128	683.634
1275	46.6627	683.243
1276	46.7126	682.945
1278	46.8072	682.906
1279	46.8557	682.325
1280	46.9025	678.317
1281	46.9506	678.293
1282	46.9961	678.11
1283	47.0404	677.984
1284	47.0907	677.973
1285	47.1384	677.954
1286	47.1845	677.601
1287	47.2317	677.296
1288	47.2779	677.166
1289	47.3283	677.108
1290	47.3729	676.937
1291	47.4197	674.943
1292	47.4675	672.723
1293	47.5132	671.934
1294	47.5743	671.845
1295	47.6328	671.62
1296	47.6857	670.95
1297	47.7323	670.464
1298	47.7816	670.295
1299	47.832	669.047
1300	47.8789	668.895
1301	47.9258	668.498
1302	47.9723	667.994
1303	48.0192	667.376
1304	48.0662	667.341
1305	48.1149	667.066
1306	48.1594	667.058
1307	48.2069	664.287
1308	48.2513	663.724
1309	48.3	663.184
1310	48.3523	663.091
1311	48.4	662.512
1313	48.4925	661.956
1314	48.5406	661.468
1315	48.5865	660.632
1316	48.6337	660.461
1317	48.6811	657.472
1318	48.7282	656.77
1319	48.7773	656.702
1320	48.8229	654.591
1321	48.8741	651.724
1322	48.9184	651.519
1323	48.9688	650.13
1324	49.0152	649.435
1325	49.063	649.286
1326	49.1089	649.265
1327	49.1559	648.946
1328	49.2036	648.771
1329	49.2563	648.348
1330	49.3014	647.211
1331	49.3478	647.177
1332	49.3985	646.817
1334	49.4968	645.134
1335	49.5436	644.941
1336	49.5911	644.885
1337	49.6361	644.83
1338	49.6847	644.293
1339	49.7308	643.637
1340	49.7761	643.635
1341	49.8228	643.107
1342	49.872	642.715
1343	49.9202	640.993
1344	49.9684	640.188
1345	50.0185	639.13
1347	50.1128	638.967
1348	50.1595	638.78
1349	50.2098	638.423
1350	50.2548	638.267
1351	50.3038	637.401
1352	50.3518	637.346
1353	50.3962	634.588
1354	50.4472	634.476
1355	50.4916	634.418
1356	50.537	634.38
1357	50.5849	634.086
1358	50.6307	633.029
1359	50.68	632.038
1360	50.7279	630.9
1361	50.7735	630.89
1362	50.8255	629.997
1363	50.8701	629.675
1364	50.9189	629.364
1365	50.9665	629.274
1366	51.0147	628.258
1367	51.0624	628.255
1368	51.1136	628.253
1369	51.1583	627.696
1370	51.208	627.173
1371	51.2539	627.163
1372	51.304	626.903
1373	51.3569	626.817
1374	51.4023	626.307
1375	51.4616	626.141
1376	51.5103	626.133
1377	51.5605	626.123
1378	51.6063	625.933
1379	51.6575	624.397
1380	51.7021	624.361
1381	51.7562	624.176
1382	51.8044	624.113
1383	51.8534	623.818
1384	51.8984	623.582
1385	51.948	623.501
1386	51.994	621.778
1387	52.049	621.735
1388	52.0953	621.393
1389	52.1434	621.308
1390	52.1893	621.185
1391	52.2381	620.831
1392	52.2878	619.955
1393	52.3351	619.877
1394	52.3847	619.792
1395	52.4336	619.735
1396	52.4828	619.553
1397	52.5317	619.292
1398	52.5794	618.685
1399	52.6328	618.367
1400	52.6779	618.358
1401	52.7276	618.104
1402	52.7748	618.104
1403	52.8215	617.818
1404	52.8685	617.806
1405	52.9143	617.752
1406	52.9648	617.365
1407	53.0142	617.253
1408	53.0618	617.154
1409	53.1091	613.404
1410	53.1581	613.296
1411	53.2071	613.138
1412	53.2658	612.988
1413	53.3179	612.181
1414	53.3634	612.146
1415	53.4121	611.972
1416	53.4631	611.89
1417	53.508	611.605
1418	53.5574	610.768
1419	53.6019	609.678
1420	53.6498	609.573
1421	53.7013	609.566
1422	53.7486	609.419
1423	53.7973	609.372
1424	53.8463	609.146
1425	53.8971	609.038
1426	53.9416	608.869
1427	53.9917	608.779
1428	54.0388	608.73
1429	54.0911	608.651
1430	54.1372	608.641
1431	54.1845	608.403
1432	54.236	608.39
1433	54.2838	608.37
1434	54.3389	608.367
1435	54.3867	608.243
1436	54.4346	606.89
1437	54.4877	606.886
1438	54.5358	606.834
1439	54.5822	605.974
1440	54.6337	605.263
1441	54.6796	605.245
1442	54.7294	604.932
1443	54.7781	604.409
1444	54.8311	604.337
1445	54.8762	604.335
1446	54.9269	603.904
1447	54.9795	603.88
1448	55.0336	603.579
1449	55.0829	603.513
1450	55.1294	603.364
1451	55.1767	603.346
1452	55.2279	603.334
1453	55.2739	603.304
1455	55.3718	603.09
1456	55.4219	603.077
1457	55.472	603.073
1458	55.52	602.91
1459	55.5711	602.55
1460	55.6164	602.546
1461	55.6643	601.644
1462	55.7109	601.569
1463	55.7603	601.492
1464	55.8083	599.405
1465	55.8627	599.391
1466	55.9163	599.32
1467	56.0143	599.272
1468	56.0658	599.118
1469	56.1181	599.1
1470	56.1641	599.071
1471	56.213	598.506
1472	56.2627	598.156
1473	56.3131	598.001
1474	56.36	597.961
1475	56.4098	597.896
1476	56.4574	597.852
1477	56.5025	597.822
1478	56.5531	597.758
1480	56.6482	597.661
1481	56.6985	597.004
1482	56.7445	596.963
1483	56.7939	596.339
1484	56.8396	596.225
1485	56.8881	595.941
1486	56.9329	595.299
1487	56.9817	595.206
1488	57.0332	595.148
1490	57.1299	595.097
1491	57.1791	595.097
1492	57.224	594.396
1493	57.2757	593.927
1494	57.3245	593.503
1495	57.3738	592.857
1496	57.4194	592.84
1497	57.4646	592.732
1498	57.5143	592.652
1499	57.5656	592.496
1500	57.6115	592.496
1501	57.661	592.458
1502	57.7071	592.289
1503	57.7591	592.245
1504	57.8059	592.202
1505	57.8545	592.188
1506	57.9067	591.029
1507	57.9565	590.891
1508	58.0044	590.817
1509	58.053	590.689
1510	58.1014	590.687
1511	58.1523	590.166
1512	58.1979	589.9
1513	58.2477	589.775
1514	58.2934	589.758
1515	58.3412	589.6
1516	58.3899	589.574
1517	58.4419	589.532
1518	58.4906	589.291
1519	58.5382	589.193
1520	58.5839	589.146
1521	58.6471	589.088
1522	58.7303	589.012
1523	58.7917	588.563
1524	58.8412	588.428
1525	58.886	588.284
1526	58.9379	588.092
1527	58.9843	588.02
1528	59.0328	587.845
1529	59.0837	587.843
1530	59.1329	587.784
1531	59.1777	587.746
1532	59.2278	587.65
1533	59.2778	587.594
1534	59.3302	586.317
1535	59.3764	586.282
1536	59.4229	585.68
1537	59.4716	585.593
1538	59.5168	585.533
1539	59.57	585.509
1540	59.6223	585.044
1541	59.6705	585.041
1542	59.7199	584.97
1543	59.771	584.951
1544	59.8185	584.016
1545	59.8634	583.935
1546	59.9127	583.537
1547	59.9608	583.435
1549	60.0573	583.359
1550	60.1082	582.199
1551	60.154	581.998
1553	60.2548	581.393
1554	60.302	581.293
1555	60.3513	581.263
1557	60.4453	580.058
1558	60.4925	579.416
1559	60.5412	579.287
1561	60.6335	578.517
1562	60.6842	578.204
1563	60.7297	578.005
1564	60.7786	577.7
1565	60.825	577.672
1566	60.8744	577.668
1567	60.92	577.666
1568	60.9682	577.271
1569	61.0166	577.264
1570	61.0638	577.223
1571	61.1085	576.54
1572	61.1591	576.372
1573	61.2049	576.32
1574	61.2531	576.005
1575	61.3006	575.891
1576	61.3502	575.325
1577	61.3972	575.264
1578	61.4456	575.185
1579	61.4957	575.061
1580	61.5415	574.877
1581	61.59	574.09
1582	61.6411	574.003
1583	61.6862	573.651
1584	61.7354	573.618
1585	61.7811	573.556
1586	61.8295	573.457
1587	61.8805	573.407
1588	61.9315	573.406
1589	61.9784	573.374
1590	62.0281	573.325
1591	62.0779	573.307
1592	62.129	573.238
1593	62.1741	573.228
1594	62.2218	572.079
1595	62.2704	561.843
1596	62.3165	561.786
1597	62.369	561.066
1598	62.4161	560.606
1599	62.4644	560.065
1600	62.5117	558.537
1601	62.5588	558.413
1602	62.6137	558.029
1603	62.6598	556.437
1604	62.7075	554.803
1606	62.8046	554.643
1607	62.8541	554.333
1608	62.9027	553.248
1610	62.9975	553.216
1611	63.0488	551.678
1612	63.0962	551.673
1613	63.144	551.463
1615	63.2387	550.463
1616	63.2872	550.294
1617	63.3353	550.093
1618	63.3807	550.056
1619	63.4327	549.919
1620	63.4787	549.036
1621	63.5259	549.02
1622	63.5737	548.878
1623	63.6187	548.563
1624	63.668	548.562
1625	63.7151	548.546
1626	63.7686	548.367
1627	63.8145	548.265
1628	63.8626	548.208
1629	63.9115	548.184
1631	64.0064	547.053
1632	64.0545	545.708
1633	64.102	545.593
1634	64.1495	545.558
1635	64.197	542.905
1636	64.248	542.497
1637	64.2957	542.298
1638	64.3474	542.155
1639	64.3947	541.598
1640	64.4491	541.545
1642	64.5467	541.283
1643	64.5936	540.839
1644	64.6447	540.823
1645	64.6937	540.677
1646	64.7394	540.665
1647	64.7889	540.287
1648	64.8666	539.909
1649	64.9405	539.6
1650	64.9881	539.433
1653	65.132	539.024
1654	65.1794	538.888
1655	65.2328	538.129
1656	65.2791	538.115
1657	65.3288	534.683
1658	65.3749	533.903
1659	65.4235	533.862
1660	65.4731	533.458
1663	65.6742	532.925
1664	65.7265	532.032
1666	65.8188	531.974
1667	65.8677	531.968
1668	65.9157	531.854
1669	65.9636	531.816
1670	66.0097	531.377
1671	66.061	531.316
1672	66.1062	528.029
1674	66.2015	527.099
1675	66.2522	526.973
1677	66.3484	526.972
1678	66.396	526.717
1679	66.4443	525.879
1680	66.4984	525.869
1681	66.5439	525.716
1682	66.5931	525.333
1683	66.6387	523.924
1684	66.6878	523.789
1685	66.7345	523.763
1687	66.8407	523.663
1688	66.8863	523.561
1689	66.9356	523.271
1690	66.9869	522.954
1691	67.0354	522.843
1692	67.0872	522.828
1693	67.1352	522.583
1694	67.1831	522.536
1695	67.2302	522.353
1697	67.3277	522.261
1698	67.3778	521.439
1699	67.4245	520.545
1700	67.4747	520.518
1701	67.5216	520.514
1702	67.572	520.203
1703	67.6187	520.185
1704	67.6711	520.101
1705	67.7173	519.924
1706	67.7676	519.828
1707	67.8142	519.813
1708	67.8619	519.812
1709	67.9083	519.317
1710	67.9537	519.107
1711	68.0035	518.979
1712	68.0504	518.168
1713	68.1031	518.097
1714	68.1486	516.385
1715	68.1986	516.297
1716	68.2442	516.287
1717	68.2946	516.256
1718	68.3451	516.187
1719	68.3909	516.16
1720	68.4387	516.159
1721	68.4883	516.002
1722	68.5357	515.842
1723	68.589	515.762
1724	68.6339	515.117
1725	68.6838	515.098
1726	68.7348	515.088
1727	68.7806	515.083
1728	68.8324	515.075
1729	68.8797	515.008
1730	68.9269	514.941
1731	68.9746	514.693
1732	69.0225	513.644
1733	69.069	513.339
1734	69.1146	513.334
1735	69.1618	513.189
1736	69.2126	512.967
1737	69.2598	512.799
1738	69.3117	512.555
1739	69.3589	512.538
1740	69.4065	512.518
1741	69.4558	512.376
1742	69.5015	512.358
1743	69.5516	512.123
1744	69.6005	512.111
1745	69.6465	511.96
1746	69.6976	511.892
1747	69.7455	511.711
1748	69.7917	511.651
1749	69.839	508.914
1750	69.8885	508.867
1751	69.9351	508.844
1752	69.9877	508.793
1753	70.0365	508.572
1754	70.0847	508.561
1755	70.1306	508.13
1756	70.1803	508.058
1757	70.2259	508.018
1758	70.2746	507.692
1759	70.322	506.398
1760	70.3694	506.123
1761	70.4209	506.118
1762	70.4718	506.093
1763	70.5238	506.067
1764	70.5796	506.059
1765	70.6366	506.008
1766	70.6858	505.863
1767	70.7343	505.824
1768	70.7809	505.779
1769	70.8334	505.749
1770	70.8786	505.74
1772	70.9755	505.698
1773	71.0233	505.68
1774	71.0715	505.658
1775	71.1244	505.399
1776	71.17	501.464
1777	71.2177	501.436
1778	71.2726	501.424
1779	71.3251	500.956
1780	71.3807	500.646
1781	71.4315	500.62
1782	71.4778	500.255
1783	71.5358	500.093
1784	71.5999	499.833
1786	71.7113	499.747
1787	71.7591	499.722
1788	71.8075	499.467
1789	71.8574	499.442
1790	71.9035	499.319
1791	71.9498	499.281
1792	71.9993	499.247
1793	72.0455	499.234
1795	72.1411	499.143
1797	72.2419	499.142
1798	72.2963	499.028
1799	72.3506	498.76
1800	72.4413	498.756
1801	72.5463	497.379
1802	72.5988	497.293
1803	72.6445	497.012
1804	72.6945	495.779
1805	72.7443	495.777
1806	72.7901	495.772
1807	72.8384	495.753
1808	72.8858	495.672
1810	72.9957	495.672
1811	73.0573	495.464
1812	73.1163	495.363
1813	73.1646	495.041
1814	73.2135	495.025
1815	73.2596	494.915
1816	73.3088	494.881
1817	73.3554	494.858
1818	73.4062	494.7
1819	73.4545	494.437
1820	73.5024	494.42
1821	73.5551	493.997
1822	73.6008	493.975
1824	73.6979	493.847
1825	73.7541	493.785
1826	73.8087	493.579
1827	73.865	493.56
1828	73.927	493.479
1829	73.9847	493.129
1830	74.0334	493.091
1831	74.0836	493.088
1832	74.1435	492.74
1833	74.1978	492.618
1834	74.263	492.464
1836	74.362	492.439
1837	74.4098	492.283
1838	74.459	491.939
1839	74.514	491.852
1841	74.6089	491.719
1842	74.6553	491.677
1843	74.705	491.674
1844	74.7566	491.592
1845	74.8046	491.573
1846	74.8542	491.044
1847	74.9005	490.992
1848	74.9477	490.969
1849	72.5198	490.854
1850	72.5657	490.853
1851	72.6124	489.762
1852	72.6641	489.062
1853	72.7114	489.058
1854	72.7604	489.053
1855	72.8116	488.988
1856	72.8623	488.964
1857	72.908	488.792
1858	72.9599	488.444
1859	73.0073	488.35
1860	73.0554	488.317
1861	73.1014	488.284
1862	73.1512	488.241
1864	73.249	488.141
1865	73.2987	487.99
1866	73.3454	487.905
1868	73.4439	487.734
1870	73.5393	487.711
1871	73.5906	487.694
1872	73.6394	487.651
1873	73.6866	487.628
1874	73.734	486.147
1875	73.7849	486.104
1876	73.8306	485.658
1877	73.882	485.614
1878	73.934	485.521
1879	73.983	485.514
1880	74.0311	485.403
1881	74.0813	485.382
1882	74.131	485.361
1883	74.1804	485.358
1884	74.226	484.955
1885	74.2764	484.834
1886	74.3242	484.573
1887	74.3765	484.376
1888	74.4261	484.29
1889	74.4768	484.239
1890	74.5242	483.334
1891	74.5743	483.181
1893	74.6727	482.721
1894	74.7238	482.663
1895	74.7698	482.62
1896	74.819	482.576
1897	74.8653	482.26
1898	74.9151	481.726
1899	74.9614	481.643
1900	75.0126	481.634
1902	75.1076	481.542
1903	75.1586	481.445
1904	75.2048	481.097
1905	75.2547	481.079
1906	75.3035	481.072
1908	75.401	480.679
1909	75.4473	480.669
1910	75.4958	480.663
1911	75.5422	480.109
1912	75.5929	480.053
1914	75.6903	479.971
1915	75.741	479.924
1916	75.7917	479.591
1917	75.8434	479.539
1918	75.8914	479.521
1920	75.9895	479.494
1921	76.0359	479.179
1922	76.0858	479.061
1923	76.1325	478.689
1924	76.1847	478.667
1925	76.231	478.631
1926	76.2803	478.538
1927	76.3325	478.441
1929	76.4296	478.427
1930	76.4773	478.399
1932	76.5765	478.348
1933	76.6239	478.341
1934	76.6745	478.136
1935	76.7203	476.245
1936	76.7722	476.198
1937	76.8202	475.898
1938	76.8705	475.249
1939	76.9183	475.095
1940	76.9644	474.53
1941	77.0174	474.407
1942	77.0641	474.392
1943	77.1143	473.48
1944	77.1623	473.265
1946	77.2587	473.179
1947	77.3068	473.051
1948	77.3556	472.014
1949	77.4039	472.007
1950	77.4542	471.996
1951	77.5012	471.073
1953	77.5977	470.918
1954	77.6474	470.889
1955	77.6943	470.627
1956	77.742	470.475
1957	77.7921	470.273
1958	77.8378	470.27
1959	77.8876	470.16
1960	77.9359	468.617
1961	77.9849	468.61
1962	78.0337	468.491
1963	78.0838	468.399
1964	78.1298	468.397
1965	78.1793	468.384
1969	78.3759	468.381
1970	78.4215	468.167
1971	78.4689	467.291
1972	78.5199	466.856
1973	78.5706	466.581
1974	78.6184	466.473
1975	78.6703	464.976
1977	78.7675	464.868
1978	78.8179	464.816
1979	78.8669	464.455
1980	78.9166	464.362
1981	78.9634	464.237
1982	79.0149	464.075
1983	79.0625	463.809
1984	79.1114	463.805
1986	79.2074	463.8
1987	79.2569	463.475
1988	79.3034	463.426
1989	79.3534	463.331
1990	79.4001	463.202
1992	79.4959	463.14
1993	79.5439	463.007
1994	79.5907	462.979
1996	79.6881	462.971
1997	79.7357	462.928
1998	79.7874	462.206
1999	79.8336	462.197
2000	79.8813	461.11
2001	79.9305	460.748
2002	79.9782	460.739
2003	80.0268	460.255
2004	80.0737	459.439
2005	80.1288	459.426
2006	80.1762	459.302
2007	80.2259	459.288
2008	80.2781	459.25
2009	80.324	458.974
2011	80.4205	458.924
2012	80.4717	457.795
2013	80.5191	457.758
2014	80.5691	457.105
2015	80.6189	457.068
2017	80.7176	457.064
2018	80.7637	456.337
2019	80.8152	456.158
2023	81.0105	455.148
2025	81.1141	455.082
2026	81.1605	455.072
2027	81.2114	454.883
2029	81.3064	454.695
2030	81.3526	454.68
2031	81.4009	454.455
2032	81.4483	454.132
2033	81.4982	454.095
2035	81.5907	454.015
2036	81.6423	454.005
2037	81.688	453.81
2038	81.7381	453.036
2039	81.7857	452.628
2041	81.8816	452.627
2042	81.9313	452.555
2043	81.9822	452.529
2044	82.0288	452.489
2045	82.0785	452.465
2046	82.1272	452.464
2047	82.1763	452.269
2048	82.2267	452.264
2049	82.2746	451.223
2050	82.3209	451.04
2051	82.3686	451.007
2052	82.4204	450.924
2053	82.4688	450.882
2054	82.5186	450.79
2055	82.5651	450.7
2056	82.6375	450.695
2057	82.7113	450.677
2058	82.7622	450.657
2059	82.8129	450.604
2060	82.8601	450.585
2061	82.9063	450.557
2062	82.9562	450.507
2063	83.0052	450.286
2064	83.054	449.969
2065	83.1029	449.772
2066	83.15	449.276
2067	83.2019	449.27
2070	83.3448	449.243
2071	83.3948	448.91
2072	83.4448	448.872
2073	83.4906	448.846
2074	83.5397	448.828
2075	83.5866	448.656
2076	83.6356	448.044
2077	83.6877	448.01
2078	83.734	447.769
2079	83.781	447.687
2080	83.8308	447.657
2081	83.8828	447.629
2082	83.9287	447.608
2083	83.976	447.546
2084	84.0255	447.537
2085	84.0723	447.258
2086	84.1195	447.205
2087	84.17	447.118
2088	84.2159	447.019
2089	84.262	444.703
2090	84.3132	444.681
2091	84.359	444.647
2092	84.4098	444.64
2093	84.4592	444.411
2094	84.5055	444.41
2095	84.5515	444.299
2096	84.6009	444.169
2098	84.6975	443.877
2099	84.7446	443.431
2100	84.7911	443.108
2101	84.8427	443.106
2102	84.8902	442.986
2103	84.9386	442.953
2105	85.065	442.877
2106	85.1139	442.771
2107	85.1633	442.656
2108	85.2097	442.622
2109	85.2564	442.619
2110	85.307	442.613
2111	85.3542	442.573
2112	85.4067	442.396
2113	85.4552	442.375
2114	85.5076	442.366
2115	85.5567	442.219
2116	85.6062	442.101
2117	85.66	442.07
2118	85.7061	442.006
2119	85.756	441.561
2120	85.8044	441.51
2121	85.8551	441.498
2122	85.9058	441.315
2123	85.9566	441.125
2124	86.0043	441.046
2125	86.0538	441.044
2126	86.1057	441.015
2127	86.1524	440.993
2128	86.2057	440.862
2130	86.302	440.805
2131	86.3527	440.723
2132	86.3995	440.707
2133	86.4517	440.702
2135	86.5473	440.634
2138	86.6908	440.51
2139	86.7397	440.376
2140	86.7888	440.373
2141	86.839	439.354
2142	86.885	439.342
2143	86.9343	439.235
2144	86.981	439.089
2145	87.0291	439.084
2147	87.1287	439.075
2148	87.1765	439.038
2149	87.2235	438.979
2150	87.2753	438.978
2151	87.3248	438.95
2153	87.4231	438.821
2154	87.4703	438.707
2155	87.5189	438.616
2156	87.5718	438.596
2157	87.6208	438.583
2158	87.6688	438.568
2159	87.7182	438.522
2160	87.7652	438.484
2161	87.8146	438.217
2162	87.862	438.206
2164	87.959	438.17
2165	88.0049	437.723
2166	88.053	437.517
2167	88.1024	437.485
2168	88.1506	437.394
2169	88.2017	437.333
2170	88.2491	437.32
2171	88.2972	437.297
2172	88.3461	437.242
2173	88.3966	437.115
2174	88.4489	437.028
2176	88.5455	436.971
2177	88.595	436.609
2178	88.6437	436.546
2179	88.6942	436.436
2181	88.7912	436.353
2182	88.838	436.255
2183	88.8896	436.136
2184	88.94	436.097
2185	88.9902	436.078
2186	89.0388	435.682
2187	89.0865	435.665
2188	89.1384	435.589
2190	89.2321	435.588
2191	89.2842	434.511
2192	89.3362	433.99
2193	89.3845	433.76
2194	89.4349	433.749
2195	89.4844	433.721
2196	89.5317	433.707
2197	89.5842	433.642
2198	89.6305	433.563
2199	89.6808	433.369
2200	89.7285	433.365
2201	89.7746	433.354
2202	89.8231	433.248
2203	89.8721	433.189
2204	89.9216	433.181
2207	90.0676	433.152
2208	90.1153	433.061
2210	90.2144	433.036
2211	90.2622	432.953
2212	90.3147	432.921
2214	90.4188	431.802
2215	90.486	431.737
2216	90.5457	431.549
2217	90.6031	431.445
2218	90.6684	431.172
2219	90.7167	431.149
2220	90.7789	430.854
2221	90.829	430.84
2223	91.0033	430.837
2224	91.0894	430.194
2225	91.1375	430.17
2226	91.1865	430.107
2227	91.2349	430.041
2229	91.3308	430.022
2230	91.3821	429.427
2232	91.4813	429.34
2233	91.5286	429.234
2234	91.5759	429.19
2235	91.6268	429.147
2237	91.7225	429.095
2238	91.7763	428.807
2239	91.8226	428.778
2240	91.873	428.703
2243	92.0256	428.67
2244	92.0716	428.459
2245	92.1243	428.296
2246	92.1713	428.29
2247	92.2215	428.257
2248	92.2692	427.944
2250	92.3677	427.941
2251	92.4201	427.873
2252	92.4665	427.425
2254	92.5646	427.395
2255	92.6125	427.353
2256	92.6658	425.954
2257	92.7139	425.92
2259	92.8115	425.858
2261	92.9191	425.733
2262	92.9699	424.783
2263	93.0203	424.625
2264	93.069	424.553
2265	93.1169	424.52
2266	93.1676	424.48
2267	93.2155	424.469
2268	93.263	424.465
2269	93.3148	424.341
2270	93.3655	424.336
2272	93.4664	424.283
2273	93.5136	424.265
2274	93.563	424.224
2275	93.6123	423.725
2276	93.6593	423.671
2277	93.7101	423.467
2278	93.7591	423.393
2279	93.8052	423.312
2280	93.8546	422.94
2282	93.959	422.931
2283	94.0084	421.84
2286	94.1568	421.775
2287	94.2093	421.562
2288	94.2607	420.931
2289	94.3073	420.886
2290	94.3573	420.848
2291	94.4043	420.842
2292	94.4548	420.841
2293	94.5035	420.835
2295	94.6073	420.728
2296	94.6565	420.54
2297	94.7027	420.48
2298	94.7537	420.443
2299	94.802	420.142
2300	94.852	419.935
2301	94.9049	419.866
2302	94.953	419.837
2304	95.059	419.832
2305	95.1056	419.821
2306	95.1551	419.804
2308	95.2557	419.781
2310	95.3531	419.642
2311	95.4108	419.203
2312	95.4611	419.198
2313	95.5107	418.679
2315	95.609	418.599
2316	95.6597	418.513
2317	95.7063	418.44
2318	95.7551	418.401
2319	95.8063	418.221
2320	95.8581	418.139
2321	95.9138	418.088
2322	95.9623	417.989
2323	96.0146	417.75
2326	96.1581	417.744
2327	96.2052	417.563
2328	96.2575	417.08
2329	96.3067	416.963
2330	96.3571	416.816
2332	96.4584	416.794
2335	96.6011	416.595
2337	96.7007	416.077
2338	96.7547	415.332
2339	96.8014	415.281
2340	96.8508	415.226
2341	96.9021	415.028
2342	96.9482	415.001
2343	96.9997	414.684
2344	97.0487	414.538
2345	97.0952	414.525
2346	97.1522	414.461
2348	97.2485	414.453
2349	97.2984	414.379
2350	97.3475	414.363
2351	97.3987	414.309
2352	97.4484	414.087
2353	97.4977	414.031
2354	97.5487	413.544
2357	97.7045	413.519
2360	97.8504	413.437
2362	97.9485	413.364
2363	97.9965	412.842
2365	98.0926	412.634
2366	98.1494	412.599
2367	98.1985	412.422
2368	98.245	411.966
2369	98.2938	411.928
2371	98.3905	411.894
2372	98.45	411.878
2375	98.5959	411.854
2376	98.6435	411.846
2377	98.6943	411.724
2378	98.7426	410.526
2379	98.7935	410.197
2380	98.8403	410.164
2381	98.893	410.162
2382	98.9404	410.132
2383	98.9932	410.067
2384	99.0461	410.041
2385	99.0927	410.029
2386	99.1434	409.821
2387	99.1928	409.764
2388	99.2509	409.762
2389	99.2992	409.147
2390	99.348	408.995
2391	99.3955	408.977
2392	99.4459	408.853
2393	99.4978	408.85
2394	99.5456	408.768
2395	99.5987	408.755
2396	99.646	408.712
2397	99.6993	408.677
2398	99.7508	408.669
2399	99.7979	408.581
2400	99.8592	408.569
2401	99.9073	408.545
2402	99.9561	408.521
2403	100.012	408.498
2404	100.06	408.489
2405	100.115	408.364
2406	100.165	408.016
2407	100.215	408.01
2408	100.262	408.008
2409	100.313	408
2410	100.359	407.778
2411	100.407	407.521
2412	100.462	407.155
2414	100.558	407.152
2415	100.609	407.114
2416	100.661	406.869
2418	100.764	406.77
2419	100.812	406.754
2420	100.861	406.725
2421	100.91	406.619
2422	100.958	406.603
2423	101.009	406.423
2424	101.061	406.41
2425	101.111	406.146
2426	101.16	406.138
2427	101.208	406.076
2428	101.266	406.002
2429	101.315	404.658
2430	101.362	404.654
2431	101.416	404.604
2433	101.512	404.295
2434	101.559	404.293
2435	101.61	404.131
2436	101.658	404.118
2437	101.713	404.111
2438	101.762	404.015
2439	101.812	403.844
2440	101.862	403.748
2441	101.911	403.745
2442	101.961	403.727
2443	102.015	403.713
2444	102.063	403.644
2446	102.163	403.585
2447	102.212	403.534
2448	102.262	403.508
2449	102.316	403.494
2450	102.362	403.479
2451	102.413	403.479
2452	102.467	403.456
2453	102.516	403.455
2454	102.568	403.453
2455	102.618	403.373
2456	102.664	403.295
2457	102.715	403.263
2458	102.762	403.227
2459	102.811	402.958
2460	102.861	402.94
2461	102.911	402.925
2462	102.962	402.542
2463	103.009	402.429
2464	103.065	402.353
2465	103.113	402.353
2467	103.214	402.333
2468	103.26	402.159
2469	103.312	401.973
2470	103.363	401.956
2471	103.416	401.949
2472	103.467	401.939
2473	103.516	401.914
2475	103.613	401.83
2477	103.711	401.828
2478	103.767	401.752
2479	103.817	401.637
2480	103.865	401.636
2481	103.914	399.123
2482	103.966	399.065
2483	104.016	398.911
2484	104.063	398.597
2485	104.114	398.593
2487	104.213	398.591
2488	104.264	398.589
2489	104.312	398.586
2490	104.36	398.584
2491	104.409	398.505
2492	104.458	398.5
2493	104.508	398.379
2495	104.606	398.196
2496	104.656	398.177
2497	104.703	398.173
2498	102.27	398.148
2499	102.325	398.121
2500	102.373	398.113
2501	102.422	397.887
2502	102.472	397.884
2503	102.52	397.392
2504	102.575	397.308
2505	102.623	397.002
2506	102.675	396.946
2507	102.723	396.919
2508	102.772	396.632
2511	102.918	396.509
2512	102.964	396.508
2513	103.016	396.387
2514	103.065	396.384
2516	103.165	396.371
2517	103.216	396.333
2518	103.269	396.29
2519	103.318	396.254
2521	103.414	396.234
2522	103.465	396.197
2523	103.514	396.18
2524	103.561	396.159
2525	103.612	396.142
2526	103.661	395.768
2527	103.714	395.737
2529	103.81	395.622
2531	103.908	395.523
2532	103.957	395.156
2533	104.009	395.123
2534	104.056	395.122
2535	104.105	395.11
2536	104.161	395.107
2537	104.208	395.049
2540	104.358	395.018
2541	104.405	395.002
2542	104.452	394.993
2543	104.506	394.871
2544	104.555	394.798
2548	104.763	394.714
2550	104.861	394.692
2551	104.909	394.623
2552	104.963	394.596
2553	105.009	394.558
2554	105.06	393.858
2556	105.164	393.762
2557	105.212	393.685
2558	105.261	393.601
2559	105.314	393.573
2560	105.363	392.994
2561	105.414	392.99
2562	105.464	392.931
2564	105.564	392.448
2565	105.616	392.412
2566	105.663	392.279
2569	105.819	392.276
2570	105.869	391.681
2573	106.019	391.582
2574	106.075	391.548
2575	106.124	391.526
2577	106.223	391.497
2578	106.274	391.402
2579	106.321	391.368
2580	106.375	391.323
2583	106.519	391.297
2584	106.571	391.225
2585	106.618	391.168
2586	106.665	391.145
2587	106.715	391.135
2588	106.763	390.933
2589	106.813	390.922
2591	106.911	388.783
2592	106.965	388.65
2594	107.065	388.633
2595	107.118	388.599
2597	107.219	388.588
2599	107.316	388.516
2600	107.363	388.502
2602	107.465	388.501
2603	107.515	388.444
2604	107.563	388.422
2605	107.616	388.403
2606	107.667	388.383
2609	107.821	388.358
2610	107.867	388.352
2611	107.92	388.344
2613	108.021	388.339
2615	108.122	388.065
2617	108.221	387.888
2619	108.325	387.832
2620	108.376	387.569
2621	108.426	387.544
2622	108.482	387.411
2623	108.534	386.703
2624	108.581	386.597
2626	108.678	386.494
2627	108.73	386.372
2628	108.776	385.913
2630	108.877	385.898
2633	109.028	385.786
2634	109.076	385.395
2636	109.177	385.279
2637	109.226	385.243
2638	109.278	385.208
2639	109.326	385.107
2640	109.376	384.792
2641	109.431	384.765
2642	109.483	384.663
2643	109.534	384.578
2644	109.589	384.57
2645	109.64	384.562
2646	109.692	384.556
2648	109.79	384.547
2649	109.839	384.533
2651	109.939	383.891
2652	109.991	383.664
2653	110.04	383.443
2658	110.285	383.403
2659	110.332	383.11
2660	110.383	383.085
2661	110.431	383.004
2662	110.478	382.967
2663	110.53	382.641
2664	110.579	382.63
2669	110.827	382.501
2670	110.879	382.434
2672	110.98	382.432
2674	111.076	382.404
2677	111.244	382.341
2678	111.295	382.266
2679	111.366	382.189
2680	111.412	382.147
2681	111.464	381.524
2682	111.513	381.494
2683	111.562	381.205
2684	111.618	381.136
2685	111.667	381.127
2686	111.719	380.955
2688	111.845	380.947
2689	111.898	380.803
2691	112.01	380.801
2692	112.059	380.728
2693	112.109	380.639
2694	112.156	380.406
2696	112.255	380.382
2697	112.302	380.321
2698	112.359	380.244
2699	112.409	380.086
2700	112.458	380.062
2702	112.555	379.992
2703	112.624	379.736
2706	112.845	379.72
2707	112.904	379.623
2708	112.955	379.574
2709	113.006	379.571
2712	113.162	379.476
2715	113.312	379.351
2717	113.41	379.291
2718	113.456	378.935
2719	113.507	377.063
2720	113.557	377.058
2721	113.609	377.054
2722	113.656	377.018
2723	113.708	377.011
2724	113.761	376.999
2725	113.813	376.988
2726	113.863	376.281
2727	113.912	376.273
2729	114.015	375.977
2730	114.062	375.908
2731	114.112	375.892
2732	114.166	375.819
2733	114.237	375.812
2734	114.287	375.64
2735	114.337	375.603
2736	114.393	375.589
2737	114.441	375.545
2738	114.494	375.535
2739	114.546	375.477
2740	114.595	375.47
2741	114.647	375.441
2742	114.7	375.425
2743	114.747	375.293
2744	114.8	375.267
2745	114.849	375.249
2746	114.901	374.757
2747	114.95	374.755
2748	115.001	374.754
2749	115.06	374.719
2750	115.107	374.669
2751	115.159	374.631
2752	115.206	374.582
2753	115.255	374.568
2754	115.311	374.559
2755	115.36	374.543
2756	115.414	374.4
2757	115.462	374.382
2758	115.512	374.34
2759	115.56	374.195
2760	115.614	374.19
2761	115.665	374.128
2762	115.716	374.118
2763	115.767	374.037
2764	115.814	374.027
2765	115.866	373.216
2766	115.917	373.191
2767	115.967	372.891
2768	116.026	372.783
2769	116.075	371.89
2770	116.126	371.865
2771	116.175	371.857
2772	116.228	371.842
2773	116.282	371.731
2774	116.33	371.728
2775	116.38	371.632
2776	116.431	371.588
2777	116.482	371.566
2780	116.635	371.523
2781	116.686	371.52
2782	116.739	371.474
2783	116.792	371.443
2786	116.942	371.379
2787	116.997	371.294
2788	117.048	371.266
2789	117.097	371.265
2790	117.145	371.261
2791	117.196	371.243
2792	117.246	370.873
2794	117.348	370.868
2795	117.405	370.768
2796	117.455	370.755
2797	117.507	370.693
2798	117.554	370.669
2799	117.609	370.422
2800	117.66	370.386
2801	117.707	370.373
2802	117.76	370.18
2803	117.808	370.114
2804	117.863	369.934
2807	118.014	369.913
2808	118.07	369.87
2809	118.121	369.848
2811	118.223	369.844
2812	118.274	369.832
2813	118.327	369.831
2815	118.425	369.799
2818	118.579	369.776
2819	118.634	369.712
2820	118.684	369.71
2821	118.736	369.3
2822	118.784	369.249
2823	118.837	369.169
2824	118.89	368.862
2825	118.939	368.831
2827	119.047	368.828
2828	119.1	368.802
2829	119.148	368.8
2830	119.198	368.799
2831	119.248	368.754
2833	119.35	368.674
2834	119.402	368.054
2835	119.452	367.966
2836	119.505	367.962
2838	119.61	367.954
2839	119.67	367.929
2840	119.721	367.914
2841	119.774	367.685
2842	119.827	367.685
2845	119.973	367.261
2846	120.026	367.231
2847	120.076	367.213
2848	120.129	367.154
2849	120.176	367.109
2851	120.276	367.034
2852	120.333	367.025
2853	120.381	366.944
2854	120.438	366.923
2856	120.547	366.9
2857	120.598	366.853
2858	120.649	366.784
2859	120.696	366.757
2861	120.802	366.696
2862	120.861	366.64
2863	120.909	366.618
2865	121.008	366.608
2866	121.059	366.426
2867	121.112	366.422
2868	121.163	366.404
2869	121.213	366.364
2871	121.314	366.33
2872	121.362	366.069
2873	121.42	365.964
2874	121.472	365.96
2875	121.519	365.952
2877	121.622	365.945
2880	121.772	365.927
2881	121.824	365.913
2882	121.872	365.891
2883	121.924	365.886
2884	121.989	365.813
2885	122.038	365.8
2887	122.142	365.787
2888	122.196	365.738
2890	122.3	365.715
2892	122.405	365.685
2893	122.459	365.662
2894	122.508	365.228
2895	122.558	365.144
2896	122.608	365.142
2897	122.665	365.116
2898	122.718	365.017
2899	122.773	364.551
2900	122.825	364.48
2901	122.878	364.479
2902	122.928	364.457
2903	122.981	364.424
2904	123.03	364.095
2905	123.082	364.079
2906	123.132	363.853
2909	123.279	363.817
2910	123.328	363.383
2913	123.489	363.341
2914	123.539	363.32
2917	123.695	363.276
2918	123.744	362.015
2919	123.798	361.932
2920	123.852	361.917
2923	124.005	361.882
2924	124.056	361.759
2925	124.106	361.62
2926	124.158	361.612
2928	124.261	361.401
2929	124.317	361.401
2931	124.415	360.765
2932	124.465	360.661
2934	124.564	360.597
2935	124.612	360.52
2937	124.711	360.491
2939	124.812	360.024
2941	124.915	359.839
2942	124.965	359.762
2943	125.014	359.667
2944	125.069	359.602
2945	125.117	359.554
2946	125.175	359.454
2947	125.225	359.424
2950	125.379	359.423
2951	125.431	359.403
2952	125.502	359.398
2954	125.603	359.211
2955	125.654	358.925
2956	125.701	358.865
2957	125.753	358.823
2959	125.856	358.82
2960	125.913	358.675
2961	125.965	358.652
2962	126.019	358.613
2963	126.067	357.947
2964	126.119	357.818
2966	126.23	357.738
2967	126.283	357.651
2968	126.336	357.451
2973	126.585	357.353
2976	126.741	357.257
2978	126.844	357.23
2979	126.894	357.15
2980	126.942	357.117
2981	126.993	357.094
2982	127.046	357.065
2985	127.196	357.059
2988	127.355	356.904
2989	127.404	356.898
2991	127.508	356.494
2993	127.61	356.16
2994	127.659	356.151
2995	127.711	355.747
2998	127.858	355.745
2999	127.913	355.245
3000	127.963	355.219
3001	128.021	355.102
3002	128.074	355.063
3003	128.13	354.949
3009	128.433	354.836
3010	128.49	354.813
3018	128.913	354.786
3019	128.971	354.73
3020	129.019	354.721
3021	129.071	354.674
3022	129.118	354.653
3023	129.174	354.408
3026	129.328	354.347
3027	129.377	354.333
3029	129.481	354.262
3031	129.579	354.256
3032	129.628	354.245
3033	129.684	354.066
3037	129.901	354.045
3038	129.951	353.887
3039	130.005	353.873
3042	130.172	353.765
3043	130.223	353.683
3047	130.481	353.656
3048	130.531	353.641
3049	130.593	353.629
3050	130.669	353.592
3051	130.735	353.527
3057	131.205	353.504
3058	131.272	353.282
3059	131.347	352.673
3061	131.501	352.672
3062	131.581	352.656
3063	131.649	352.653
3064	131.713	352.652
3065	131.771	352.645
3066	131.86	352.62
3067	131.919	352.604
3068	131.99	352.603
3069	132.051	352.499
3070	132.108	352.467
3071	132.168	352.453
3072	132.237	352.425
3073	132.291	352.419
3074	132.357	352.366
3075	132.426	352.347
3076	132.484	352.34
3078	132.603	352.335
3079	132.663	352.254
3080	132.717	352.237
3081	132.768	352.206
3082	132.824	352.189
3083	132.875	352.174
3084	132.928	352.172
3085	132.983	351.865
3086	133.04	351.841
3087	133.09	351.836
3088	133.146	351.829
3089	133.193	351.816
3091	133.303	351.683
3092	133.357	351.65
3093	133.418	351.622
3095	133.531	351.612
3096	133.579	351.466
3097	133.638	351.415
3098	133.694	351.412
3099	133.744	351.399
3101	133.854	351.394
3102	133.908	351.386
3103	133.957	351.378
3104	134.018	351.373
3105	134.095	351.235
3106	134.149	351.207
3108	134.254	351.143
3109	134.307	350.829
3110	134.358	350.814
3111	134.408	350.81
3112	134.467	350.8
3113	134.516	350.574
3114	132.089	350.57
3115	132.143	350.472
3117	132.253	350.465
3120	132.407	350.457
3121	132.471	350.443
3122	132.521	350.43
3123	132.577	350.317
3124	132.627	350.235
3125	132.685	350.216
3126	132.739	350.199
3127	132.796	350.084
3128	132.851	350.072
3129	132.901	350.069
3130	132.959	350.06
3131	133.009	350.03
3132	133.069	349.986
3134	133.171	349.984
3135	133.219	349.948
3137	133.327	349.919
3138	133.381	349.907
3139	133.441	349.759
3140	133.505	349.743
3141	133.568	349.74
3142	133.657	349.569
3143	133.72	349.515
3144	133.792	349.408
3146	133.922	349.379
3147	133.978	349.368
3148	134.031	349.359
3149	134.08	349.339
3150	134.135	349.339
3151	134.188	349.298
3152	134.239	349.174
3153	134.294	349.167
3155	134.405	349.146
3156	134.458	349.128
3158	134.562	349.09
3159	134.611	349.076
3160	134.672	349.075
3161	134.723	348.847
3162	134.779	348.801
3163	134.831	348.731
3165	134.939	348.718
3166	134.996	348.717
3168	135.101	348.712
3169	135.155	348.71
3171	135.263	348.586
3172	135.314	348.477
3173	135.362	348.41
3174	135.422	348.223
3175	135.469	348.187
3176	135.522	348.181
3177	135.579	348.174
3178	135.634	348.17
3179	135.685	348.138
3180	135.751	348.133
3181	135.815	348.072
3182	135.866	348.061
3184	135.974	348.056
3185	136.027	348.029
3186	136.089	347.974
3187	136.138	347.963
3188	136.193	347.905
3189	136.244	347.876
3191	136.357	347.875
3192	136.411	347.866
3193	136.465	347.789
3194	136.516	347.779
3196	136.63	347.762
3197	136.681	347.728
3198	136.744	347.69
3199	136.794	347.658
3201	136.904	347.601
3202	136.962	347.565
3203	137.013	347.549
3204	137.066	347.524
3205	137.114	347.518
3206	137.17	347.382
3208	137.276	347.372
3209	137.338	347.345
3211	137.448	347.344
3212	137.506	347.073
3213	137.567	346.55
3215	137.668	346.541
3216	137.729	346.532
3217	137.781	346.52
3220	137.941	346.504
3222	138.055	346.493
3225	138.213	346.419
3227	138.32	346.4
3228	138.376	346.378
3230	138.484	346.343
3231	138.533	346.321
3232	138.591	346.301
3234	138.696	346.02
3235	138.748	346.018
3236	138.806	346.008
3237	138.86	345.981
3238	138.913	345.955
3239	138.998	345.928
3240	139.094	345.895
3242	139.218	345.878
3244	139.325	345.614
3245	139.373	345.553
3246	139.426	345.494
3249	139.58	345.478
3250	139.635	345.106
3253	139.798	345.092
3254	139.847	345.077
3257	140.014	344.95
3258	140.067	344.881
3259	140.12	344.841
3260	140.179	344.766
3261	140.227	344.749
3263	140.34	344.721
3264	140.392	344.69
3265	140.452	344.642
3266	140.5	344.64
3267	140.562	344.639
3268	140.615	344.43
3271	140.773	344.247
3272	140.83	344.185
3277	141.092	344.068
3279	141.195	343.988
3281	141.316	343.96
3282	141.369	343.932
3283	141.421	343.824
3284	141.479	343.74
3285	141.531	343.687
3286	141.585	343.682
3287	141.642	343.677
3289	141.75	343.612
3290	141.801	343.61
3291	141.856	343.508
3292	141.906	343.503
3295	142.055	343.208
3296	142.112	343.166
3297	142.165	343.14
3298	142.217	343.097
3299	142.274	343.093
3300	142.32	342.945
3302	142.424	342.925
3303	142.476	342.456
3304	142.526	342.359
3305	142.577	342.355
3306	142.633	342.294
3307	142.687	342.254
3308	142.741	342.141
3309	142.794	342.131
3313	143.014	342.102
3315	143.121	342.07
3316	143.169	342.01
3317	143.228	341.978
3318	143.276	341.945
3319	143.332	341.893
3321	143.437	341.865
3322	143.497	341.838
3325	143.647	341.833
3326	143.699	341.832
3328	143.8	341.695
3329	143.855	341.678
3331	143.957	341.478
3333	144.058	341.362
3339	144.365	340.95
3340	144.423	340.948
3341	144.475	340.831
3342	144.524	340.827
3343	144.579	340.78
3344	144.628	340.779
3347	144.784	340.738
3349	144.886	340.312
3350	144.943	340.303
3351	144.996	340.234
3358	145.363	340.193
3359	145.414	340.173
3361	145.527	339.617
3363	145.629	339.351
3366	145.786	339.285
3369	145.942	339.223
3371	146.046	339.221
3372	146.096	339.219
3373	146.152	339.099
3374	146.199	339.087
3376	146.302	339.085
3377	146.354	339.081
3378	146.406	339.037
3379	146.456	339.035
3381	146.563	338.956
3382	146.619	338.899
3384	146.722	338.887
3387	146.879	338.864
3388	146.928	338.809
3389	146.981	338.808
3391	147.082	338.777
3392	147.142	338.767
3393	147.196	338.738
3397	147.405	338.694
3398	147.456	338.549
3399	147.511	337.654
3401	147.617	337.652
3402	147.667	337.611
3403	147.724	337.608
3404	147.778	337.585
3405	147.831	337.58
3407	147.935	337.563
3408	147.986	337.561
3409	148.039	337.463
3410	148.098	337.443
3411	148.146	337.439
3412	148.195	337.391
3413	148.253	337.388
3414	148.303	337.361
3415	148.361	337.344
3416	148.413	337.34
3417	148.461	337.303
3418	148.52	337.296
3419	148.572	337.263
3420	148.634	337.223
3421	148.684	337.202
3422	148.738	337.186
3423	148.792	337.162
3424	148.84	337.119
3425	148.896	337.044
3426	148.948	337.037
3427	149.003	337.033
3428	149.055	337.032
3429	149.111	337.019
3431	149.211	336.984
3434	149.372	336.982
3435	149.424	336.959
3436	149.479	336.943
3437	149.533	336.925
3438	149.589	336.894
3439	149.644	336.884
3441	149.753	336.882
3442	149.804	336.873
3444	149.922	336.857
3445	149.973	336.799
3446	150.034	336.779
3447	150.084	336.758
3449	150.193	336.505
3450	150.25	336.492
3451	150.301	336.392
3452	150.357	336.387
3453	150.411	336.31
3455	150.524	336.265
3456	150.574	336.254
3457	150.657	336.239
3458	150.72	336.222
3459	150.775	336.145
3460	150.823	336.124
3461	150.875	336.118
3462	150.933	336.116
3463	150.992	336.108
3465	151.097	336.107
3466	151.148	336.066
3467	151.198	336.043
3468	151.252	336.031
3469	151.3	336.029
3470	151.354	336.025
3471	151.404	336.022
3472	151.461	336.006
3473	151.511	335.99
3474	151.566	335.968
3475	151.619	335.904
3477	151.731	335.893
3478	151.789	335.881
3479	151.847	335.698
3480	151.903	335.68
3481	151.952	335.675
3482	152.012	335.533
3483	152.061	335.388
3484	152.117	335.298
3487	152.277	335.283
3488	152.329	335.283
3489	152.39	335.255
3490	152.453	335.194
3491	152.51	335.189
3492	152.56	335.166
3494	152.669	335.158
3495	152.722	335.127
3496	152.77	335.104
3498	152.88	335.058
3500	152.986	335.058
3501	153.038	335.047
3502	153.09	335.02
3503	153.14	334.984
3504	153.197	334.957
3505	153.248	334.951
3506	153.3	334.947
3507	153.353	334.932
3508	153.413	334.92
3509	153.465	334.919
3511	153.564	334.91
3512	153.618	334.906
3513	153.669	334.87
3514	153.73	334.819
3515	153.781	334.801
3517	153.886	334.797
3518	153.937	334.789
3519	153.988	334.767
3520	154.049	334.756
3521	154.097	334.714
3522	154.151	334.701
3524	154.254	334.684
3525	154.305	334.66
3526	154.363	334.637
3527	154.411	334.633
3528	154.464	334.584
3532	154.673	334.58
3533	154.721	334.537
3534	154.775	334.46
3536	154.884	334.45
3537	154.934	334.448
3538	154.985	334.396
3539	155.037	334.39
3541	155.168	334.329
3542	155.237	334.32
3543	155.289	334.313
3544	155.345	334.307
3545	155.397	334.301
3546	155.447	334.121
3548	155.554	334.11
3549	155.611	334.056
3551	155.711	334.029
3552	155.772	333.877
3554	155.876	333.873
3555	155.927	333.87
3556	155.982	333.859
3557	156.036	333.852
3559	156.154	333.836
3560	156.206	333.829
3561	156.263	333.829
3562	156.318	333.81
3566	156.523	333.809
3567	156.578	333.796
3568	156.633	333.758
3570	156.741	333.726
3571	156.788	333.721
3572	156.842	333.707
3574	156.949	333.622
3575	156.999	333.601
3577	157.102	333.59
3578	157.157	333.57
3579	157.209	333.556
3580	157.267	333.514
3581	157.323	333.513
3582	157.373	333.505
3584	157.477	333.436
3585	157.538	333.422
3586	157.589	333.387
3589	157.75	333.377
3590	157.802	333.216
3593	157.977	333.21
3594	158.025	333.186
3595	158.077	333.181
3596	158.135	333.049
3597	158.185	333.01
3599	158.291	333.004
3600	158.34	332.897
3601	158.398	332.886
3604	158.559	332.859
3605	158.611	332.832
3606	158.668	332.74
3608	158.776	332.623
3609	158.827	332.617
3611	158.933	332.25
3612	158.99	332.232
3617	159.252	332.104
3619	159.355	332.045
3621	159.468	332.03
3622	159.517	332.022
3623	159.576	332.02
3624	159.628	332.007
3625	159.684	331.978
3627	159.798	331.977
3628	159.849	331.963
3629	159.901	331.912
3630	159.953	331.904
3631	160.006	331.865
3632	160.059	331.853
3635	160.215	331.722
3636	160.271	331.627
3637	160.324	331.603
3640	160.482	331.532
3641	160.539	331.531
3643	160.64	331.112
3644	160.695	331.074
3646	160.801	331.049
3647	160.857	331.015
3648	160.906	330.939
3649	160.965	330.928
3651	161.073	330.886
3653	161.184	330.883
3655	161.294	330.842
3656	161.344	330.796
3658	161.454	330.785
3659	161.506	330.75
3661	161.612	330.716
3662	161.664	330.698
3665	161.825	330.696
3667	161.934	330.691
3668	161.985	330.601
3669	162.044	330.587
3671	162.149	330.512
3673	162.254	330.26
3674	162.302	330.175
3676	162.407	330.173
3678	162.518	329.98
3679	162.574	329.746
3680	162.622	329.739
3683	162.779	329.721
3688	163.051	329.72
3689	163.102	329.709
3690	163.151	329.703
3697	163.521	329.699
3698	163.577	329.64
3700	163.684	329.638
3701	163.735	329.57
3702	163.783	329.552
3703	163.838	329.176
3705	163.94	329.176
3706	163.995	329.116
3708	164.101	329.048
3709	164.155	328.99
3713	161.878	328.875
3716	162.036	328.841
3717	162.084	328.836
3719	162.187	328.808
3721	162.288	328.744
3722	162.344	328.732
3723	162.394	328.708
3728	162.655	328.694
3731	162.81	328.668
3732	162.858	328.658
3733	162.917	328.642
3738	163.176	328.528
3739	163.224	326.781
3741	163.332	326.777
3743	163.431	326.772
3744	163.488	326.77
3745	163.54	326.766
3746	163.597	326.749
3747	163.647	326.744
3748	163.704	326.743
3749	163.754	326.708
3750	163.809	326.703
3751	163.862	326.693
3752	163.922	326.642
3754	164.027	326.631
3755	164.081	326.618
3756	164.131	326.615
3757	164.183	326.583
3758	164.235	326.578
3759	164.287	326.558
3760	164.346	326.477
3761	164.394	326.46
3762	164.449	326.447
3763	164.498	326.421
3764	164.55	326.408
3765	164.603	326.387
3767	164.713	326.375
3769	164.814	326.361
3770	164.862	326.354
3771	164.914	326.338
3772	164.972	326.335
3774	165.084	326.327
3775	165.135	326.3
3777	165.243	326.29
3779	165.346	326.279
3780	165.398	326.266
3781	165.451	326.258
3782	165.502	326.251
3783	165.559	326.248
3784	165.61	326.235
3785	165.664	326.191
3786	165.712	326.181
3787	165.771	326.139
3788	165.821	326.06
3789	165.876	325.802
3790	165.926	325.797
3791	165.977	325.793
3792	166.029	325.784
3793	166.088	325.731
3794	166.143	325.731
3795	166.192	325.679
3796	166.245	325.642
3799	166.413	325.613
3800	166.464	325.454
3801	166.519	325.453
3802	166.576	325.452
3803	166.627	325.447
3805	166.744	325.426
3806	166.799	325.417
3807	166.861	325.401
3808	166.916	325.383
3809	166.97	325.379
3811	167.074	325.354
3812	167.131	325.266
3814	167.249	325.261
3815	167.296	325.246
3817	167.4	325.219
3818	167.458	325.204
3819	167.515	325.097
3820	167.57	325.081
3821	167.619	325.065
3822	167.685	324.905
3823	167.743	324.83
3824	167.791	324.804
3827	167.954	324.792
3828	168.01	324.79
3829	168.058	324.765
3830	168.109	324.75
3831	168.164	324.738
3832	168.22	324.727
3834	168.327	324.722
3835	168.382	324.699
3838	168.546	324.695
3842	168.771	324.662
3843	168.831	324.639
3845	168.942	324.638
3846	168.995	324.632
3847	169.062	324.619
3848	169.112	324.603
3849	169.169	324.597
3851	169.28	324.588
3852	169.346	324.555
3853	169.398	324.535
3855	169.505	324.517
3857	169.61	324.515
3858	169.671	324.508
3861	169.825	324.458
3862	169.886	324.457
3864	169.989	324.434
3865	170.041	324.426
3866	170.094	324.415
3867	170.146	324.412
3868	170.201	324.409
3870	170.307	324.404
3871	170.358	324.402
3872	170.41	324.397
3873	170.464	324.364
3874	170.511	324.343
3876	170.62	324.332
3878	170.723	324.299
3879	170.776	324.278
3881	170.883	324.244
3883	170.982	324.212
3884	171.047	324.202
3886	171.154	324.129
3887	171.205	324.101
3888	171.265	324.1
3889	171.324	323.957
3891	171.439	323.657
3892	171.497	323.555
3893	171.546	323.442
3895	171.656	323.44
3896	171.71	323.432
3898	171.811	323.428
3899	171.865	323.363
3900	171.932	323.35
3901	172.004	323.341
3902	172.066	323.34
3903	172.12	323.328
3904	172.188	323.315
3906	172.306	323.309
3910	172.555	323.289
3911	172.621	323.289
3912	172.676	323.281
3913	172.727	323.28
3918	173.001	323.262
3919	173.058	323.262
3920	173.108	323.241
3922	173.216	323.231
3923	173.267	323.227
3924	173.324	323.182
3925	173.373	323.076
3926	173.432	323.057
3927	173.487	323.054
3928	173.544	323.026
3929	173.598	322.87
3930	173.654	322.678
3932	173.759	322.605
3934	173.862	322.602
3936	173.961	322.513
3938	174.06	322.492
3940	174.157	322.459
3941	174.214	322.452
3944	174.37	322.44
3945	174.418	322.415
3946	174.468	322.398
3948	174.572	322.347
3949	174.619	322.346
3952	174.774	322.293
3955	174.922	322.285
3957	175.032	322.202
3959	175.138	321.771
3962	175.312	321.766
3964	175.437	321.743
3965	175.494	321.709
3968	175.664	321.688
3969	175.718	321.656
3970	175.77	321.65
3972	175.89	321.641
3973	175.947	321.637
3975	176.066	321.545
3976	176.129	321.485
3977	176.196	321.464
3980	176.385	321.421
3981	176.442	321.407
3983	176.562	321.173
3984	176.63	321.172
3985	176.687	321.158
3986	176.753	321.147
3987	176.846	321.137
3989	177.078	321.134
3993	177.312	321.106
3996	177.48	321.081
3997	177.537	321.06
3998	177.596	321.03
3999	177.651	321.004
4000	177.708	321.004
4001	177.76	320.979
4002	177.82	320.969
4004	177.923	320.965
4005	177.981	320.961
4006	178.033	320.959
4007	178.088	320.881
4009	178.196	320.872
4012	178.347	320.867
4013	178.402	320.7
4014	178.453	320.671
4016	178.556	320.67
4017	178.608	320.586
4018	178.669	320.53
4019	178.721	320.162
4020	178.779	320.158
4023	178.943	320.152
4024	178.993	320.143
4027	179.151	319.705
4028	179.202	319.698
4029	179.259	319.557
4031	179.361	319.543
4032	179.414	319.535
4035	179.57	319.498
4037	179.674	319.495
4038	179.728	319.468
4041	179.91	319.434
4043	180.022	319.195
4044	180.072	319.187
4045	180.119	319.185
4046	180.173	319.144
4047	180.224	319.134
4048	180.277	319.133
4049	180.331	319.095
4051	180.434	319.086
4054	180.594	319.07
4056	180.709	319.054
4057	180.768	319.042
4061	181.031	318.994
4063	181.18	318.609
4068	181.489	318.607
4071	181.647	318.602
4076	181.917	318.598
4078	182.025	318.521
4079	182.072	317.358
4081	182.177	317.357
4082	182.228	317.345
4083	182.28	317.32
4084	182.334	317.284
4085	182.385	317.282
4086	182.454	317.267
4087	182.513	317.251
4088	182.566	317.233
4090	182.677	317.218
4091	182.725	317.218
4092	182.779	317.217
4093	182.835	317.204
4094	182.905	317.185
4095	182.966	317.177
4096	183.022	317.172
4097	183.079	317.165
4099	183.185	317.135
4100	183.237	317.082
4101	183.291	317.069
4102	183.341	317.055
4103	183.403	317.047
4104	183.463	317.031
4105	183.518	317.003
4107	183.62	316.984
4108	183.667	316.893
4109	183.717	316.871
4110	183.766	316.858
4111	183.813	316.818
4112	183.864	316.806
4114	183.963	316.804
4115	184.012	316.677
4117	184.116	316.673
4119	184.219	316.658
4121	184.316	316.656
4122	184.371	316.649
4123	184.419	316.616
4124	184.471	316.611
4125	184.525	316.579
4126	184.573	316.568
4128	184.676	316.528
4129	184.726	316.372
4130	184.776	316.338
4131	184.831	316.329
4132	184.881	316.321
4133	184.935	316.3
4135	185.035	316.28
4136	185.084	316.27
4137	185.135	316.254
4139	185.237	316.233
4140	185.29	316.203
4141	185.337	316.2
4142	185.388	316.193
4143	185.438	316.185
4145	185.537	316.18
4146	185.589	316.163
4147	185.638	316.144
4148	185.697	316.132
4149	185.757	316.126
4150	185.807	316.124
4151	185.856	316.094
4152	185.921	316.089
4154	186.02	316.086
4155	186.075	316.08
4156	186.123	315.887
4157	186.177	315.874
4158	186.228	315.859
4159	186.282	315.75
4160	186.329	315.748
4162	186.428	315.711
4163	186.474	315.606
4166	186.634	315.603
4167	186.705	315.598
4168	186.759	315.593
4169	186.819	315.577
4170	186.868	315.564
4171	186.921	315.558
4172	186.972	315.542
4173	187.026	315.54
4175	187.121	315.534
4178	187.277	315.526
4179	187.325	315.515
4180	187.375	315.514
4182	187.478	315.48
4183	187.529	315.46
4186	187.68	315.456
4187	187.736	315.451
4189	187.836	315.442
4191	187.937	315.438
4193	188.036	315.411
4196	188.195	315.404
4197	188.247	315.401
4200	188.404	315.368
4204	188.605	315.365
4205	188.653	315.344
4206	188.709	315.329
4207	188.757	315.327
4208	188.811	315.31
4210	188.911	315.302
4211	188.965	315.287
4212	189.015	315.284
4213	189.065	315.248
4214	189.12	315.243
4216	189.224	315.223
4218	189.323	315.205
4219	189.375	315.19
4220	189.424	315.181
4221	189.476	315.17
4222	189.527	315.161
4223	189.58	315.154
4226	189.73	315.086
4227	189.779	315.06
4228	189.833	315.058
4229	189.881	315.012
4231	189.983	314.979
4232	190.036	314.885
4233	190.085	314.853
4235	190.187	314.846
4236	190.238	314.836
4237	190.289	314.824
4238	190.339	314.823
4239	190.391	314.818
4240	190.442	314.814
4241	190.491	314.792
4242	190.545	314.781
4243	190.6	314.774
4244	190.656	314.745
4245	190.706	314.714
4246	190.759	314.712
4247	190.807	314.709
4248	190.857	314.696
4250	190.958	314.684
4251	191.009	314.678
4252	191.06	314.674
4255	191.214	314.662
4256	191.267	314.65
4258	191.387	314.65
4259	191.453	314.647
4260	191.509	314.609
4261	191.566	314.608
4263	191.682	314.604
4265	191.787	314.551
4268	191.967	314.54
4269	192.027	314.314
4270	192.087	314.228
4274	192.303	314.226
4275	192.351	314.225
4276	192.405	314.195
4278	192.508	314.185
4279	192.56	314.169
4280	192.619	314.155
4281	192.685	314.154
4283	192.804	314.147
4284	192.853	314.124
4285	192.911	314.081
4286	192.958	314.043
4288	193.075	313.98
4290	193.178	313.973
4291	193.227	313.923
4292	193.281	313.907
4295	193.504	313.889
4297	193.615	313.864
4299	193.756	313.819
4300	193.807	313.811
4301	193.857	313.773
4302	193.911	313.748
4303	193.967	313.746
4304	194.024	313.732
4305	191.594	313.708
4308	191.752	313.685
4309	191.805	313.668
4310	191.856	313.668
4311	191.907	313.659
4312	191.955	313.643
4313	192.009	313.632
4315	192.111	313.551
4316	192.167	313.511
4319	192.316	313.408
4320	192.371	313.346
4323	192.526	313.191
4324	192.575	313.161
4325	192.625	313.16
4326	192.673	313.15
4329	192.823	313.148
4332	192.982	313.144
4333	193.031	313.133
4334	193.084	312.979
4335	193.133	312.969
4336	193.186	312.952
4337	193.235	312.949
4338	193.282	312.853
4339	193.342	312.849
4340	193.41	312.762
4341	193.497	312.745
4343	193.625	312.712
4345	193.734	312.71
4349	193.941	312.681
4350	193.994	312.664
4352	194.109	312.639
4353	194.164	312.507
4354	194.211	312.476
4357	194.368	312.462
4358	194.421	312.436
4359	194.469	312.184
4360	194.52	312.178
4361	194.567	312.156
4364	194.734	312.155
4367	194.892	312.125
4370	195.05	312.124
4371	195.107	312.08
4372	195.201	312.068
4373	195.287	312.067
4374	195.37	312.057
4378	195.581	312.033
4383	195.909	311.9
4384	195.974	311.874
4386	196.085	311.765
4388	196.237	311.753
4389	196.299	311.748
4390	196.357	311.742
4392	196.468	311.74
4397	196.732	311.73
4399	196.847	311.728
4403	197.055	311.692
4406	197.219	311.566
4407	197.275	311.563
4408	197.344	311.549
4409	197.411	311.537
4410	197.476	311.509
4411	197.533	311.444
4416	197.808	311.442
4418	197.915	311.423
4419	197.979	310.923
4421	198.084	310.921
4422	198.136	310.919
4423	198.189	310.915
4424	198.259	310.9
4425	198.351	310.895
4426	198.412	310.886
4427	198.511	310.876
4428	198.564	310.876
4430	198.672	310.857
4431	198.727	310.852
4432	198.778	310.843
4433	198.845	310.839
4434	198.914	310.819
4435	198.966	310.818
4437	199.067	310.806
4439	199.173	310.79
4440	199.227	310.788
4441	199.278	310.779
4442	199.331	310.77
4443	199.39	310.757
4445	199.494	310.748
4446	199.547	310.746
4447	199.595	310.744
4448	199.649	310.735
4449	199.703	310.725
4450	199.755	310.697
4451	199.81	310.654
4452	199.867	310.653
4454	199.972	310.651
4455	200.02	310.643
4457	200.136	310.64
4459	200.241	310.629
4460	200.291	310.614
4461	200.344	310.613
4463	200.442	310.611
4464	200.492	310.609
4466	200.595	310.606
4468	200.7	310.59
4469	200.747	310.498
4470	200.795	310.491
4471	200.849	310.474
4472	200.898	310.468
4473	200.949	310.4
4474	200.998	310.397
4475	201.049	310.347
4476	201.101	310.338
4478	201.2	310.251
4479	201.249	310.208
4480	201.303	310.196
4481	201.35	310.191
4482	201.407	310.168
4483	201.455	310.166
4485	201.563	310.145
4486	201.612	310.141
4488	201.711	310.127
4489	201.759	310.126
4490	201.811	310.125
4491	201.861	310.117
4493	201.962	310.116
4494	202.012	310.112
4496	202.112	310.107
4497	202.163	310.097
4498	202.212	310.095
4499	202.264	310.021
4500	202.315	310.01
4501	202.366	310.002
4502	202.413	309.967
4503	202.467	309.91
4504	202.524	309.884
4506	202.625	309.856
4507	202.679	309.852
4508	202.727	309.849
4509	202.782	309.831
4510	202.83	309.803
4511	202.881	309.801
4512	202.93	309.789
4514	203.033	309.784
4515	203.092	309.744
4519	203.292	309.739
4520	203.343	309.738
4521	203.397	309.736
4522	203.454	309.707
4523	203.502	309.705
4525	203.608	309.64
4527	203.705	309.635
4528	203.752	309.634
4529	203.801	309.609
4531	203.901	309.513
4533	204.003	309.507
4534	204.055	309.484
4535	204.103	309.467
4536	204.152	309.462
4540	204.376	309.444
4542	204.516	309.443
4545	204.776	309.442
4546	204.825	309.426
4547	204.874	309.42
4548	204.926	309.414
4551	205.073	309.402
4552	205.119	309.392
4553	205.166	309.378
4554	205.213	309.366
4556	205.309	309.328
4558	205.405	309.308
4559	205.452	309.295
4560	205.499	309.286
4561	205.549	309.273
4564	205.71	309.27
4565	205.763	309.266
4566	205.813	309.235
4567	205.864	309.221
4568	205.911	309.22
4569	205.962	309.183
4571	206.063	309.164
4572	206.118	309.151
4574	206.216	309.15
4575	206.268	309.148
4577	206.37	309.147
4578	206.418	309.111
4580	206.522	309.102
4581	206.571	309.094
4582	206.621	309.081
4583	206.67	309.075
4584	206.72	309.063
4586	206.821	309.049
4587	206.87	309.037
4589	206.968	309.037
4590	207.022	309.03
4591	207.069	309.02
4592	207.119	309.018
4593	207.169	309
4594	207.218	308.992
4597	207.371	308.983
4598	207.419	308.976
4599	207.468	308.973
4600	207.517	308.954
4601	207.569	308.952
4602	207.616	308.948
4603	207.665	308.94
4604	207.716	308.937
4605	207.765	308.92
4609	207.966	308.883
4610	208.016	308.872
4611	208.065	308.859
4613	208.161	308.726
4614	208.208	308.725
4615	208.261	308.723
4616	208.31	308.669
4617	208.359	308.643
4618	208.41	308.62
4619	208.457	308.598
4620	208.506	308.581
4621	208.557	308.581
4624	208.706	308.57
4625	208.757	308.549
4626	208.808	308.404
4627	208.856	308.396
4628	208.907	308.372
4630	209.006	308.363
4631	209.058	308.305
4632	209.107	308.303
4633	209.157	308.291
4635	209.261	308.29
4637	209.361	308.274
4642	209.61	308.251
4643	209.658	308.248
4644	209.713	308.238
4645	209.76	308.215
4648	209.914	308.201
4653	210.162	308.199
4654	210.213	308.18
4655	210.261	308.098
4656	210.309	308.069
4657	210.357	308.059
4659	210.454	308.02
4660	210.506	307.986
4661	210.557	307.986
4662	210.605	307.983
4663	210.658	307.87
4664	210.706	307.551
4665	210.755	307.547
4666	210.804	307.539
4668	210.906	307.535
4669	210.959	307.521
4670	211.008	307.517
4671	211.059	307.512
4674	211.208	307.378
4675	211.257	307.333
4676	211.307	307.323
4677	211.36	307.319
4678	211.41	307.305
4681	211.559	307.287
4684	211.707	307.275
4685	211.759	307.274
4686	211.809	307.267
4689	211.956	307.263
4691	212.058	307.24
4693	212.159	307.13
4695	212.257	307.124
4696	212.306	307.101
4697	212.355	307.092
4698	212.406	307.091
4699	212.457	306.972
4700	212.504	306.962
4701	212.558	306.96
4702	212.608	306.956
4703	212.66	306.908
4705	212.761	306.903
4706	212.81	306.903
4708	212.912	306.894
4709	212.988	306.673
4711	213.09	306.653
4713	213.191	306.641
4716	213.339	306.635
4717	213.389	306.62
4718	213.438	306.616
4720	213.535	306.605
4721	213.586	306.549
4723	213.713	306.442
4724	213.763	306.381
4725	213.815	306.377
4726	213.863	306.3
4728	213.962	306.297
4729	214.011	306.279
4731	214.111	306.279
4733	214.212	306.272
4735	214.314	306.26
4736	214.362	306.258
4737	214.416	306.254
4739	214.521	306.243
4743	214.717	306.223
4744	214.769	306.217
4745	214.817	306.201
4746	214.865	306.187
4749	215.014	306.184
4750	215.067	306.167
4751	215.118	306.164
4756	215.363	306.159
4758	215.464	306.143
4759	215.514	305.72
4760	215.566	305.711
4761	215.615	305.71
4762	215.662	305.687
4763	215.711	305.584
4764	215.763	305.583
4765	215.81	305.581
4766	215.862	305.577
4767	215.912	305.565
4768	215.96	305.559
4769	216.012	305.559
4770	216.059	305.553
4771	216.11	305.552
4774	216.258	305.526
4775	216.306	305.516
4776	216.358	305.515
4778	216.458	305.504
4779	216.506	305.489
4780	216.558	305.483
4781	216.609	305.479
4782	216.658	305.477
4783	216.709	305.465
4784	216.759	305.465
4785	216.814	305.433
4786	216.864	305.43
4787	216.915	305.429
4788	216.963	305.423
4790	217.066	305.41
4791	217.116	305.406
4792	217.162	305.404
4793	217.216	305.4
4794	217.266	305.397
4795	217.314	305.392
4796	217.37	305.384
4797	217.417	305.377
4799	217.52	305.369
4800	217.568	305.354
4801	217.623	305.354
4803	217.723	305.312
4804	217.773	305.31
4806	217.874	305.304
4807	217.927	305.292
4808	217.975	305.275
4809	218.026	305.206
4810	218.074	305.176
4811	218.124	305.173
4812	218.175	305.166
4813	218.223	305.138
4814	218.276	305.134
4815	218.325	305.13
4816	218.375	305.13
4817	218.424	305.112
4819	218.525	305.095
4820	218.574	305.083
4821	218.623	305.082
4822	218.675	305.075
4823	218.726	305.048
4825	218.826	305.035
4826	218.876	305.034
4827	218.924	305.03
4828	218.976	305.017
4829	219.024	305.016
4831	219.13	304.993
4832	219.183	304.984
4833	219.235	304.984
4834	219.282	304.982
4835	219.329	304.979
4837	219.436	304.966
4838	219.484	304.958
4839	219.536	304.893
4840	219.587	304.892
4842	219.685	304.868
4843	219.739	304.821
4844	219.787	304.796
4845	219.84	304.795
4847	219.939	304.794
4849	220.045	304.785
4850	220.092	304.771
4851	220.14	304.769
4852	220.192	304.762
4854	220.292	304.754
4855	220.339	304.724
4858	220.493	304.721
4861	220.643	304.65
4862	220.696	304.614
4863	220.744	304.612
4865	220.842	304.612
4867	220.943	304.606
4869	221.046	304.596
4871	221.146	304.585
4872	221.197	304.532
4873	221.246	304.521
4876	221.397	304.514
4877	221.449	304.511
4878	221.496	304.509
4880	221.602	304.495
4882	221.701	304.488
4885	221.852	304.481
4886	221.904	304.396
4888	222.007	304.385
4890	222.105	304.383
4891	222.155	304.378
4892	222.203	304.368
4893	222.25	304.343
4895	222.35	304.333
4898	222.5	304.317
4899	222.551	304.316
4900	222.599	304.289
4901	222.652	304.271
4902	222.701	304.258
4903	222.754	304.25
4904	222.803	304.247
4905	222.852	304.244
4906	222.902	304.202
4907	222.952	304.182
4908	223.004	304.174
4909	223.052	304.138
4910	223.101	304.135
4911	223.151	304.083
4912	223.198	304.05
4913	223.249	304.022
4914	223.297	304.015
4915	223.347	304.012
4916	223.393	304.001
4917	223.445	303.998
4918	223.495	303.984
4919	223.546	303.958
4920	223.593	303.954
4921	223.642	303.952
4922	223.693	303.947
4927	221.463	303.937
4929	221.565	303.936
4930	221.621	303.933
4931	221.668	303.93
4934	221.813	303.929
4937	221.966	303.926
4940	222.113	303.891
4941	222.162	303.89
4944	222.311	303.878
4945	222.361	303.873
4949	222.556	303.82
4950	222.607	303.733
4951	222.658	303.723
4954	222.808	303.715
4956	222.905	303.705
4957	222.956	303.7
4958	223.004	303.692
4959	223.053	303.692
4964	223.308	303.676
4965	223.358	303.657
4966	223.41	303.636
4967	223.457	303.633
4968	223.509	303.52
4970	223.609	303.488
4971	223.661	303.481
4975	223.862	303.459
4977	223.963	303.445
4981	224.16	303.425
4982	224.208	303.413
4984	224.307	303.41
4985	224.358	303.394
4988	224.505	303.387
4989	224.553	303.384
4990	224.604	303.378
4993	224.748	303.376
4995	224.864	303.333
4996	224.918	303.311
4997	224.967	303.305
4999	225.065	303.295
5000	225.118	303.262
# FIN	225.118	303.262

