# target=instancias/starrynight.png T=340 iters=5000 K=32 seed=auto
iter	segundos	MSE
0	0.0034301	7888.74
1	0.0481708	7883.62
2	0.0747835	7864.17
3	0.101558	7807.87
4	0.136982	7797.35
5	0.191715	7774.69
6	0.268595	7770.79
7	0.335574	7760.66
8	0.404575	7753.25
9	0.482408	7752.95
10	0.562758	7705.79
11	0.632533	7691.29
12	0.694776	7669.99
13	0.749163	7656.69
14	0.807333	7620.77
15	0.859512	7597.73
16	0.906146	7596.91
17	0.951114	7512.85
18	1.00734	7508.57
19	1.0881	7471.78
20	1.16101	7466.23
21	1.24311	7447.84
22	1.29549	7396.32
23	1.33336	7386.22
24	1.37611	7373.35
25	1.44636	7372.97
26	1.49958	7360.67
27	1.53689	7356.01
28	1.59393	7341.08
29	1.64375	7339.61
30	1.67374	7321.24
31	1.70951	7286.39
32	1.74845	7241.15
33	1.79018	7227
34	1.82864	7220.41
35	1.8603	7211.2
36	1.89121	7211.17
37	1.92012	7200.16
38	1.95606	7174.36
39	1.98765	7157.53
40	2.01823	7143.99
41	2.05225	7143.04
42	2.08343	7143.02
44	2.14945	7121.26
45	2.18382	7105.9
46	2.2199	7077.07
47	2.24782	7064.75
49	2.30419	7063.15
50	2.33382	7039.82
51	2.36208	7014.19
52	2.39441	7013.48
53	2.42258	7013.39
54	2.45756	7008.26
55	2.4931	7004.77
56	2.52486	7002.81
57	2.55487	6978.11
58	2.58413	6967.18
59	2.61181	6953.69
60	2.64243	6948.47
61	2.66995	6872.86
62	2.70943	6860.98
63	2.75187	6843.72
64	2.82078	6826.45
65	2.86133	6823.71
66	2.92063	6809.96
67	2.98891	6787.86
68	3.05808	6751.43
69	3.13678	6692.76
70	3.21745	6671.46
71	3.29843	6643.68
72	3.33717	6641.32
73	3.37128	6636.32
74	3.41202	6635.92
75	3.45176	6621.41
76	3.48717	6620.8
77	3.52258	6612.59
78	3.58433	6601.88
79	3.63426	6595.2
80	3.68811	6559.36
81	3.72178	6552.56
82	3.75665	6549.99
83	3.79135	6542.49
84	3.8254	6541.98
85	3.85915	6538.33
86	3.88746	6536.77
87	3.92293	6536.76
88	3.95433	6522.91
89	3.99999	6510.84
90	4.05555	6479.32
91	4.09366	6467.78
92	4.12642	6442.61
93	4.15544	6432.53
94	4.18428	6432.28
95	4.21452	6336.85
96	4.2436	6332.83
97	4.27436	6332.72
98	4.31766	6325.37
99	4.34766	6319.33
100	4.3805	6300.51
101	4.41184	6257.85
102	4.44113	6231.74
103	4.47099	6204
104	4.50286	6164.08
105	4.53553	6124.09
106	4.56979	6101.47
107	4.60166	6079.84
108	4.63798	6065.49
109	4.67294	6064.02
110	4.71243	6042.34
111	4.74434	6032.8
112	4.78096	6019.46
113	4.82567	6019.08
114	4.85953	6012.24
115	4.89172	5992.14
116	4.92093	5981.93
117	4.95125	5977.36
118	4.9915	5968.8
119	5.02845	5901.64
120	5.06128	5901.64
121	5.10026	5887.12
122	5.13428	5881.43
123	5.16456	5864.73
124	5.19574	5854.56
125	5.22628	5830.1
126	5.25594	5829.65
127	5.28788	5828.83
128	5.31999	5811.34
129	5.36314	5795.44
130	5.40914	5795.42
131	5.44341	5785.84
132	5.48815	5766.29
133	5.52154	5731.03
134	5.55417	5730.93
135	5.59538	5727.32
136	5.65601	5705.39
137	5.69873	5699.93
138	5.73182	5689.38
139	5.76179	5689.31
140	5.7937	5677.86
141	5.82374	5667.32
142	5.8543	5657.21
143	5.88879	5657.1
144	5.92672	5643.69
145	5.95682	5610.99
146	5.98684	5594.73
147	6.0164	5590.94
148	6.05316	5575.34
149	6.11585	5547.61
150	6.17006	5534.34
151	6.20442	5520.03
152	6.23591	5503.4
153	6.26775	5494.22
154	6.31103	5492.06
155	6.34214	5487.04
156	6.3778	5484.19
157	6.41357	5483.76
158	6.44565	5483.7
159	6.48839	5470.52
160	6.52485	5470.39
161	6.55705	5459.72
162	6.59386	5454.92
163	6.62604	5434.5
164	6.68152	5420.54
165	6.71593	5417.02
166	6.74638	5409.69
167	6.78069	5324.62
168	6.81451	5320.51
169	6.84661	5320.02
170	6.87744	5258.61
171	6.92043	5242.68
172	6.9547	5240.95
173	6.98601	5200.29
174	7.01697	5200.26
175	7.04794	5195.47
176	7.0792	5187.39
177	7.10996	5186.36
178	7.14563	5186.06
179	7.18666	5178.95
180	7.22507	5178.58
181	7.25665	5174.77
182	7.28929	5098.45
183	7.32016	5079.75
184	7.35146	5075.85
185	7.38355	5051.23
186	7.41543	5050.13
187	7.45007	5044.98
188	7.48177	5041.71
189	7.5144	5037.05
190	7.55353	5036.44
191	7.58928	4982.02
192	7.62253	4977.03
193	7.65762	4976.31
194	7.69191	4974.65
195	7.72842	4957.17
196	7.76059	4954.24
197	7.79714	4951.1
198	7.8326	4949.9
199	7.86815	4946.36
200	7.91096	4920.95
201	7.94507	4918.79
202	7.97866	4918.68
203	8.01035	4910.3
204	8.04287	4906.36
205	8.07522	4879.1
206	8.10729	4858.97
207	8.14373	4858.71
208	8.18095	4851.31
209	8.24109	4846.79
210	8.34251	4846.6
211	8.41333	4815.65
212	8.45005	4815.46
213	8.49513	4810.46
214	8.54738	4810.36
215	8.62748	4797.54
216	8.72246	4793.65
217	8.79322	4789.25
218	8.84288	4786.92
219	8.88105	4767.66
220	8.91314	4752.87
221	8.94571	4747.46
222	8.97904	4746.83
223	9.01524	4743.11
224	9.05172	4740.59
225	9.08396	4721.46
226	9.11701	4703.86
227	9.14849	4702.92
228	9.18223	4689.38
229	9.21938	4687.84
230	9.25714	4678
231	9.29094	4663.94
232	9.32392	4643.91
233	9.35978	4643.85
234	9.39257	4565.38
235	9.4259	4565.07
236	9.4579	4537.79
237	9.49799	4485.53
238	9.55585	4481.91
239	9.59375	4480.78
240	9.62969	4478.6
241	9.66206	4468.96
242	9.69456	4417.86
243	9.73176	4387.46
244	9.76768	4383.87
245	9.80331	4382.85
246	9.8362	4372.63
247	9.86826	4371.43
248	9.90043	4356.19
249	9.94795	4354.81
250	9.98046	4347.44
251	10.0144	4342.05
252	10.0492	4341.69
253	10.0824	4332.94
254	10.1153	4328.8
255	10.1478	4328.52
256	10.1798	4321.84
257	10.2123	4318.27
258	10.2443	4307.27
259	10.2777	4306.4
260	10.3096	4302.95
261	10.3431	4302.5
262	10.3768	4302.12
263	10.4098	4295.57
264	10.4424	4292.2
265	10.4744	4282.75
266	10.5062	4282.34
267	10.5384	4280.33
268	10.5716	4279.23
269	10.6175	4262.94
270	10.65	4220.03
271	10.6828	4199.93
272	10.7167	4198.88
273	10.75	4195.81
274	10.7837	4160.85
275	10.8165	4154.21
276	10.8487	4148.03
277	10.8804	4070.95
278	10.9135	4070.94
279	10.9454	4066.94
280	10.9779	4051.25
281	11.0117	4049.8
282	11.0449	4049.74
283	10.3677	4049.38
284	10.407	4032
285	10.4411	4030.61
286	10.4734	4017.14
287	10.5062	4014.51
288	10.539	3966.57
289	10.5723	3965.45
290	10.6052	3961.74
291	10.6399	3959.12
292	10.6736	3956.77
293	10.7065	3953.54
294	10.7418	3953.5
295	10.7747	3943.72
296	10.8084	3942.38
297	10.8431	3942.21
298	10.8761	3894.81
299	10.9096	3864.48
300	10.9449	3856.56
301	10.9789	3775.92
302	11.0138	3742.18
303	11.0489	3741.83
304	11.0845	3721.02
305	11.1173	3716.61
306	11.152	3715.71
307	11.1847	3705.5
308	11.2185	3703.24
309	11.251	3702.12
310	11.2847	3686.11
311	11.3194	3680.13
312	11.354	3676.97
313	11.3879	3673.92
314	11.4247	3673.78
315	11.4577	3668
316	11.4906	3665.08
317	11.5296	3663.76
318	11.5832	3663.71
319	11.6435	3662.65
320	11.6937	3647.11
321	11.7293	3644.52
322	11.7731	3631.08
323	11.8181	3630.54
324	11.8632	3627.33
325	11.9053	3621.9
326	11.952	3618.55
327	12.0002	3611.31
328	12.0495	3609.17
329	12.0952	3607.08
330	12.1428	3607.03
331	12.1882	3603.57
332	12.2306	3591.91
333	12.2661	3565.03
334	12.3013	3561.7
335	12.3358	3561.14
336	12.371	3558.64
337	12.4076	3557.82
338	12.4421	3552.4
339	12.484	3548.95
340	12.5186	3539.72
341	12.5527	3537.46
342	12.5884	3535.79
343	12.6242	3533.28
344	12.6601	3529.11
345	12.6938	3522.17
346	12.73	3521.78
347	12.7648	3520.83
348	12.7995	3516.54
349	12.8336	3516.47
350	12.8682	3486.53
351	12.9011	3482.92
352	12.9352	3463.43
353	12.9701	3457.91
354	13.0071	3417.08
355	13.0408	3414.58
356	13.0759	3413.35
357	13.1115	3322.46
358	13.1471	3322.3
359	13.1815	3288.01
360	13.216	3287.26
361	13.2529	3285.16
362	13.2868	3284.24
363	13.321	3277.47
364	13.3559	3255.66
365	13.3914	3239.12
366	13.4262	3237.56
367	13.4612	3236.54
368	13.4966	3228.36
369	13.5319	3227.65
370	13.5663	3225.93
371	13.6009	3204.32
372	13.6357	3181.67
373	13.6695	3175.47
374	13.7146	3172.23
375	13.7632	3170.34
376	13.8143	3170.3
377	13.8639	3167.64
378	13.9098	3164.53
379	13.9636	3163.93
380	14.0001	3156.8
381	14.0611	3149.11
382	14.1459	3149.1
383	14.1956	3149.09
384	14.233	3140.68
385	14.2704	3139.49
386	14.3057	3138.84
387	14.3427	3138.19
388	14.3802	3138.15
389	14.4174	3134.35
390	14.4592	3128.67
391	14.5494	3126.25
392	14.6617	3126.03
393	14.7792	3125.98
394	14.8917	3122.57
395	14.9895	3122.44
396	15.0669	3120.13
397	15.1291	3119.95
398	15.2153	3119.17
399	15.3057	3108.86
400	15.4042	3101.34
401	15.4923	3084.18
402	15.5899	3083.57
403	15.6764	3083.25
404	15.7291	3081.9
405	15.78	3076.76
406	15.8246	3075.96
407	15.8728	3070.41
408	15.919	3069.3
409	15.9573	3067.72
410	16.0047	3060.99
411	16.0423	3054.43
412	16.0872	3052.32
413	16.135	3050.31
414	16.1867	3049.69
415	16.2227	3049.07
416	16.2819	3048.92
417	16.3491	3044.13
418	16.3911	3034.16
419	16.4309	3034
420	16.4696	3033.65
421	16.5127	3032.39
422	16.554	3032.1
423	16.5901	3031.46
424	16.6267	3031.28
425	16.6643	3022.77
426	16.702	3022.56
427	16.7413	3022.47
428	16.7872	3021.92
429	16.8334	3021.54
430	16.8733	2996.88
431	16.9103	2996.24
432	16.9476	2990.55
433	16.9857	2988.85
434	17.0277	2988.74
435	17.074	2971.38
436	17.1128	2970.96
437	17.1804	2970.74
438	17.2299	2967.7
439	17.2775	2965.45
440	17.3594	2964.13
441	17.4193	2914.29
442	17.4601	2884.32
443	17.5064	2882.28
444	17.5905	2881.38
445	17.6901	2880.02
446	17.7771	2877.5
447	17.8455	2875.7
448	17.9366	2874.65
449	18.0143	2871.08
450	18.0561	2868.07
451	18.0959	2865.31
452	18.1318	2851.79
453	18.1766	2851.52
454	18.2312	2846.58
455	18.2698	2843.8
456	18.3174	2843.48
457	18.396	2842.16
458	18.4397	2842.07
459	18.4765	2831.8
461	18.5497	2831.28
462	18.5881	2830.26
463	18.6585	2828.86
464	18.7451	2822.35
465	18.8391	2790.26
466	18.8823	2787.73
467	18.9224	2787.62
468	18.9583	2776.55
469	18.9967	2771.84
470	19.0328	2771.76
471	19.0701	2765.73
472	19.1078	2761.5
473	19.1455	2750.7
474	19.1814	2749.99
475	19.2184	2749
476	19.2551	2740.73
477	19.2936	2739.19
478	19.3302	2729.38
479	19.3662	2729.37
480	19.4158	2725.41
481	19.4544	2725.02
482	19.4909	2708.6
483	19.5273	2708.6
484	19.5639	2706.27
485	19.6014	2696.93
486	19.6428	2693.43
487	19.6788	2690.82
488	19.715	2689.69
489	19.7515	2687.91
490	19.7885	2684.84
491	19.8283	2683.17
492	19.8759	2682.03
493	19.9282	2681.93
494	19.9723	2679.27
495	20.0091	2678.56
496	20.0477	2678.34
497	20.0858	2678.11
498	20.1238	2677.71
499	20.1639	2655.69
500	20.202	2655.29
501	20.2387	2654.79
502	20.275	2654.14
503	20.3123	2653.94
504	20.35	2651.38
505	20.3858	2651.25
506	20.4257	2642.3
507	20.4637	2578.71
508	20.5013	2577.86
509	20.5387	2577.74
510	20.5757	2547.54
511	20.6142	2508.43
512	20.653	2507.41
513	20.6978	2488.09
514	20.7352	2488.08
515	20.7742	2483.45
516	20.813	2483.38
517	20.8519	2482.81
518	20.8933	2482.73
519	20.9315	2481.16
520	20.968	2481.15
521	21.005	2477.39
522	21.0409	2435.11
523	21.0782	2402.56
524	21.1159	2396
525	21.155	2390.89
526	21.1994	2389.21
527	21.2358	2380.67
528	21.2738	2379.3
529	21.3114	2371.35
530	21.3485	2369.93
531	21.386	2356.03
532	21.4229	2352.26
533	21.4638	2350.73
534	21.5023	2350.17
535	21.5407	2344.12
536	21.5781	2342.51
537	21.6146	2341.58
538	21.6522	2341.46
540	21.7291	2332.17
541	21.7664	2330.68
542	21.8042	2330.67
543	21.8423	2329.99
544	21.883	2329.59
545	21.9215	2328.63
546	21.9584	2326.89
547	21.9977	2326.78
548	22.0356	2326.27
549	22.0734	2324.86
550	22.1129	2322.88
551	22.1526	2322.4
552	22.1907	2322.22
553	22.232	2321.75
554	22.2704	2321.7
555	22.3094	2320.17
556	22.3472	2319.78
557	22.3859	2318.6
558	22.4235	2316.77
559	22.4627	2307.2
560	22.5043	2305.08
561	22.545	2303.6
562	22.5821	2302.4
563	22.6196	2300.95
564	22.6569	2298.07
565	22.6958	2290.53
566	22.7357	2288.34
567	22.773	2287.09
568	22.8127	2285.92
569	22.8529	2285.72
570	22.8906	2279.23
571	22.9291	2278.51
572	22.9662	2272.28
573	23.006	2271.78
574	23.0432	2238.57
575	23.0806	2229.59
576	23.1181	2228.04
577	23.1558	2224
578	23.2344	2223.61
579	23.3245	2223.06
580	23.4042	2222.48
581	23.4465	2220.76
582	23.4859	2139.34
583	23.5272	2132.06
584	23.567	2130.81
585	23.6058	2130.52
586	23.6439	2129.6
587	23.6813	2127.77
588	23.7188	2119.19
589	23.757	2118.6
590	23.7954	2117.93
591	23.8331	2117.67
592	23.8714	2117.41
593	23.9092	2115.62
594	23.9505	2114.09
595	23.9883	2112.76
596	24.0279	2106.99
597	24.066	2105.48
598	24.1038	2102.92
599	24.151	2102.42
600	24.2209	2102.12
601	24.2595	2102.04
602	24.3019	2101.54
603	24.3447	2097.67
604	24.4309	2097.35
605	24.5083	2095.64
606	24.5519	2095.09
607	24.5918	2093.3
608	24.633	2090.3
609	24.6709	2085.08
610	24.7079	2072.66
611	24.7478	2065.74
612	24.7866	2062.41
613	24.8255	2058.61
614	24.865	2058.4
615	24.9024	2058.16
616	24.9412	2053.39
617	24.9795	2052.48
618	25.0187	2052.4
619	25.0563	2049.31
620	25.0961	2043.64
621	25.1341	2043.23
622	25.1725	2043.21
623	25.2108	2042.52
624	25.2498	2042.12
625	25.2886	2041.49
626	25.3301	2040.16
627	25.3716	2039.35
628	25.4098	2018.94
629	25.4497	2018.09
630	25.4942	2015.03
631	25.533	2012.82
632	25.5727	2011.16
633	25.6177	2006.12
634	25.6585	2005.78
635	25.6977	2001.63
636	25.737	2000.74
637	25.7793	1999.89
638	25.8177	1993.6
639	25.8581	1987.79
640	25.8977	1986.25
641	25.9369	1941.85
642	25.9765	1936.22
643	26.0157	1935.91
644	26.0545	1935
645	26.0974	1933.06
646	26.1455	1932.61
647	26.1862	1932.07
648	26.2245	1931.95
649	26.2658	1931.81
650	26.3061	1930.39
651	26.3462	1925.86
652	26.3901	1923.91
653	26.4292	1920.17
654	26.4681	1919.86
655	26.5065	1917.54
656	26.5454	1910.98
657	26.5865	1905.44
658	26.6261	1905.28
659	26.6694	1904.23
660	26.7127	1894.05
661	26.7535	1894.04
662	26.7926	1882.24
663	26.8328	1882.05
664	26.8728	1881.76
665	26.9202	1880.85
666	26.9592	1860.18
667	27.0001	1858.26
668	27.0382	1855.96
669	27.0778	1855.76
670	27.1182	1855.72
671	27.1693	1855.38
672	27.2135	1854.16
673	27.2581	1846.13
674	27.2989	1846.02
675	27.3381	1845.77
676	27.3871	1843.62
677	27.4301	1842.3
678	27.4706	1842
679	27.5141	1840.43
680	27.5551	1839.43
681	27.5935	1838.51
682	27.6557	1835.21
683	27.7074	1834.62
684	27.7497	1834.49
685	27.789	1833.41
686	27.8285	1832.95
687	27.8685	1832.3
688	27.9084	1831.98
689	27.9542	1831.89
690	27.9934	1805.55
691	28.0471	1805.23
692	28.0867	1793.08
693	28.1255	1790.46
694	28.1788	1776.48
695	28.2188	1775.21
696	28.2757	1773.85
697	28.3605	1746.95
698	28.403	1746.79
699	28.4535	1731.77
700	28.4942	1731.32
701	28.5352	1731.26
702	28.5951	1730.99
703	28.6395	1727.25
704	28.6797	1717.11
705	28.7293	1715.61
706	28.7755	1715.34
707	28.8182	1715.17
708	28.8591	1704.96
709	28.9008	1703.33
710	28.9477	1703.1
711	28.9993	1695.93
712	29.0449	1647.09
713	29.0929	1645.59
714	29.1473	1644.83
715	29.2227	1644.73
716	29.2878	1644.63
717	29.3439	1642.3
718	29.4319	1642.03
719	29.5428	1641.84
720	29.6575	1640.89
721	29.7496	1639.37
722	29.8222	1639.32
723	29.9167	1639.31
724	30.0072	1639.11
725	30.1214	1639.04
726	30.1683	1638.06
727	30.2317	1637.82
728	30.2733	1637.76
729	30.3149	1634.68
730	30.3585	1632.95
731	30.4019	1628.98
732	30.4412	1628.27
733	30.481	1628.27
734	30.5207	1625.45
735	30.5608	1625.1
736	30.6023	1624.89
738	30.6826	1624.67
739	30.7242	1623.7
740	30.763	1622.56
741	30.8139	1617.57
742	30.857	1617.2
743	30.8965	1616.8
744	30.937	1616.33
745	30.9774	1616.18
746	31.0204	1616.04
747	31.0886	1615.62
748	31.1314	1615.53
749	31.1719	1615.33
750	31.2174	1612.61
751	31.267	1612.58
752	31.3248	1612.49
753	31.3685	1612.38
754	31.4117	1612.28
755	31.4521	1611.33
756	31.4927	1610.89
757	31.534	1610.58
758	31.5995	1607.34
759	31.7006	1607.25
760	31.7522	1607.19
761	31.7925	1606.68
762	31.8362	1606.57
763	31.8791	1605.6
764	31.921	1605.58
765	31.9668	1605.22
766	32.0076	1605.17
767	32.0522	1605.12
768	32.0932	1604.98
769	32.1368	1603.83
770	32.1805	1587.15
771	32.2238	1587.03
772	32.2641	1586.86
773	32.3089	1586.5
774	32.3568	1586.27
775	32.4036	1580.13
776	32.4453	1579.66
777	32.4853	1579.55
778	32.5269	1579.18
779	32.5671	1578.94
780	32.6081	1578.82
781	32.6598	1561.05
782	32.7012	1541.76
783	32.7433	1541.35
784	32.7851	1541.04
785	32.8256	1538.66
786	32.8655	1538.19
787	32.9152	1537.44
788	32.9585	1536.74
789	33.0061	1534.31
790	33.0478	1534.06
791	33.0886	1533.84
792	33.1334	1533.26
793	33.1742	1533.1
794	33.2159	1532.46
796	33.2977	1532.05
797	33.3393	1531.37
798	33.3919	1530.76
799	33.433	1529.88
800	33.4786	1529.88
801	33.5278	1529.52
802	33.568	1529.08
804	33.6569	1527.43
805	33.7012	1508.73
806	33.7447	1508.52
807	33.7898	1508.49
808	33.8311	1506.13
809	33.8725	1506.11
810	33.9181	1506.08
811	33.9614	1505.84
812	34.004	1505.18
813	34.0445	1501.31
814	34.0901	1501.27
815	34.1313	1500.9
816	34.1747	1499.61
817	34.2188	1499.55
818	34.2593	1498.05
819	34.3038	1498.05
820	34.3458	1497.53
821	34.3862	1496.91
822	34.4294	1482.54
823	34.4741	1482.52
824	34.5192	1482.13
825	34.5611	1480.4
826	34.6042	1479.71
827	34.6448	1478.51
828	34.6856	1478.06
829	34.7298	1477.99
830	34.7721	1477.1
831	34.8608	1475.79
832	34.9514	1475.74
833	34.9958	1475.3
834	35.0371	1475.08
835	35.0814	1474.89
836	35.1256	1474.64
837	35.1666	1474.47
838	35.2093	1474.46
839	35.2512	1453.66
841	35.3337	1453.57
842	35.3748	1453.35
843	35.4157	1452.71
844	35.4573	1450.97
845	35.5016	1450.32
846	35.5502	1448.61
847	35.6114	1409.31
848	35.721	1404.62
849	35.8008	1404.61
850	35.8501	1401.54
851	35.8924	1397.05
852	35.9329	1396.43
853	35.9794	1370.15
854	36.0462	1370.06
855	36.0952	1368.33
856	36.138	1368.03
857	36.1786	1367.7
858	36.2199	1367.67
859	36.2602	1367.32
860	36.3039	1367.32
861	36.3445	1367
862	36.386	1341.7
863	36.4284	1337.08
864	36.4697	1335.19
865	36.5112	1334.84
866	36.5627	1334.72
867	36.6075	1331.87
868	36.6489	1329.36
869	36.7004	1327.42
870	36.7553	1327.37
871	36.8132	1297.8
872	36.8626	1297.53
873	36.905	1294.26
874	36.9459	1293.67
875	36.9893	1292.05
876	37.0311	1291.81
877	37.076	1291.73
878	37.1253	1291.67
879	37.1679	1290.43
880	37.2091	1280.01
881	37.2505	1279.78
882	37.2937	1279.73
883	37.3363	1279.42
884	37.3818	1278.1
885	37.425	1277.63
886	37.4671	1275.08
887	37.5089	1275
888	37.5513	1274.56
889	37.5977	1274.19
890	37.6418	1274.02
891	37.6871	1273.88
892	37.7299	1273.74
893	37.772	1273.65
894	37.8151	1272.51
895	37.8585	1269.15
896	37.9049	1268.28
897	37.9467	1267.32
898	37.9884	1266.92
899	38.0313	1262.4
900	38.0787	1262.1
901	38.1259	1261.76
902	38.1774	1261.71
903	38.2216	1261.56
904	38.2628	1260.58
905	38.3051	1260.33
906	38.3467	1259.97
907	38.439	1259.96
908	38.4956	1259.94
909	38.5505	1259.82
910	38.5933	1258.85
911	38.6343	1258.65
912	38.6777	1253.33
913	38.719	1250.76
914	38.76	1213.15
915	38.8019	1211.94
916	38.8436	1211.05
917	38.8853	1210.53
918	38.9294	1210.04
919	38.9718	1209.59
920	39.0136	1209.41
921	39.0548	1209.04
922	39.1168	1203.63
923	39.1954	1202.6
924	39.2377	1201.79
925	39.2924	1201.78
926	39.3342	1201.23
927	39.3751	1199.34
928	39.4175	1197.56
929	39.4673	1197.49
930	39.5106	1196.63
931	39.554	1196.34
932	39.5965	1196.07
933	39.6382	1194.25
934	39.6807	1193.87
935	39.7303	1192.94
936	39.7745	1191.21
937	39.8156	1190.66
938	39.8575	1190.41
939	39.8987	1190.39
940	39.9418	1190.11
941	39.9857	1189.83
942	40.0271	1189.8
943	40.0701	1187.62
944	40.1122	1187.27
945	40.1534	1186.41
946	40.1956	1186.36
947	40.2441	1186.32
948	40.2931	1184.62
949	40.3379	1184.06
950	40.3785	1181.44
951	40.4212	1180.05
952	40.4649	1178.24
953	40.5173	1177.73
954	40.5622	1177.55
955	40.6049	1177.27
956	40.6466	1175.86
958	40.7305	1175.28
959	40.7719	1174.64
960	40.8142	1173.52
961	40.8555	1173.24
963	40.9389	1169.27
965	41.025	1169.17
966	41.0669	1167.69
967	41.1085	1167.12
968	41.15	1164.98
969	41.1926	1164.6
970	41.2348	1164.25
971	41.2814	1164.01
973	41.3651	1162.85
974	41.4071	1162.84
975	41.4484	1161.53
976	41.492	1160.59
977	41.5346	1160.07
978	41.5805	1157.76
979	41.6241	1156.52
980	41.6651	1154.85
981	41.7069	1102.81
982	41.7482	1101.24
983	41.7923	1101.14
985	41.8781	1099.33
986	41.92	1098.99
987	41.9616	1098.63
988	42.0049	1097.51
989	42.047	1097.4
990	42.0899	1097.31
991	42.1324	1095.65
992	42.1731	1094.45
993	42.2178	1093.67
994	42.2593	1093.39
995	42.3027	1091.51
996	42.3542	1090.74
997	42.396	1090.17
998	42.4374	1090.11
999	42.4788	1089.76
1000	42.5233	1087.64
1002	41.8954	1084.66
1003	41.939	1084.18
1004	41.9805	1084.17
1005	42.0228	1083.43
1006	42.0641	1073.53
1007	42.1062	1073.26
1008	42.1509	1073.19
1009	42.1968	1072.99
1010	42.2399	1072.95
1011	42.2821	1072.65
1012	42.3246	1071.93
1013	42.3671	1071.16
1014	42.4167	1070.42
1015	42.4626	1070.38
1016	42.5082	1070.33
1017	42.5503	1070.14
1018	42.5931	1069.76
1019	42.6432	1069.53
1021	42.7284	1069.32
1022	42.7709	1066.99
1023	42.8129	1066.96
1024	42.8587	1066.86
1025	42.913	1066.57
1026	42.967	1066.34
1027	43.0131	1066.19
1028	43.0547	1066.17
1029	43.0961	1066.17
1030	43.1385	1054.72
1031	43.1823	1054.58
1032	43.227	1054.14
1033	43.2714	1053.97
1034	43.3133	1052.48
1035	43.3556	1052.22
1036	43.3979	1052.07
1037	43.4517	1042.07
1038	43.4927	1041.9
1039	43.5353	1039.82
1040	43.5785	1039.47
1041	43.6239	1039.41
1042	43.6686	1039.28
1043	43.7137	1038.72
1044	43.757	1036.27
1045	43.7987	1035.52
1046	43.841	1035.2
1047	43.8853	1034.8
1048	43.9296	1033.49
1049	43.9853	1033.36
1050	44.0324	1033.23
1051	44.0801	1033.03
1052	44.1239	1029.79
1053	44.1674	1029.33
1054	44.2122	1029.21
1055	44.255	1028.92
1056	44.2976	1028.91
1057	44.341	1027.94
1058	44.3832	1027.92
1059	44.4259	1027.9
1060	44.4715	1027.9
1061	44.5138	1027.58
1062	44.5562	1027.54
1063	44.5982	1027.53
1064	44.6419	1027.4
1065	44.6867	1027.31
1066	44.751	1027.07
1067	44.7979	1026.97
1068	44.8403	1026.88
1069	44.8826	1026.1
1070	44.9305	1025.41
1071	44.9761	1024.13
1072	45.0235	1024.07
1073	45.0646	1024.07
1074	45.1088	1023.69
1075	45.1522	1023.56
1076	45.1969	1022.98
1077	45.242	1022.85
1078	45.2925	1022.71
1079	45.3343	1008.46
1080	45.3771	1007.75
1081	45.4206	1004.25
1082	45.4631	1004.22
1083	45.5092	1003.9
1084	45.5514	1003.56
1085	45.5975	1003.36
1086	45.641	1003.32
1087	45.6831	1002.97
1088	45.7272	1002.77
1089	45.7718	1002.59
1090	45.8148	1002.45
1091	45.8587	1002.31
1092	45.9014	1002.3
1093	45.9434	1002.25
1094	45.9991	1002.18
1095	46.0664	1001.89
1096	46.1126	1001.76
1097	46.156	1001.43
1098	46.198	998.526
1099	46.2415	998.474
1100	46.2911	998.434
1102	46.3801	998.331
1103	46.4251	998.199
1104	46.4678	998.198
1105	46.5124	997.513
1106	46.5554	997.49
1107	46.5994	997.362
1108	46.6432	997.33
1109	46.6861	997.012
1110	46.7288	995.785
1111	46.7756	995.659
1112	46.819	995.534
1113	46.8644	995.34
1114	46.9075	995.333
1115	46.9512	994.477
1116	46.9939	993.89
1117	47.0424	993.733
1118	47.0853	992.557
1119	47.128	992.298
1120	47.1708	992.091
1121	47.2132	976.805
1122	47.2557	975.845
1123	47.2989	975.773
1124	47.3434	975.2
1125	47.3879	974.626
1126	47.4312	974.409
1127	47.4747	973.843
1128	47.5169	973.659
1129	47.5632	973.496
1130	47.6062	973.388
1131	47.6492	973.175
1132	47.6931	970.575
1134	47.7819	970.288
1135	47.8354	970.162
1136	47.8797	969.99
1137	47.9254	969.426
1138	47.9675	969.295
1139	48.0115	968.322
1140	48.0549	968.316
1141	48.1027	967.969
1142	48.1462	967.861
1143	48.1901	967.727
1144	48.2326	967.182
1145	48.2777	965.823
1146	48.3216	965.778
1147	48.3676	965.399
1148	48.4124	964.694
1149	48.4634	964.157
1150	48.5085	964.136
1151	48.5607	963.833
1152	48.6068	963.412
1153	48.6552	963.265
1154	48.7014	963.26
1155	48.7523	962.723
1156	48.7976	961.226
1157	48.874	961.111
1158	48.9368	959.97
1159	48.9846	959.966
1161	49.0714	959.708
1162	49.1147	956.316
1163	49.159	956.174
1164	49.2048	956.144
1165	49.254	955.579
1166	49.2984	955.562
1168	49.3882	955.412
1169	49.4312	955.376
1170	49.4786	955.037
1171	49.5306	954.443
1172	49.5734	953.542
1173	49.6183	953.42
1174	49.6628	953.404
1175	49.7056	952.808
1176	49.7497	952.737
1177	49.7938	952.691
1178	49.8378	952.686
1179	49.8854	931.027
1180	49.9293	930.995
1181	49.9721	930.31
1182	50.0172	930.266
1183	50.0602	930.266
1184	50.1034	929.652
1185	50.1478	929.618
1186	50.1994	929.105
1187	50.2427	907.948
1188	50.2944	907.76
1189	50.3522	907.748
1190	50.412	905.694
1191	50.4722	866.63
1192	50.5374	866.427
1193	50.5965	859.112
1194	50.6762	859.094
1195	50.7396	859.067
1196	50.7945	858.971
1197	50.8478	858.802
1198	50.9064	858.79
1199	50.9928	858.549
1200	51.0371	858.446
1201	51.0875	858.143
1202	51.1317	857.452
1203	51.1817	855.97
1204	51.2274	855.486
1205	51.2933	855.043
1206	51.3445	854.976
1207	51.3917	853.285
1208	51.4384	852.949
1209	51.4849	852.833
1211	51.5787	851.152
1212	51.6263	850.184
1213	51.672	849.835
1214	51.719	849.67
1215	51.7681	849.091
1216	51.8139	848.455
1217	51.8647	848.413
1218	51.9178	848.363
1219	51.9612	848.235
1220	52.01	844.119
1222	52.1036	843.92
1223	52.1508	843.712
1224	52.1961	843.494
1225	52.2406	842.957
1226	52.2859	842.804
1227	52.3308	842.728
1228	52.3747	842.654
1229	52.4195	842.463
1230	52.4637	842.416
1232	52.5525	840.919
1233	52.5964	840.864
1234	52.6413	840.646
1235	52.6875	838.347
1236	52.7318	837.889
1237	52.7809	836.991
1238	52.8289	836.791
1239	52.8726	835.227
1240	52.9168	834.978
1241	52.9713	834.658
1242	53.0571	834.57
1243	53.1161	834.56
1244	53.1735	833.708
1245	53.2194	829.823
1246	53.2637	829.631
1248	53.3732	829.452
1249	53.4398	829.135
1250	53.4834	828.968
1251	53.5289	828.958
1252	53.5755	826.413
1253	53.6205	826.223
1254	53.6665	795.372
1255	53.7123	794.801
1256	53.757	794.081
1257	53.811	785.466
1258	53.8623	785.141
1259	53.9069	784.197
1260	53.9517	784.077
1261	53.9961	783.716
1262	54.0398	783.286
1263	54.0913	782.545
1264	54.1446	782.099
1265	54.1949	782.057
1266	54.2407	781.573
1267	54.284	780.304
1268	54.3278	779.941
1269	54.3861	779.508
1270	54.4301	779.194
1271	54.478	778.71
1272	54.5221	778.702
1273	54.5671	778.548
1275	54.6597	778.28
1276	54.7031	775.711
1277	54.7529	775.019
1278	54.7965	774.945
1279	54.8431	774.901
1280	54.8964	774.659
1282	54.991	774.613
1283	55.037	774.228
1284	55.0812	774.146
1285	55.1287	773.541
1286	55.1725	773.421
1287	55.2176	773.162
1288	55.264	772.382
1289	55.3085	772.093
1290	55.3547	772.02
1291	55.4185	771.497
1292	55.4617	771.044
1293	55.5061	770.552
1296	55.6411	769.019
1298	55.7306	768.93
1299	55.7751	768.558
1300	55.8195	768.355
1301	55.8643	768.299
1302	55.9115	768.288
1303	55.9625	768.07
1305	56.05	768.032
1306	56.0934	767.493
1308	56.1849	766.309
1309	56.2306	766.161
1310	56.2754	765.832
1311	56.3191	765.233
1312	56.3636	765.172
1315	56.4985	763.253
1316	56.5438	762.763
1317	56.5906	762.15
1318	56.6348	758.797
1319	56.6803	758.385
1320	56.7247	757.544
1321	56.7691	755.4
1322	56.8125	754.265
1323	56.8571	753.998
1324	56.9003	753.663
1325	56.9509	753.019
1326	57.0007	752.454
1327	57.0448	752.198
1328	57.0874	751.383
1329	57.133	750.978
1330	57.1772	750.784
1331	57.23	750.402
1332	57.279	749.688
1333	57.323	749.552
1334	57.3685	749.456
1335	57.4112	747.643
1336	57.4543	747.147
1337	57.4997	746.512
1338	57.543	746.489
1339	57.5885	746.418
1340	57.6401	745.421
1341	57.6839	745.207
1342	57.7285	743.569
1343	57.7732	743.516
1344	57.816	743.514
1345	57.8598	742.874
1346	57.9063	742.219
1347	57.9529	742.065
1348	58.0005	741.846
1349	58.0477	741.555
1350	58.0905	741.534
1351	58.1344	740.271
1352	58.1785	739.907
1353	58.2243	739.323
1354	58.2736	738.21
1355	58.3199	738.073
1356	58.3646	737.998
1357	58.4074	737.853
1358	58.4534	737.558
1361	58.5893	737.454
1362	58.6329	737.396
1363	58.6792	737.367
1364	58.7241	737.307
1365	58.7686	737.176
1366	58.8136	737.167
1367	58.8573	737.128
1368	58.9004	736.924
1369	58.9448	736.902
1370	58.9894	735.96
1371	59.0334	735.859
1372	59.0799	735.771
1373	59.1252	735.659
1374	59.1696	730.817
1375	59.2154	730.37
1376	59.2592	730.34
1377	59.3073	709.599
1378	59.3536	709.521
1379	59.4014	708.604
1380	59.4445	708.356
1381	59.4899	708.172
1382	59.5333	708.109
1383	59.5807	707.122
1384	59.6262	704.74
1385	59.6738	704.51
1386	59.7182	704.305
1387	59.7628	704.26
1388	59.8087	703.526
1389	59.8648	703.213
1390	59.9108	703.163
1391	59.9543	703.009
1392	60.0104	690.902
1393	60.1136	690.393
1394	60.2289	690.124
1395	60.3559	690.028
1396	60.4316	690.019
1397	60.4869	689.537
1398	60.5334	689.334
1399	60.5809	689.325
1401	60.6701	689.187
1402	60.7148	689.181
1403	60.7599	689.126
1404	60.8032	688.82
1405	60.848	688.812
1406	60.8997	688.616
1408	60.9871	688.505
1409	61.0302	688.283
1410	61.0815	688.137
1411	61.1955	687.679
1412	61.2711	687.567
1413	61.3429	687.56
1414	61.3874	687.556
1415	61.433	687.486
1416	61.4781	687.134
1417	61.5216	687.113
1418	61.5653	686.99
1419	61.6102	686.95
1420	61.6534	686.793
1421	61.7003	686.067
1422	61.752	686.036
1423	61.8099	686.013
1424	61.854	685.979
1425	61.9003	685.815
1426	61.9495	685.78
1427	61.9957	685.643
1430	62.132	684.845
1431	62.1749	684.796
1432	62.2219	684.793
1433	62.2668	684.771
1434	62.3137	684.729
1435	62.3576	684.578
1436	62.406	684.44
1437	62.4797	684.274
1438	62.533	683.854
1439	62.577	683.712
1440	62.6236	683.678
1441	62.6674	681.943
1442	62.7124	681.907
1443	62.7576	681.832
1444	62.8012	681.829
1445	62.8463	681.656
1446	62.8916	681.566
1447	62.9378	681.542
1448	62.9837	681.499
1449	63.0309	681.359
1450	63.0748	679.286
1451	63.12	679.26
1452	63.1639	679.159
1453	63.2085	679.115
1454	63.2594	679.097
1455	63.3069	678.801
1456	63.3522	678.624
1457	63.3962	678.595
1458	63.4404	678.461
1459	63.4842	678.062
1460	63.5378	677.437
1461	63.5824	674.768
1462	63.6285	674.447
1463	63.6719	674.325
1464	63.7165	674.137
1465	63.7611	673.482
1466	63.8065	673.161
1467	63.8516	672.895
1468	63.8988	672.796
1469	63.9439	672.568
1470	63.9897	672.546
1471	64.0408	672.238
1472	64.0859	672.102
1473	64.1303	672.028
1474	64.1759	671.993
1476	64.265	671.856
1477	64.3248	671.659
1478	64.3742	671.581
1479	64.419	670.836
1480	64.4644	670.827
1481	64.5076	670.652
1482	64.5577	670.062
1483	64.6028	669.948
1484	64.6535	669.325
1485	64.7095	669.302
1487	64.8019	669.252
1490	64.9396	669.235
1491	64.9861	669.214
1492	65.0325	669.04
1493	65.0928	668.503
1495	65.1822	668.267
1496	65.2263	667.562
1497	65.2698	667.063
1498	65.3181	665.728
1499	65.3635	665.71
1500	65.4108	665.663
1501	65.4623	665.614
1502	65.5085	658.647
1503	65.5532	658.636
1504	65.6051	658.3
1505	65.653	658.058
1507	65.7548	657.861
1508	65.8039	657.769
1509	65.8577	657.737
1510	65.905	657.527
1511	65.9517	657.191
1513	66.0427	657.031
1514	66.0932	657.028
1515	66.1419	656.92
1516	66.1884	656.854
1517	66.2365	656.619
1518	66.2827	656.616
1519	66.3274	642.702
1520	66.3766	642.671
1521	66.4243	642.596
1522	66.4716	642.512
1523	66.5194	642.479
1524	66.5637	641.971
1525	66.6107	641.838
1526	66.655	641.605
1527	66.7001	629.65
1529	66.7899	629.606
1530	66.8334	628.855
1531	66.8802	593.006
1532	66.9283	592.752
1533	66.978	586.834
1534	67.0257	586.828
1535	67.0754	586.792
1536	67.1227	586.683
1537	67.1802	586.423
1538	67.2265	586.386
1539	67.2714	586.146
1540	67.3166	586.094
1541	67.3614	586.075
1542	67.4121	585.719
1543	67.4585	585.242
1544	67.5103	585.214
1545	67.5573	585.199
1546	67.6021	585.164
1548	67.697	584.714
1549	67.7421	584.558
1550	67.788	584.323
1551	67.8345	580.824
1552	67.8799	580.746
1553	67.9299	580.201
1554	67.9745	579.968
1555	68.0187	579.368
1556	68.0646	578.816
1557	68.1102	578.644
1558	68.1545	578.636
1559	68.2071	578.54
1560	68.2526	578.277
1561	68.2967	578.267
1562	68.3405	578.097
1564	68.4347	577.869
1565	68.4895	577.502
1566	68.5802	577.274
1567	68.6705	577.21
1569	68.77	577.081
1570	68.8147	577.002
1572	68.9215	576.961
1573	68.9929	576.877
1574	69.0435	576.63
1575	69.1077	574.864
1576	69.2124	574.533
1577	69.3193	574.072
1578	69.4366	573.935
1579	69.5675	573.781
1580	69.6879	573.436
1581	69.8326	573.184
1582	69.9312	573.173
1583	70.0437	573.169
1584	70.1617	572.808
1585	70.257	571.429
1586	70.3487	571.268
1588	70.5859	571.248
1589	70.7177	571.162
1590	70.8478	570.958
1591	70.9767	570.658
1592	71.0428	570.548
1593	71.0996	570.497
1594	71.1482	553.682
1595	71.1974	553.478
1596	71.2446	552.953
1597	71.2908	552.644
1598	71.3491	552.543
1599	71.4038	551.876
1600	71.4526	551.376
1601	71.4986	551.032
1602	71.5468	550.992
1603	71.6013	550.743
1604	71.6495	550.213
1605	71.7053	550.162
1606	71.75	549.965
1607	71.7958	549.525
1608	71.8416	549.217
1609	71.8865	549.068
1612	72.0225	549.063
1613	72.0725	549.033
1614	72.1178	548.973
1615	72.1694	548.894
1616	72.2168	546.935
1617	72.2613	546.326
1618	72.3072	546.269
1619	72.356	546.238
1620	72.4049	546.183
1621	72.4497	546.174
1622	72.4951	546.152
1623	72.5394	546.062
1624	72.5891	546.001
1625	72.6342	545.939
1626	72.6792	545.879
1627	72.7247	545.018
1628	72.7691	544.562
1629	72.8134	544.424
1630	72.8629	544.211
1631	72.9094	543.748
1632	72.9553	543.644
1634	73.0482	543.622
1635	73.0937	543.443
1636	73.1431	542.525
1638	73.2338	542.501
1639	73.2775	542.307
1640	73.3225	542.228
1641	73.3727	542.22
1642	73.4229	541.707
1643	73.4665	541.704
1644	73.5109	541.605
1645	73.5553	541.343
1646	73.6003	541.131
1647	73.646	541.089
1648	73.6994	540.026
1649	73.7459	539.609
1650	73.7916	539.191
1651	73.8364	538.869
1652	73.883	538.805
1654	73.9754	538.698
1655	74.0223	538.417
1656	74.0675	537.875
1658	73.4322	536.932
1659	73.4791	536.812
1660	73.525	536.094
1661	73.5719	535.424
1662	73.6175	534.607
1663	73.6794	534.336
1665	73.7816	534.22
1666	73.8276	534.034
1667	73.8761	533.857
1668	73.9452	533.341
1669	74.0376	533.271
1671	74.1399	533.02
1672	74.2112	532.828
1673	74.2615	532.687
1674	74.3096	532.362
1675	74.355	530.313
1676	74.3997	530.085
1677	74.4456	529.953
1678	74.4935	529.929
1679	74.5403	529.816
1680	74.586	528.622
1681	74.6303	528.511
1682	74.6758	527.939
1683	74.7241	527.746
1684	74.7738	527.74
1685	74.8265	527.251
1686	74.8794	526.435
1689	75.0368	526.24
1690	75.086	526.235
1692	75.1876	525.824
1693	75.2411	525.396
1694	75.2945	524.806
1695	75.345	524.613
1696	75.3899	524.519
1697	75.4352	524.288
1698	75.4811	524.212
1699	75.5323	524.144
1700	75.5777	524.085
1702	75.6678	524.029
1703	75.7137	523.973
1704	75.7583	523.864
1705	75.8075	523.764
1706	75.8521	523.755
1707	75.9022	523.737
1708	75.9677	523.734
1709	76.0212	523.717
1710	76.0733	522.393
1711	76.125	522.098
1712	76.1697	522.064
1713	76.2157	521.967
1714	76.2615	513.873
1715	76.3228	513.725
1716	76.3697	513.648
1717	76.4226	510.012
1718	76.468	509.982
1719	76.515	509.737
1720	76.5668	509.677
1721	76.6154	509.416
1722	76.666	509.37
1723	76.7107	509.149
1724	76.7605	507.1
1725	76.8055	507.066
1726	76.8654	507.064
1727	76.9103	506.893
1728	76.9553	506.355
1729	77.001	506.296
1731	77.1033	505.824
1732	77.1484	497.606
1733	77.194	497.415
1734	77.2383	497.299
1735	77.2841	497.19
1736	77.3322	497.174
1737	77.3787	496.872
1738	77.4253	496.466
1739	77.4698	496.435
1740	77.5138	496.414
1742	77.6123	496.408
1743	77.6605	496.37
1744	77.7093	496.32
1745	77.7534	496.311
1746	77.7978	496.248
1747	77.8474	496.234
1748	77.8931	496.15
1749	77.9379	495.894
1750	77.9855	495.731
1751	78.0332	495.284
1753	78.1325	495.267
1754	78.1791	495.241
1755	78.2292	495.233
1756	78.2761	495.173
1757	78.3226	495.103
1758	78.3808	494.976
1759	78.4341	494.842
1760	78.4818	494.706
1761	78.5322	494.517
1762	78.5783	494.487
1763	78.6266	494.478
1764	78.6742	494.427
1765	78.7197	494.253
1766	78.7719	494.224
1767	78.8193	494.066
1769	78.9144	493.924
1770	78.9588	493.914
1771	79.0083	493.769
1772	79.0539	493.694
1773	79.1003	493.673
1774	79.1609	493.617
1775	79.2089	493.494
1776	79.2546	493.443
1777	79.3015	493.325
1778	79.3473	493.113
1779	79.3943	493.04
1780	79.4418	493.035
1781	79.488	492.902
1782	79.5368	492.818
1783	79.5853	492.656
1784	79.6315	492.655
1785	79.678	492.539
1786	79.7244	492.433
1787	79.7707	492.345
1790	79.9073	492.254
1791	79.9564	492.229
1792	80.0061	492.158
1793	80.0555	491.961
1794	80.1066	491.952
1795	80.1532	491.174
1796	80.2009	491.047
1797	80.2473	491.021
1798	80.2947	490.958
1799	80.3406	490.775
1800	80.3852	490.655
1801	80.4317	489.438
1802	80.4904	488.8
1803	80.5405	488.751
1805	80.6343	487.569
1806	80.6796	487.481
1807	80.7277	487.399
1808	80.7761	487.35
1809	80.8352	486.647
1810	80.8864	486.62
1811	80.9439	486.542
1812	81.001	486.425
1814	81.0921	486.394
1816	81.1836	486.234
1817	81.2339	485.999
1818	81.2822	485.962
1819	81.3273	485.387
1820	81.3779	485.379
1821	81.4232	485.005
1822	81.4693	484.721
1823	81.5187	484.513
1824	81.5661	484.279
1825	81.6136	484.236
1826	81.6594	484.223
1827	81.705	484.142
1828	81.7543	484.114
1829	81.8014	483.91
1830	81.8517	483.897
1832	81.9454	483.794
1833	81.9964	483.074
1835	82.1034	482.892
1836	82.15	482.54
1837	82.1981	482.5
1838	82.2464	480.425
1839	82.2921	480.408
1840	82.3394	480.302
1841	82.3861	480.292
1842	82.4323	475.928
1843	82.4767	475.91
1844	82.5221	475.903
1845	82.5803	475.828
1846	82.629	475.575
1847	82.6757	475.402
1849	82.7754	475.331
1850	82.8237	475.043
1851	82.8697	474.661
1852	82.9153	474.57
1853	82.9621	474.422
1854	83.0065	474.267
1855	83.0591	474.094
1856	83.1181	474.067
1857	83.1747	473.928
1858	83.2214	473.919
1859	83.2676	470.653
1860	83.3161	470.55
1861	83.3719	470.468
1862	83.4206	470.443
1863	83.467	470.384
1864	83.5165	470.09
1866	83.6258	469.93
1867	83.6752	467.334
1868	83.7282	466.97
1869	83.7779	466.867
1870	83.8324	466.34
1871	83.8831	462.878
1872	83.9323	462.788
1873	83.9789	462.162
1874	84.0267	462.135
1875	84.0743	462.062
1876	84.1241	462.038
1877	84.1691	461.888
1878	84.2141	461.887
1879	84.261	461.61
1880	84.3074	461.583
1881	84.3558	461.548
1882	84.4048	461.078
1883	84.497	460.758
1884	84.5525	460.686
1885	84.6012	460.471
1886	84.6502	460.443
1888	84.7404	460.213
1889	84.7882	460.107
1890	84.8386	459.994
1891	84.8914	459.887
1892	84.9442	459.812
1893	84.9916	459.755
1894	85.0359	459.602
1895	85.0814	459.286
1896	85.1286	458.986
1897	85.1802	458.881
1898	85.2281	458.878
1899	85.2768	458.83
1900	85.3225	458.64
1902	85.4185	458.596
1903	85.4632	458.461
1905	85.5591	458.024
1906	85.606	457.955
1907	85.6516	457.876
1909	85.747	457.738
1910	85.7937	457.719
1911	85.8399	457.709
1912	85.887	457.396
1913	85.9348	457.366
1914	85.9865	455.858
1915	86.0312	455.708
1916	86.0767	455.444
1917	86.1223	454.951
1918	86.1691	454.921
1919	86.2181	454.47
1920	86.2656	454.447
1921	86.3135	454.344
1922	86.3619	454.343
1923	86.4068	454.328
1925	86.506	454.235
1927	86.5984	454.212
1928	86.6466	454.167
1929	86.6945	454.095
1930	86.7408	453.913
1931	86.7856	453.905
1932	86.8325	453.702
1934	86.9257	453.411
1935	86.9816	453.389
1936	87.0269	453.313
1937	87.073	453.148
1938	87.1192	453.095
1939	87.1699	453.079
1940	87.2211	452.99
1941	87.269	452.899
1942	87.3137	452.852
1943	87.364	452.583
1944	87.4117	452.45
1945	87.4577	452.404
1946	87.5141	452.326
1947	87.56	452.097
1948	87.6122	451.388
1949	87.6609	451.157
1950	87.7082	451.069
1953	87.8497	451.049
1954	87.8978	450.809
1955	87.9438	450.788
1956	87.9935	449.32
1957	88.0398	449.275
1959	88.1365	449.25
1960	88.1853	449.174
1961	88.2323	449.067
1962	88.2828	449.046
1963	88.3323	448.929
1964	88.3792	448.906
1966	88.4719	448.477
1967	88.5166	448.31
1968	88.564	448.196
1969	88.6097	448.081
1971	88.7207	447.916
1972	88.7722	447.668
1974	88.8644	447.622
1976	88.9611	447.491
1977	89.0079	447.355
1978	89.056	447.346
1979	89.1079	447.225
1982	89.2596	447.102
1985	89.4237	446.962
1986	89.4784	446.84
1988	89.6013	445.934
1989	89.6498	445.79
1990	89.6976	445.765
1991	89.7472	445.532
1992	89.7943	445.517
1993	89.8471	445.493
1994	89.892	445.488
1996	89.9832	445.243
1997	90.029	445.225
1998	90.0773	444.933
1999	90.1344	444.874
2000	90.181	444.246
2001	90.229	443.744
2003	90.3197	443.68
2006	90.4615	443.614
2007	90.5073	443.496
2008	90.5536	443.388
2009	90.6009	443.353
2011	90.6939	443.321
2012	90.7393	443.313
2013	90.7854	443.31
2014	90.8336	443.258
2015	90.8815	441.529
2016	90.9268	441.457
2018	91.0182	441.232
2019	91.0637	441.012
2020	91.1115	440.851
2021	91.1595	440.799
2022	91.2074	440.519
2023	91.2535	440.493
2024	91.2984	440.49
2025	91.3463	440.443
2026	91.3917	439.806
2028	91.4862	439.773
2029	91.5314	439.668
2030	91.5792	439.66
2032	91.6793	439.566
2033	91.7256	439.308
2035	91.8191	439.289
2036	91.8659	439.279
2037	91.9139	439.208
2038	91.9611	439.196
2039	92.0067	439.09
2040	92.0518	438.984
2041	92.097	438.894
2043	92.1941	438.872
2044	92.2408	438.803
2045	92.2888	438.693
2046	92.3369	438.674
2047	92.3824	438.653
2048	92.4304	438.646
2049	92.4769	438.616
2050	92.5224	438.158
2051	92.568	438.138
2052	92.6146	438.127
2053	92.6664	437.951
2054	92.7138	437.073
2055	92.7582	436.735
2056	92.804	436.656
2057	92.8515	435.363
2058	92.903	435.314
2059	92.9504	434.96
2060	93.001	434.882
2061	93.046	434.869
2062	93.0926	434.797
2063	93.1384	434.761
2064	93.1878	434.166
2065	93.2405	434.129
2067	93.3398	434.125
2068	93.386	433.838
2069	93.4309	433.627
2070	93.4792	433.597
2071	93.5312	433.577
2072	93.5767	432.561
2073	93.6228	432.342
2074	93.6682	432.244
2075	93.7195	432.173
2076	93.7676	432.151
2078	93.8586	432.134
2079	93.9124	432.122
2080	93.9616	431.935
2081	94.0132	431.904
2082	94.0633	431.902
2083	94.1087	431.831
2084	94.156	431.79
2085	94.2007	431.786
2086	94.249	431.736
2087	94.2999	431.733
2088	94.3484	431.708
2089	94.3941	431.582
2090	94.4385	431.521
2091	94.4837	431.158
2093	94.5833	431.081
2095	94.6744	431.076
2096	94.7204	431.035
2097	94.7652	430.981
2098	94.8107	430.963
2099	94.8562	430.581
2100	94.903	430.575
2101	94.9477	430.379
2102	95.0351	430.348
2103	95.1433	430.323
2104	95.2094	430.277
2105	95.2669	430.233
2106	95.3135	430.185
2108	95.4135	430.167
2109	95.4603	430.151
2110	95.5049	430.097
2111	95.5494	429.428
2112	95.5976	429.398
2113	95.6428	429.375
2114	95.6899	429.346
2115	95.7572	429.139
2116	95.8146	429.07
2117	95.8772	428.298
2118	95.9933	427.995
2119	96.1218	427.898
2120	96.2506	427.89
2121	96.3554	427.636
2122	96.4179	427.597
2123	96.4874	427.571
2124	96.5457	427.563
2126	96.6691	427.472
2127	96.7223	427.323
2128	96.7767	427.317
2130	96.8685	427.284
2131	96.9222	427.272
2132	96.9679	427.261
2133	97.0149	427.212
2134	97.0607	427.201
2135	97.1086	426.997
2136	97.157	426.903
2137	97.2074	426.895
2138	97.2531	426.87
2139	97.2991	426.802
2140	97.3454	426.625
2141	97.393	425.75
2142	97.4415	423.987
2143	97.4859	423.949
2144	97.5331	423.825
2145	97.5792	423.441
2146	97.6252	423.409
2147	97.6779	423.267
2148	97.7235	423.249
2149	97.7691	423.026
2150	97.8147	423
2151	97.8601	422.963
2152	97.9053	422.945
2154	98.0049	422.929
2155	98.0516	422.875
2157	98.1451	422.25
2158	98.1947	422.147
2159	98.2409	421.32
2160	98.2854	421.312
2161	98.3326	421.088
2162	98.3779	420.871
2163	98.4277	420.772
2164	98.4774	420.688
2165	98.5236	420.637
2166	98.5722	420.624
2167	98.618	420.573
2168	98.6632	420.569
2169	98.7177	420.225
2170	98.7647	420.211
2171	98.8097	420.2
2174	98.9618	420.179
2177	99.1047	420.171
2178	99.1511	419.751
2179	99.197	419.726
2180	99.2437	419.684
2182	99.3358	419.433
2183	99.381	419.425
2184	99.428	419.389
2185	99.4731	419.368
2187	99.5664	419.244
2189	99.6573	419.24
2190	99.7051	419.167
2191	99.7514	418.991
2192	99.7977	418.83
2193	99.8424	418.784
2195	99.9329	418.737
2196	99.9783	418.672
2197	100.025	418.667
2198	100.076	418.649
2199	100.121	417.86
2200	100.167	417.801
2201	100.213	417.775
2203	100.305	417.607
2204	100.352	417.051
2206	100.446	416.941
2207	100.492	415.363
2208	100.538	415.184
2210	100.632	414.888
2211	100.681	413.947
2212	100.726	413.897
2213	100.779	413.748
2214	100.831	413.742
2215	100.878	413.529
2216	100.926	413.52
2217	100.972	413.502
2218	101.018	413.502
2219	101.067	413.396
2220	101.119	413.369
2221	101.168	413.348
2222	101.212	413.303
2223	101.267	412.98
2224	101.314	412.951
2226	101.426	412.932
2227	101.522	412.931
2228	101.65	412.844
2229	101.71	412.69
2230	101.758	412.574
2232	101.857	412.544
2233	101.905	412.474
2234	101.953	412.307
2235	102.002	412.257
2236	102.049	412.199
2237	102.094	412.134
2239	102.191	412.13
2240	102.242	412.109
2242	102.334	412.068
2243	102.379	411.559
2245	102.473	410.872
2246	102.52	410.819
2247	102.568	410.773
2248	102.615	410.061
2249	102.664	409.951
2250	102.718	409.923
2251	102.767	409.744
2252	102.813	409.522
2253	102.859	409.517
2254	102.906	408.938
2255	102.959	408.835
2256	103.01	408.651
2257	103.068	408.242
2258	103.113	408.052
2259	103.159	407.863
2260	103.21	407.8
2261	103.259	407.708
2265	103.444	407.651
2268	103.583	407.579
2269	103.63	407.419
2270	103.675	407.373
2271	103.725	407.373
2272	103.771	407.162
2273	103.818	407.137
2274	103.863	406.482
2275	103.909	406.463
2276	103.955	406.434
2277	104.003	406.418
2278	104.051	406.386
2279	104.099	406.233
2280	104.146	406.188
2281	104.192	406.162
2282	104.239	406.147
2283	104.284	405.953
2284	104.334	405.867
2285	104.382	405.86
2287	104.474	405.695
2288	104.525	404.946
2289	104.572	404.79
2293	104.778	404.676
2294	104.827	404.664
2296	104.938	403.802
2297	104.984	403.726
2298	105.034	402.924
2299	105.082	402.894
2300	105.131	402.785
2301	105.177	402.753
2302	105.223	402.741
2303	105.286	402.686
2304	105.347	402.675
2306	105.502	402.656
2307	105.554	402.617
2308	104.896	402.551
2309	104.941	402.459
2311	105.031	402.239
2312	105.077	402.035
2315	105.288	401.728
2316	105.384	400.919
2318	105.551	400.905
2319	105.618	400.684
2322	105.77	400.681
2323	105.821	400.163
2325	105.927	400.011
2328	106.064	399.224
2329	106.109	399.213
2331	106.201	398.36
2332	106.249	398.234
2333	106.294	398.228
2334	106.339	398.211
2336	106.434	398.085
2337	106.479	398.061
2338	106.526	397.844
2340	106.618	397.708
2341	106.665	397.702
2342	106.711	397.64
2345	106.848	397.631
2346	106.906	397.517
2347	106.963	397.378
2348	107.008	397.302
2349	107.055	397.293
2353	107.24	397.151
2354	107.287	397.081
2355	107.333	395.871
2356	107.378	395.692
2358	107.472	395.664
2359	107.517	395.505
2361	107.609	395.456
2362	107.656	395.263
2363	107.708	395.227
2364	107.757	395.226
2365	107.804	394.925
2366	107.849	394.573
2369	107.997	394.511
2370	108.041	394.503
2372	108.145	394.201
2373	108.191	394.034
2374	108.24	393.794
2375	108.289	393.747
2377	108.409	393.6
2378	108.455	393.237
2379	108.501	392.805
2381	108.599	392.782
2382	108.645	392.737
2383	108.69	392.725
2384	108.748	392.702
2385	108.792	392.652
2386	108.844	392.6
2387	108.89	392.598
2388	108.935	392.593
2389	108.986	392.451
2390	109.031	392.193
2391	109.087	392.191
2392	109.141	392.167
2393	109.187	392.104
2394	109.233	390.186
2395	109.284	390.016
2396	109.331	390
2397	109.376	389.79
2398	109.423	389.759
2399	109.468	389.552
2400	109.517	389.529
2401	109.568	389.513
2402	109.617	389.456
2404	109.714	388.674
2405	109.765	388.553
2407	109.857	388.542
2408	109.906	388.338
2409	109.952	388.308
2411	110.058	388.207
2412	110.105	385.68
2413	110.151	385.573
2414	110.197	385.511
2415	110.243	385.485
2416	110.29	385.481
2417	110.336	385.471
2418	110.382	385.444
2419	110.428	385.428
2420	110.476	385.35
2421	110.524	385.343
2422	110.571	385.342
2423	110.617	385.2
2424	110.667	385.159
2425	110.718	385.15
2426	110.766	385.073
2427	110.817	385.045
2428	110.862	384.904
2429	110.91	384.832
2430	110.957	384.816
2431	111.004	384.549
2432	111.051	384.545
2433	111.098	384.525
2434	111.143	384.47
2435	111.191	384.464
2436	111.243	384.416
2437	111.289	384.337
2438	111.344	384.304
2439	111.405	384.268
2440	111.451	384.262
2441	111.497	384.097
2442	111.541	384.091
2443	111.588	384.081
2444	111.633	384.025
2445	111.68	384.009
2446	111.729	384
2447	111.794	383.268
2450	111.933	383.267
2452	112.025	383.237
2453	112.07	383.225
2454	112.12	383.214
2455	112.167	383.038
2456	112.212	382.995
2457	112.259	382.935
2458	112.303	382.627
2459	112.349	382.601
2460	112.395	382.586
2462	112.491	382.559
2463	112.539	382.452
2464	112.584	382.433
2465	112.631	382.251
2466	112.68	382.248
2467	112.727	382.229
2468	112.773	382.182
2469	112.82	382.038
2470	112.867	382.002
2471	112.914	381.929
2472	112.959	381.908
2473	113.004	381.781
2474	113.049	381.731
2475	113.101	381.505
2476	113.146	381.383
2477	113.197	381.363
2478	113.242	381.328
2479	113.289	381.262
2480	113.334	381.188
2481	113.382	380.784
2482	113.43	380.686
2483	113.477	380.659
2484	113.522	380.632
2485	113.569	380.294
2486	113.622	380.257
2488	113.715	380.245
2489	113.762	380.036
2490	113.81	380.025
2491	113.856	380.01
2492	113.902	379.917
2494	113.999	379.884
2495	114.051	379.821
2497	114.146	379.718
2499	114.245	379.184
2500	114.293	379.179
2501	114.339	378.996
2502	114.388	378.86
2503	114.434	378.756
2504	114.484	378.661
2505	114.53	378.643
2507	114.627	378.617
2508	114.673	378.56
2509	114.721	378.555
2510	114.768	378.536
2511	114.816	378.499
2512	114.864	378.453
2513	114.911	378.417
2514	114.962	378.412
2516	115.057	378.358
2517	115.105	378.343
2518	115.154	378.113
2519	115.2	378.095
2520	115.26	378.072
2522	115.359	377.976
2523	115.406	377.97
2524	115.454	377.927
2525	115.502	377.836
2530	115.756	377.8
2531	115.802	377.68
2533	115.9	377.578
2535	115.994	377.512
2536	116.047	377.485
2537	116.094	377.451
2538	116.141	377.42
2539	116.188	376.326
2540	116.235	376.301
2541	116.283	376.273
2542	116.333	376.267
2544	116.424	375.983
2546	116.521	375.851
2547	116.567	374.925
2548	116.616	374.858
2549	116.662	374.713
2550	116.727	374.365
2551	116.84	373.606
2552	116.932	373.569
2553	116.992	373.496
2554	117.04	373.486
2555	117.097	373.11
2556	117.146	373.098
2557	117.194	373.096
2558	117.24	373.096
2559	117.285	373.073
2560	117.333	373.038
2561	117.379	373.005
2563	117.471	372.795
2564	117.519	372.747
2565	117.567	372.649
2566	117.616	372.643
2570	117.796	372.544
2572	117.895	372.516
2574	117.99	372.393
2576	118.098	372.301
2577	118.145	372.292
2579	118.239	372.27
2580	118.288	372.248
2581	118.34	372.2
2582	118.388	372.153
2583	118.435	371.99
2585	118.528	371.884
2587	118.622	371.839
2588	118.674	371.833
2589	118.721	371.773
2590	118.768	371.68
2591	118.815	371.534
2592	118.861	371.407
2593	118.91	371.397
2594	118.96	370.529
2595	119.008	370.516
2596	119.055	370.437
2597	119.101	370.157
2598	119.148	370.029
2599	119.197	369.924
2600	119.243	369.911
2602	119.338	369.883
2605	119.496	369.853
2608	119.638	369.838
2609	119.686	369.549
2610	119.732	369.363
2611	119.778	369.359
2612	119.824	369.211
2613	119.871	369.178
2615	119.966	369.166
2618	120.106	369.104
2619	120.153	368.503
2620	120.198	368.467
2622	120.299	368.437
2623	120.36	368.337
2624	120.406	368.273
2627	120.547	368.198
2628	120.592	368.176
2629	120.64	367.935
2630	120.688	367.833
2633	120.83	367.792
2634	120.877	367.536
2635	120.933	367.527
2636	120.98	366.866
2637	121.034	366.853
2638	121.082	366.81
2639	121.131	366.776
2640	121.183	366.676
2641	121.236	366.579
2642	121.285	366.566
2643	121.338	366.516
2644	121.387	366.426
2645	121.435	366.414
2647	121.531	366.406
2648	121.581	366.375
2649	121.627	366.36
2651	121.721	366.171
2652	121.772	366.115
2655	121.913	366.068
2656	121.959	366.041
2657	122.011	366.016
2658	122.057	366.011
2659	122.105	365.891
2660	122.151	365.827
2661	122.198	365.826
2662	122.245	365.762
2663	122.298	365.601
2665	122.392	365.513
2666	122.438	365.498
2668	122.532	365.042
2669	122.579	364.915
2670	122.628	364.734
2671	122.674	364.633
2672	122.722	364.614
2674	122.822	364.604
2675	122.869	364.579
2676	122.916	364.53
2677	122.964	364.491
2678	123.017	364.415
2680	123.113	364.339
2681	123.16	364.282
2682	123.208	364.23
2684	123.305	364.195
2685	123.354	364.186
2686	123.402	364.184
2687	123.451	363.968
2688	123.5	363.958
2689	123.546	363.955
2690	123.594	363.916
2691	123.643	363.91
2692	123.691	363.852
2693	123.737	363.817
2694	123.786	363.667
2695	123.88	363.436
2696	123.971	363.2
2698	124.182	363.175
2699	124.278	363.148
2701	124.408	363.089
2702	124.46	362.907
2705	124.607	362.826
2706	124.656	362.506
2707	124.743	362.454
2708	124.862	362.439
2709	124.968	362.419
2710	125.029	362.414
2712	125.126	362.404
2713	125.176	362.229
2714	125.226	362.129
2715	125.278	361.923
2717	125.372	361.815
2718	125.419	361.06
2719	125.467	360.973
2721	125.562	360.966
2722	125.609	360.947
2723	125.655	360.937
2724	125.706	360.906
2725	125.753	360.863
2726	125.799	360.822
2727	125.852	360.802
2728	125.901	360.775
2729	125.947	360.375
2730	126.003	360.034
2731	126.05	360.019
2732	126.098	360.01
2733	126.148	359.999
2734	126.2	359.305
2735	126.251	359.177
2736	126.304	359.164
2737	126.353	358.963
2738	126.404	358.934
2739	126.454	358.854
2740	126.531	358.798
2741	126.594	358.796
2742	126.655	358.738
2743	126.713	358.619
2744	126.777	358.56
2746	126.882	358.555
2747	126.934	358.544
2748	126.983	357.835
2749	127.039	357.692
2750	127.09	357.689
2751	127.146	357.656
2752	127.203	357.422
2753	127.271	357.394
2754	127.323	357.346
2755	127.383	357.324
2756	127.438	357.317
2757	127.495	357.31
2758	127.551	357.297
2759	127.604	357.284
2760	127.67	357.243
2761	127.727	357.223
2762	127.781	357.213
2763	127.836	357.21
2764	127.885	357.134
2765	127.933	357.126
2766	127.992	357.078
2767	128.038	357.07
2768	128.088	357.053
2769	128.136	357.017
2770	128.195	356.974
2771	128.242	356.738
2773	128.336	356.585
2774	128.384	356.534
2775	128.445	356.516
2776	128.494	356.453
2777	128.542	356.451
2778	128.592	356.384
2779	128.652	356.353
2780	128.703	356.348
2781	128.764	356.333
2782	128.82	356.316
2783	128.928	356.289
2784	129.032	356.243
2785	129.096	356.233
2786	129.156	356.229
2787	129.219	356.185
2789	129.343	356.163
2790	129.407	356.093
2791	129.459	356.084
2792	129.508	356.043
2793	129.557	356.037
2794	129.619	356.012
2795	129.693	355.967
2796	129.748	355.923
2797	129.803	355.808
2798	129.85	354.894
2799	129.897	354.822
2801	129.991	354.782
2802	130.038	354.761
2803	130.084	354.721
2804	130.13	354.685
2806	130.224	354.675
2807	130.272	354.673
2809	130.364	354.658
2810	130.415	354.638
2811	130.463	354.6
2812	130.509	354.58
2813	130.555	354.514
2814	130.602	354.492
2815	130.65	354.442
2816	130.699	354.341
2818	130.794	354.309
2819	130.841	354.3
2820	130.887	354.243
2821	130.934	354.154
2822	130.981	353.848
2823	131.028	353.842
2824	131.075	353.767
2825	131.124	353.472
2826	131.175	353.462
2828	131.269	353.432
2829	131.314	352.605
2830	131.363	352.596
2831	131.413	352.593
2832	131.468	352.568
2835	131.607	352.519
2836	131.655	352.495
2837	131.709	352.427
2839	131.815	352.365
2841	131.91	352.2
2842	131.961	352.148
2843	132.009	352.056
2845	132.101	352.047
2846	132.149	352.023
2847	132.198	352.003
2848	132.249	351.991
2850	132.348	351.988
2852	132.492	351.972
2853	132.55	351.89
2854	132.607	351.886
2857	132.78	351.881
2859	132.88	351.875
2862	133.077	350.38
2863	133.132	350.37
2864	133.191	350.361
2865	133.255	350.327
2867	133.369	350.285
2869	133.476	350.28
2870	133.533	350.186
2871	133.59	350.096
2872	133.642	349.99
2873	133.693	349.975
2875	133.81	349.729
2876	133.911	349.718
2878	134.063	349.691
2879	134.137	348.159
2880	134.197	348.143
2884	134.4	347.66
2886	134.496	347.572
2887	134.549	344.606
2888	134.613	344.566
2889	134.662	344.517
2890	134.72	344.123
2891	134.77	343.298
2893	134.879	343.296
2894	134.927	343.279
2895	134.977	343.24
2896	135.025	343.239
2897	135.085	343.237
2898	135.135	343.237
2899	135.182	343.154
2900	135.231	343.127
2901	135.294	343.12
2903	135.408	343.047
2904	135.497	343.028
2906	135.744	343.018
2907	135.839	343.013
2910	135.994	342.979
2911	136.049	342.868
2912	136.1	342.836
2914	136.197	342.732
2915	136.245	342.693
2917	136.359	342.693
2920	136.709	342.677
2922	136.835	342.656
2923	136.9	342.538
2925	137.034	342.334
2927	136.444	342.276
2928	136.497	342.199
2929	136.551	342.111
2930	136.632	342.039
2931	136.74	342.027
2932	136.807	341.996
2933	136.855	341.983
2934	136.903	341.846
2935	136.952	341.824
2936	137	341.766
2937	137.046	341.439
2938	137.095	341.324
2939	137.145	341.296
2941	137.246	341.24
2942	137.293	341.213
2943	137.339	341.203
2944	137.384	341.189
2945	137.434	341.144
2947	137.533	341.135
2948	137.581	341.122
2949	137.628	341.076
2950	137.677	340.995
2951	137.728	340.995
2952	137.778	340.807
2955	137.929	340.798
2956	137.978	340.788
2958	138.087	340.744
2959	138.139	340.641
2960	138.191	340.636
2961	138.24	340.628
2962	138.289	340.619
2963	138.337	340.495
2965	138.428	340.49
2966	138.476	340.477
2967	138.532	340.418
2968	138.593	339.901
2969	138.649	339.802
2971	138.743	339.789
2973	138.84	339.745
2975	138.942	339.72
2976	138.997	339.075
2978	139.104	339.004
2979	139.151	338.987
2980	139.197	338.976
2981	139.245	338.942
2982	139.327	338.934
2984	139.446	338.928
2985	139.493	338.922
2986	139.543	338.92
2987	139.592	338.863
2989	139.693	338.825
2990	139.745	338.772
2991	139.801	338.738
2992	139.854	338.705
2996	140.046	338.689
2997	140.093	338.62
2998	140.147	338.612
2999	140.193	338.537
3000	140.239	338.52
3002	140.334	338.508
3003	140.395	338.35
3004	140.449	338.253
3005	140.496	338.214
3007	140.59	338.209
3008	140.641	337.973
3009	140.69	337.897
3011	140.784	337.776
3012	140.831	337.747
3013	140.877	337.689
3014	140.926	337.657
3015	140.972	337.635
3016	141.02	337.508
3017	141.066	337.41
3018	141.113	337.193
3019	141.163	337.166
3020	141.211	337.101
3021	141.256	337.089
3022	141.304	337.025
3025	141.45	336.87
3026	141.496	336.846
3027	141.542	336.692
3029	141.631	336.684
3030	141.681	336.624
3031	141.73	336.571
3032	141.777	336.56
3034	141.87	336.455
3035	141.918	336.276
3037	142.012	336.268
3038	142.057	336.268
3041	142.201	336.235
3042	142.248	336.161
3044	142.339	336.13
3045	142.385	336.078
3048	142.531	336.057
3049	142.579	336.034
3050	142.627	336.031
3052	142.723	336.016
3053	142.769	335.877
3054	142.817	335.727
3055	142.863	335.711
3056	142.91	335.708
3057	142.96	335.657
3058	143.008	335.452
3059	143.059	335.373
3060	143.104	335.31
3062	143.199	335.306
3063	143.251	335.284
3064	143.297	335.262
3065	143.343	335.224
3066	143.389	335.211
3067	143.435	335.175
3068	143.491	335.175
3069	143.537	335.05
3070	143.589	334.922
3071	143.634	334.887
3072	143.681	334.859
3073	143.729	334.84
3074	143.785	334.353
3075	143.833	334.294
3076	143.88	334.286
3077	143.931	334.181
3078	143.979	334.164
3079	144.027	333.725
3080	144.073	333.724
3081	144.122	333.716
3082	144.169	333.6
3083	144.221	333.515
3084	144.27	333.475
3085	144.322	333.46
3087	144.412	333.455
3088	144.459	333.266
3089	144.509	333.259
3090	144.561	333.035
3091	144.61	333.025
3092	144.658	332.117
3094	144.753	332.078
3095	144.803	332.061
3098	144.964	332.045
3099	145.012	332.029
3101	145.11	332.024
3102	145.156	332.014
3103	145.202	331.989
3105	145.298	331.974
3106	145.347	331.934
3107	145.394	331.915
3108	145.439	331.822
3109	145.487	331.774
3110	145.534	331.739
3111	145.584	331.54
3113	145.682	331.53
3114	145.728	331.513
3115	145.774	331.511
3116	145.822	331.488
3117	145.895	331.485
3118	145.957	331.452
3119	146.037	331.433
3120	146.103	331.423
3121	146.157	331.414
3122	146.203	331.404
3124	146.295	331.377
3125	146.344	331.364
3126	146.416	331.356
3127	146.472	331.33
3130	146.617	331.27
3131	146.686	331.255
3132	146.77	331.233
3133	146.838	331.23
3134	146.926	331.218
3135	146.975	331.211
3136	147.022	331.21
3137	147.071	331.156
3138	147.126	331.048
3139	147.185	330.911
3140	147.236	330.904
3142	147.331	330.898
3143	147.378	330.881
3144	147.428	330.869
3146	147.538	330.848
3147	147.587	330.841
3148	147.634	330.829
3150	147.733	330.827
3151	147.778	330.798
3152	147.863	330.779
3153	147.926	330.765
3154	147.978	330.738
3155	148.028	330.693
3156	148.077	330.596
3157	148.132	330.58
3158	148.187	330.572
3159	148.243	330.537
3160	148.317	330.513
3162	148.411	330.419
3163	148.462	330.408
3164	148.508	330.111
3165	148.56	329.939
3166	148.611	329.903
3167	148.666	329.88
3169	148.772	329.757
3170	148.829	329.755
3172	148.928	329.74
3173	148.98	329.739
3175	149.1	329.593
3177	149.202	329.551
3179	149.31	329.35
3180	149.367	329.264
3181	149.428	329.135
3182	149.479	328.979
3183	149.531	328.958
3185	149.642	328.95
3187	149.836	328.942
3188	149.966	328.931
3190	150.117	328.928
3191	150.166	328.883
3193	150.265	328.461
3194	150.322	328.459
3197	150.472	328.451
3198	150.519	328.353
3199	150.565	328.346
3202	150.736	328.325
3203	150.782	328.31
3205	150.88	328.297
3209	151.082	328.292
3210	151.137	328.223
3212	151.231	328.185
3214	151.327	328.159
3215	151.379	328.041
3216	151.43	328.025
3218	151.525	328.017
3219	151.571	327.735
3220	151.617	327.731
3221	151.679	327.658
3222	151.736	327.651
3224	151.832	327.417
3226	151.927	327.408
3227	151.975	327.064
3228	152.021	327.032
3229	152.07	327.005
3230	152.119	326.692
3231	152.169	326.474
3233	152.267	326.461
3234	152.314	326.454
3238	152.509	326.453
3239	152.557	326.255
3240	152.604	326.237
3241	152.65	326.227
3242	152.702	326.168
3243	152.751	326.148
3244	152.798	326.129
3246	152.893	326.126
3250	153.082	326.118
3251	153.129	326.072
3252	153.176	326.046
3253	153.227	326.04
3254	153.274	325.938
3255	153.321	325.918
3257	153.421	325.912
3258	153.472	325.911
3261	153.617	325.861
3262	153.662	325.805
3263	153.71	325.757
3265	153.805	325.631
3266	153.852	325.605
3267	153.901	325.568
3268	153.949	325.561
3269	153.996	325.218
3270	154.042	325.163
3271	154.091	325.158
3272	154.141	325.15
3274	154.242	324.274
3275	154.291	324.257
3276	154.342	324.222
3277	154.387	324.001
3278	154.433	323.921
3279	154.487	323.863
3281	154.621	323.83
3282	154.671	323.827
3283	154.736	323.823
3285	154.852	323.817
3288	155.011	323.805
3289	155.072	323.304
3290	155.14	323.256
3291	155.199	323.239
3295	155.468	323.234
3298	155.631	323.195
3299	155.68	323.166
3300	155.729	323.164
3301	155.777	323.112
3302	155.858	323.089
3303	155.909	323.05
3305	156.003	323.042
3306	156.05	323.034
3307	156.13	322.997
3309	156.282	322.95
3313	156.496	322.918
3314	156.542	322.905
3316	156.644	322.67
3319	156.792	322.651
3320	156.837	322.648
3321	156.886	322.617
3322	156.936	322.606
3324	157.03	322.554
3325	157.08	322.535
3327	157.174	322.511
3329	157.269	322.487
3333	157.559	322.478
3338	157.833	322.477
3343	158.076	322.37
3345	158.17	322.33
3348	158.313	322.216
3351	158.459	321.892
3352	158.518	321.888
3354	158.612	321.872
3355	158.657	321.855
3356	158.708	321.805
3357	158.755	321.727
3358	158.802	321.656
3359	158.848	321.631
3360	158.896	321.586
3363	159.039	321.58
3364	159.085	321.486
3365	159.132	321.396
3366	159.179	321.384
3369	159.322	321.296
3371	159.415	321.276
3372	159.47	321.273
3374	159.572	321.212
3375	159.621	321.048
3376	159.668	320.969
3377	159.716	320.961
3378	159.765	320.953
3380	159.857	320.917
3381	159.906	320.875
3382	159.955	320.86
3384	160.051	320.846
3385	160.099	320.822
3387	160.192	320.821
3392	160.423	320.81
3395	160.566	320.806
3397	160.667	320.787
3398	160.725	320.607
3401	160.871	320.552
3402	160.918	320.548
3403	160.973	320.541
3404	161.02	320.536
3405	161.067	320.505
3406	161.114	320.492
3407	161.16	320.467
3408	161.207	320.451
3409	161.256	320.418
3410	161.309	320.312
3411	161.36	320.303
3412	161.421	320.258
3413	161.467	320.212
3414	161.515	319.843
3415	161.561	319.73
3416	161.608	319.706
3417	161.656	319.62
3418	161.704	319.609
3419	161.751	319.507
3420	161.796	319.479
3421	161.848	319.38
3422	161.895	319.321
3423	161.945	319.219
3424	161.994	319.071
3426	162.09	319.046
3427	162.139	319.04
3428	162.185	318.906
3429	162.23	318.873
3430	162.277	318.75
3431	162.324	318.718
3432	162.374	318.705
3433	162.425	318.704
3434	162.471	318.69
3435	162.517	318.674
3438	162.657	318.67
3439	162.704	318.657
3440	162.751	318.655
3441	162.799	318.643
3445	162.999	318.638
3446	163.052	318.603
3447	163.1	318.601
3448	163.162	318.535
3449	163.218	318.484
3450	163.265	318.452
3451	163.312	318.354
3453	163.411	318.35
3454	163.46	318.334
3456	163.559	318.314
3457	163.61	318.313
3458	163.663	318.289
3459	163.721	318.27
3461	163.82	318.26
3462	163.867	318.25
3464	163.967	318.229
3465	164.016	318.212
3466	164.065	318.205
3467	164.117	318.163
3469	164.219	318.158
3470	164.265	318.134
3471	164.311	318.129
3472	164.359	318.11
3473	164.407	318.088
3474	164.454	318.086
3475	164.501	318.065
3476	164.55	318.054
3477	164.6	317.9
3478	164.647	317.836
3479	164.698	317.754
3480	164.745	317.731
3481	164.793	317.633
3482	164.844	317.603
3483	164.892	317.58
3484	164.95	317.545
3486	165.051	317.502
3487	165.097	317.5
3488	165.143	317.265
3489	165.193	317.25
3490	165.248	317.243
3491	165.295	317.209
3492	165.343	317.178
3493	165.391	317.139
3494	165.448	317.133
3495	165.497	317.127
3496	165.546	317.094
3498	165.642	317.072
3500	165.772	317.061
3501	165.825	316.985
3502	165.874	316.924
3503	165.922	316.918
3504	165.978	316.832
3505	166.028	316.666
3506	166.078	316.642
3508	166.172	316.624
3509	166.219	316.554
3510	166.266	316.535
3512	166.362	316.527
3513	166.409	316.52
3516	166.552	316.516
3517	166.598	316.513
3518	166.649	316.498
3520	166.763	316.494
3521	166.81	316.398
3522	166.861	316.283
3523	166.909	316.219
3524	166.957	316.177
3525	167.012	316.171
3526	167.062	316.162
3527	167.122	316.16
3530	167.267	316.155
3531	167.316	316.123
3533	167.411	315.941
3534	167.461	315.933
3536	167.561	315.853
3539	167.713	315.852
3541	167.824	315.851
3542	167.871	315.716
3543	167.919	315.711
3545	168.019	315.695
3549	168.227	315.691
3550	168.277	315.685
3553	168.426	315.681
3554	168.476	315.675
3555	168.525	315.597
3556	168.573	315.579
3557	168.623	315.577
3558	168.669	315.57
3559	167.99	315.301
3560	168.039	315.301
3561	168.1	315.285
3562	168.155	315.276
3563	168.201	315.275
3564	168.249	315.156
3566	168.342	315.142
3568	168.443	315.126
3570	168.54	314.884
3571	168.589	314.68
3572	168.644	314.651
3573	168.699	314.645
3574	168.746	314.641
3575	168.797	314.501
3576	168.845	314.404
3577	168.899	314.398
3579	169.005	314.366
3580	169.052	314.355
3581	169.101	314.347
3582	169.152	314.319
3583	169.201	314.231
3584	169.248	314.211
3590	169.547	314.185
3592	169.645	314.164
3593	169.693	314.153
3594	169.742	314.057
3598	169.939	314.052
3599	169.986	314.026
3600	170.033	314.024
3602	170.142	314.004
3603	170.202	313.914
3605	170.295	313.846
3606	170.344	313.808
3607	170.393	313.774
3609	170.508	313.712
3610	170.558	313.659
3611	170.607	313.635
3612	170.654	313.623
3613	170.702	313.621
3614	170.75	313.2
3615	170.796	313.164
3617	170.896	313.002
3618	170.945	312.964
3619	170.995	312.912
3620	171.045	312.901
3621	171.09	312.876
3622	171.14	312.862
3625	171.298	312.833
3628	171.437	312.827
3630	171.535	312.776
3631	171.585	312.765
3633	171.688	312.765
3635	171.792	312.76
3638	171.94	312.754
3639	171.992	312.732
3640	172.05	312.73
3641	172.098	312.658
3642	172.145	312.645
3643	172.202	312.549
3645	172.304	312.523
3647	172.4	312.461
3652	172.638	312.459
3653	172.689	312.432
3654	172.736	312.308
3656	172.831	312.135
3657	172.879	312.134
3659	172.974	312.114
3660	173.03	312.093
3661	173.081	312.022
3662	173.126	312.011
3664	173.221	311.981
3665	173.267	311.979
3669	173.461	311.952
3671	173.562	311.945
3673	173.659	311.78
3675	173.757	311.77
3676	173.806	311.746
3677	173.854	311.715
3680	173.996	311.713
3681	174.046	311.708
3683	174.142	311.621
3685	174.235	311.606
3688	174.381	311.47
3694	174.668	311.45
3696	174.763	311.393
3697	174.812	311.364
3698	174.861	311.288
3699	174.909	311.251
3700	174.956	311.167
3703	175.105	311.16
3704	175.156	311.001
3705	175.207	310.99
3706	175.256	310.98
3707	175.302	310.979
3709	175.397	310.942
3710	175.445	310.673
3714	175.636	310.625
3715	175.684	310.467
3716	175.739	310.395
3719	175.891	310.36
3720	175.937	310.346
3721	175.984	310.284
3722	176.031	310.268
3724	176.18	310.235
3725	176.227	310.174
3728	176.376	310.171
3737	176.8	310.156
3738	176.85	310.155
3741	177.002	310.122
3742	177.048	310.117
3743	177.094	310.112
3744	177.145	310.105
3745	177.192	310.089
3746	177.245	310.08
3747	177.294	310.046
3748	177.34	310.037
3749	177.386	310.007
3750	177.436	309.904
3751	177.487	309.877
3752	177.546	309.852
3753	177.596	309.848
3754	177.644	309.606
3755	177.695	309.577
3756	177.745	309.56
3757	177.795	309.459
3758	177.842	309.455
3759	177.892	309.423
3760	177.941	309.398
3761	177.995	309.384
3762	178.047	309.371
3763	178.093	309.191
3766	178.238	309.168
3767	178.286	309.168
3768	178.337	309.082
3769	178.383	309.055
3770	178.428	309.01
3771	178.474	308.983
3772	178.521	308.271
3773	178.569	308.264
3774	178.615	308.242
3775	178.664	308.211
3777	178.758	308.162
3778	178.805	308.161
3779	178.851	307.873
3780	178.898	307.866
3781	178.944	307.859
3782	178.991	307.842
3783	179.041	307.833
3785	179.138	307.825
3786	179.184	307.817
3787	179.233	307.807
3788	179.28	307.768
3789	179.333	307.738
3790	179.383	307.735
3791	179.431	307.672
3792	179.479	307.672
3793	179.527	307.669
3794	179.575	307.655
3795	179.621	307.652
3796	179.669	307.637
3797	179.715	307.624
3799	179.808	307.613
3800	179.855	307.612
3801	179.908	307.604
3802	179.953	307.595
3803	180.001	307.569
3804	180.049	307.562
3805	180.098	307.546
3806	180.146	307.542
3807	180.193	307.537
3809	180.286	307.532
3810	180.335	307.526
3811	180.385	307.525
3812	180.433	307.512
3813	180.479	307.502
3814	180.525	307.5
3817	180.672	307.457
3818	180.72	307.444
3819	180.765	307.414
3820	180.816	307.398
3821	180.863	307.351
3822	180.911	307.336
3823	180.956	307.29
3824	181.003	307.239
3825	181.049	307.195
3826	181.1	307.177
3827	181.148	307.166
3828	181.201	307.137
3829	181.248	307.128
3830	181.296	307.127
3831	181.342	307.099
3832	181.39	307.075
3833	181.449	307.052
3834	181.496	307.044
3835	181.544	307.023
3836	181.591	306.972
3837	181.636	306.972
3838	181.69	306.902
3841	181.835	305.068
3842	181.883	305.047
3844	181.996	304.983
3845	182.045	304.899
3846	182.097	304.846
3847	182.149	304.835
3848	182.198	304.83
3849	182.249	304.81
3850	182.296	304.802
3852	182.402	304.766
3853	182.509	304.759
3856	182.677	304.748
3858	182.775	304.731
3860	182.874	304.727
3861	182.926	304.641
3862	182.977	304.524
3863	183.052	304.455
3864	183.116	304.438
3865	183.181	304.43
3866	183.23	304.43
3869	183.384	304.422
3870	183.434	304.419
3871	183.482	304.395
3872	183.546	304.388
3873	183.604	304.331
3874	183.661	304.327
3876	183.767	304.324
3877	183.813	304.31
3878	183.861	304.308
3879	183.91	304.3
3880	183.96	304.26
3881	184.008	304.251
3882	184.056	304.134
3883	184.102	304.122
3884	184.15	304.118
3885	184.195	304.092
3890	184.44	304.07
3891	184.487	304.048
3893	184.596	304.044
3894	184.643	304.037
3895	184.69	303.965
3897	184.791	303.923
3898	184.841	303.91
3899	184.888	303.379
3900	184.94	303.374
3902	185.034	303.37
3904	185.129	303.328
3905	185.177	303.321
3906	185.226	303.308
3907	185.277	303.211
3910	185.447	303.025
3911	185.494	302.848
3912	185.541	302.834
3913	185.59	302.818
3914	185.643	302.814
3915	185.69	302.363
3916	185.736	302.355
3917	185.783	302.291
3918	185.831	302.29
3920	185.926	302.274
3921	185.973	302.268
3923	186.069	302.228
3924	186.117	302.215
3925	186.174	302.184
3926	186.22	302.161
3927	186.268	302.109
3930	186.423	302.1
3931	186.469	302.085
3932	186.516	302.071
3933	186.563	302.039
3934	186.641	301.975
3935	186.756	301.942
3936	186.808	301.925
3939	186.956	301.898
3940	187.005	301.89
3943	187.145	301.884
3944	187.191	301.874
3945	187.238	301.841
3946	187.288	301.839
3947	187.338	301.81
3948	187.385	301.766
3949	187.433	301.714
3950	187.479	301.661
3952	187.589	301.658
3954	187.682	301.624
3955	187.728	301.599
3957	187.824	301.382
3958	187.872	301.21
3959	187.922	301.175
3961	188.015	301.153
3962	188.069	301.141
3963	188.129	301.14
3965	188.223	301.126
3966	188.273	301.11
3967	188.33	301.1
3968	188.395	301.087
3969	188.511	301.046
3970	188.605	301.044
3971	188.664	301.037
3973	188.77	301.036
3974	188.819	300.958
3975	188.866	300.945
3976	188.916	300.803
3978	189.013	300.799
3979	189.068	300.604
3980	189.143	300.567
3981	189.196	300.549
3982	189.245	300.536
3983	189.293	300.474
3985	189.388	300.449
3986	189.436	300.421
3987	189.481	300.409
3991	189.675	300.402
3993	189.768	300.392
3994	189.815	300.342
3996	189.908	300.235
3997	189.955	300.233
3999	190.049	300.212
4000	190.096	300.195
4002	190.19	300.189
4003	190.236	300.186
4004	190.283	299.97
4005	190.333	299.965
4008	190.481	299.962
4009	190.529	299.943
4013	190.721	299.911
4014	190.768	299.886
4015	190.814	299.886
4018	190.957	299.884
4019	191.005	299.853
4020	191.052	299.849
4021	191.101	299.849
4022	191.149	299.831
4023	191.196	299.799
4025	191.288	299.772
4027	191.382	299.771
4028	191.434	299.591
4034	191.731	299.581
4035	191.781	298.593
4036	191.828	298.44
4040	192.022	298.386
4043	192.166	298.107
4044	192.215	298.091
4047	192.356	298.091
4048	192.406	298.083
4049	192.462	298.078
4050	192.509	297.698
4051	192.558	297.687
4054	192.736	297.661
4055	192.789	297.533
4056	192.837	297.518
4057	192.882	297.513
4061	193.074	297.501
4064	193.222	297.49
4065	193.271	297.473
4068	193.412	297.471
4071	193.559	297.468
4075	193.766	297.466
4078	193.909	297.45
4081	194.061	297.44
4082	194.109	297.435
4083	194.158	297.428
4085	194.252	297.398
4086	194.302	297.382
4087	194.352	297.366
4088	194.399	297.359
4089	194.449	297.326
4090	194.503	297.233
4091	194.565	297.227
4092	194.617	297.199
4093	194.664	297.179
4094	194.712	296.905
4095	194.758	296.857
4096	194.815	296.85
4097	194.872	296.769
4098	194.924	296.761
4099	194.972	296.731
4100	195.019	296.7
4101	195.066	296.694
4102	195.116	296.688
4103	195.166	296.647
4104	195.213	296.637
4105	195.261	296.628
4106	195.312	296.577
4107	195.358	296.576
4108	195.405	296.501
4109	195.452	296.491
4110	195.499	296.453
4112	195.602	296.43
4113	195.652	296.429
4114	195.699	296.425
4115	195.745	296.416
4116	195.792	296.41
4118	195.892	296.408
4119	195.94	296.368
4120	195.987	296.368
4121	196.038	296.364
4122	196.085	296.312
4123	196.134	296.286
4125	196.228	296.275
4126	196.275	296.255
4127	196.32	296.241
4128	196.375	296.17
4129	196.422	296.133
4130	196.468	296.123
4131	196.516	296.06
4133	196.618	296.048
4134	196.666	296.025
4135	196.713	296.021
4136	196.759	296.004
4137	196.806	295.996
4138	196.853	295.962
4139	196.904	295.95
4141	196.998	295.947
4142	197.044	295.897
4143	197.093	295.887
4144	197.143	295.877
4145	197.2	295.873
4148	197.428	295.828
4149	197.475	295.819
4150	197.523	295.811
4151	197.569	295.801
4152	197.616	295.793
4153	197.67	295.781
4155	197.768	295.774
4157	197.863	295.745
4159	197.959	295.734
4160	198.008	295.727
4161	198.057	295.661
4162	198.109	295.651
4163	198.157	295.608
4164	198.209	295.604
4166	198.308	295.604
4167	198.355	295.601
4168	198.406	295.593
4169	198.453	295.581
4170	198.502	295.519
4171	198.548	295.495
4172	198.593	295.48
4173	198.641	295.479
4174	198.688	295.47
4175	198.741	295.462
4176	198.794	295.399
4178	198.891	295.393
4180	198.986	295.374
4182	199.084	295.346
4183	199.133	295.334
4184	199.179	295.158
4185	199.23	295.142
4186	199.288	295.104
4188	199.382	295.098
4189	199.43	295.059
4190	199.478	295.055
4191	199.532	295.054
4192	199.584	295.044
4193	199.633	295.037
4196	199.779	295.02
4200	199.976	295.018
4201	200.025	294.942
4202	200.081	294.902
4203	200.129	294.882
4205	199.512	294.882
4206	199.561	294.881
4207	199.611	294.879
4208	199.659	294.864
4210	199.767	294.863
4211	199.821	294.847
4213	199.917	294.774
4214	199.964	294.772
4216	200.057	294.771
4217	200.109	294.767
4218	200.165	294.709
4219	200.213	294.702
4220	200.262	294.663
4221	200.31	294.661
4222	200.358	294.639
4223	200.406	294.634
4224	200.455	294.625
4225	200.503	294.594
4229	200.702	294.592
4230	200.75	294.567
4231	200.8	294.55
4232	200.847	294.504
4234	200.946	294.467
4235	200.992	294.412
4236	201.04	294.407
4237	201.087	294.405
4238	201.134	294.404
4239	201.198	293.79
4240	201.272	293.786
4244	201.563	293.782
4245	201.653	293.746
4248	201.866	293.739
4249	201.916	293.725
4250	201.99	293.602
4254	202.204	293.596
4255	202.256	293.538
4256	202.304	293.517
4257	202.353	293.504
4260	202.495	293.485
4261	202.542	293.481
4262	202.588	293.465
4263	202.634	293.409
4265	202.733	293.352
4266	202.779	293.347
4267	202.825	293.322
4269	202.918	293.319
4270	202.966	293.305
4271	203.024	293.268
4272	203.07	293.258
4273	203.118	293.22
4274	203.164	293.175
4275	203.211	293.121
4277	203.307	293.118
4280	203.45	293.093
4282	203.545	293.076
4283	203.591	293.07
4284	203.637	293.047
4287	203.791	293.031
4288	203.837	293.004
4289	203.887	292.975
4290	203.938	292.943
4293	204.088	292.941
4294	204.134	292.933
4295	204.181	292.924
4296	204.236	292.923
4297	204.325	292.843
4298	204.377	292.835
4299	204.425	292.771
4302	204.569	292.753
4305	204.709	292.738
4307	204.817	292.73
4308	204.863	292.719
4311	205.005	292.711
4313	205.113	292.691
4316	205.363	292.684
4317	205.467	292.678
4318	205.552	292.666
4319	205.609	292.643
4320	205.733	292.637
4322	205.854	292.632
4323	205.903	292.596
4325	205.997	292.578
4326	206.045	292.559
4327	206.092	292.429
4330	206.234	292.395
4333	206.377	292.375
4334	206.425	292.333
4335	206.472	292.332
4336	206.518	292.275
4339	206.689	292.257
4342	206.842	292.254
4343	206.891	292.207
4345	206.991	292.198
4347	207.086	292.193
4348	207.137	292.188
4349	207.186	292.03
4351	207.281	292.028
4352	207.328	292.026
4353	207.379	291.696
4354	207.427	291.669
4356	207.523	291.655
4357	207.572	291.61
4358	207.624	291.59
4359	207.672	291.566
4360	207.719	291.562
4361	207.765	291.562
4362	207.811	291.552
4363	207.859	291.525
4367	208.063	291.516
4368	208.11	291.375
4372	208.304	291.367
4374	208.398	291.359
4375	208.449	291.073
4376	208.495	290.988
4379	208.638	290.98
4383	208.837	290.957
4385	208.937	290.94
4387	209.036	290.937
4389	209.131	290.931
4390	209.177	290.739
4391	209.229	290.709
4392	209.281	290.695
4394	209.376	290.694
4395	209.423	290.577
4396	209.475	290.552
4397	209.521	290.551
4398	209.57	290.551
4399	209.618	290.528
4401	209.723	290.517
4404	209.882	290.507
4405	209.93	290.496
4408	210.093	290.494
4410	210.186	290.493
4415	210.426	290.468
4418	210.57	290.447
4421	210.714	290.438
4422	210.766	290.424
4423	210.815	290.415
4424	210.865	290.409
4425	210.914	290.377
4426	210.96	290.371
4427	211.009	290.343
4428	211.076	290.334
4429	211.141	290.303
4430	211.188	290.22
4431	211.239	290.201
4432	211.288	290.161
4433	211.341	290.157
4434	211.39	290.032
4435	211.439	290.001
4436	211.486	289.988
4437	211.534	289.928
4438	211.586	289.901
4439	211.635	289.873
4440	211.716	289.868
4441	211.773	289.863
4442	211.824	289.858
4444	211.927	289.823
4445	211.977	289.817
4447	212.073	289.816
4448	212.128	289.765
4449	212.176	289.63
4450	212.226	289.609
4451	212.274	289.607
4453	212.373	289.579
4454	212.422	289.568
4455	212.47	289.552
4456	212.519	289.545
4457	212.566	289.528
4458	212.618	289.527
4459	212.666	289.517
4460	212.713	289.498
4461	212.761	289.496
4462	212.81	289.49
4463	212.864	289.482
4465	212.975	289.48
4466	213.023	289.469
4467	213.069	289.467
4468	213.119	289.449
4469	213.176	289.411
4470	213.225	289.408
4471	213.273	289.397
4473	213.375	289.394
4474	213.424	289.378
4475	213.47	289.367
4476	213.518	289.349
4477	213.565	289.34
4478	213.612	289.332
4479	213.663	289.32
4481	213.761	289.314
4482	213.809	289.281
4483	213.856	289.199
4484	213.912	289.182
4485	213.964	289.171
4487	214.061	289.17
4489	214.154	289.153
4490	214.204	288.917
4491	214.257	288.907
4492	214.304	288.895
4493	214.351	288.878
4494	214.397	288.872
4497	214.545	288.857
4499	214.642	288.774
4500	214.688	288.769
4501	214.739	288.747
4502	214.786	288.74
4503	214.831	288.718
4504	214.879	288.708
4506	214.978	288.697
4507	215.028	288.685
4508	215.076	288.676
4509	215.124	288.67
4510	215.173	288.663
4511	215.223	288.639
4512	215.276	288.623
4513	215.328	288.604
4514	215.375	288.595
4516	215.469	288.52
4518	215.573	288.515
4520	215.672	288.509
4522	215.77	288.475
4523	215.818	288.47
4525	215.913	288.429
4526	215.961	288.404
4528	216.066	288.363
4529	216.113	288.335
4530	216.161	288.332
4531	216.212	288.321
4532	216.266	288.313
4533	216.322	288.291
4537	216.512	288.266
4539	216.615	288.086
4540	216.666	288.085
4541	216.715	288.034
4542	216.767	287.816
4543	216.822	287.749
4544	216.871	287.743
4546	216.965	287.741
4548	217.081	287.739
4550	217.181	287.738
4551	217.229	287.704
4552	217.278	287.699
4553	217.329	287.678
4554	217.379	287.675
4557	217.522	287.67
4558	217.572	287.669
4559	217.621	287.663
4561	217.715	287.661
4562	217.764	287.635
4563	217.821	287.633
4564	217.884	287.62
4565	217.934	287.508
4570	218.177	287.494
4571	218.222	287.47
4572	218.269	287.45
4573	218.317	287.447
4574	218.376	287.442
4575	218.423	287.427
4577	218.52	287.425
4578	218.567	287.422
4579	218.614	287.301
4580	218.668	287.298
4581	218.714	287.282
4584	218.858	287.279
4586	218.958	287.274
4587	219.006	287.224
4588	219.053	287.216
4589	219.101	287.206
4590	219.157	286.983
4591	219.209	286.808
4594	219.35	286.802
4595	219.402	286.743
4596	219.453	286.446
4598	219.551	286.445
4600	219.649	286.435
4601	219.702	286.427
4602	219.753	286.426
4604	219.852	286.408
4605	219.901	286.105
4606	219.972	286.102
4607	220.019	286.09
4610	220.174	286.082
4612	220.278	286.076
4613	220.326	286.035
4614	220.373	285.965
4615	220.42	285.951
4616	220.478	285.925
4619	220.644	285.919
4622	220.794	285.913
4623	220.841	285.904
4624	220.889	285.871
4625	220.936	285.844
4626	220.987	285.81
4627	221.034	285.8
4629	221.129	285.769
4630	221.178	285.739
4633	221.346	285.734
4634	221.408	285.339
4636	221.538	285.337
4637	221.597	285.293
4638	221.674	285.275
4639	221.734	285.25
4640	221.793	285.248
4642	221.89	285.232
4644	221.991	285.232
4645	222.041	285.22
4647	222.137	285.208
4651	222.357	285.173
4655	222.555	285.168
4657	222.657	285.15
4658	222.704	285.146
4662	222.908	285.144
4663	222.957	285.134
4664	223.006	285.122
4665	223.057	285.104
4666	223.104	285.098
4667	223.154	285.006
4670	223.295	285
4671	223.352	284.972
4672	223.399	284.934
4673	223.446	284.919
4674	223.493	284.901
4675	223.542	284.9
4676	223.591	284.892
4679	223.743	284.885
4680	223.79	284.879
4682	223.89	284.874
4683	223.939	284.868
4684	223.986	284.849
4685	224.035	284.84
4686	224.082	284.837
4689	224.231	284.815
4690	224.28	284.805
4691	224.329	284.791
4693	224.435	284.483
4694	224.483	284.471
4696	224.582	284.431
4697	224.646	284.405
4698	224.747	284.381
4699	224.832	284.369
4700	224.896	284.341
4701	224.946	284.34
4702	224.996	284.334
4703	225.044	284.293
4707	225.241	284.289
4708	225.287	284.243
4714	225.589	284.24
4715	225.636	284.073
4716	225.687	284.002
4721	225.931	283.984
4723	226.024	283.949
4725	226.121	283.944
4728	226.27	283.926
4730	226.365	283.84
4731	226.412	283.829
4732	226.463	283.826
4735	226.606	283.743
4737	226.703	283.731
4741	226.909	283.725
4742	226.956	283.708
4744	227.054	283.699
4746	227.153	283.684
4749	227.3	283.675
4750	227.347	283.673
4758	227.754	283.628
4759	227.809	283.627
4761	227.91	283.572
4762	227.957	283.565
4763	228.005	283.562
4764	228.06	283.543
4766	228.163	283.524
4767	228.211	283.507
4768	228.319	283.504
4769	228.385	283.476
4770	228.439	283.441
4771	228.486	283.349
4772	228.534	283.328
4773	228.584	283.321
4774	228.632	283.215
4776	228.726	283.206
4777	228.774	283.169
4778	228.82	283.151
4779	228.868	283.091
4780	228.918	283.077
4781	228.964	283.07
4782	229.012	283.067
4785	229.164	283.059
4786	229.21	283.055
4787	229.26	283.051
4788	229.308	283.028
4789	229.367	283.023
4790	229.415	283.003
4793	229.556	282.984
4794	229.607	282.97
4795	229.657	282.941
4796	229.704	282.938
4799	229.852	282.927
4800	229.901	282.902
4801	229.949	282.9
4802	229.999	282.889
4803	230.047	282.888
4804	230.093	282.86
4805	230.142	282.855
4806	230.19	282.849
4807	230.239	282.838
4808	230.287	282.836
4809	230.336	282.827
4810	230.39	282.804
4811	230.437	282.796
4812	230.484	282.795
4813	230.531	282.792
4814	230.578	282.777
4815	230.627	282.77
4816	230.682	282.758
4817	230.731	282.758
4818	230.778	282.755
4819	230.824	282.74
4820	230.888	282.734
4821	230.995	282.73
4822	231.056	282.706
4823	231.107	282.694
4824	231.157	282.683
4825	231.205	282.68
4827	231.305	282.651
4830	231.455	282.645
4831	231.507	282.593
4832	231.56	282.581
4833	231.61	282.578
4834	231.657	282.575
4836	231.031	282.573
4837	231.084	282.559
4838	231.133	282.546
4839	231.179	282.515
4840	231.227	282.512
4841	231.275	282.5
4842	231.327	282.492
4843	231.375	282.469
4844	231.422	282.463
4846	231.519	282.456
4847	231.569	282.449
4848	231.636	282.443
4849	231.7	282.336
4850	231.75	282.325
4851	231.804	282.31
4852	231.856	282.294
4853	231.904	282.287
4854	231.951	282.283
4855	231.999	282.277
4856	232.049	282.229
4858	232.157	282.224
4860	232.249	282.205
4862	232.348	282.19
4863	232.395	282.179
4866	232.539	282.161
4868	232.641	282.151
4869	232.689	282.139
4870	232.735	282.137
4871	232.783	282.136
4872	232.832	282.125
4873	232.892	282.026
4876	233.053	282.011
4877	233.106	281.871
4878	233.163	281.82
4880	233.26	281.819
4881	233.307	281.781
4882	233.36	281.723
4883	233.413	281.69
4884	233.462	281.669
4886	233.561	281.668
4887	233.609	281.668
4888	233.661	281.663
4889	233.709	281.655
4890	233.757	281.654
4891	233.805	281.635
4892	233.853	281.629
4893	233.907	281.591
4894	233.956	281.589
4897	234.098	281.587
4898	234.151	281.547
4899	234.199	281.539
4901	234.298	281.528
4902	234.345	281.506
4903	234.392	281.503
4904	234.441	281.498
4905	234.49	281.486
4909	234.679	281.483
4911	234.777	281.473
4912	234.825	281.454
4915	234.982	281.422
4918	235.126	281.422
4919	235.179	281.328
4920	235.23	281.324
4921	235.28	281.312
4925	235.466	281.296
4926	235.513	281.291
4927	235.563	281.289
4928	235.609	281.278
4930	235.704	281.133
4934	235.893	281.127
4936	235.988	281.119
4938	236.092	281.119
4940	236.195	281.111
4941	236.242	281.101
4942	236.303	281.097
4943	236.35	281.086
4944	236.398	281.077
4945	236.444	281.076
4947	236.548	281.064
4948	236.598	281.02
4949	236.646	281.017
4950	236.694	281.014
4954	236.89	280.977
4955	236.939	280.819
4962	237.282	280.802
4966	237.48	280.796
4967	237.533	280.784
4969	237.634	280.776
4970	237.681	280.764
4971	237.728	280.762
4973	237.823	280.757
4974	237.881	280.564
4975	237.929	280.558
4976	237.979	280.557
4977	238.026	280.526
4979	238.123	280.507
4980	238.17	280.505
4982	238.267	280.504
4985	238.412	280.498
4988	238.555	280.496
4991	238.713	280.481
4998	239.052	280.477
5000	239.149	280.477
# FIN	239.149	280.477

